00000 0.0898093 -1.66831
00001 0.0777434 -0.421379
00010 0.0094539 -3.00363
00011 0.340838 -1.07454
00100 0.227213 2.82539
00101 0.0520493 -0.430049
00110 0.241696 -1.55944
00111 0.102555 -0.7253
01000 0.104327 1.49588
01001 0.0247028 0.768288
01010 0.0920893 -1.21462
01011 0.106367 2.06896
01100 0.0880615 -2.61176
01101 0.251834 -0.69146
01110 0.159657 -1.58101
01111 0.318198 1.48244
10000 0.204467 2.65696
10001 0.0473429 -2.23507
10010 0.357724 1.10053
10011 0.0449827 -0.188976
10100 0.213319 2.76131
10101 0.124228 1.59785
10110 0.262522 -2.57937
10111 0.289706 -0.0605788
11000 0.144247 -0.787252
11001 0.0953938 -0.322259
11010 0.0434922 -1.15303
11011 0.0661477 -0.478896
11100 0.273632 -1.99341
11101 0.102098 2.9111
11110 0.0562719 -0.757541
11111 0.0685106 -0.396015
