00000 0.0511642 0
00001 0.00104842 -1.48079
00010 0.0080635 1.17486
00011 0.367149 -2.0806
00100 0.089746 -1.5041
00101 0.342828 -3.10185
00110 0.0481367 -4.78023
00111 0.0731311 -4.86436
01000 0.212389 -1.99639
01001 0.227806 -3.52177
01010 0.0207504 0.10075
01011 0.125626 -1.98805
01100 0.26101 -4.25087
01101 0.0891348 -3.39944
01110 0.235016 0.204758
01111 0.0484404 -2.51971
10000 0.0278676 -0.239351
10001 0.249 -4.30426
10010 0.0601192 -3.93484
10011 0.0710559 -3.10239
10100 0.226402 -0.250482
10101 0.0187989 -1.89511
10110 0.0874991 -4.56293
10111 0.152911 -3.79383
11000 0.0350727 0.590742
11001 0.00430317 -1.00491
11010 0.303936 -3.75235
11011 0.0467937 -0.557551
11100 0.224362 -0.962153
11101 0.0745717 -3.64388
11110 0.0801883 -1.85532
11111 0.41251 -2.03252