0000000000 0.00747299 0
0000000001 0.0449219 0
0000000010 0.0284424 0
0000000011 0.00943756 -3.14159
0000000100 0.0460205 -3.14159
0000000101 0.0108337 0
0000000110 0.0133667 -3.14159
0000000111 0.0417786 -3.14159
0000001000 0.00577164 -3.14159
0000001001 0.00118351 0
0000001010 0.00218773 -3.14159
0000001011 0.0286865 -3.14159
0000001100 0.00273132 0
0000001101 0.0228577 -3.14159
0000001110 0.0250397 0
0000001111 0.0027771 0
0000010000 0.0507507 0
0000010001 0.00101948 0
0000010010 0.0359192 -3.14159
0000010011 0.00281715 -3.14159
0000010100 0.0279694 -3.14159
0000010101 0.0385132 -3.14159
0000010110 0.0222931 -3.14159
0000010111 0.00949097 -3.14159
0000011000 0.0274811 -3.14159
0000011001 0.0154114 0
0000011010 0.0133286 0
0000011011 0.0174866 0
0000011100 0.0115891 0
0000011101 0.00777435 0
0000011110 0.0534058 -3.14159
0000011111 0.067749 0
0000100000 0.0700684 -3.14159
0000100001 0.0164795 -3.14159
0000100010 0.0654907 -3.14159
0000100011 0.035553 0
0000100100 0.0334778 -3.14159
0000100101 0.0287323 0
0000100110 0.0319824 0
0000100111 0.0163727 0
0000101000 0.00360107 -3.14159
0000101001 0.0129623 0
0000101010 0.0162659 -3.14159
0000101011 0.092041 0
0000101100 0.0256958 0
0000101101 0.0138016 -3.14159
0000101110 0.00563431 -3.14159
0000101111 0.021286 0
0000110000 0.0223999 0
0000110001 0.00426483 0
0000110010 0.033905 0
0000110011 0.019928 0
0000110100 0.0483398 -3.14159
0000110101 0.00489807 0
0000110110 0.0241547 0
0000110111 0.0116272 -3.14159
0000111000 0.00907898 0
0000111001 0.0115204 -3.14159
0000111010 0.0134888 -3.14159
0000111011 0.0131683 -3.14159
0000111100 0.0137939 -3.14159
0000111101 0.0304718 0
0000111110 0.0201569 -3.14159
0000111111 0.00861359 -3.14159
0001000000 0.0296326 0
0001000001 0.0380859 -3.14159
0001000010 0.0336609 -3.14159
0001000011 0.00691986 -3.14159
0001000100 0.00714874 -3.14159
0001000101 0.0232391 0
0001000110 0.0251007 0
0001000111 0.0123672 -3.14159
0001001000 0.0978394 -3.14159
0001001001 0.00163651 -3.14159
0001001010 0.0274048 -3.14159
0001001011 0.0133286 -3.14159
0001001100 0.0246277 0
0001001101 0.0480957 -3.14159
0001001110 0.0241241 0
0001001111 0.0217285 0
0001010000 0.0247955 0
0001010001 0.0135117 -3.14159
0001010010 0.0749512 0
0001010011 0.00617981 -3.14159
0001010100 0.00933838 -3.14159
0001010101 0.00788116 -3.14159
0001010110 0.00541306 -3.14159
0001010111 0.0380554 -3.14159
0001011000 0.0297699 0
0001011001 0.0309143 0
0001011010 0.00798035 -3.14159
0001011011 0.071167 -3.14159
0001011100 0.0419312 0
0001011101 0.0185547 -3.14159
0001011110 0.0274506 -3.14159
0001011111 0.0156555 -3.14159
0001100000 0.0665283 -3.14159
0001100001 0.0224609 0
0001100010 0.0445557 -3.14159
0001100011 0.0188293 -3.14159
0001100100 0.0246124 0
0001100101 0.0126419 0
0001100110 0.0153351 -3.14159
0001100111 0.0961304 0
0001101000 0.0358582 0
0001101001 0.000972271 0
0001101010 0.00514603 -3.14159
0001101011 0.0267487 -3.14159
0001101100 0.0383911 -3.14159
0001101101 0.0395813 -3.14159
0001101110 0.0418091 0
0001101111 0.0127182 0
0001110000 0.0497437 -3.14159
0001110001 0.0204315 0
0001110010 0.0354919 -3.14159
0001110011 0.026825 0
0001110100 0.000974178 0
0001110101 0.00389862 -3.14159
0001110110 0.0357971 -3.14159
0001110111 0.0185852 -3.14159
0001111000 0.00485229 -3.14159
0001111001 0.0403748 -3.14159
0001111010 0.0202179 0
0001111011 0.0182343 0
0001111100 0.0301819 -3.14159
0001111101 0.0483093 0
0001111110 0.00482178 0
0001111111 0.0287628 0
0010000000 0.0107727 0
0010000001 0.0215607 0
0010000010 0.0031662 0
0010000011 0.0279236 -3.14159
0010000100 0.0480957 -3.14159
0010000101 0.0380859 -3.14159
0010000110 0.0236359 -3.14159
0010000111 0.074646 -3.14159
0010001000 0.0288849 -3.14159
0010001001 0.00612259 0
0010001010 0.0148621 -3.14159
0010001011 0.0170288 -3.14159
0010001100 0.0172272 -3.14159
0010001101 0.0398865 -3.14159
0010001110 0.0250549 0
0010001111 0.0138779 -3.14159
0010010000 0.069397 -3.14159
0010010001 0.0257874 -3.14159
0010010010 0.0243835 -3.14159
0010010011 0.0210724 -3.14159
0010010100 0.0388794 -3.14159
0010010101 0.0232697 -3.14159
0010010110 0.0197601 0
0010010111 0.000787735 -3.14159
0010011000 0.0279083 0
0010011001 0.0487366 -3.14159
0010011010 0.00356293 -3.14159
0010011011 0.040741 0
0010011100 0.0199432 0
0010011101 0.0505066 0
0010011110 0.0120163 -3.14159
0010011111 0.00696564 0
0010100000 0.0243835 -3.14159
0010100001 0.00598145 0
0010100010 0.0699463 -3.14159
0010100011 0.0171814 -3.14159
0010100100 0.0276947 -3.14159
0010100101 0.0140228 -3.14159
0010100110 0.0335388 0
0010100111 0.0254669 0
0010101000 0.0162964 0
0010101001 0.000501156 0
0010101010 0.029007 -3.14159
0010101011 0.0266724 -3.14159
0010101100 0.0424194 -3.14159
0010101101 0.0414734 0
0010101110 0.010849 -3.14159
0010101111 0.014061 0
0010110000 0.00370598 -3.14159
0010110001 0.00278854 0
0010110010 0.0248718 0
0010110011 0.0231476 -3.14159
0010110100 0.0230713 0
0010110101 0.00619507 0
0010110110 0.030304 0
0010110111 0.0122452 -3.14159
0010111000 0.0115204 0
0010111001 0.0130386 0
0010111010 0.0151138 -3.14159
0010111011 0.0331116 0
0010111100 0.0177765 -3.14159
0010111101 0.0210114 -3.14159
0010111110 0.024292 0
0010111111 0.00287628 0
0011000000 0.0371704 -3.14159
0011000001 0.00816345 0
0011000010 0.0489502 0
0011000011 0.0224762 0
0011000100 0.00211525 -3.14159
0011000101 0.0100784 -3.14159
0011000110 0.00991821 -3.14159
0011000111 0.0374146 -3.14159
0011001000 0.0361633 0
0011001001 0.00286293 0
0011001010 0.0170288 0
0011001011 0.058075 -3.14159
0011001100 0.00227547 0
0011001101 0.0354004 -3.14159
0011001110 0.111816 0
0011001111 0.00920105 -3.14159
0011010000 0.0181427 -3.14159
0011010001 0.0198669 0
0011010010 0.0132828 0
0011010011 0.0364075 -3.14159
0011010100 0.00233459 -3.14159
0011010101 0.0134506 -3.14159
0011010110 0.0112686 0
0011010111 0.0178375 0
0011011000 0.0250549 0
0011011001 0.0348511 -3.14159
0011011010 0.00549316 0
0011011011 0.0071106 -3.14159
0011011100 0.0176086 0
0011011101 0.0275116 -3.14159
0011011110 0.00666428 0
0011011111 0.0617065 0
0011100000 0.00899506 0
0011100001 0.0200195 -3.14159
0011100010 0.0253296 0
0011100011 0.00957489 -3.14159
0011100100 0.0130692 -3.14159
0011100101 0.0026226 -3.14159
0011100110 0.0184174 0
0011100111 0.0524902 0
0011101000 0.046814 -3.14159
0011101001 0.014946 0
0011101010 0.000396967 -3.14159
0011101011 0.0281219 0
0011101100 0.00816345 -3.14159
0011101101 0.0211639 0
0011101110 0.0438843 -3.14159
0011101111 0.0183868 -3.14159
0011110000 0.013649 -3.14159
0011110001 0.034668 0
0011110010 0.0308533 0
0011110011 0.0415344 0
0011110100 0.0435791 -3.14159
0011110101 0.0465088 0
0011110110 0.0268097 -3.14159
0011110111 0.0384216 0
0011111000 0.00725937 -3.14159
0011111001 0.0183563 -3.14159
0011111010 0.00722504 0
0011111011 0.041687 -3.14159
0011111100 0.0338135 -3.14159
0011111101 0.0158234 -3.14159
0011111110 0.0359802 0
0011111111 0.00231552 0
0100000000 0.00921631 -3.14159
0100000001 0.0133896 -3.14159
0100000010 0.0147324 -3.14159
0100000011 0.0113068 0
0100000100 0.0594788 -3.14159
0100000101 0.0362854 0
0100000110 0.0304718 0
0100000111 0.0198517 -3.14159
0100001000 0.0284729 0
0100001001 0.0146103 0
0100001010 0.00881195 0
0100001011 0.0208282 -3.14159
0100001100 0.0107346 0
0100001101 0.0412292 -3.14159
0100001110 0.0261078 0
0100001111 0.000752926 -3.14159
0100010000 0.0292816 0
0100010001 0.0701904 -3.14159
0100010010 0.0136719 0
0100010011 0.0206451 -3.14159
0100010100 0.0750122 -3.14159
0100010101 0.064209 -3.14159
0100010110 0.00476074 0
0100010111 0.055603 -3.14159
0100011000 0.0426636 -3.14159
0100011001 0.0336304 0
0100011010 0.0151443 -3.14159
0100011011 0.0140381 0
0100011100 0.00491333 -3.14159
0100011101 0.00703049 -3.14159
0100011110 0.0258942 0
0100011111 0.00108433 -3.14159
0100100000 0.0201874 0
0100100001 0.0570374 0
0100100010 0.0192719 -3.14159
0100100011 0.0460205 0
0100100100 0.0210114 0
0100100101 0.00111961 -3.14159
0100100110 0.0881348 0
0100100111 0.012085 -3.14159
0100101000 0.0196228 0
0100101001 0.0402222 -3.14159
0100101010 0.00443649 0
0100101011 0.0376892 0
0100101100 0.0180664 -3.14159
0100101101 0.0134201 0
0100101110 0.0137177 -3.14159
0100101111 0.0378723 0
0100110000 0.0437012 0
0100110001 0.00101948 0
0100110010 0.00988007 0
0100110011 0.0560608 -3.14159
0100110100 0.0295868 0
0100110101 0.0332642 0
0100110110 0.0249481 -3.14159
0100110111 0.0153351 0
0100111000 0.0229187 0
0100111001 0.0108185 0
0100111010 0.0096817 0
0100111011 0.00340462 0
0100111100 0.0197906 -3.14159
0100111101 0.0274506 0
0100111110 0.0129318 0
0100111111 0.00829315 -3.14159
0101000000 0.0125275 0
0101000001 0.0252991 -3.14159
0101000010 0.0592957 -3.14159
0101000011 0.0301361 -3.14159
0101000100 0.0083313 0
0101000101 0.0683594 0
0101000110 0.0274506 -3.14159
0101000111 0.0176239 0
0101001000 0.0157928 -3.14159
0101001001 0.0637817 -3.14159
0101001010 0.00937653 -3.14159
0101001011 0.0205688 0
0101001100 0.0248718 -3.14159
0101001101 0.0189819 -3.14159
0101001110 0.00489807 -3.14159
0101001111 0.00993347 0
0101010000 0.0167542 -3.14159
0101010001 0.0198517 0
0101010010 0.0184631 -3.14159
0101010011 0.0142365 -3.14159
0101010100 0.0236511 -3.14159
0101010101 0.0171661 0
0101010110 0.0110168 -3.14159
0101010111 0.0298462 0
0101011000 0.02771 0
0101011001 0.0188446 0
0101011010 0.0072937 0
0101011011 0.0286865 -3.14159
0101011100 0.00407028 0
0101011101 0.00830841 0
0101011110 0.0368042 -3.14159
0101011111 0.0124359 -3.14159
0101100000 0.0400696 -3.14159
0101100001 7.39098e-05 0
0101100010 0.0252991 0
0101100011 0.0402527 -3.14159
0101100100 0.0226135 -3.14159
0101100101 0.00844574 -3.14159
0101100110 0.0346069 -3.14159
0101100111 0.0333862 0
0101101000 0.0384521 0
0101101001 0.0146713 -3.14159
0101101010 0.0640259 -3.14159
0101101011 0.0213013 -3.14159
0101101100 0.0162201 0
0101101101 0.0334778 0
0101101110 0.0464783 -3.14159
0101101111 0.0436401 -3.14159
0101110000 0.00867462 0
0101110001 0.026062 -3.14159
0101110010 0.045166 -3.14159
0101110011 0.00226212 -3.14159
0101110100 0.0119781 -3.14159
0101110101 0.00626373 -3.14159
0101110110 0.0403748 -3.14159
0101110111 0.0343628 0
0101111000 0.016922 -3.14159
0101111001 0.00927734 0
0101111010 0.00288582 -3.14159
0101111011 0.012207 0
0101111100 0.0165405 0
0101111101 0.0219421 -3.14159
0101111110 0.00210762 0
0101111111 0.0589294 0
0110000000 0.0274658 -3.14159
0110000001 0.0473328 -3.14159
0110000010 0.00660324 -3.14159
0110000011 0.0229645 0
0110000100 0.018631 -3.14159
0110000101 0.00360107 0
0110000110 0.0315247 0
0110000111 0.0435791 -3.14159
0110001000 0.0106125 -3.14159
0110001001 0.0244904 0
0110001010 0.026413 0
0110001011 0.0327759 -3.14159
0110001100 0.0113525 0
0110001101 0.036377 -3.14159
0110001110 0.0135117 0
0110001111 0.00615311 0
0110010000 0.0354919 0
0110010001 0.0271912 -3.14159
0110010010 0.0570068 0
0110010011 0.026001 0
0110010100 0.00232315 0
0110010101 0.0596313 -3.14159
0110010110 0.0444641 0
0110010111 0.0484314 0
0110011000 0.0158234 -3.14159
0110011001 0.0897217 -3.14159
0110011010 0.0128403 -3.14159
0110011011 0.0148697 -3.14159
0110011100 0.0133591 0
0110011101 0.0350037 -3.14159
0110011110 0.00362396 0
0110011111 0.0548096 0
0110100000 0.0159607 0
0110100001 0.00268173 0
0110100010 0.00216866 -3.14159
0110100011 0.0162048 0
0110100100 0.000888824 -3.14159
0110100101 0.0585938 0
0110100110 0.0135193 -3.14159
0110100111 0.0473022 0
0110101000 0.0127487 -3.14159
0110101001 0.00998688 0
0110101010 0.0287476 0
0110101011 0.0335083 0
0110101100 0.051178 -3.14159
0110101101 0.0162201 0
0110101110 0.0259094 0
0110101111 0.0126419 -3.14159
0110110000 0.00349045 -3.14159
0110110001 0.0584106 0
0110110010 0.0254211 0
0110110011 0.0173798 0
0110110100 0.0026989 -3.14159
0110110101 0.0447083 0
0110110110 0.0188751 0
0110110111 0.0389404 -3.14159
0110111000 0.0457153 -3.14159
0110111001 0.0473022 0
0110111010 0.00548553 -3.14159
0110111011 0.085022 0
0110111100 0.0176697 -3.14159
0110111101 0.0497131 -3.14159
0110111110 0.0274048 0
0110111111 0.00567627 -3.14159
0111000000 0.00109863 0
0111000001 0.00528336 0
0111000010 0.0186768 0
0111000011 0.0239716 -3.14159
0111000100 0.0151367 -3.14159
0111000101 0.0307007 -3.14159
0111000110 0.00583649 -3.14159
0111000111 0.0491333 -3.14159
0111001000 0.0322571 0
0111001001 0.0217285 -3.14159
0111001010 0.0176086 0
0111001011 0.0155869 0
0111001100 0.0050087 -3.14159
0111001101 0.0318604 -3.14159
0111001110 0.0397339 0
0111001111 0.0116806 -3.14159
0111010000 0.0122223 0
0111010001 0.00252151 0
0111010010 0.0447693 0
0111010011 0.0371704 0
0111010100 0.0112915 -3.14159
0111010101 0.00767899 0
0111010110 0.0463562 0
0111010111 0.00392532 0
0111011000 0.00834656 -3.14159
0111011001 0.0047493 0
0111011010 0.00358963 0
0111011011 0.00509262 -3.14159
0111011100 0.0227814 0
0111011101 0.014061 -3.14159
0111011110 0.0429993 -3.14159
0111011111 0.0125275 -3.14159
0111100000 0.0343018 0
0111100001 0.0101395 0
0111100010 0.00156784 -3.14159
0111100011 0.0310211 -3.14159
0111100100 0.00504303 -3.14159
0111100101 0.0123596 0
0111100110 0.0250854 -3.14159
0111100111 0.00454712 -3.14159
0111101000 0.0476074 -3.14159
0111101001 0.00653839 0
0111101010 0.0133896 0
0111101011 0.0130386 0
0111101100 0.0276489 -3.14159
0111101101 0.0572205 -3.14159
0111101110 0.0270691 0
0111101111 0.0115204 0
0111110000 0.00287056 0
0111110001 0.00977325 -3.14159
0111110010 0.045105 -3.14159
0111110011 0.0271606 -3.14159
0111110100 0.0572205 -3.14159
0111110101 0.0316162 -3.14159
0111110110 0.00374413 -3.14159
0111110111 0.00799561 -3.14159
0111111000 0.0144424 0
0111111001 0.0367737 0
0111111010 0.0791626 -3.14159
0111111011 0.0455017 -3.14159
0111111100 0.0314331 -3.14159
0111111101 0.0127716 0
0111111110 0.0394287 -3.14159
0111111111 0.0246429 0
1000000000 0.0123291 -3.14159
1000000001 0.0324707 -3.14159
1000000010 0.00571442 -3.14159
1000000011 0.0283661 0
1000000100 0.0269775 0
1000000101 0.0244904 -3.14159
1000000110 0.000635147 0
1000000111 0.00494003 0
1000001000 0.0232239 -3.14159
1000001001 0.0574341 0
1000001010 0.00821686 -3.14159
1000001011 0.0156555 0
1000001100 0.0439758 -3.14159
1000001101 0.019928 -3.14159
1000001110 0.00656509 0
1000001111 0.00307465 -3.14159
1000010000 0.00947571 0
1000010001 0.00602341 -3.14159
1000010010 0.0481262 -3.14159
1000010011 0.0134125 -3.14159
1000010100 0.0552368 0
1000010101 0.0177765 -3.14159
1000010110 0.0383911 0
1000010111 0.0227661 0
1000011000 0.0451965 0
1000011001 0.072876 -3.14159
1000011010 0.007061 0
1000011011 0.0303497 0
1000011100 0.0210114 0
1000011101 0.0386353 0
1000011110 0.00288582 -3.14159
1000011111 0.00726318 -3.14159
1000100000 0.0289154 -3.14159
1000100001 0.0266571 0
1000100010 0.00392914 -3.14159
1000100011 0.036377 0
1000100100 0.0295563 -3.14159
1000100101 0.0385742 -3.14159
1000100110 0.0255127 -3.14159
1000100111 0.0198059 -3.14159
1000101000 0.00167751 0
1000101001 0.00691986 0
1000101010 0.0166168 0
1000101011 0.0398254 0
1000101100 0.000757217 -3.14159
1000101101 0.0422668 -3.14159
1000101110 0.0467224 -3.14159
1000101111 0.0187988 -3.14159
1000110000 0.0222168 -3.14159
1000110001 0.0089035 -3.14159
1000110010 0.0137711 0
1000110011 0.0186005 0
1000110100 0.010498 -3.14159
1000110101 0.00326347 0
1000110110 0.0165253 0
1000110111 0.0434875 0
1000111000 0.0744019 -3.14159
1000111001 0.0127182 0
1000111010 0.000797272 0
1000111011 0.00767136 0
1000111100 0.0226288 0
1000111101 0.00769806 0
1000111110 0.0361328 0
1000111111 0.0157928 0
1001000000 0.0128098 0
1001000001 0.0187836 -3.14159
1001000010 0.00796509 -3.14159
1001000011 0.00487137 0
1001000100 0.0285034 -3.14159
1001000101 0.010849 0
1001000110 0.0152893 -3.14159
1001000111 0.04776 -3.14159
1001001000 0.048584 0
1001001001 0.0187378 -3.14159
1001001010 0.00907898 -3.14159
1001001011 0.00657654 0
1001001100 0.0371399 0
1001001101 0.0230865 -3.14159
1001001110 0.0184174 0
1001001111 0.0558167 -3.14159
1001010000 0.0376892 0
1001010001 0.0208282 0
1001010010 0.0656738 -3.14159
1001010011 0.0398254 -3.14159
1001010100 0.0261536 0
1001010101 0.00514603 -3.14159
1001010110 0.0104141 0
1001010111 0.0410767 0
1001011000 0.0477905 -3.14159
1001011001 0.00300026 -3.14159
1001011010 0.0072403 0
1001011011 0.0204315 -3.14159
1001011100 0.0158997 -3.14159
1001011101 0.0377808 0
1001011110 0.0354614 0
1001011111 0.00228691 -3.14159
1001100000 0.0146561 -3.14159
1001100001 0.0189209 0
1001100010 0.00797272 0
1001100011 0.019165 -3.14159
1001100100 0.0259247 -3.14159
1001100101 0.0174103 0
1001100110 0.00640106 0
1001100111 0.0856934 0
1001101000 0.0211639 0
1001101001 0.0300598 -3.14159
1001101010 0.0254364 0
1001101011 0.00788116 -3.14159
1001101100 0.00195885 0
1001101101 0.0477905 0
1001101110 0.0282135 0
1001101111 0.0839844 0
1001110000 0.0386353 0
1001110001 0.0477905 -3.14159
1001110010 0.00945282 0
1001110011 0.00465775 0
1001110100 0.0187225 -3.14159
1001110101 0.0279236 0
1001110110 0.0526428 0
1001110111 0.0141373 -3.14159
1001111000 0.0222931 0
1001111001 0.00149536 0
1001111010 0.0188599 0
1001111011 0.0346985 -3.14159
1001111100 0.0083313 -3.14159
1001111101 0.0135727 -3.14159
1001111110 0.04422 -3.14159
1001111111 0.0263977 -3.14159
1010000000 0.0105133 -3.14159
1010000001 0.0249481 -3.14159
1010000010 0.0359802 -3.14159
1010000011 0.0255432 -3.14159
1010000100 0.0092392 -3.14159
1010000101 0.0490417 0
1010000110 0.0465393 0
1010000111 0.0479736 -3.14159
1010001000 0.0550232 -3.14159
1010001001 0.074585 0
1010001010 0.0405579 -3.14159
1010001011 0.0218506 0
1010001100 0.0175171 0
1010001101 0.0219879 0
1010001110 0.0143204 -3.14159
1010001111 0.00868225 -3.14159
1010010000 0.0322571 0
1010010001 0.0252228 -3.14159
1010010010 0.0249329 -3.14159
1010010011 0.00174522 0
1010010100 0.0208588 -3.14159
1010010101 0.00268173 0
1010010110 0.0185547 -3.14159
1010010111 0.00363159 0
1010011000 0.0266571 0
1010011001 0.0709839 0
1010011010 0.000772476 -3.14159
1010011011 0.00767899 0
1010011100 0.0101395 -3.14159
1010011101 0.0388794 0
1010011110 0.0133743 0
1010011111 0.00139236 -3.14159
1010100000 0.0276794 -3.14159
1010100001 0.0154266 0
1010100010 0.00946808 -3.14159
1010100011 0.0331421 -3.14159
1010100100 0.0231018 -3.14159
1010100101 0.0305328 0
1010100110 0.0251923 0
1010100111 0.0312805 0
1010101000 0.0195465 -3.14159
1010101001 0.00287056 -3.14159
1010101010 0.0157776 0
1010101011 0.105896 0
1010101100 0.0379639 0
1010101101 0.00758362 0
1010101110 0.0215759 -3.14159
1010101111 0.0189056 -3.14159
1010110000 0.0524902 0
1010110001 0.0448608 -3.14159
1010110010 0.0367126 -3.14159
1010110011 0.030304 0
1010110100 0.00369072 -3.14159
1010110101 0.0192261 0
1010110110 0.00718689 0
1010110111 0.0149918 -3.14159
1010111000 0.00287056 0
1010111001 0.0336914 0
1010111010 0.0447998 -3.14159
1010111011 0.0202179 0
1010111100 0.0198669 -3.14159
1010111101 0.0187225 0
1010111110 0.0427551 -3.14159
1010111111 0.0360107 -3.14159
1011000000 0.019455 0
1011000001 0.0232544 -3.14159
1011000010 0.0136948 0
1011000011 0.00893402 0
1011000100 0.0256653 0
1011000101 0.0428467 0
1011000110 0.0216522 -3.14159
1011000111 0.0153046 -3.14159
1011001000 0.0602417 -3.14159
1011001001 0.0200348 0
1011001010 0.00891876 0
1011001011 0.00616074 0
1011001100 0.0110931 0
1011001101 0.0380859 0
1011001110 0.0187531 -3.14159
1011001111 0.0382996 -3.14159
1011010000 0.0259705 0
1011010001 0.0518494 -3.14159
1011010010 0.0119629 0
1011010011 0.00531387 -3.14159
1011010100 0.00212097 0
1011010101 0.0594482 -3.14159
1011010110 0.0260925 -3.14159
1011010111 0.04953 -3.14159
1011011000 0.0121918 -3.14159
1011011001 0.0134125 0
1011011010 0.000799179 0
1011011011 0.0160675 -3.14159
1011011100 0.0254364 -3.14159
1011011101 0.0144501 0
1011011110 0.0430908 -3.14159
1011011111 0.0444031 -3.14159
1011100000 0.0047493 0
1011100001 0.00255775 -3.14159
1011100010 0.00621796 -3.14159
1011100011 0.0612488 0
1011100100 0.0724487 0
1011100101 0.0175476 0
1011100110 0.000495434 0
1011100111 0.015007 0
1011101000 0.0466919 0
1011101001 0.0404053 -3.14159
1011101010 0.0053215 0
1011101011 0.0206146 -3.14159
1011101100 0.0306091 0
1011101101 0.0135803 -3.14159
1011101110 0.0238953 0
1011101111 0.115356 0
1011110000 0.025116 0
1011110001 0.0159302 -3.14159
1011110010 0.00621033 0
1011110011 0.00495911 -3.14159
1011110100 0.0236816 -3.14159
1011110101 0.0254669 0
1011110110 0.0582581 -3.14159
1011110111 0.0179138 -3.14159
1011111000 0.0196838 0
1011111001 0.0398865 -3.14159
1011111010 0.00843048 -3.14159
1011111011 0.00752258 -3.14159
1011111100 0.0826416 0
1011111101 0.0315552 0
1011111110 0.0646973 0
1011111111 0.00901031 0
1100000000 0.0234375 -3.14159
1100000001 0.0254974 0
1100000010 0.0110779 -3.14159
1100000011 0.00574875 0
1100000100 0.0324097 -3.14159
1100000101 0.0232849 0
1100000110 0.00303841 0
1100000111 0.0139694 0
1100001000 0.015152 -3.14159
1100001001 0.0153427 -3.14159
1100001010 0.00935364 -3.14159
1100001011 0.0172119 -3.14159
1100001100 0.016098 0
1100001101 0.00212097 0
1100001110 0.0186157 0
1100001111 0.0146866 0
1100010000 0.0765991 0
1100010001 0.0067749 0
1100010010 0.00927734 0
1100010011 0.0749512 -3.14159
1100010100 0.00330734 0
1100010101 0.033905 -3.14159
1100010110 0.019516 -3.14159
1100010111 0.0514526 0
1100011000 0.0437622 -3.14159
1100011001 0.00100613 0
1100011010 0.00687027 -3.14159
1100011011 0.00416183 0
1100011100 0.026413 -3.14159
1100011101 0.0134735 0
1100011110 0.0113907 -3.14159
1100011111 0.0225372 -3.14159
1100100000 0.0252075 0
1100100001 0.0314026 -3.14159
1100100010 0.0123596 0
1100100011 0.0185089 0
1100100100 0.0185852 0
1100100101 0.0614319 -3.14159
1100100110 0.0123291 0
1100100111 0.00112915 -3.14159
1100101000 0.0143356 -3.14159
1100101001 0.0305481 0
1100101010 0.025177 0
1100101011 0.0308228 0
1100101100 0.0420532 -3.14159
1100101101 0.0306702 -3.14159
1100101110 0.0783691 0
1100101111 0.000619888 -3.14159
1100110000 0.0030117 0
1100110001 0.0110703 -3.14159
1100110010 0.0415344 0
1100110011 0.0252838 -3.14159
1100110100 0.00180244 0
1100110101 0.00395584 0
1100110110 0.0603027 0
1100110111 0.00299454 0
1100111000 0.00296783 -3.14159
1100111001 0.0131226 0
1100111010 0.00197411 -3.14159
1100111011 0.0480957 -3.14159
1100111100 0.0344238 -3.14159
1100111101 0.0399475 -3.14159
1100111110 0.0429993 -3.14159
1100111111 0.0280151 -3.14159
1101000000 0.0646362 0
1101000001 0.00170612 -3.14159
1101000010 0.00452423 -3.14159
1101000011 0.0280151 -3.14159
1101000100 0.0298767 0
1101000101 0.0514526 0
1101000110 0.0294952 0
1101000111 0.0211639 -3.14159
1101001000 0.0786133 0
1101001001 0.0053215 0
1101001010 0.0114212 -3.14159
1101001011 0.00682068 0
1101001100 0.0166168 0
1101001101 0.0274811 0
1101001110 0.0144653 0
1101001111 0.0108871 0
1101010000 0.00738907 0
1101010001 0.00398254 0
1101010010 0.0199738 0
1101010011 0.064209 0
1101010100 0.00176144 -3.14159
1101010101 0.009758 0
1101010110 0.0217743 0
1101010111 0.0254669 0
1101011000 0.0211029 -3.14159
1101011001 0.0208435 0
1101011010 0.0422668 0
1101011011 0.0202026 -3.14159
1101011100 0.0133743 0
1101011101 0.0463562 0
1101011110 0.0287476 -3.14159
1101011111 0.0405884 -3.14159
1101100000 0.00233459 0
1101100001 0.00383377 0
1101100010 0.0102234 -3.14159
1101100011 0.0395203 0
1101100100 0.0304565 -3.14159
1101100101 0.0473328 -3.14159
1101100110 0.00165844 -3.14159
1101100111 0.0144196 0
1101101000 0.0258179 0
1101101001 0.00746155 0
1101101010 0.00402069 0
1101101011 0.00875854 0
1101101100 0.0254974 -3.14159
1101101101 0.0144196 0
1101101110 0.0389099 0
1101101111 0.0429382 -3.14159
1101110000 0.010376 -3.14159
1101110001 0.0336914 0
1101110010 0.00659561 -3.14159
1101110011 0.0319519 -3.14159
1101110100 0.00231171 -3.14159
1101110101 0.0343628 0
1101110110 0.035675 -3.14159
1101110111 0.0426331 -3.14159
1101111000 0.0715332 -3.14159
1101111001 0.00941467 0
1101111010 0.00996399 0
1101111011 0.0154648 -3.14159
1101111100 0.0136414 0
1101111101 0.0251923 -3.14159
1101111110 0.00933838 -3.14159
1101111111 0.0228577 -3.14159
1110000000 0.0100403 -3.14159
1110000001 0.0112915 0
1110000010 0.0697021 0
1110000011 0.0398254 -3.14159
1110000100 0.0155945 -3.14159
1110000101 0.00643539 0
1110000110 0.033783 -3.14159
1110000111 0.0353699 0
1110001000 0.000327826 0
1110001001 0.00402069 0
1110001010 0.0250854 0
1110001011 0.0116425 0
1110001100 0.0194092 -3.14159
1110001101 0.0652466 0
1110001110 0.00687027 0
1110001111 0.0212097 0
1110010000 0.0160675 -3.14159
1110010001 0.0233154 0
1110010010 0.00276947 -3.14159
1110010011 0.0334473 0
1110010100 0.0395508 -3.14159
1110010101 0.0467224 -3.14159
1110010110 0.0452576 0
1110010111 0.0348206 -3.14159
1110011000 0.000334263 0
1110011001 0.00706863 -3.14159
1110011010 0.0120316 0
1110011011 0.019928 -3.14159
1110011100 0.0289612 0
1110011101 0.0154724 -3.14159
1110011110 0.0135345 -3.14159
1110011111 0.0910645 0
1110100000 0.0279999 0
1110100001 0.00891876 -3.14159
1110100010 0.045105 -3.14159
1110100011 0.0131378 -3.14159
1110100100 0.00271416 -3.14159
1110100101 0.0236359 0
1110100110 0.0353088 -3.14159
1110100111 0.0260925 0
1110101000 0.0185242 -3.14159
1110101001 0.0245514 0
1110101010 0.0300598 0
1110101011 0.000412941 0
1110101100 0.0122452 0
1110101101 0.00280952 -3.14159
1110101110 0.00315094 0
1110101111 0.00865173 -3.14159
1110110000 0.00919342 0
1110110001 0.0146637 -3.14159
1110110010 0.0424194 -3.14159
1110110011 0.0695801 -3.14159
1110110100 0.0206451 -3.14159
1110110101 0.059906 -3.14159
1110110110 0.0034008 0
1110110111 0.0285339 -3.14159
1110111000 0.0225067 -3.14159
1110111001 0.113647 -3.14159
1110111010 0.0587463 -3.14159
1110111011 0.0179443 0
1110111100 0.0426941 -3.14159
1110111101 0.0118027 0
1110111110 0.00312233 0
1110111111 0.0376587 -3.14159
1111000000 0.026947 0
1111000001 0.0244751 -3.14159
1111000010 0.0609131 0
1111000011 0.00475693 0
1111000100 0.0296936 -3.14159
1111000101 0.0240479 -3.14159
1111000110 0.0392456 0
1111000111 0.00464249 -3.14159
1111001000 0.00324249 -3.14159
1111001001 0.0314941 -3.14159
1111001010 0.0138474 0
1111001011 0.0196838 0
1111001100 0.0289917 -3.14159
1111001101 0.0139008 -3.14159
1111001110 0.0177155 0
1111001111 0.0963135 0
1111010000 0.00367737 -3.14159
1111010001 0.0222168 -3.14159
1111010010 0.0125198 -3.14159
1111010011 0.0136337 0
1111010100 0.0252228 0
1111010101 0.00310898 -3.14159
1111010110 0.00165176 -3.14159
1111010111 0.0229034 0
1111011000 0.0213776 0
1111011001 0.0214233 -3.14159
1111011010 0.0569458 -3.14159
1111011011 0.0109711 0
1111011100 0.00213051 0
1111011101 0.00211143 -3.14159
1111011110 0.0218811 -3.14159
1111011111 0.0280762 -3.14159
1111100000 0.045166 0
1111100001 0.00466919 0
1111100010 0.00969696 -3.14159
1111100011 0.06073 -3.14159
1111100100 0.0123062 0
1111100101 0.0382385 -3.14159
1111100110 0.0428467 0
1111100111 0.00394821 0
1111101000 0.0102692 -3.14159
1111101001 0.0113983 0
1111101010 0.0229645 -3.14159
1111101011 0.0473328 -3.14159
1111101100 0.0788574 0
1111101101 0.0325623 -3.14159
1111101110 0.0666504 0
1111101111 0.0419312 0
1111110000 0.0239868 -3.14159
1111110001 0.0565491 0
1111110010 0.0123825 -3.14159
1111110011 0.0367737 -3.14159
1111110100 0.0385437 -3.14159
1111110101 0.0415039 0
1111110110 0.0672607 -3.14159
1111110111 0.00505066 0
1111111000 0.046875 -3.14159
1111111001 0.0325317 -3.14159
1111111010 0.0284271 -3.14159
1111111011 0.00774765 -3.14159
1111111100 0.0151138 0
1111111101 0.0312347 0
1111111110 0.0242157 0
1111111111 0.00773239 0
