0000000000 0.0116348 0
0000000001 0.0345154 0
0000000010 0.00124931 -3.14159
0000000011 0.0152359 -3.14159
0000000100 0.00764084 -3.14159
0000000101 0.0234833 0
0000000110 0.0466309 -3.14159
0000000111 0.028183 -3.14159
0000001000 0.0145111 -3.14159
0000001001 0.00249672 -3.14159
0000001010 0.0311432 -3.14159
0000001011 0.012619 -3.14159
0000001100 0.0337219 -3.14159
0000001101 0.0198059 0
0000001110 0.00588989 0
0000001111 0.0476685 0
0000010000 0.000846386 -3.14159
0000010001 0.0248566 -3.14159
0000010010 0.000446558 0
0000010011 0.0171661 -3.14159
0000010100 0.0177917 -3.14159
0000010101 0.0334778 0
0000010110 0.0100708 -3.14159
0000010111 0.00704575 0
0000011000 0.051178 0
0000011001 0.0119476 -3.14159
0000011010 0.0314636 -3.14159
0000011011 0.0281677 -3.14159
0000011100 0.019989 -3.14159
0000011101 0.0174713 -3.14159
0000011110 0.0134277 0
0000011111 0.00912476 -3.14159
0000100000 0.0718994 -3.14159
0000100001 0.030365 -3.14159
0000100010 0.0557861 -3.14159
0000100011 0.0267639 -3.14159
0000100100 0.0153732 0
0000100101 0.00905609 -3.14159
0000100110 0.0066452 -3.14159
0000100111 0.00699615 0
0000101000 0.00457764 -3.14159
0000101001 0.0179291 -3.14159
0000101010 0.0255737 -3.14159
0000101011 0.0113449 -3.14159
0000101100 0.0689087 -3.14159
0000101101 0.0343628 -3.14159
0000101110 0.0279999 -3.14159
0000101111 0.00409698 -3.14159
0000110000 0.0473328 0
0000110001 0.04422 -3.14159
0000110010 0.0393066 -3.14159
0000110011 0.00679016 0
0000110100 0.0147629 -3.14159
0000110101 0.00820923 -3.14159
0000110110 0.00447083 0
0000110111 0.0236969 0
0000111000 0.0239258 -3.14159
0000111001 0.00997162 -3.14159
0000111010 0.0321655 -3.14159
0000111011 0.0269318 -3.14159
0000111100 0.0302277 0
0000111101 0.0375977 0
0000111110 0.0293427 0
0000111111 0.00225449 0
0001000000 0.0776978 0
0001000001 0.0166779 0
0001000010 0.0233002 -3.14159
0001000011 0.0311432 0
0001000100 0.0113754 0
0001000101 0.0678101 -3.14159
0001000110 0.0142746 0
0001000111 0.00377274 0
0001001000 0.0364075 -3.14159
0001001001 0.0195618 -3.14159
0001001010 0.0166779 0
0001001011 0.00155354 0
0001001100 0.0248871 -3.14159
0001001101 0.0187836 0
0001001110 0.0139236 0
0001001111 0.0132065 -3.14159
0001010000 0.0113297 -3.14159
0001010001 0.0353088 -3.14159
0001010010 0.036377 -3.14159
0001010011 0.0036602 -3.14159
0001010100 0.0466919 0
0001010101 0.00881195 -3.14159
0001010110 0.0217438 0
0001010111 0.0111694 0
0001011000 0.00288773 0
0001011001 0.0383606 0
0001011010 0.00403976 0
0001011011 0.015152 0
0001011100 0.0190582 0
0001011101 0.015625 -3.14159
0001011110 0.0182953 -3.14159
0001011111 0.0534058 0
0001100000 0.0324097 -3.14159
0001100001 0.0053215 0
0001100010 0.0869751 -3.14159
0001100011 0.021698 -3.14159
0001100100 0.0339355 -3.14159
0001100101 0.012291 -3.14159
0001100110 0.0098114 -3.14159
0001100111 0.0599365 0
0001101000 0.0281372 -3.14159
0001101001 0.12262 0
0001101010 0.00939178 -3.14159
0001101011 0.0317078 0
0001101100 0.00961304 -3.14159
0001101101 0.0437622 -3.14159
0001101110 0.0137939 0
0001101111 0.0243073 -3.14159
0001110000 0.0170746 -3.14159
0001110001 0.0234833 -3.14159
0001110010 0.0839233 -3.14159
0001110011 0.0369568 0
0001110100 0.00214958 0
0001110101 0.0326233 0
0001110110 0.0126572 -3.14159
0001110111 0.0170441 -3.14159
0001111000 0.0485535 -3.14159
0001111001 0.0039711 -3.14159
0001111010 0.0257416 -3.14159
0001111011 0.0243073 -3.14159
0001111100 0.0244904 -3.14159
0001111101 0.0302582 0
0001111110 0.0116348 -3.14159
0001111111 0.0198059 -3.14159
0010000000 0.0251312 0
0010000001 0.069519 -3.14159
0010000010 0.0195923 0
0010000011 0.0326538 -3.14159
0010000100 0.0243073 -3.14159
0010000101 0.030777 -3.14159
0010000110 0.039978 0
0010000111 0.0194397 -3.14159
0010001000 0.015419 -3.14159
0010001001 0.0264282 0
0010001010 0.00939941 0
0010001011 0.0449524 -3.14159
0010001100 0.0323792 0
0010001101 0.011879 0
0010001110 0.0308838 0
0010001111 0.00921631 -3.14159
0010010000 0.0142365 -3.14159
0010010001 0.00431061 -3.14159
0010010010 0.00483322 -3.14159
0010010011 0.00310898 -3.14159
0010010100 0.0249023 -3.14159
0010010101 0.00322533 0
0010010110 0.00800323 0
0010010111 0.0223694 0
0010011000 0.00507355 -3.14159
0010011001 0.0144577 -3.14159
0010011010 0.0119247 -3.14159
0010011011 0.0293121 -3.14159
0010011100 0.0297546 -3.14159
0010011101 0.0164948 0
0010011110 0.00740051 -3.14159
0010011111 0.014267 0
0010100000 0.0504761 0
0010100001 0.0156555 0
0010100010 0.0138321 -3.14159
0010100011 0.0027523 0
0010100100 0.00345421 0
0010100101 0.0379333 -3.14159
0010100110 0.00347519 0
0010100111 0.0231934 0
0010101000 0.0124283 0
0010101001 0.0513611 0
0010101010 0.0333557 0
0010101011 0.0454102 0
0010101100 0.00244331 0
0010101101 0.00802612 0
0010101110 0.00271606 -3.14159
0010101111 0.0290527 0
0010110000 0.0267487 0
0010110001 0.0654907 -3.14159
0010110010 0.0230255 -3.14159
0010110011 0.0578918 0
0010110100 0.0224457 0
0010110101 0.0319214 -3.14159
0010110110 0.0231171 0
0010110111 0.0172729 -3.14159
0010111000 0.000588894 -3.14159
0010111001 0.0303345 -3.14159
0010111010 0.0289917 -3.14159
0010111011 0.0285034 0
0010111100 0.0521851 0
0010111101 0.0264587 -3.14159
0010111110 0.0231171 0
0010111111 0.0520935 -3.14159
0011000000 0.0717163 0
0011000001 0.026535 0
0011000010 0.0236511 0
0011000011 0.00491333 0
0011000100 0.00762177 0
0011000101 0.00856018 0
0011000110 0.0279541 0
0011000111 0.00458527 -3.14159
0011001000 0.00704193 -3.14159
0011001001 0.0187531 -3.14159
0011001010 0.0183258 0
0011001011 0.00170898 -3.14159
0011001100 0.000432968 -3.14159
0011001101 0.0307465 -3.14159
0011001110 0.00801849 -3.14159
0011001111 0.014267 0
0011010000 0.0149155 0
0011010001 0.0050087 -3.14159
0011010010 0.0356445 0
0011010011 0.013504 -3.14159
0011010100 0.00534058 0
0011010101 0.00677109 0
0011010110 0.0281067 -3.14159
0011010111 0.0329285 0
0011011000 0.0125427 0
0011011001 0.0295258 0
0011011010 0.0146027 0
0011011011 0.0104294 -3.14159
0011011100 0.00294113 0
0011011101 0.0130615 -3.14159
0011011110 0.0723267 -3.14159
0011011111 0.000477314 -3.14159
0011100000 0.0275269 0
0011100001 0.0306702 0
0011100010 0.0113754 0
0011100011 0.0289154 -3.14159
0011100100 0.0341187 0
0011100101 0.0466614 0
0011100110 0.00868225 -3.14159
0011100111 0.0145264 -3.14159
0011101000 0.0443726 -3.14159
0011101001 0.0228729 0
0011101010 0.0780029 -3.14159
0011101011 0.0353699 -3.14159
0011101100 0.0313721 -3.14159
0011101101 0.032196 -3.14159
0011101110 0.0120468 0
0011101111 0.0862427 0
0011110000 0.0187073 0
0011110001 0.00408554 -3.14159
0011110010 0.0191803 0
0011110011 0.0769653 -3.14159
0011110100 0.0161285 -3.14159
0011110101 0.0235291 -3.14159
0011110110 0.000793934 0
0011110111 0.020813 -3.14159
0011111000 0.0951538 0
0011111001 0.00951385 0
0011111010 0.0175018 -3.14159
0011111011 0.0121689 0
0011111100 0.00398636 -3.14159
0011111101 0.000341654 0
0011111110 0.00578308 0
0011111111 0.0305176 0
0100000000 0.0648193 0
0100000001 0.00418854 0
0100000010 0.0289154 -3.14159
0100000011 0.0278778 0
0100000100 0.0138321 -3.14159
0100000101 0.00817871 -3.14159
0100000110 0.0299683 0
0100000111 0.0392456 0
0100001000 0.00788116 -3.14159
0100001001 0.0368042 -3.14159
0100001010 0.00788116 -3.14159
0100001011 0.0678101 -3.14159
0100001100 0.00943756 -3.14159
0100001101 0.0231934 -3.14159
0100001110 0.0102081 -3.14159
0100001111 0.0205536 -3.14159
0100010000 0.0286255 0
0100010001 0.0504456 -3.14159
0100010010 0.00121593 0
0100010011 0.0163116 0
0100010100 0.0319214 0
0100010101 0.00260544 0
0100010110 0.00133801 -3.14159
0100010111 0.000138521 0
0100011000 0.0127029 -3.14159
0100011001 0.00743866 0
0100011010 0.00870514 -3.14159
0100011011 0.0813599 -3.14159
0100011100 0.00684357 -3.14159
0100011101 0.0349121 0
0100011110 0.0323181 -3.14159
0100011111 0.0316162 0
0100100000 0.0022049 0
0100100001 0.0163269 -3.14159
0100100010 0.00659943 -3.14159
0100100011 0.0122299 -3.14159
0100100100 0.00984192 -3.14159
0100100101 0.0247955 0
0100100110 0.0265198 -3.14159
0100100111 0.00709152 -3.14159
0100101000 0.0220184 0
0100101001 0.0788574 -3.14159
0100101010 0.0429688 0
0100101011 0.00327492 0
0100101100 0.0490417 0
0100101101 0.058197 -3.14159
0100101110 0.0563354 0
0100101111 0.00991058 0
0100110000 0.0167694 0
0100110001 0.0233307 -3.14159
0100110010 0.0188141 0
0100110011 0.0141602 -3.14159
0100110100 0.0150223 0
0100110101 0.03125 0
0100110110 0.0461121 -3.14159
0100110111 0.0142517 0
0100111000 0.0179749 -3.14159
0100111001 0.0542908 -3.14159
0100111010 0.0335388 -3.14159
0100111011 0.0471802 -3.14159
0100111100 0.035553 -3.14159
0100111101 0.00683212 -3.14159
0100111110 0.0549622 0
0100111111 0.0055809 0
0101000000 0.00172901 0
0101000001 0.0172272 0
0101000010 0.034668 -3.14159
0101000011 0.00463867 -3.14159
0101000100 0.012291 -3.14159
0101000101 0.022644 0
0101000110 0.00202751 0
0101000111 0.0123596 -3.14159
0101001000 0.0109177 0
0101001001 0.056366 -3.14159
0101001010 0.0242462 -3.14159
0101001011 0.0371399 0
0101001100 0.00656128 -3.14159
0101001101 0.0259552 0
0101001110 0.0148697 -3.14159
0101001111 0.00549316 0
0101010000 0.0457153 0
0101010001 0.0201874 0
0101010010 0.0243225 0
0101010011 0.0542297 -3.14159
0101010100 0.0351868 0
0101010101 0.032074 0
0101010110 0.000945568 -3.14159
0101010111 0.00888062 0
0101011000 0.0497437 0
0101011001 0.014122 0
0101011010 0.021698 -3.14159
0101011011 0.0524292 -3.14159
0101011100 0.0496521 -3.14159
0101011101 0.0235901 0
0101011110 0.0153732 0
0101011111 0.0415039 0
0101100000 0.00232697 0
0101100001 0.0410767 -3.14159
0101100010 0.00583649 0
0101100011 0.0269012 -3.14159
0101100100 0.00193691 -3.14159
0101100101 0.0174103 -3.14159
0101100110 0.0218964 -3.14159
0101100111 0.0487976 -3.14159
0101101000 0.0742798 -3.14159
0101101001 0.000598431 0
0101101010 0.0449524 0
0101101011 0.0142746 0
0101101100 0.000636101 0
0101101101 0.0276184 -3.14159
0101101110 0.0172272 -3.14159
0101101111 0.0152359 0
0101110000 0.0300751 -3.14159
0101110001 0.0129395 -3.14159
0101110010 0.0307007 -3.14159
0101110011 0.0187073 0
0101110100 0.0348816 0
0101110101 0.0292816 0
0101110110 0.00236893 -3.14159
0101110111 0.00628281 0
0101111000 0.0447388 0
0101111001 0.0241241 0
0101111010 0.0400696 0
0101111011 0.050293 -3.14159
0101111100 0.0407104 -3.14159
0101111101 0.00645828 0
0101111110 0.0366821 0
0101111111 0.069458 0
0110000000 0.00569916 -3.14159
0110000001 0.0363159 0
0110000010 0.0302887 -3.14159
0110000011 0.04422 0
0110000100 0.0648804 -3.14159
0110000101 0.0215912 0
0110000110 0.052124 0
0110000111 0.00741959 0
0110001000 0.0151901 -3.14159
0110001001 0.046875 -3.14159
0110001010 0.00817871 -3.14159
0110001011 0.0227051 -3.14159
0110001100 0.00542068 0
0110001101 0.033905 -3.14159
0110001110 0.00708008 0
0110001111 0.0114136 -3.14159
0110010000 0.030838 0
0110010001 0.00531387 -3.14159
0110010010 0.00352097 0
0110010011 0.0233154 0
0110010100 0.0952759 -3.14159
0110010101 0.0608215 -3.14159
0110010110 0.00587463 0
0110010111 0.0428162 0
0110011000 0.0128403 -3.14159
0110011001 0.0326843 -3.14159
0110011010 0.0178833 0
0110011011 0.0412598 0
0110011100 0.000249386 -3.14159
0110011101 0.0121078 0
0110011110 0.00148392 -3.14159
0110011111 0.0438538 0
0110100000 0.0449524 0
0110100001 0.014473 0
0110100010 0.0309143 0
0110100011 0.0400085 -3.14159
0110100100 0.0540161 0
0110100101 0.0337524 0
0110100110 0.0148773 0
0110100111 0.0147629 -3.14159
0110101000 0.0191803 -3.14159
0110101001 0.0515747 -3.14159
0110101010 0.0406494 0
0110101011 0.0299683 -3.14159
0110101100 0.0177307 -3.14159
0110101101 0.0158844 0
0110101110 0.00422287 -3.14159
0110101111 0.0100403 0
0110110000 0.0155869 -3.14159
0110110001 0.0651245 -3.14159
0110110010 0.0220184 0
0110110011 0.0243073 -3.14159
0110110100 0.024353 0
0110110101 0.0262756 0
0110110110 0.0469666 0
0110110111 0.019104 0
0110111000 0.0283661 -3.14159
0110111001 0.0317078 -3.14159
0110111010 0.0185699 0
0110111011 0.0643921 0
0110111100 0.0426941 -3.14159
0110111101 0.0204773 -3.14159
0110111110 0.0386963 -3.14159
0110111111 0.0209198 -3.14159
0111000000 0.00186157 0
0111000001 0.0336609 -3.14159
0111000010 0.0109253 0
0111000011 0.0152817 -3.14159
0111000100 0.00457764 -3.14159
0111000101 0.0113297 0
0111000110 0.00783539 -3.14159
0111000111 0.00933838 -3.14159
0111001000 0.0422058 0
0111001001 0.0565796 0
0111001010 0.0213165 0
0111001011 0.0251923 0
0111001100 0.0139084 -3.14159
0111001101 0.00115108 -3.14159
0111001110 0.0461121 0
0111001111 0.0324097 0
0111010000 0.0470886 0
0111010001 0.0137634 0
0111010010 0.00994873 0
0111010011 0.0131302 0
0111010100 0.0152588 0
0111010101 0.0119019 -3.14159
0111010110 0.0114975 -3.14159
0111010111 0.010498 -3.14159
0111011000 0.00507736 0
0111011001 0.0181732 -3.14159
0111011010 0.00494003 0
0111011011 0.00662613 -3.14159
0111011100 0.0197449 0
0111011101 0.0182953 0
0111011110 0.0117111 0
0111011111 0.0172272 0
0111100000 0.0198822 0
0111100001 0.0131226 -3.14159
0111100010 0.0187683 0
0111100011 0.0390015 0
0111100100 0.0110321 0
0111100101 0.0429688 -3.14159
0111100110 0.000855446 -3.14159
0111100111 0.0139389 -3.14159
0111101000 0.0624084 -3.14159
0111101001 0.0179749 -3.14159
0111101010 0.0125198 -3.14159
0111101011 0.0156403 -3.14159
0111101100 0.0386963 -3.14159
0111101101 0.00370979 -3.14159
0111101110 0.0124512 0
0111101111 0.00630569 0
0111110000 0.00106621 0
0111110001 0.0542908 -3.14159
0111110010 0.0118484 0
0111110011 0.053772 -3.14159
0111110100 0.0248871 0
0111110101 0.00419617 -3.14159
0111110110 0.000123143 0
0111110111 0.0131454 0
0111111000 0.057373 -3.14159
0111111001 0.0118866 0
0111111010 0.00823212 -3.14159
0111111011 0.00580597 0
0111111100 0.0294647 -3.14159
0111111101 0.00689697 0
0111111110 0.0102921 -3.14159
0111111111 0.0193329 0
1000000000 0.00796509 0
1000000001 0.0111389 -3.14159
1000000010 0.0276642 -3.14159
1000000011 0.0142365 -3.14159
1000000100 0.0524597 0
1000000101 0.0500793 0
1000000110 0.0534058 0
1000000111 0.00375938 0
1000001000 0.0089798 -3.14159
1000001001 0.000462532 -3.14159
1000001010 0.0191345 0
1000001011 0.0386658 -3.14159
1000001100 0.0124512 0
1000001101 0.0467834 -3.14159
1000001110 0.0631714 -3.14159
1000001111 0.00261688 -3.14159
1000010000 0.0121002 -3.14159
1000010001 0.0592651 -3.14159
1000010010 0.0169525 0
1000010011 0.0315857 0
1000010100 0.0307312 0
1000010101 0.0340881 0
1000010110 0.0217133 0
1000010111 0.020874 0
1000011000 0.0135574 0
1000011001 0.0315247 0
1000011010 0.0143433 -3.14159
1000011011 0.0261536 0
1000011100 0.007061 0
1000011101 0.0190125 -3.14159
1000011110 0.00704575 0
1000011111 0.00702667 -3.14159
1000100000 0.0630493 -3.14159
1000100001 0.0639038 -3.14159
1000100010 0.0188446 0
1000100011 0.0253754 0
1000100100 0.00134182 -3.14159
1000100101 0.055603 -3.14159
1000100110 0.00922394 0
1000100111 0.0762939 0
1000101000 0.0309143 0
1000101001 0.0126343 -3.14159
1000101010 0.00741196 0
1000101011 0.00301552 -3.14159
1000101100 0.0137939 -3.14159
1000101101 0.0108185 0
1000101110 0.020752 0
1000101111 0.0504456 0
1000110000 0.0240479 0
1000110001 0.0184631 0
1000110010 0.00788116 0
1000110011 0.0189819 0
1000110100 0.0513916 -3.14159
1000110101 0.0248108 0
1000110110 0.0392151 -3.14159
1000110111 0.0222931 0
1000111000 0.00316429 0
1000111001 0.0070076 -3.14159
1000111010 0.0489197 0
1000111011 0.00579453 0
1000111100 0.019989 0
1000111101 0.0412598 0
1000111110 0.0205383 -3.14159
1000111111 0.023056 0
1001000000 0.00187492 -3.14159
1001000001 0.00699997 -3.14159
1001000010 0.0348206 0
1001000011 0.00212097 -3.14159
1001000100 0.0205231 -3.14159
1001000101 0.0221558 0
1001000110 0.0787964 -3.14159
1001000111 0.0383301 -3.14159
1001001000 0.0394592 0
1001001001 0.0516052 0
1001001010 0.0232086 -3.14159
1001001011 0.00812531 0
1001001100 0.0165863 0
1001001101 0.00419617 -3.14159
1001001110 0.0387878 -3.14159
1001001111 0.022522 0
1001010000 0.000531673 0
1001010001 0.00061512 0
1001010010 0.0312195 -3.14159
1001010011 0.0222778 -3.14159
1001010100 0.0342102 -3.14159
1001010101 0.0321655 -3.14159
1001010110 0.00528336 0
1001010111 0.0320129 -3.14159
1001011000 0.024765 0
1001011001 0.0102081 0
1001011010 0.00504303 0
1001011011 0.0184326 0
1001011100 0.00273132 0
1001011101 0.014183 -3.14159
1001011110 0.0456238 -3.14159
1001011111 0.0444031 -3.14159
1001100000 0.00796509 0
1001100001 0.0227814 0
1001100010 0.0139389 -3.14159
1001100011 0.0266418 0
1001100100 0.0306549 -3.14159
1001100101 0.0236511 0
1001100110 0.0479126 0
1001100111 0.0666504 0
1001101000 0.000375509 0
1001101001 0.0160675 -3.14159
1001101010 0.0389099 0
1001101011 0.0478516 0
1001101100 0.0158691 0
1001101101 0.0192413 -3.14159
1001101110 0.0332642 -3.14159
1001101111 0.00383186 -3.14159
1001110000 0.0552673 0
1001110001 0.0489197 -3.14159
1001110010 0.000696182 -3.14159
1001110011 0.0438538 0
1001110100 0.00614548 -3.14159
1001110101 0.00570679 -3.14159
1001110110 0.0102386 0
1001110111 0.00191021 0
1001111000 0.04422 0
1001111001 0.0292664 0
1001111010 0.0118256 0
1001111011 0.0371399 0
1001111100 0.0229034 -3.14159
1001111101 0.00577927 0
1001111110 0.0155869 -3.14159
1001111111 0.016861 0
1010000000 0.00340271 -3.14159
1010000001 0.00861359 0
1010000010 0.00589752 0
1010000011 0.00396729 -3.14159
1010000100 0.00921631 0
1010000101 0.0382996 -3.14159
1010000110 0.0333252 -3.14159
1010000111 0.0322571 -3.14159
1010001000 0.00656891 -3.14159
1010001001 0.018219 0
1010001010 0.0135193 0
1010001011 0.0352478 0
1010001100 0.00578308 0
1010001101 0.0141754 -3.14159
1010001110 0.0152435 0
1010001111 0.0591125 0
1010010000 0.0570068 0
1010010001 0.0304108 0
1010010010 0.055481 -3.14159
1010010011 0.0230255 0
1010010100 0.00460052 0
1010010101 0.00247765 0
1010010110 0.0298615 0
1010010111 0.0207367 -3.14159
1010011000 0.071167 0
1010011001 0.00269508 0
1010011010 0.00600815 -3.14159
1010011011 0.0302277 -3.14159
1010011100 0.0108643 -3.14159
1010011101 0.0155182 -3.14159
1010011110 0.0198669 -3.14159
1010011111 0.0147781 -3.14159
1010100000 0.0178833 -3.14159
1010100001 0.0313721 -3.14159
1010100010 0.0105896 -3.14159
1010100011 0.0176086 -3.14159
1010100100 0.0119858 0
1010100101 0.00944519 -3.14159
1010100110 0.0120163 0
1010100111 0.0353088 -3.14159
1010101000 0.0475464 0
1010101001 0.0195312 0
1010101010 0.0284271 -3.14159
1010101011 0.00124168 0
1010101100 0.0464172 0
1010101101 0.0368958 -3.14159
1010101110 0.000424147 -3.14159
1010101111 0.0258331 0
1010110000 0.0394287 0
1010110001 0.0408936 -3.14159
1010110010 0.0334473 0
1010110011 0.0689697 -3.14159
1010110100 0.00845337 -3.14159
1010110101 0.00717163 0
1010110110 0.0250244 -3.14159
1010110111 0.00801849 -3.14159
1010111000 0.0177155 0
1010111001 0.016983 -3.14159
1010111010 0.0245972 -3.14159
1010111011 0.00426865 0
1010111100 0.0204163 0
1010111101 0.0332947 0
1010111110 0.0410461 -3.14159
1010111111 0.00971985 0
1011000000 0.0191193 -3.14159
1011000001 0.0198212 0
1011000010 0.0357971 0
1011000011 0.0101089 -3.14159
1011000100 0.0304108 -3.14159
1011000101 0.00399399 -3.14159
1011000110 0.069519 0
1011000111 0.00478745 0
1011001000 0.000929832 -3.14159
1011001001 0.0497131 -3.14159
1011001010 0.0506287 -3.14159
1011001011 0.0255432 -3.14159
1011001100 0.0203705 -3.14159
1011001101 0.00231934 0
1011001110 0.0180969 0
1011001111 0.0108719 -3.14159
1011010000 0.0133133 -3.14159
1011010001 0.00300026 -3.14159
1011010010 0.0138168 -3.14159
1011010011 0.0466003 0
1011010100 0.023941 -3.14159
1011010101 0.00780106 0
1011010110 0.0512085 0
1011010111 0.00577164 0
1011011000 0.0190582 0
1011011001 0.0258789 0
1011011010 0.00971985 0
1011011011 0.0276337 -3.14159
1011011100 0.00196266 0
1011011101 0.0304871 0
1011011110 0.0115814 0
1011011111 0.0105209 0
1011100000 0.00762939 -3.14159
1011100001 0.0429382 -3.14159
1011100010 0.0459595 0
1011100011 0.0168915 0
1011100100 0.0180359 0
1011100101 0.0690918 0
1011100110 0.0062561 0
1011100111 0.00998688 -3.14159
1011101000 0.0739746 -3.14159
1011101001 0.0283508 -3.14159
1011101010 0.0478821 -3.14159
1011101011 0.00242996 -3.14159
1011101100 0.0116272 -3.14159
1011101101 0.0174866 0
1011101110 0.0082016 -3.14159
1011101111 0.0605164 0
1011110000 0.0664062 -3.14159
1011110001 0.00730896 -3.14159
1011110010 0.0309601 0
1011110011 0.00810242 0
1011110100 0.0130539 -3.14159
1011110101 0.0108032 0
1011110110 0.0129242 -3.14159
1011110111 0.0349121 0
1011111000 0.0161133 0
1011111001 0.0172272 0
1011111010 0.0210724 -3.14159
1011111011 0.0498962 0
1011111100 0.0106583 0
1011111101 0.024765 -3.14159
1011111110 0.0423584 0
1011111111 0.0173187 0
1100000000 0.0358582 0
1100000001 0.0256042 0
1100000010 0.0234375 -3.14159
1100000011 0.061676 -3.14159
1100000100 0.0369568 -3.14159
1100000101 0.0634155 0
1100000110 0.0239258 0
1100000111 0.0127258 -3.14159
1100001000 0.00936127 -3.14159
1100001001 0.076355 -3.14159
1100001010 0.0359192 -3.14159
1100001011 0.0158539 -3.14159
1100001100 0.000810623 0
1100001101 0.00112343 -3.14159
1100001110 0.0346069 -3.14159
1100001111 0.0540771 0
1100010000 0.0108414 -3.14159
1100010001 0.0178528 -3.14159
1100010010 0.0439453 0
1100010011 0.000929832 -3.14159
1100010100 0.0374756 -3.14159
1100010101 0.0220642 -3.14159
1100010110 0.0260315 0
1100010111 0.0576172 0
1100011000 0.0503235 -3.14159
1100011001 0.00669479 0
1100011010 0.0507202 -3.14159
1100011011 0.033905 0
1100011100 0.0282593 0
1100011101 0.0489807 0
1100011110 0.0056076 -3.14159
1100011111 0.0432739 -3.14159
1100100000 0.0631714 0
1100100001 0.0664062 0
1100100010 0.00801849 0
1100100011 0.00815582 0
1100100100 0.00324631 -3.14159
1100100101 0.0588989 -3.14159
1100100110 0.0294189 0
1100100111 0.0302277 -3.14159
1100101000 0.019989 0
1100101001 0.0147247 0
1100101010 0.00728226 -3.14159
1100101011 0.00288773 -3.14159
1100101100 0.00251007 0
1100101101 0.00673294 -3.14159
1100101110 0.0484619 0
1100101111 0.00876617 0
1100110000 0.0103912 -3.14159
1100110001 0.071106 -3.14159
1100110010 0.03302 -3.14159
1100110011 0.0401611 0
1100110100 0.0315247 0
1100110101 0.00207329 -3.14159
1100110110 0.0240326 0
1100110111 0.0206757 -3.14159
1100111000 0.0316772 -3.14159
1100111001 0.127808 -3.14159
1100111010 0.0156021 0
1100111011 0.0318909 -3.14159
1100111100 0.00559616 -3.14159
1100111101 0.0118256 -3.14159
1100111110 0.031311 -3.14159
1100111111 0.00892639 -3.14159
1101000000 0.013504 -3.14159
1101000001 0.00354385 -3.14159
1101000010 0.0423584 -3.14159
1101000011 0.0133972 -3.14159
1101000100 0.0403442 0
1101000101 0.0311127 0
1101000110 0.0266266 -3.14159
1101000111 0.0423889 0
1101001000 0.0150223 0
1101001001 0.0753784 0
1101001010 0.0173492 0
1101001011 0.0290222 0
1101001100 0.00473785 0
1101001101 0.022644 0
1101001110 0.00322342 0
1101001111 0.00134659 -3.14159
1101010000 0.0161743 -3.14159
1101010001 0.00967407 0
1101010010 0.00849152 -3.14159
1101010011 0.0708008 -3.14159
1101010100 0.00874329 0
1101010101 0.0153351 -3.14159
1101010110 0.0309906 -3.14159
1101010111 0.0186768 -3.14159
1101011000 0.0366211 -3.14159
1101011001 0.0119705 0
1101011010 0.0105515 0
1101011011 0.0189667 -3.14159
1101011100 0.00915527 0
1101011101 0.0325012 -3.14159
1101011110 0.00155926 0
1101011111 0.0344543 -3.14159
1101100000 0.0673828 0
1101100001 0.0364685 0
1101100010 0.0148926 -3.14159
1101100011 0.0233002 0
1101100100 0.0301971 -3.14159
1101100101 0.00499344 -3.14159
1101100110 0.00537491 -3.14159
1101100111 0.0403442 -3.14159
1101101000 0.0173645 -3.14159
1101101001 0.00331688 -3.14159
1101101010 0.0170746 0
1101101011 0.00018847 -3.14159
1101101100 0.0517883 -3.14159
1101101101 0.0121078 -3.14159
1101101110 0.0365601 -3.14159
1101101111 0.0110321 0
1101110000 0.0188141 -3.14159
1101110001 0.0380249 0
1101110010 0.0199432 -3.14159
1101110011 0.0469971 -3.14159
1101110100 0.0285339 -3.14159
1101110101 0.0410767 -3.14159
1101110110 0.00511169 -3.14159
1101110111 0.0151291 0
1101111000 0.00463104 -3.14159
1101111001 0.00634384 -3.14159
1101111010 0.0231628 0
1101111011 0.0195465 -3.14159
1101111100 0.00845337 -3.14159
1101111101 0.0548706 -3.14159
1101111110 0.0500793 -3.14159
1101111111 0.0758667 0
1110000000 0.0618286 -3.14159
1110000001 0.00828552 0
1110000010 0.0514832 0
1110000011 0.0223083 0
1110000100 0.0304718 0
1110000101 0.0265808 0
1110000110 0.0643311 -3.14159
1110000111 0.0032711 0
1110001000 0.00379753 0
1110001001 0.0310364 0
1110001010 0.0233612 0
1110001011 0.00302124 -3.14159
1110001100 9.06587e-05 -3.14159
1110001101 0.00507355 0
1110001110 0.0196228 -3.14159
1110001111 0.00695038 0
1110010000 0.0446472 0
1110010001 0.047699 -3.14159
1110010010 0.039917 -3.14159
1110010011 0.0126572 0
1110010100 0.0144348 -3.14159
1110010101 0.0359802 -3.14159
1110010110 0.0262146 0
1110010111 0.0683594 -3.14159
1110011000 0.0073204 0
1110011001 0.0103989 0
1110011010 0.0480652 -3.14159
1110011011 0.0195312 -3.14159
1110011100 0.0288696 0
1110011101 0.0156097 -3.14159
1110011110 0.0252075 0
1110011111 0.0406189 0
1110100000 0.00952911 -3.14159
1110100001 0.0128326 0
1110100010 0.0158691 0
1110100011 0.0105057 -3.14159
1110100100 0.0503235 0
1110100101 0.0145416 0
1110100110 0.0462646 -3.14159
1110100111 0.00420761 0
1110101000 0.0131302 -3.14159
1110101001 0.0267181 0
1110101010 0.0103149 0
1110101011 0.00674057 0
1110101100 0.0393982 -3.14159
1110101101 0.00419235 -3.14159
1110101110 0.04422 -3.14159
1110101111 0.0258331 -3.14159
1110110000 0.00123405 -3.14159
1110110001 0.00675964 0
1110110010 0.0247192 -3.14159
1110110011 0.0445862 -3.14159
1110110100 0.0296326 -3.14159
1110110101 0.0575256 0
1110110110 0.0207214 -3.14159
1110110111 0.0179291 -3.14159
1110111000 0.00576019 0
1110111001 0.0456848 0
1110111010 0.0389709 0
1110111011 0.026886 0
1110111100 0.00303078 0
1110111101 0.0545959 -3.14159
1110111110 0.0534058 0
1110111111 0.0129166 0
1111000000 0.00309944 -3.14159
1111000001 0.0724487 0
1111000010 0.0401306 0
1111000011 0.0128021 -3.14159
1111000100 0.00310898 -3.14159
1111000101 0.0294647 -3.14159
1111000110 0.0125351 -3.14159
1111000111 0.0173035 0
1111001000 0.0396729 0
1111001001 0.0147247 0
1111001010 0.0204315 -3.14159
1111001011 0.0264282 -3.14159
1111001100 0.0179749 0
1111001101 0.0634155 0
1111001110 0.035553 -3.14159
1111001111 0.0122681 0
1111010000 0.00497818 0
1111010001 0.0181885 -3.14159
1111010010 0.00673294 -3.14159
1111010011 0.0173492 -3.14159
1111010100 0.0147781 0
1111010101 0.0205994 -3.14159
1111010110 0.0502014 0
1111010111 0.030777 0
1111011000 0.0493469 0
1111011001 0.0124741 0
1111011010 0.0161591 0
1111011011 0.0322571 0
1111011100 0.00269127 0
1111011101 0.0183411 0
1111011110 0.0270691 0
1111011111 0.0162201 -3.14159
1111100000 0.0736084 0
1111100001 0.00829315 -3.14159
1111100010 0.0135422 -3.14159
1111100011 0.0412292 0
1111100100 0.0488281 -3.14159
1111100101 0.0301514 0
1111100110 0.0932007 -3.14159
1111100111 0.0189362 -3.14159
1111101000 0.00398636 0
1111101001 0.0249481 -3.14159
1111101010 0.0664062 -3.14159
1111101011 0.0891113 0
1111101100 0.0584717 0
1111101101 7.689e-05 -3.14159
1111101110 0.0308533 0
1111101111 0.00499725 0
1111110000 0.00162888 -3.14159
1111110001 0.0128784 0
1111110010 0.0544434 -3.14159
1111110011 0.0107193 0
1111110100 0.0320435 0
1111110101 0.0210724 0
1111110110 0.041626 0
1111110111 0.00445175 0
1111111000 0.00823975 0
1111111001 0.0576172 -3.14159
1111111010 0.0243988 0
1111111011 0.0335083 -3.14159
1111111100 0.00160694 0
1111111101 0.0132904 0
1111111110 0.0292664 -3.14159
1111111111 0.0282898 0
