0000000000 0.0138245 -3.14159
0000000001 0.0139313 0
0000000010 0.00559235 0
0000000011 0.00167084 -3.14159
0000000100 0.0204468 -3.14159
0000000101 0.0286865 0
0000000110 0.00841522 -3.14159
0000000111 0.0350647 -3.14159
0000001000 0.0364685 0
0000001001 0.0324707 0
0000001010 0.0086441 -3.14159
0000001011 0.0120468 -3.14159
0000001100 0.0204926 0
0000001101 0.0202484 -3.14159
0000001110 0.0100708 0
0000001111 0.00442123 0
0000010000 0.00739288 0
0000010001 0.0241699 0
0000010010 0.0438232 -3.14159
0000010011 0.0370483 -3.14159
0000010100 0.00854492 -3.14159
0000010101 0.0482178 -3.14159
0000010110 0.0370483 -3.14159
0000010111 2.35438e-05 0
0000011000 0.0157623 -3.14159
0000011001 0.0184174 0
0000011010 0.00160217 0
0000011011 0.0588684 0
0000011100 0.0295105 0
0000011101 0.000315189 0
0000011110 0.048584 -3.14159
0000011111 0.065979 0
0000100000 0.0812988 -3.14159
0000100001 0.000244141 -3.14159
0000100010 0.0758667 -3.14159
0000100011 0.0351257 0
0000100100 0.040863 -3.14159
0000100101 0.0179749 0
0000100110 0.0311279 0
0000100111 0.00023973 -3.14159
0000101000 0.0290222 0
0000101001 0.0545044 0
0000101010 0.0240479 -3.14159
0000101011 0.065979 0
0000101100 0.00406265 -3.14159
0000101101 0.00782013 0
0000101110 0.0109863 -3.14159
0000101111 0.0161743 0
0000110000 0.0332031 0
0000110001 0.00532532 -3.14159
0000110010 0.0328064 0
0000110011 0.0204315 0
0000110100 0.069458 -3.14159
0000110101 0.0233917 0
0000110110 0.0298004 0
0000110111 0.0109177 0
0000111000 0.0121765 0
0000111001 0.0624084 -3.14159
0000111010 0.00962067 0
0000111011 0.0111313 0
0000111100 0.00628281 0
0000111101 0.0570068 0
0000111110 0.00605011 -3.14159
0000111111 0.00307846 -3.14159
0001000000 0.0203247 0
0001000001 0.0463257 -3.14159
0001000010 0.0269318 -3.14159
0001000011 0.00599289 -3.14159
0001000100 0.0174408 -3.14159
0001000101 0.0209961 0
0001000110 0.00570297 -3.14159
0001000111 0.0120239 0
0001001000 0.0783691 -3.14159
0001001001 0.00786591 -3.14159
0001001010 0.00413513 -3.14159
0001001011 0.024353 -3.14159
0001001100 0.030014 0
0001001101 0.0310364 -3.14159
0001001110 0.0431824 0
0001001111 0.0168304 0
0001010000 0.0456848 0
0001010001 0.0129242 0
0001010010 0.0626831 0
0001010011 0.00203514 -3.14159
0001010100 0.00901031 -3.14159
0001010101 0.0136795 0
0001010110 0.00604248 -3.14159
0001010111 0.0434875 -3.14159
0001011000 0.0704346 0
0001011001 0.0627441 0
0001011010 0.014183 -3.14159
0001011011 0.086731 -3.14159
0001011100 0.0371399 0
0001011101 0.00997162 0
0001011110 0.0494995 -3.14159
0001011111 0.0155716 -3.14159
0001100000 0.0584412 -3.14159
0001100001 0.0161285 0
0001100010 0.0249634 -3.14159
0001100011 0.0208282 0
0001100100 0.0424194 0
0001100101 0.0332642 -3.14159
0001100110 0.0189362 0
0001100111 0.107727 0
0001101000 0.0393066 0
0001101001 0.00652313 -3.14159
0001101010 0.000517845 0
0001101011 0.0128632 -3.14159
0001101100 0.0439453 -3.14159
0001101101 0.0179138 -3.14159
0001101110 0.0439148 0
0001101111 0.00187969 -3.14159
0001110000 0.0390625 -3.14159
0001110001 0.0126877 0
0001110010 0.0389709 -3.14159
0001110011 0.00688171 0
0001110100 0.0426331 0
0001110101 0.0096817 -3.14159
0001110110 0.0289154 -3.14159
0001110111 0.0210876 -3.14159
0001111000 0.0115204 -3.14159
0001111001 0.0214539 -3.14159
0001111010 0.0147018 0
0001111011 0.0358582 0
0001111100 0.0283966 -3.14159
0001111101 0.0429993 0
0001111110 0.0047493 0
0001111111 0.0251007 0
0010000000 0.000250578 0
0010000001 0.0232391 0
0010000010 0.0377808 -3.14159
0010000011 0.028656 -3.14159
0010000100 0.0124359 -3.14159
0010000101 0.00115395 0
0010000110 0.0179443 -3.14159
0010000111 0.04953 -3.14159
0010001000 0.00104046 -3.14159
0010001001 0.0129547 0
0010001010 0.0133286 0
0010001011 0.0354614 -3.14159
0010001100 0.0131226 -3.14159
0010001101 0.0222931 -3.14159
0010001110 0.0261536 0
0010001111 0.00429153 0
0010010000 0.0838013 -3.14159
0010010001 0.00920105 -3.14159
0010010010 0.0377197 -3.14159
0010010011 0.0348816 -3.14159
0010010100 0.0559082 -3.14159
0010010101 0.0162201 -3.14159
0010010110 0.00872803 0
0010010111 0.00211143 0
0010011000 0.000687599 -3.14159
0010011001 0.0323792 -3.14159
0010011010 0.0240631 0
0010011011 0.0292206 0
0010011100 0.0293427 0
0010011101 0.0504456 0
0010011110 0.00332451 0
0010011111 0.00425339 0
0010100000 0.0134277 -3.14159
0010100001 0.00738144 0
0010100010 0.0522461 -3.14159
0010100011 0.0305328 -3.14159
0010100100 0.0103607 -3.14159
0010100101 0.00457764 0
0010100110 0.0516052 0
0010100111 0.0437012 0
0010101000 0.00207329 -3.14159
0010101001 0.0043869 0
0010101010 0.0247498 -3.14159
0010101011 0.0208282 -3.14159
0010101100 0.0296631 -3.14159
0010101101 0.0876465 0
0010101110 0.00703812 -3.14159
0010101111 0.01194 0
0010110000 0.0143433 -3.14159
0010110001 0.014267 -3.14159
0010110010 0.0186005 0
0010110011 0.0285645 -3.14159
0010110100 0.0214996 0
0010110101 0.00659561 0
0010110110 0.0178833 -3.14159
0010110111 0.026123 -3.14159
0010111000 0.0429077 0
0010111001 0.0113068 -3.14159
0010111010 0.0266418 -3.14159
0010111011 0.0127106 0
0010111100 0.0139618 -3.14159
0010111101 0.00955963 -3.14159
0010111110 0.0132751 0
0010111111 0.0246887 0
0011000000 0.0169983 0
0011000001 0.0370789 0
0011000010 0.0521545 0
0011000011 0.0094223 0
0011000100 0.00465012 -3.14159
0011000101 0.00470734 0
0011000110 0.0172882 0
0011000111 0.00502777 -3.14159
0011001000 0.0133057 0
0011001001 0.0234222 0
0011001010 0.041748 0
0011001011 0.0431824 -3.14159
0011001100 0.00426483 -3.14159
0011001101 0.0293884 -3.14159
0011001110 0.0905762 0
0011001111 0.00760651 0
0011010000 0.012886 -3.14159
0011010001 0.0109711 0
0011010010 0.00511551 -3.14159
0011010011 0.0237732 -3.14159
0011010100 0.0194702 -3.14159
0011010101 0.030365 -3.14159
0011010110 0.00341988 -3.14159
0011010111 0.0189667 0
0011011000 0.00276756 0
0011011001 0.00758362 0
0011011010 0.0102386 -3.14159
0011011011 0.0275116 -3.14159
0011011100 0.0155106 0
0011011101 0.0302124 -3.14159
0011011110 0.016098 0
0011011111 0.0438843 0
0011100000 0.0326843 0
0011100001 0.0013895 -3.14159
0011100010 0.00375175 -3.14159
0011100011 0.00913239 -3.14159
0011100100 0.00905609 -3.14159
0011100101 0.0326843 0
0011100110 0.026413 0
0011100111 0.0436707 0
0011101000 0.0137329 -3.14159
0011101001 0.00892639 0
0011101010 0.0101929 0
0011101011 0.0317383 0
0011101100 0.00349426 0
0011101101 0.011116 -3.14159
0011101110 0.0472717 -3.14159
0011101111 0.0276337 -3.14159
0011110000 0.00307274 0
0011110001 0.0472717 0
0011110010 0.0222931 0
0011110011 0.0174408 0
0011110100 0.00793457 -3.14159
0011110101 0.00579071 0
0011110110 0.0588989 -3.14159
0011110111 0.0541077 0
0011111000 0.0173798 0
0011111001 0.0548401 -3.14159
0011111010 0.022522 0
0011111011 0.0286255 -3.14159
0011111100 0.0214386 -3.14159
0011111101 0.00306511 -3.14159
0011111110 0.0409241 0
0011111111 0.0114059 -3.14159
0100000000 0.0201416 0
0100000001 0.0194855 -3.14159
0100000010 0.00424957 -3.14159
0100000011 0.00595856 -3.14159
0100000100 0.0753174 -3.14159
0100000101 0.0195007 0
0100000110 0.0480652 0
0100000111 0.0413208 -3.14159
0100001000 0.012291 0
0100001001 0.0130386 0
0100001010 0.00627518 -3.14159
0100001011 0.00497818 -3.14159
0100001100 0.00341797 -3.14159
0100001101 0.00522614 -3.14159
0100001110 0.00377655 0
0100001111 0.00453568 -3.14159
0100010000 0.0159607 0
0100010001 0.0782471 -3.14159
0100010010 0.00804138 0
0100010011 0.00826263 0
0100010100 0.0795898 -3.14159
0100010101 0.0469055 -3.14159
0100010110 0.0287476 0
0100010111 0.030014 -3.14159
0100011000 0.00345612 -3.14159
0100011001 0.0378418 0
0100011010 0.0198212 -3.14159
0100011011 0.00793457 0
0100011100 0.0296783 -3.14159
0100011101 0.0237122 -3.14159
0100011110 0.0354614 0
0100011111 0.0132828 -3.14159
0100100000 0.00502014 -3.14159
0100100001 0.0368652 0
0100100010 0.00618744 -3.14159
0100100011 0.0396423 0
0100100100 0.0211182 0
0100100101 0.0183411 -3.14159
0100100110 0.0999146 0
0100100111 0.027298 -3.14159
0100101000 0.0414429 0
0100101001 0.058075 -3.14159
0100101010 0.0129623 -3.14159
0100101011 0.0653076 0
0100101100 0.0319214 -3.14159
0100101101 0.00308609 -3.14159
0100101110 0.0355225 -3.14159
0100101111 0.0201874 0
0100110000 0.0499268 0
0100110001 0.00210381 0
0100110010 0.0020256 -3.14159
0100110011 0.0591736 -3.14159
0100110100 0.0457764 0
0100110101 0.0200653 0
0100110110 0.00490189 -3.14159
0100110111 0.030304 0
0100111000 0.00118256 -3.14159
0100111001 0.02005 0
0100111010 0.00670624 0
0100111011 0.00471497 0
0100111100 0.00362206 -3.14159
0100111101 0.00919342 0
0100111110 0.00136471 0
0100111111 0.0287628 -3.14159
0101000000 0.0129471 0
0101000001 0.0316772 -3.14159
0101000010 0.0522461 -3.14159
0101000011 0.0353394 -3.14159
0101000100 0.0110855 0
0101000101 0.0368958 0
0101000110 0.0146866 0
0101000111 0.0359802 0
0101001000 0.0190125 -3.14159
0101001001 0.0413818 -3.14159
0101001010 0.000298738 0
0101001011 0.00996399 0
0101001100 0.0146332 -3.14159
0101001101 0.01371 -3.14159
0101001110 0.0162811 -3.14159
0101001111 0.0420227 0
0101010000 0.00411987 0
0101010001 0.0069809 0
0101010010 0.0237427 -3.14159
0101010011 0.00836182 0
0101010100 0.036499 -3.14159
0101010101 0.0409851 0
0101010110 0.0395813 -3.14159
0101010111 0.015686 0
0101011000 0.0291595 0
0101011001 0.0254822 0
0101011010 0.0224762 0
0101011011 0.00583267 0
0101011100 0.0411377 0
0101011101 0.00407791 0
0101011110 0.0334778 -3.14159
0101011111 0.00995636 0
0101100000 0.0457458 -3.14159
0101100001 0.0247955 -3.14159
0101100010 0.000451326 -3.14159
0101100011 0.0152283 -3.14159
0101100100 0.0404358 -3.14159
0101100101 0.0169983 0
0101100110 0.0358582 -3.14159
0101100111 0.0275726 0
0101101000 0.0202179 -3.14159
0101101001 0.0183868 -3.14159
0101101010 0.0506287 -3.14159
0101101011 0.0039711 -3.14159
0101101100 0.00833893 0
0101101101 0.0231323 0
0101101110 0.0231018 -3.14159
0101101111 0.0284576 -3.14159
0101110000 0.052063 0
0101110001 0.0503845 -3.14159
0101110010 0.0689697 -3.14159
0101110011 0.0372925 0
0101110100 0.0121765 0
0101110101 0.0341492 -3.14159
0101110110 0.0425415 -3.14159
0101110111 0.00820923 -3.14159
0101111000 0.0375366 -3.14159
0101111001 0.0136795 0
0101111010 0.000545025 -3.14159
0101111011 0.00883484 -3.14159
0101111100 0.0297394 0
0101111101 0.0222015 -3.14159
0101111110 0.0244751 0
0101111111 0.0257263 0
0110000000 0.0411072 -3.14159
0110000001 0.00558853 -3.14159
0110000010 0.0187836 0
0110000011 0.0223541 0
0110000100 0.00525284 -3.14159
0110000101 0.0069313 -3.14159
0110000110 0.00202942 0
0110000111 0.0530701 -3.14159
0110001000 0.000178218 0
0110001001 0.0105362 0
0110001010 0.0356445 0
0110001011 0.0555115 -3.14159
0110001100 0.0272369 0
0110001101 0.0571899 -3.14159
0110001110 0.0211029 0
0110001111 0.0269928 0
0110010000 0.0111618 0
0110010001 0.0108566 -3.14159
0110010010 0.0237732 0
0110010011 0.00796509 0
0110010100 0.032196 -3.14159
0110010101 0.0661011 -3.14159
0110010110 0.0276489 0
0110010111 0.00984192 0
0110011000 0.0181427 -3.14159
0110011001 0.11731 -3.14159
0110011010 0.023056 0
0110011011 0.00186348 -3.14159
0110011100 0.00321007 -3.14159
0110011101 0.0332336 -3.14159
0110011110 0.0216522 -3.14159
0110011111 0.0231323 0
0110100000 0.0227051 0
0110100001 0.0399475 -3.14159
0110100010 0.0193329 0
0110100011 0.0141373 0
0110100100 0.00270844 0
0110100101 0.0933838 0
0110100110 0.0104599 -3.14159
0110100111 0.0558472 0
0110101000 0.0247345 -3.14159
0110101001 0.0121002 0
0110101010 0.0394592 0
0110101011 0.0523682 0
0110101100 0.0515442 -3.14159
0110101101 0.00357246 -3.14159
0110101110 0.0468445 0
0110101111 0.00576782 -3.14159
0110110000 0.00331116 0
0110110001 0.0533447 0
0110110010 0.0167389 0
0110110011 0.0209198 0
0110110100 0.00714493 -3.14159
0110110101 0.0498352 0
0110110110 0.037384 0
0110110111 0.0606384 -3.14159
0110111000 0.0492859 -3.14159
0110111001 0.015564 0
0110111010 0.0159302 -3.14159
0110111011 0.101257 0
0110111100 0.0473633 -3.14159
0110111101 0.0514221 -3.14159
0110111110 0.00263596 0
0110111111 0.0149918 0
0111000000 0.00925446 0
0111000001 0.00566864 -3.14159
0111000010 0.0426331 0
0111000011 0.0299683 -3.14159
0111000100 0.00414658 0
0111000101 0.0518494 -3.14159
0111000110 0.0151825 0
0111000111 0.0369873 -3.14159
0111001000 0.0166321 0
0111001001 0.00338173 -3.14159
0111001010 0.0308533 0
0111001011 0.0313416 0
0111001100 0.0153961 -3.14159
0111001101 0.0465698 -3.14159
0111001110 0.0139999 0
0111001111 0.00815582 -3.14159
0111010000 0.0291595 -3.14159
0111010001 0.0124512 -3.14159
0111010010 0.0646362 0
0111010011 0.0325012 0
0111010100 0.0302734 -3.14159
0111010101 0.00841522 0
0111010110 0.0790405 0
0111010111 0.0272522 0
0111011000 0.0124359 -3.14159
0111011001 0.0229492 -3.14159
0111011010 0.0348816 0
0111011011 0.0122528 -3.14159
0111011100 0.0204315 0
0111011101 0.000471115 0
0111011110 0.0637817 -3.14159
0111011111 0.00717545 -3.14159
0111100000 0.0197144 0
0111100001 0.00356674 -3.14159
0111100010 0.00735092 -3.14159
0111100011 0.0169983 -3.14159
0111100100 0.00381851 0
0111100101 0.0502014 0
0111100110 0.0272827 -3.14159
0111100111 0.011055 -3.14159
0111101000 0.0419922 -3.14159
0111101001 0.0150146 0
0111101010 0.0138931 0
0111101011 0.00824738 0
0111101100 0.00407028 -3.14159
0111101101 0.0465088 -3.14159
0111101110 0.0245209 0
0111101111 0.0334778 0
0111110000 0.00592041 -3.14159
0111110001 0.00682831 0
0111110010 0.0410461 -3.14159
0111110011 0.0126953 0
0111110100 0.0162048 -3.14159
0111110101 0.0274353 -3.14159
0111110110 0.0213165 -3.14159
0111110111 0.00835419 -3.14159
0111111000 0.0130768 -3.14159
0111111001 0.0536804 0
0111111010 0.0789185 -3.14159
0111111011 0.0491333 -3.14159
0111111100 0.0111237 -3.14159
0111111101 0.0213928 0
0111111110 0.0046463 -3.14159
0111111111 0.0119553 -3.14159
1000000000 0.00302887 0
1000000001 0.00473022 -3.14159
1000000010 0.00272369 0
1000000011 0.0171356 0
1000000100 0.0404358 0
1000000101 0.0222931 -3.14159
1000000110 0.0267334 -3.14159
1000000111 0.000107586 0
1000001000 0.0136261 -3.14159
1000001001 0.00444412 0
1000001010 0.0236206 -3.14159
1000001011 0.00836945 -3.14159
1000001100 0.0421753 -3.14159
1000001101 0.0292053 -3.14159
1000001110 0.0031662 0
1000001111 0.01194 -3.14159
1000010000 0.0189056 -3.14159
1000010001 0.0144958 0
1000010010 0.00653458 -3.14159
1000010011 0.0246735 -3.14159
1000010100 0.0428467 0
1000010101 0.0159454 -3.14159
1000010110 0.0246124 0
1000010111 0.0220032 0
1000011000 0.0193024 0
1000011001 0.067749 -3.14159
1000011010 0.0406189 0
1000011011 0.00304222 -3.14159
1000011100 0.0111771 0
1000011101 0.0385437 0
1000011110 0.0106506 0
1000011111 0.00375366 0
1000100000 0.0300293 -3.14159
1000100001 0.0403442 0
1000100010 0.00202942 -3.14159
1000100011 0.0144119 0
1000100100 0.0355835 -3.14159
1000100101 0.014267 -3.14159
1000100110 0.0478821 -3.14159
1000100111 0.00437546 -3.14159
1000101000 0.00856018 0
1000101001 0.0372925 0
1000101010 0.0126038 0
1000101011 0.00195503 0
1000101100 0.0338745 -3.14159
1000101101 0.0535278 -3.14159
1000101110 0.0425415 -3.14159
1000101111 0.0205383 -3.14159
1000110000 0.00118065 -3.14159
1000110001 0.0100327 0
1000110010 0.0194702 0
1000110011 0.0220337 0
1000110100 0.00772476 -3.14159
1000110101 0.0126038 0
1000110110 0.00643539 0
1000110111 0.0190735 0
1000111000 0.054718 -3.14159
1000111001 0.0145874 0
1000111010 0.00476074 0
1000111011 0.0163116 -3.14159
1000111100 2.78354e-05 0
1000111101 0.0111847 0
1000111110 0.00242996 -3.14159
1000111111 0.00405502 -3.14159
1001000000 0.0247345 -3.14159
1001000001 0.0275726 -3.14159
1001000010 0.0065155 0
1001000011 0.0091095 -3.14159
1001000100 0.000483036 -3.14159
1001000101 0.00355148 0
1001000110 0.0106354 0
1001000111 0.0146866 -3.14159
1001001000 0.0531311 0
1001001001 0.00144386 0
1001001010 0.00738907 0
1001001011 0.0287628 0
1001001100 0.0288544 0
1001001101 0.0227051 -3.14159
1001001110 0.0030632 -3.14159
1001001111 0.0284424 -3.14159
1001010000 0.0258942 0
1001010001 0.0379028 0
1001010010 0.0347595 -3.14159
1001010011 0.0444946 -3.14159
1001010100 0.0119553 -3.14159
1001010101 0.000272751 -3.14159
1001010110 0.000303268 -3.14159
1001010111 0.0288696 0
1001011000 0.0244598 -3.14159
1001011001 0.00891113 -3.14159
1001011010 0.00724411 0
1001011011 0.0218201 -3.14159
1001011100 0.0078125 0
1001011101 0.00603867 0
1001011110 0.0134964 0
1001011111 0.00708771 0
1001100000 0.00392151 -3.14159
1001100001 0.0252686 0
1001100010 0.00844574 -3.14159
1001100011 0.0273132 0
1001100100 0.0193024 -3.14159
1001100101 0.015358 0
1001100110 0.00495911 0
1001100111 0.0964355 0
1001101000 0.0149536 0
1001101001 0.0423279 -3.14159
1001101010 0.0271301 0
1001101011 0.00223732 0
1001101100 0.0136719 0
1001101101 0.069397 0
1001101110 0.000235558 0
1001101111 0.0328979 0
1001110000 0.0283051 0
1001110001 0.026825 -3.14159
1001110010 0.00424576 -3.14159
1001110011 0.0470886 0
1001110100 0.036438 -3.14159
1001110101 0.0494995 0
1001110110 0.0368652 0
1001110111 0.00553131 -3.14159
1001111000 0.0227814 0
1001111001 0.0110855 -3.14159
1001111010 0.00253677 -3.14159
1001111011 0.0186768 -3.14159
1001111100 0.00615692 -3.14159
1001111101 0.00564957 0
1001111110 0.0236511 -3.14159
1001111111 0.0130157 -3.14159
1010000000 0.0184021 -3.14159
1010000001 0.0213928 -3.14159
1010000010 0.0437927 -3.14159
1010000011 0.04599 -3.14159
1010000100 0.000357389 0
1010000101 0.0284729 0
1010000110 0.0362549 0
1010000111 0.0302582 -3.14159
1010001000 0.0288544 -3.14159
1010001001 0.0621643 0
1010001010 0.0427246 -3.14159
1010001011 0.0275269 0
1010001100 0.0277557 0
1010001101 0.0120163 0
1010001110 0.0110931 -3.14159
1010001111 0.00156593 -3.14159
1010010000 0.0114441 0
1010010001 0.0365906 -3.14159
1010010010 0.0397644 -3.14159
1010010011 0.044342 -3.14159
1010010100 0.0271301 -3.14159
1010010101 0.0108719 -3.14159
1010010110 0.0150223 -3.14159
1010010111 0.0350647 0
1010011000 0.00342178 0
1010011001 0.0415344 0
1010011010 0.0166626 -3.14159
1010011011 0.0145798 -3.14159
1010011100 0.0193329 -3.14159
1010011101 0.0545044 0
1010011110 0.045166 0
1010011111 0.0033474 -3.14159
1010100000 0.0062027 0
1010100001 0.0143204 0
1010100010 0.0238037 -3.14159
1010100011 0.0251617 -3.14159
1010100100 0.0165405 -3.14159
1010100101 0.0177307 0
1010100110 0.00850677 0
1010100111 0.0314026 0
1010101000 0.0220337 -3.14159
1010101001 0.0231171 0
1010101010 0.0103683 0
1010101011 0.122986 0
1010101100 0.0156403 0
1010101101 0.000468016 0
1010101110 0.00146294 -3.14159
1010101111 0.00963593 -3.14159
1010110000 0.0571594 0
1010110001 0.0323181 -3.14159
1010110010 0.0279236 -3.14159
1010110011 0.0336609 0
1010110100 0.023819 0
1010110101 0.0144653 0
1010110110 0.0241699 -3.14159
1010110111 0.0147476 -3.14159
1010111000 0.00252533 0
1010111001 0.0339966 0
1010111010 0.0326538 -3.14159
1010111011 0.00691605 0
1010111100 0.0324402 -3.14159
1010111101 0.0634155 0
1010111110 0.00714111 -3.14159
1010111111 0.0309143 -3.14159
1011000000 0.023056 0
1011000001 0.0130005 -3.14159
1011000010 0.0261841 0
1011000011 0.00429916 0
1011000100 0.036377 0
1011000101 0.0305328 0
1011000110 0.00783539 -3.14159
1011000111 0.0135727 0
1011001000 0.0691528 -3.14159
1011001001 0.00859833 0
1011001010 0.00175953 0
1011001011 0.01828 0
1011001100 0.048645 0
1011001101 0.00909424 0
1011001110 0.0237427 -3.14159
1011001111 7.73072e-05 0
1011010000 0.0197601 -3.14159
1011010001 0.032196 -3.14159
1011010010 0.00709152 0
1011010011 0.00147343 0
1011010100 0.0083313 0
1011010101 0.0534668 -3.14159
1011010110 0.0210571 -3.14159
1011010111 0.0402527 -3.14159
1011011000 0.000454664 -3.14159
1011011001 0.0385437 0
1011011010 0.00638962 0
1011011011 0.00804901 -3.14159
1011011100 0.00730896 -3.14159
1011011101 0.0239258 0
1011011110 0.0334778 -3.14159
1011011111 0.053009 -3.14159
1011100000 0.022644 0
1011100001 0.00627136 0
1011100010 0.00790405 -3.14159
1011100011 0.0696411 0
1011100100 0.0491333 0
1011100101 0.0198975 0
1011100110 0.0158844 0
1011100111 0.00991058 0
1011101000 0.0312805 0
1011101001 0.0275116 -3.14159
1011101010 0.00642776 -3.14159
1011101011 0.00722885 -3.14159
1011101100 0.0276337 0
1011101101 0.016449 0
1011101110 0.0496826 0
1011101111 0.109863 0
1011110000 0.0109787 0
1011110001 0.00568008 -3.14159
1011110010 0.0165863 0
1011110011 0.0158844 -3.14159
1011110100 0.0104294 -3.14159
1011110101 0.0217285 0
1011110110 0.0418396 -3.14159
1011110111 0.0213165 -3.14159
1011111000 0.0156708 0
1011111001 0.0506897 -3.14159
1011111010 0.0167694 -3.14159
1011111011 0.00873566 0
1011111100 0.0595703 0
1011111101 0.0306702 0
1011111110 0.0579529 0
1011111111 0.0340271 0
1100000000 0.0377808 -3.14159
1100000001 0.0276337 0
1100000010 0.0175323 -3.14159
1100000011 0.00097084 0
1100000100 0.0301666 -3.14159
1100000101 0.000427723 0
1100000110 0.0163422 0
1100000111 0.00261688 0
1100001000 0.00279617 -3.14159
1100001001 0.0305481 0
1100001010 0.00550842 0
1100001011 0.0376892 0
1100001100 0.0127258 -3.14159
1100001101 0.0145264 -3.14159
1100001110 0.0185699 0
1100001111 0.0139389 0
1100010000 0.0545654 0
1100010001 0.0106354 0
1100010010 0.00591278 0
1100010011 0.0427551 -3.14159
1100010100 0.00609589 -3.14159
1100010101 0.038208 -3.14159
1100010110 0.015686 0
1100010111 0.0448608 0
1100011000 0.0249329 -3.14159
1100011001 0.026886 -3.14159
1100011010 0.0103683 0
1100011011 0.0298615 0
1100011100 0.0098114 -3.14159
1100011101 0.0188446 0
1100011110 0.00462723 0
1100011111 0.0185699 -3.14159
1100100000 0.0332642 0
1100100001 0.0158844 -3.14159
1100100010 0.00891113 0
1100100011 0.0138168 0
1100100100 0.0182037 0
1100100101 0.056366 -3.14159
1100100110 0.0218506 0
1100100111 0.000790119 0
1100101000 0.0386963 -3.14159
1100101001 0.0350342 0
1100101010 0.00679398 0
1100101011 0.0791626 0
1100101100 0.019928 -3.14159
1100101101 0.0324402 -3.14159
1100101110 0.0896606 0
1100101111 0.0215454 0
1100110000 0.0122223 -3.14159
1100110001 0.0232544 -3.14159
1100110010 0.0386963 0
1100110011 0.0157928 -3.14159
1100110100 0.01651 0
1100110101 0.0300751 -3.14159
1100110110 0.049469 0
1100110111 0.0200348 0
1100111000 0.00990295 -3.14159
1100111001 0.00688553 0
1100111010 0.0152512 -3.14159
1100111011 0.0354309 -3.14159
1100111100 0.0375366 -3.14159
1100111101 0.027832 -3.14159
1100111110 0.0439148 -3.14159
1100111111 0.0226746 -3.14159
1101000000 0.0669556 0
1101000001 0.0142059 -3.14159
1101000010 0.0146027 -3.14159
1101000011 0.0152664 -3.14159
1101000100 0.0460815 0
1101000101 0.0673828 0
1101000110 0.0259552 0
1101000111 0.000994682 -3.14159
1101001000 0.0436401 0
1101001001 0.00534821 -3.14159
1101001010 0.0103836 -3.14159
1101001011 0.0180969 0
1101001100 0.00592041 0
1101001101 0.0301971 0
1101001110 0.0137405 0
1101001111 0.0263519 -3.14159
1101010000 0.0139694 -3.14159
1101010001 0.000689983 0
1101010010 0.0222473 0
1101010011 0.0629272 0
1101010100 0.0162506 0
1101010101 0.00427246 0
1101010110 0.0164185 0
1101010111 0.0338135 0
1101011000 0.013588 0
1101011001 0.0220642 0
1101011010 0.0348816 0
1101011011 0.00822449 -3.14159
1101011100 0.0080719 0
1101011101 0.0047493 0
1101011110 0.0265503 -3.14159
1101011111 0.0542297 -3.14159
1101100000 0.000620365 -3.14159
1101100001 0.00352669 -3.14159
1101100010 0.0162659 -3.14159
1101100011 0.0359497 0
1101100100 0.0386047 -3.14159
1101100101 0.0440369 -3.14159
1101100110 0.0403442 -3.14159
1101100111 0.0222931 0
1101101000 0.0482483 0
1101101001 0.0213623 0
1101101010 0.049469 0
1101101011 0.0132217 0
1101101100 0.013649 -3.14159
1101101101 0.000494957 0
1101101110 0.0335693 0
1101101111 0.0590515 -3.14159
1101110000 0.0389404 -3.14159
1101110001 0.0587769 0
1101110010 0.00338936 -3.14159
1101110011 0.0452881 -3.14159
1101110100 0.0201721 -3.14159
1101110101 0.0121307 0
1101110110 0.020874 -3.14159
1101110111 0.0428772 -3.14159
1101111000 0.0330811 -3.14159
1101111001 0.00419235 -3.14159
1101111010 0.0114441 -3.14159
1101111011 0.0267944 -3.14159
1101111100 0.0552673 0
1101111101 0.0236359 -3.14159
1101111110 0.0228271 0
1101111111 0.0126572 -3.14159
1110000000 0.00231361 0
1110000001 0.0350647 0
1110000010 0.0805664 0
1110000011 0.00553513 -3.14159
1110000100 0.014267 -3.14159
1110000101 0.00300026 0
1110000110 0.0541077 -3.14159
1110000111 0.0535889 0
1110001000 0.000519753 -3.14159
1110001001 0.0118179 -3.14159
1110001010 0.0123062 0
1110001011 0.00314331 0
1110001100 0.00172424 0
1110001101 0.0581055 0
1110001110 0.028244 0
1110001111 0.0199585 0
1110010000 0.0299835 -3.14159
1110010001 0.0151978 0
1110010010 0.00505829 -3.14159
1110010011 0.0264435 0
1110010100 0.0260315 -3.14159
1110010101 0.0279236 -3.14159
1110010110 0.0622559 0
1110010111 0.0180511 -3.14159
1110011000 0.00521851 -3.14159
1110011001 0.0267334 -3.14159
1110011010 0.0368347 0
1110011011 0.0493774 -3.14159
1110011100 0.0380249 0
1110011101 0.0171814 -3.14159
1110011110 0.0134201 -3.14159
1110011111 0.0519104 0
1110100000 0.0144653 0
1110100001 0.00636292 0
1110100010 0.0608826 -3.14159
1110100011 0.00421906 0
1110100100 0.0163422 0
1110100101 0.0404053 0
1110100110 0.00437164 -3.14159
1110100111 0.0149231 0
1110101000 0.0124283 -3.14159
1110101001 0.0288239 0
1110101010 0.00190544 0
1110101011 0.0254364 0
1110101100 0.0196228 0
1110101101 0.0229492 0
1110101110 0.0111237 0
1110101111 0.00582504 -3.14159
1110110000 0.013092 0
1110110001 0.0301971 -3.14159
1110110010 0.00830841 -3.14159
1110110011 0.0740356 -3.14159
1110110100 0.00661087 0
1110110101 0.0486755 -3.14159
1110110110 0.0281067 0
1110110111 0.004673 -3.14159
1110111000 0.0114746 0
1110111001 0.0899048 -3.14159
1110111010 0.0033493 -3.14159
1110111011 0.000607967 -3.14159
1110111100 0.0213623 -3.14159
1110111101 0.0187531 0
1110111110 0.0177765 -3.14159
1110111111 0.026535 -3.14159
1111000000 0.0189056 0
1111000001 0.0372009 -3.14159
1111000010 0.0167847 0
1111000011 0.0108871 -3.14159
1111000100 0.0209198 -3.14159
1111000101 0.0254211 -3.14159
1111000110 0.0325012 0
1111000111 0.00142956 -3.14159
1111001000 0.0252533 -3.14159
1111001001 0.0019455 -3.14159
1111001010 0.00124454 0
1111001011 0.041626 0
1111001100 0.0114441 -3.14159
1111001101 0.0309601 -3.14159
1111001110 0.00547409 0
1111001111 0.0949707 0
1111010000 0.00367165 -3.14159
1111010001 0.02211 -3.14159
1111010010 0.00601578 0
1111010011 0.0193939 0
1111010100 0.0125427 0
1111010101 0.0246735 0
1111010110 0.0311432 0
1111010111 0.00120544 -3.14159
1111011000 0.0382996 0
1111011001 0.015564 -3.14159
1111011010 0.0475159 -3.14159
1111011011 0.0125504 0
1111011100 0.0116272 0
1111011101 0.0202484 -3.14159
1111011110 0.0114136 -3.14159
1111011111 0.0208435 -3.14159
1111100000 0.0182953 0
1111100001 0.0148315 -3.14159
1111100010 0.0172577 0
1111100011 0.0609131 -3.14159
1111100100 0.0343933 0
1111100101 0.0167694 -3.14159
1111100110 0.0366821 0
1111100111 0.0118103 0
1111101000 0.000872612 0
1111101001 0.00905609 0
1111101010 0.0448608 -3.14159
1111101011 0.0504456 -3.14159
1111101100 0.0864868 0
1111101101 0.0228729 -3.14159
1111101110 0.0413208 0
1111101111 0.0422363 0
1111110000 0.0350952 -3.14159
1111110001 0.0762329 0
1111110010 0.00355911 0
1111110011 0.0332031 -3.14159
1111110100 0.0485535 -3.14159
1111110101 0.0225525 0
1111110110 0.0235901 -3.14159
1111110111 0.0107422 0
1111111000 0.0196228 -3.14159
1111111001 0.0655518 -3.14159
1111111010 0.0107193 -3.14159
1111111011 0.013237 -3.14159
1111111100 0.00730133 0
1111111101 0.0151596 0
1111111110 0.0348816 0
1111111111 0.0372009 0
