0000000000 0.0206909 0
0000000001 0.0361633 0
0000000010 0.0225067 -3.14159
0000000011 8.64863e-05 0
0000000100 0.00270653 0
0000000101 0.0284424 0
0000000110 0.0293121 -3.14159
0000000111 0.0112 0
0000001000 0.0059166 0
0000001001 0.0411987 -3.14159
0000001010 0.00834656 -3.14159
0000001011 0.0206909 0
0000001100 0.0434265 -3.14159
0000001101 0.0147629 0
0000001110 0.00424194 -3.14159
0000001111 0.0359192 0
0000010000 0.00651169 -3.14159
0000010001 0.0276947 -3.14159
0000010010 0.0133438 -3.14159
0000010011 0.0670776 -3.14159
0000010100 0.041687 -3.14159
0000010101 0.037384 0
0000010110 0.015976 -3.14159
0000010111 0.0539856 0
0000011000 0.0469055 0
0000011001 0.00848389 -3.14159
0000011010 0.00322342 -3.14159
0000011011 0.0535583 -3.14159
0000011100 0.00361252 -3.14159
0000011101 0.0160522 -3.14159
0000011110 0.00166988 -3.14159
0000011111 0.00497055 -3.14159
0000100000 0.0761719 -3.14159
0000100001 0.00912476 -3.14159
0000100010 0.0625 -3.14159
0000100011 0.0123978 -3.14159
0000100100 0.000255346 0
0000100101 0.0188751 -3.14159
0000100110 0.00267029 0
0000100111 0.0111694 0
0000101000 0.00376701 0
0000101001 0.00474167 -3.14159
0000101010 0.0477905 -3.14159
0000101011 0.0197601 0
0000101100 0.0571594 -3.14159
0000101101 0.00477219 0
0000101110 0.00411987 0
0000101111 0.00784302 0
0000110000 0.00907898 0
0000110001 0.057251 -3.14159
0000110010 0.046051 -3.14159
0000110011 0.012558 0
0000110100 0.030838 -3.14159
0000110101 0.0172577 -3.14159
0000110110 0.0020256 -3.14159
0000110111 0.0404053 0
0000111000 0.0295258 -3.14159
0000111001 0.0172119 -3.14159
0000111010 0.000669479 0
0000111011 0.0181122 -3.14159
0000111100 0.0221558 0
0000111101 0.0270081 0
0000111110 0.00743866 -3.14159
0000111111 0.00131226 0
0001000000 0.064209 0
0001000001 0.0431824 0
0001000010 0.00320244 0
0001000011 0.00214005 0
0001000100 0.0257568 -3.14159
0001000101 0.0509338 -3.14159
0001000110 0.0128784 -3.14159
0001000111 0.0143127 -3.14159
0001001000 0.0549622 -3.14159
0001001001 0.0114822 0
0001001010 0.00817108 -3.14159
0001001011 0.0112305 -3.14159
0001001100 0.0118027 -3.14159
0001001101 0.00661087 0
0001001110 0.017807 0
0001001111 0.000692844 -3.14159
0001010000 0.0311432 0
0001010001 0.0447083 -3.14159
0001010010 0.0480652 -3.14159
0001010011 0.0164795 0
0001010100 0.00852966 0
0001010101 0.00130081 0
0001010110 0.0254364 0
0001010111 0.000485659 0
0001011000 0.00723267 -3.14159
0001011001 0.0314026 0
0001011010 0.000854015 -3.14159
0001011011 0.00175571 -3.14159
0001011100 0.0586853 0
0001011101 0.0159454 -3.14159
0001011110 0.0168457 -3.14159
0001011111 0.0407104 0
0001100000 0.0136337 0
0001100001 0.00415802 -3.14159
0001100010 0.0592651 -3.14159
0001100011 0.00706863 0
0001100100 0.0470581 -3.14159
0001100101 0.0292511 0
0001100110 0.00760269 -3.14159
0001100111 0.020752 0
0001101000 0.00147152 0
0001101001 0.0810547 0
0001101010 0.00026536 -3.14159
0001101011 0.00846863 -3.14159
0001101100 0.011055 0
0001101101 0.0486145 -3.14159
0001101110 0.00111485 -3.14159
0001101111 0.0209808 0
0001110000 0.0560608 -3.14159
0001110001 0.000968933 -3.14159
0001110010 0.0184937 -3.14159
0001110011 0.0462341 0
0001110100 0.0123749 -3.14159
0001110101 0.0219421 0
0001110110 0.000788212 0
0001110111 0.0139618 -3.14159
0001111000 0.0458374 -3.14159
0001111001 0.00142574 -3.14159
0001111010 0.0265656 -3.14159
0001111011 0.0181885 -3.14159
0001111100 0.0112228 -3.14159
0001111101 0.045105 0
0001111110 0.00848389 0
0001111111 0.014122 0
0010000000 0.0257874 0
0010000001 0.0154343 -3.14159
0010000010 0.0172882 0
0010000011 0.0358582 -3.14159
0010000100 0.0127792 0
0010000101 0.0324097 -3.14159
0010000110 0.00875092 0
0010000111 0.0045166 0
0010001000 0.0072937 -3.14159
0010001001 0.00542068 0
0010001010 0.0113602 0
0010001011 0.0071106 0
0010001100 0.0191345 0
0010001101 0.00591278 0
0010001110 0.0159302 0
0010001111 0.0245209 -3.14159
0010010000 0.0445557 -3.14159
0010010001 0.0200195 -3.14159
0010010010 0.00740814 -3.14159
0010010011 0.00305939 -3.14159
0010010100 0.0238342 -3.14159
0010010101 0.0465698 0
0010010110 0.0166626 -3.14159
0010010111 0.0357971 0
0010011000 0.0201416 -3.14159
0010011001 0.00240707 0
0010011010 0.0224304 -3.14159
0010011011 0.00143242 0
0010011100 0.0248108 -3.14159
0010011101 0.0191803 0
0010011110 0.00197792 -3.14159
0010011111 0.029068 -3.14159
0010100000 0.0124207 0
0010100001 0.00301933 -3.14159
0010100010 0.00871277 -3.14159
0010100011 0.00144768 -3.14159
0010100100 0.0103836 0
0010100101 0.0267181 -3.14159
0010100110 0.0041008 0
0010100111 0.0160217 0
0010101000 0.0143051 0
0010101001 0.0265503 0
0010101010 0.0178833 0
0010101011 0.0366821 0
0010101100 0.0117722 0
0010101101 0.037323 0
0010101110 0.00827026 0
0010101111 0.00454712 0
0010110000 0.036499 0
0010110001 0.0462952 -3.14159
0010110010 0.0453186 -3.14159
0010110011 0.0333557 0
0010110100 0.0534668 0
0010110101 0.0250244 -3.14159
0010110110 0.0110703 0
0010110111 0.0203705 -3.14159
0010111000 0.00199127 -3.14159
0010111001 0.00242805 0
0010111010 0.00341034 -3.14159
0010111011 0.00396347 0
0010111100 0.0471802 0
0010111101 0.0375061 -3.14159
0010111110 0.00193596 0
0010111111 0.0596008 -3.14159
0011000000 0.0105209 0
0011000001 0.0074501 -3.14159
0011000010 0.00372505 0
0011000011 0.0260162 0
0011000100 0.0121078 -3.14159
0011000101 0.00775909 0
0011000110 0.0367432 0
0011000111 0.00400162 0
0011001000 0.0139389 0
0011001001 0.00688171 -3.14159
0011001010 0.00456619 0
0011001011 0.0245972 -3.14159
0011001100 0.00514984 -3.14159
0011001101 0.0129395 0
0011001110 0.00833893 -3.14159
0011001111 0.0268707 0
0011010000 0.0071373 0
0011010001 0.0063858 0
0011010010 0.0196991 0
0011010011 0.00769806 0
0011010100 0.0333862 0
0011010101 0.0234833 -3.14159
0011010110 0.0333557 -3.14159
0011010111 0.0635986 0
0011011000 0.00717163 -3.14159
0011011001 0.0105591 0
0011011010 0.00234795 -3.14159
0011011011 0.0139847 -3.14159
0011011100 0.0181274 0
0011011101 0.0499878 -3.14159
0011011110 0.0375977 -3.14159
0011011111 0.0176697 0
0011100000 0.0132675 0
0011100001 0.00718307 0
0011100010 0.021347 0
0011100011 0.0249481 -3.14159
0011100100 0.0310516 0
0011100101 0.0661011 0
0011100110 0.00811768 -3.14159
0011100111 0.0192261 -3.14159
0011101000 0.0162354 -3.14159
0011101001 0.0140152 -3.14159
0011101010 0.0687866 -3.14159
0011101011 0.000221968 0
0011101100 0.0354614 -3.14159
0011101101 0.000440121 -3.14159
0011101110 0.00209618 0
0011101111 0.0549622 0
0011110000 0.00898743 -3.14159
0011110001 0.00338936 0
0011110010 0.0503845 0
0011110011 0.0665283 -3.14159
0011110100 0.0012064 -3.14159
0011110101 0.00769806 0
0011110110 0.00905609 0
0011110111 0.00791168 -3.14159
0011111000 0.0879517 0
0011111001 0.0151749 0
0011111010 0.00769043 -3.14159
0011111011 0.000545979 0
0011111100 0.00665283 0
0011111101 0.0354919 -3.14159
0011111110 0.0428467 0
0011111111 0.00836182 0
0100000000 0.0656128 0
0100000001 0.0201111 0
0100000010 0.021347 -3.14159
0100000011 0.00317192 0
0100000100 0.0402832 -3.14159
0100000101 0.00395966 -3.14159
0100000110 0.0439453 0
0100000111 0.0461121 0
0100001000 0.0203247 -3.14159
0100001001 0.00490952 -3.14159
0100001010 0.00892639 0
0100001011 0.0574646 -3.14159
0100001100 0.0195923 -3.14159
0100001101 0.00427628 -3.14159
0100001110 0.00753403 0
0100001111 0.0103607 -3.14159
0100010000 0.0161285 0
0100010001 0.057373 -3.14159
0100010010 0.00468445 -3.14159
0100010011 0.00188351 0
0100010100 0.032196 0
0100010101 0.000881195 -3.14159
0100010110 0.033783 0
0100010111 0.0152054 -3.14159
0100011000 0.00938416 -3.14159
0100011001 0.0258942 0
0100011010 0.0225983 -3.14159
0100011011 0.0579834 -3.14159
0100011100 0.00597 -3.14159
0100011101 0.0254974 0
0100011110 0.0294495 -3.14159
0100011111 0.0386353 0
0100100000 0.0179901 -3.14159
0100100001 0.00551224 0
0100100010 0.00183201 0
0100100011 0.016037 0
0100100100 0.0369263 -3.14159
0100100101 0.0137177 0
0100100110 0.044281 -3.14159
0100100111 0.0516357 -3.14159
0100101000 0.0447998 0
0100101001 0.0727539 -3.14159
0100101010 0.0436707 0
0100101011 0.010498 -3.14159
0100101100 0.0481567 0
0100101101 0.052124 -3.14159
0100101110 0.0543213 0
0100101111 0.00663376 0
0100110000 0.0206757 0
0100110001 0.0217438 -3.14159
0100110010 0.0201263 0
0100110011 0.0463867 -3.14159
0100110100 0.0205383 0
0100110101 0.0350037 0
0100110110 0.0113525 -3.14159
0100110111 0.00775909 -3.14159
0100111000 0.0288544 -3.14159
0100111001 0.0354919 -3.14159
0100111010 0.0445557 -3.14159
0100111011 0.032074 -3.14159
0100111100 0.0592346 -3.14159
0100111101 0.0299988 -3.14159
0100111110 0.0438538 0
0100111111 0.00632477 -3.14159
0101000000 0.00537109 -3.14159
0101000001 0.0109024 0
0101000010 0.0192108 -3.14159
0101000011 0.00236511 0
0101000100 0.00292587 0
0101000101 0.0318298 0
0101000110 0.0367126 -3.14159
0101000111 0.0188904 -3.14159
0101001000 0.0235596 0
0101001001 0.00544357 -3.14159
0101001010 0.0107727 0
0101001011 0.0523376 0
0101001100 0.0123444 -3.14159
0101001101 0.0221558 -3.14159
0101001110 0.00508881 0
0101001111 0.0126953 -3.14159
0101010000 0.0316162 0
0101010001 0.0205078 -3.14159
0101010010 0.0441284 0
0101010011 0.0336914 -3.14159
0101010100 0.0138779 0
0101010101 0.0136108 0
0101010110 0.0206451 0
0101010111 0.0113068 -3.14159
0101011000 0.0178223 0
0101011001 0.00733566 -3.14159
0101011010 0.00665665 -3.14159
0101011011 0.0715332 -3.14159
0101011100 0.0163879 -3.14159
0101011101 0.0875244 0
0101011110 0.0173798 -3.14159
0101011111 0.0328369 0
0101100000 0.0367126 0
0101100001 0.0661621 -3.14159
0101100010 0.00791168 -3.14159
0101100011 0.0397644 -3.14159
0101100100 0.0104599 -3.14159
0101100101 0.0306244 0
0101100110 0.0396423 -3.14159
0101100111 0.0191803 -3.14159
0101101000 0.0394592 -3.14159
0101101001 0.0225677 -3.14159
0101101010 0.0368958 0
0101101011 0.0117188 0
0101101100 0.0227966 -3.14159
0101101101 0.0303802 -3.14159
0101101110 0.0296936 -3.14159
0101101111 0.0122986 0
0101110000 0.0368652 -3.14159
0101110001 0.0298309 -3.14159
0101110010 0.0230865 -3.14159
0101110011 0.0232544 0
0101110100 0.0717773 0
0101110101 0.0109406 0
0101110110 0.018158 0
0101110111 0.0126495 -3.14159
0101111000 0.0157776 0
0101111001 0.0355225 0
0101111010 0.0243988 0
0101111011 0.0422974 -3.14159
0101111100 0.0089035 -3.14159
0101111101 0.0111389 0
0101111110 0.0331726 0
0101111111 0.0577087 0
0110000000 0.0169983 0
0110000001 0.0256348 0
0110000010 0.0300446 -3.14159
0110000011 0.0407715 0
0110000100 0.0735474 -3.14159
0110000101 0.026123 0
0110000110 0.0226746 0
0110000111 0.00960541 0
0110001000 0.0127182 -3.14159
0110001001 0.034668 -3.14159
0110001010 0.0119934 -3.14159
0110001011 0.000151992 0
0110001100 0.0190582 0
0110001101 0.0319824 -3.14159
0110001110 0.0339355 0
0110001111 0.0328979 -3.14159
0110010000 0.0397949 0
0110010001 0.0115738 -3.14159
0110010010 0.00178909 0
0110010011 0.0206909 0
0110010100 0.0895996 -3.14159
0110010101 0.0575256 -3.14159
0110010110 0.00285721 0
0110010111 0.0143127 0
0110011000 0.00201225 0
0110011001 0.0384521 -3.14159
0110011010 0.0260925 -3.14159
0110011011 0.0393677 0
0110011100 0.00152969 -3.14159
0110011101 0.00782776 -3.14159
0110011110 0.013382 0
0110011111 0.017746 0
0110100000 0.061615 0
0110100001 0.039093 0
0110100010 0.0087738 0
0110100011 0.0299988 -3.14159
0110100100 0.0333252 0
0110100101 0.0391235 0
0110100110 0.0343323 0
0110100111 0.0338745 -3.14159
0110101000 0.0223694 -3.14159
0110101001 0.00548553 -3.14159
0110101010 0.00967407 0
0110101011 0.0383606 -3.14159
0110101100 0.0344543 -3.14159
0110101101 0.0296173 0
0110101110 0.0139313 0
0110101111 0.0279541 0
0110110000 0.000245571 -3.14159
0110110001 0.067627 -3.14159
0110110010 0.0299683 0
0110110011 0.0196381 -3.14159
0110110100 0.0159302 -3.14159
0110110101 0.0224915 0
0110110110 0.0541077 0
0110110111 0.0222168 0
0110111000 0.0389709 -3.14159
0110111001 0.00751877 -3.14159
0110111010 0.0101852 0
0110111011 0.0631104 0
0110111100 0.0324707 -3.14159
0110111101 0.0153122 -3.14159
0110111110 0.00468445 -3.14159
0110111111 0.0312805 -3.14159
0111000000 0.0163574 -3.14159
0111000001 0.0559998 -3.14159
0111000010 0.0263214 0
0111000011 0.0287323 -3.14159
0111000100 0.00791168 -3.14159
0111000101 0.0185242 0
0111000110 0.0160675 -3.14159
0111000111 0.0200195 -3.14159
0111001000 0.047821 0
0111001001 0.00862122 0
0111001010 0.00854492 -3.14159
0111001011 0.00300407 -3.14159
0111001100 0.0169983 0
0111001101 0.0254059 -3.14159
0111001110 0.0784912 0
0111001111 0.0505066 0
0111010000 0.0378418 0
0111010001 0.0131226 0
0111010010 0.0070076 0
0111010011 0.0607605 0
0111010100 0.0309296 0
0111010101 0.0118332 -3.14159
0111010110 0.00158596 0
0111010111 0.00336075 -3.14159
0111011000 0.0276031 0
0111011001 0.00648499 -3.14159
0111011010 0.011528 0
0111011011 0.0105591 0
0111011100 0.00651932 0
0111011101 0.0142441 0
0111011110 0.0336609 0
0111011111 0.016861 -3.14159
0111100000 0.0186615 -3.14159
0111100001 0.013092 -3.14159
0111100010 0.026825 0
0111100011 0.0172272 0
0111100100 0.00592422 -3.14159
0111100101 0.0283508 -3.14159
0111100110 0.0293121 -3.14159
0111100111 0.0157318 -3.14159
0111101000 0.0426331 -3.14159
0111101001 0.000773907 -3.14159
0111101010 0.0420227 -3.14159
0111101011 0.0332031 -3.14159
0111101100 0.0133286 -3.14159
0111101101 0.00390625 -3.14159
0111101110 0.0340881 0
0111101111 0.00410461 0
0111110000 0.00220299 0
0111110001 0.0623779 -3.14159
0111110010 0.0383301 0
0111110011 0.0595093 -3.14159
0111110100 0.0186005 0
0111110101 1.72257e-05 -3.14159
0111110110 0.0134048 -3.14159
0111110111 0.0228119 0
0111111000 0.0565491 -3.14159
0111111001 0.0158386 0
0111111010 0.00836945 -3.14159
0111111011 0.028656 0
0111111100 0.00292778 0
0111111101 0.00572586 0
0111111110 0.00137329 -3.14159
0111111111 0.0373535 0
1000000000 0.0145874 0
1000000001 0.00318909 -3.14159
1000000010 0.0145569 -3.14159
1000000011 0.00694275 0
1000000100 0.0314331 0
1000000101 0.0382385 0
1000000110 0.0537109 0
1000000111 0.0111771 0
1000001000 0.0127258 -3.14159
1000001001 0.0188141 0
1000001010 0.01194 -3.14159
1000001011 0.0608215 -3.14159
1000001100 0.0033989 -3.14159
1000001101 0.0445557 -3.14159
1000001110 0.0466614 -3.14159
1000001111 0.0147095 -3.14159
1000010000 0.00489044 0
1000010001 0.0541687 -3.14159
1000010010 0.02005 0
1000010011 0.0310516 0
1000010100 0.0127716 0
1000010101 0.0151215 0
1000010110 0.00702667 0
1000010111 0.00634384 0
1000011000 0.0348511 0
1000011001 0.0158234 0
1000011010 0.0189362 -3.14159
1000011011 0.016098 0
1000011100 0.00022006 -3.14159
1000011101 0.00953674 -3.14159
1000011110 0.00968933 -3.14159
1000011111 0.00398636 0
1000100000 0.0447083 -3.14159
1000100001 0.0193024 -3.14159
1000100010 0.0250854 0
1000100011 0.000493526 0
1000100100 0.0170288 -3.14159
1000100101 0.062439 -3.14159
1000100110 0.0363159 -3.14159
1000100111 0.0780029 0
1000101000 0.00666428 0
1000101001 0.0204163 -3.14159
1000101010 0.0123672 -3.14159
1000101011 0.00146484 0
1000101100 0.0175476 -3.14159
1000101101 0.0208435 0
1000101110 0.000234604 -3.14159
1000101111 0.0105286 0
1000110000 0.00873566 -3.14159
1000110001 0.000407934 -3.14159
1000110010 0.00502396 0
1000110011 0.0375671 -3.14159
1000110100 0.0599365 -3.14159
1000110101 0.00179482 0
1000110110 0.0376892 -3.14159
1000110111 0.00232887 -3.14159
1000111000 0.0308685 -3.14159
1000111001 0.0341492 -3.14159
1000111010 0.0223236 0
1000111011 0.00549698 -3.14159
1000111100 0.0145493 0
1000111101 0.0187836 0
1000111110 0.00955963 0
1000111111 0.000365734 0
1001000000 0.0141068 0
1001000001 0.0440979 -3.14159
1001000010 0.0314941 0
1001000011 0.0299683 0
1001000100 0.0326233 -3.14159
1001000101 0.00244904 0
1001000110 0.0508423 -3.14159
1001000111 0.0639648 -3.14159
1001001000 0.00694656 0
1001001001 0.00217819 -3.14159
1001001010 0.0370483 -3.14159
1001001011 0.011116 0
1001001100 0.00702667 0
1001001101 0.0552979 -3.14159
1001001110 0.0302429 -3.14159
1001001111 0.00613022 -3.14159
1001010000 0.0162201 0
1001010001 0.0160522 -3.14159
1001010010 0.00724792 0
1001010011 0.0103455 0
1001010100 0.0167694 -3.14159
1001010101 0.0415955 -3.14159
1001010110 0.000354052 0
1001010111 0.0427856 -3.14159
1001011000 0.00452423 -3.14159
1001011001 0.0173798 0
1001011010 0.0268097 0
1001011011 0.000555992 0
1001011100 0.00827789 -3.14159
1001011101 0.0211792 -3.14159
1001011110 0.00676346 -3.14159
1001011111 0.00831604 -3.14159
1001100000 0.0280304 0
1001100001 0.0297241 0
1001100010 0.031311 -3.14159
1001100011 0.0187988 0
1001100100 0.0232544 -3.14159
1001100101 0.0183411 0
1001100110 0.0646973 0
1001100111 0.0720825 0
1001101000 0.0141525 -3.14159
1001101001 0.0135727 -3.14159
1001101010 0.0608521 0
1001101011 0.0191956 0
1001101100 0.0209808 0
1001101101 0.00977325 0
1001101110 0.0483093 -3.14159
1001101111 0.0271912 -3.14159
1001110000 0.0350037 0
1001110001 0.0720825 -3.14159
1001110010 0.00530624 -3.14159
1001110011 0.00362396 -3.14159
1001110100 0.00317383 -3.14159
1001110101 0.00930786 -3.14159
1001110110 0.0150757 0
1001110111 0.026413 -3.14159
1001111000 0.0512085 0
1001111001 0.00311661 0
1001111010 0.0441589 0
1001111011 0.0391846 0
1001111100 0.0132446 -3.14159
1001111101 0.0234222 -3.14159
1001111110 0.0293732 -3.14159
1001111111 0.0228271 -3.14159
1010000000 0.01091 0
1010000001 0.00373268 0
1010000010 0.0122375 0
1010000011 0.013588 -3.14159
1010000100 0.0109253 0
1010000101 0.0210724 -3.14159
1010000110 0.030838 -3.14159
1010000111 0.0403137 -3.14159
1010001000 0.023056 -3.14159
1010001001 0.046814 0
1010001010 0.0106506 0
1010001011 0.0527954 0
1010001100 0.0132904 0
1010001101 0.0296326 -3.14159
1010001110 0.0249481 0
1010001111 0.0475464 0
1010010000 0.0585632 0
1010010001 0.00421143 0
1010010010 0.0520325 -3.14159
1010010011 0.0071373 0
1010010100 0.0342407 0
1010010101 0.00772476 -3.14159
1010010110 0.0251007 0
1010010111 0.011116 -3.14159
1010011000 0.0817871 0
1010011001 0.00899506 -3.14159
1010011010 0.00013566 -3.14159
1010011011 0.0296326 -3.14159
1010011100 0.00893402 0
1010011101 0.0223999 0
1010011110 0.0161896 -3.14159
1010011111 0.0170288 -3.14159
1010100000 0.0264282 -3.14159
1010100001 0.00721741 -3.14159
1010100010 0.019165 -3.14159
1010100011 0.0228119 -3.14159
1010100100 0.0152969 0
1010100101 0.0167542 0
1010100110 0.00659561 -3.14159
1010100111 0.00479507 0
1010101000 0.0199585 0
1010101001 0.017807 0
1010101010 0.0386353 -3.14159
1010101011 0.0371704 0
1010101100 0.0267487 0
1010101101 0.016983 -3.14159
1010101110 0.00377274 0
1010101111 0.00772476 -3.14159
1010110000 0.0772095 0
1010110001 0.0293427 -3.14159
1010110010 0.00195312 -3.14159
1010110011 0.0208282 -3.14159
1010110100 0.0588989 -3.14159
1010110101 0.0225525 0
1010110110 0.0163422 -3.14159
1010110111 0.0123901 0
1010111000 0.00741577 0
1010111001 0.0036602 0
1010111010 0.0461121 -3.14159
1010111011 0.0154648 -3.14159
1010111100 0.00584412 0
1010111101 0.0334778 0
1010111110 0.0297546 -3.14159
1010111111 0.00422287 0
1011000000 0.0448303 -3.14159
1011000001 0.0201569 0
1011000010 0.0330811 0
1011000011 0.0463867 -3.14159
1011000100 0.0192108 -3.14159
1011000101 0.00624466 0
1011000110 0.0136032 0
1011000111 0.0219574 0
1011001000 0.0251312 -3.14159
1011001001 0.0409241 -3.14159
1011001010 0.0328064 -3.14159
1011001011 0.000409842 0
1011001100 0.0448914 -3.14159
1011001101 0.0090332 -3.14159
1011001110 0.00374985 0
1011001111 0.0317078 -3.14159
1011010000 0.0212402 0
1011010001 0.0523376 -3.14159
1011010010 0.00855255 0
1011010011 0.0359802 0
1011010100 0.0362854 -3.14159
1011010101 0.00945282 -3.14159
1011010110 0.0542603 0
1011010111 0.0161285 0
1011011000 0.00516891 -3.14159
1011011001 0.0346069 0
1011011010 0.00572968 -3.14159
1011011011 0.050293 -3.14159
1011011100 0.0152435 0
1011011101 0.0363464 0
1011011110 0.00977325 0
1011011111 0.00274086 -3.14159
1011100000 0.0192261 -3.14159
1011100001 0.0286102 -3.14159
1011100010 0.065979 0
1011100011 0.0289917 0
1011100100 0.0289307 0
1011100101 0.069458 0
1011100110 0.0122299 -3.14159
1011100111 0.0173492 -3.14159
1011101000 0.0626831 -3.14159
1011101001 0.0125351 -3.14159
1011101010 0.0640259 -3.14159
1011101011 0.0254211 0
1011101100 0.00163937 0
1011101101 0.021637 0
1011101110 0.0257263 -3.14159
1011101111 0.0674438 0
1011110000 0.0704346 -3.14159
1011110001 0.00188446 -3.14159
1011110010 0.0231781 -3.14159
1011110011 0.018631 0
1011110100 0.00400925 0
1011110101 0.0202332 0
1011110110 0.025116 -3.14159
1011110111 0.01828 0
1011111000 0.00798035 0
1011111001 0.00721359 0
1011111010 0.0324402 -3.14159
1011111011 0.0836182 0
1011111100 0.0219574 -3.14159
1011111101 0.012085 0
1011111110 0.0582886 0
1011111111 0.00895691 0
1100000000 0.0335693 0
1100000001 0.00577927 0
1100000010 0.00260735 -3.14159
1100000011 0.0601501 -3.14159
1100000100 0.0176239 -3.14159
1100000101 0.0657349 0
1100000110 0.0121078 0
1100000111 0.0166626 -3.14159
1100001000 0.0577087 -3.14159
1100001001 0.0542908 -3.14159
1100001010 0.00663376 0
1100001011 0.00562668 0
1100001100 0.0125046 -3.14159
1100001101 0.00621414 0
1100001110 0.0548706 -3.14159
1100001111 0.0387268 0
1100010000 0.01828 -3.14159
1100010001 0.0265045 0
1100010010 0.0519409 0
1100010011 0.0370483 -3.14159
1100010100 0.0200806 -3.14159
1100010101 0.0134277 -3.14159
1100010110 0.0306549 0
1100010111 0.0673828 0
1100011000 0.0805664 -3.14159
1100011001 0.0316772 0
1100011010 0.0591736 -3.14159
1100011011 0.0401306 0
1100011100 0.0414429 0
1100011101 0.00129509 -3.14159
1100011110 0.00764084 -3.14159
1100011111 0.0401611 -3.14159
1100100000 0.0379333 0
1100100001 0.0639038 0
1100100010 0.0187378 -3.14159
1100100011 0.00820923 0
1100100100 0.000524521 0
1100100101 0.0645752 -3.14159
1100100110 0.0325317 0
1100100111 0.0386963 -3.14159
1100101000 0.0216827 0
1100101001 0.00921631 0
1100101010 0.0175934 -3.14159
1100101011 0.0232544 0
1100101100 0.00152779 -3.14159
1100101101 0.00665665 -3.14159
1100101110 0.0522766 0
1100101111 0.0260468 0
1100110000 0.0292511 0
1100110001 0.0787964 -3.14159
1100110010 0.0184021 -3.14159
1100110011 0.0318604 0
1100110100 0.0174103 0
1100110101 0.0380859 0
1100110110 0.0480957 0
1100110111 0.0175781 -3.14159
1100111000 0.0105057 -3.14159
1100111001 0.0997314 -3.14159
1100111010 0.0197296 0
1100111011 0.0166016 -3.14159
1100111100 0.0495911 -3.14159
1100111101 0.00679016 0
1100111110 0.04599 -3.14159
1100111111 0.0108948 -3.14159
1101000000 0.0509949 -3.14159
1101000001 0.0349731 0
1101000010 0.00074482 0
1101000011 0.00901794 -3.14159
1101000100 0.0508118 0
1101000101 0.0185089 0
1101000110 0.015419 -3.14159
1101000111 0.0567017 0
1101001000 0.0042572 -3.14159
1101001001 0.0556641 0
1101001010 0.00461578 0
1101001011 0.0580139 0
1101001100 0.0314636 0
1101001101 0.00834656 0
1101001110 0.0445251 0
1101001111 0.0385742 0
1101010000 0.00901794 0
1101010001 0.00542068 -3.14159
1101010010 0.0201263 -3.14159
1101010011 0.0415955 -3.14159
1101010100 0.0272827 0
1101010101 0.0200348 -3.14159
1101010110 0.0502625 -3.14159
1101010111 0.00677872 0
1101011000 0.0421448 -3.14159
1101011001 0.00163746 0
1101011010 0.0246277 0
1101011011 0.0595093 -3.14159
1101011100 0.00728607 0
1101011101 0.032074 -3.14159
1101011110 0.00267982 -3.14159
1101011111 0.0271149 -3.14159
1101100000 0.0679321 0
1101100001 0.0617371 0
1101100010 0.00526428 -3.14159
1101100011 0.016571 -3.14159
1101100100 0.0047493 -3.14159
1101100101 0.0364685 -3.14159
1101100110 0.015686 0
1101100111 0.046875 -3.14159
1101101000 0.0288696 -3.14159
1101101001 0.0152588 0
1101101010 0.0201569 0
1101101011 0.00773621 -3.14159
1101101100 0.0184326 -3.14159
1101101101 0.0361633 -3.14159
1101101110 0.00832367 -3.14159
1101101111 0.00858307 -3.14159
1101110000 0.00636673 -3.14159
1101110001 0.0534973 0
1101110010 0.00238228 0
1101110011 0.0384827 -3.14159
1101110100 0.00234985 -3.14159
1101110101 0.0617981 -3.14159
1101110110 0.0371704 -3.14159
1101110111 0.00292015 -3.14159
1101111000 0.00904083 -3.14159
1101111001 0.00764847 -3.14159
1101111010 0.00822449 0
1101111011 0.0130768 -3.14159
1101111100 0.0133972 0
1101111101 0.0651245 -3.14159
1101111110 0.0281372 -3.14159
1101111111 0.0640869 0
1110000000 0.0633545 -3.14159
1110000001 0.0235748 -3.14159
1110000010 0.0561218 0
1110000011 0.0218964 0
1110000100 0.0327759 0
1110000101 0.0533752 0
1110000110 0.0342102 -3.14159
1110000111 0.00297928 -3.14159
1110001000 0.0157623 0
1110001001 0.0177612 0
1110001010 0.0379333 0
1110001011 0.0202484 -3.14159
1110001100 0.020752 0
1110001101 0.0249329 0
1110001110 0.002882 -3.14159
1110001111 0.00163078 0
1110010000 0.0378418 0
1110010001 0.0509338 -3.14159
1110010010 0.0319824 -3.14159
1110010011 0.00849915 0
1110010100 0.0352478 -3.14159
1110010101 0.0574646 -3.14159
1110010110 0.0284882 0
1110010111 0.0668335 -3.14159
1110011000 0.0140457 0
1110011001 0.000877857 0
1110011010 0.0350037 -3.14159
1110011011 0.0140991 -3.14159
1110011100 0.0175018 -3.14159
1110011101 0.0134964 -3.14159
1110011110 0.017746 0
1110011111 0.0213318 0
1110100000 0.021347 -3.14159
1110100001 0.0397034 0
1110100010 0.0359497 0
1110100011 0.0121689 -3.14159
1110100100 0.0454407 0
1110100101 0.0637817 0
1110100110 0.034668 -3.14159
1110100111 0.0150375 -3.14159
1110101000 0.00518799 0
1110101001 0.0414429 0
1110101010 0.0146179 0
1110101011 0.0234528 0
1110101100 0.0276337 -3.14159
1110101101 0.0491028 0
1110101110 0.0258789 -3.14159
1110101111 0.0319519 -3.14159
1110110000 0.00105667 0
1110110001 0.00830078 0
1110110010 0.0613403 -3.14159
1110110011 0.0413208 -3.14159
1110110100 0.0314331 -3.14159
1110110101 0.0570984 0
1110110110 0.0183868 -3.14159
1110110111 0.0189362 -3.14159
1110111000 0.00650024 -3.14159
1110111001 0.0163422 0
1110111010 0.0277557 0
1110111011 0.0123596 0
1110111100 0.0154877 -3.14159
1110111101 0.0279388 -3.14159
1110111110 0.00842285 0
1110111111 0.0136871 0
1111000000 0.0231323 0
1111000001 0.0731201 0
1111000010 0.0275726 0
1111000011 0.00763321 -3.14159
1111000100 0.0162659 0
1111000101 0.0350037 -3.14159
1111000110 0.020462 -3.14159
1111000111 0.000231981 0
1111001000 0.0528564 0
1111001001 0.0225677 0
1111001010 0.00719833 -3.14159
1111001011 0.0255585 -3.14159
1111001100 0.00323486 0
1111001101 0.0825195 0
1111001110 0.0128784 -3.14159
1111001111 0.0128403 0
1111010000 0.0219574 -3.14159
1111010001 0.0152054 -3.14159
1111010010 0.0344849 -3.14159
1111010011 0.0300446 -3.14159
1111010100 0.0107956 -3.14159
1111010101 0.00392151 0
1111010110 0.0566101 0
1111010111 0.037262 0
1111011000 0.0492859 0
1111011001 0.0121765 -3.14159
1111011010 0.0028038 0
1111011011 0.0190887 -3.14159
1111011100 0.00811768 0
1111011101 0.00449753 0
1111011110 0.00539017 0
1111011111 0.0231171 -3.14159
1111100000 0.0929565 0
1111100001 0.0273132 -3.14159
1111100010 0.0171814 -3.14159
1111100011 0.0288239 0
1111100100 0.0683594 -3.14159
1111100101 0.00706863 -3.14159
1111100110 0.0857544 -3.14159
1111100111 0.0334167 -3.14159
1111101000 0.0203705 -3.14159
1111101001 0.0317688 -3.14159
1111101010 0.0580139 -3.14159
1111101011 0.0774536 0
1111101100 0.0634155 0
1111101101 0.00174713 0
1111101110 0.0345764 0
1111101111 0.00246048 -3.14159
1111110000 0.0034008 0
1111110001 0.0253754 0
1111110010 0.0247498 -3.14159
1111110011 0.0108871 -3.14159
1111110100 0.0268402 0
1111110101 0.0150375 0
1111110110 0.0219574 0
1111110111 0.00632858 0
1111111000 0.00138378 -3.14159
1111111001 0.0680542 -3.14159
1111111010 0.0148773 0
1111111011 0.0212402 -3.14159
1111111100 0.0131683 -3.14159
1111111101 0.0455933 0
1111111110 0.00910187 0
1111111111 0.0307312 -3.14159
