0000000000 0.00574112 0
0000000001 0.0488586 0
0000000010 0.0339355 0
0000000011 0.0209351 -3.14159
0000000100 0.0420837 -3.14159
0000000101 0.0179443 0
0000000110 0.0188904 -3.14159
0000000111 0.0334473 -3.14159
0000001000 0.0154419 0
0000001001 0.0150452 0
0000001010 0.00548172 0
0000001011 0.0244141 -3.14159
0000001100 0.009758 0
0000001101 0.0214081 -3.14159
0000001110 0.0218201 0
0000001111 0.00448227 -3.14159
0000010000 0.0229645 0
0000010001 0.00180721 -3.14159
0000010010 0.0367737 -3.14159
0000010011 0.0203094 -3.14159
0000010100 0.0251923 -3.14159
0000010101 0.0375977 -3.14159
0000010110 0.0283051 -3.14159
0000010111 0.0103989 -3.14159
0000011000 0.0390625 -3.14159
0000011001 0.0127106 0
0000011010 0.00516891 0
0000011011 0.0242615 0
0000011100 0.0054245 0
0000011101 0.014595 0
0000011110 0.0631104 -3.14159
0000011111 0.0704956 0
0000100000 0.0684814 -3.14159
0000100001 0.0148773 -3.14159
0000100010 0.064209 -3.14159
0000100011 0.034668 0
0000100100 0.0342102 -3.14159
0000100101 0.0271912 0
0000100110 0.0132294 0
0000100111 0.0180969 0
0000101000 0.0050621 0
0000101001 0.0183411 0
0000101010 0.0323486 -3.14159
0000101011 0.0945435 0
0000101100 0.0115433 0
0000101101 0.0159149 0
0000101110 0.0107574 -3.14159
0000101111 0.0220795 0
0000110000 0.00614929 0
0000110001 0.0104599 -3.14159
0000110010 0.0155869 0
0000110011 0.0172882 0
0000110100 0.0627441 -3.14159
0000110101 0.0124283 0
0000110110 0.0329895 0
0000110111 0.00485611 -3.14159
0000111000 0.00593185 0
0000111001 0.024704 -3.14159
0000111010 0.0171661 -3.14159
0000111011 0.00937653 -3.14159
0000111100 0.0140152 -3.14159
0000111101 0.0404663 0
0000111110 0.0145187 -3.14159
0000111111 0.0207062 -3.14159
0001000000 0.0214233 0
0001000001 0.0256653 -3.14159
0001000010 0.0279083 -3.14159
0001000011 0.0157013 -3.14159
0001000100 0.0154495 -3.14159
0001000101 0.00563049 0
0001000110 0.012085 0
0001000111 0.0301514 -3.14159
0001001000 0.0991211 -3.14159
0001001001 0.00450897 0
0001001010 0.0373535 -3.14159
0001001011 0.0221252 -3.14159
0001001100 0.00674057 -3.14159
0001001101 0.0607605 -3.14159
0001001110 0.0409546 0
0001001111 0.0294952 0
0001010000 0.018631 0
0001010001 0.00347519 -3.14159
0001010010 0.0830688 0
0001010011 0.0145264 0
0001010100 0.00151253 -3.14159
0001010101 0.00558853 0
0001010110 0.0114975 -3.14159
0001010111 0.0397644 -3.14159
0001011000 0.0251465 0
0001011001 0.0226593 0
0001011010 0.00814056 0
0001011011 0.0876465 -3.14159
0001011100 0.0438232 0
0001011101 0.0183563 -3.14159
0001011110 0.0350342 -3.14159
0001011111 0.0256653 -3.14159
0001100000 0.0739136 -3.14159
0001100001 0.0180359 0
0001100010 0.0454712 -3.14159
0001100011 0.00404358 -3.14159
0001100100 0.0208282 0
0001100101 0.00680923 -3.14159
0001100110 0.0160828 -3.14159
0001100111 0.090332 0
0001101000 0.0348511 0
0001101001 0.00772858 -3.14159
0001101010 0.00158691 0
0001101011 0.0378418 -3.14159
0001101100 0.0401306 -3.14159
0001101101 0.0253143 -3.14159
0001101110 0.0464783 0
0001101111 0.0260925 0
0001110000 0.04776 -3.14159
0001110001 0.0154419 0
0001110010 0.036499 -3.14159
0001110011 0.0245819 0
0001110100 0.00685501 -3.14159
0001110101 0.00811005 -3.14159
0001110110 0.0362549 -3.14159
0001110111 0.0249329 -3.14159
0001111000 0.00419998 -3.14159
0001111001 0.0213165 -3.14159
0001111010 0.0240479 0
0001111011 0.02211 0
0001111100 0.0427246 -3.14159
0001111101 0.0431519 0
0001111110 0.0091095 0
0001111111 0.0306396 0
0010000000 0.00502396 0
0010000001 0.014061 0
0010000010 0.00861359 -3.14159
0010000011 0.021286 -3.14159
0010000100 0.0364685 -3.14159
0010000101 0.0328064 -3.14159
0010000110 0.0245209 -3.14159
0010000111 0.0771484 -3.14159
0010001000 0.0199432 -3.14159
0010001001 0.0123825 0
0010001010 0.0080719 0
0010001011 0.0269623 -3.14159
0010001100 0.022644 -3.14159
0010001101 0.0346069 -3.14159
0010001110 0.0179596 0
0010001111 0.0154343 -3.14159
0010010000 0.06427 -3.14159
0010010001 0.0286865 -3.14159
0010010010 0.0118484 -3.14159
0010010011 0.0126572 -3.14159
0010010100 0.037262 -3.14159
0010010101 0.0239105 -3.14159
0010010110 0.00808716 0
0010010111 0.00402832 -3.14159
0010011000 0.026123 0
0010011001 0.0513 -3.14159
0010011010 0.0249176 0
0010011011 0.0401306 0
0010011100 0.033905 0
0010011101 0.0475159 0
0010011110 0.0125504 -3.14159
0010011111 0.0140762 0
0010100000 0.0369873 -3.14159
0010100001 0.0193634 0
0010100010 0.0823975 -3.14159
0010100011 0.0253143 -3.14159
0010100100 0.0183868 -3.14159
0010100101 0.0294647 -3.14159
0010100110 0.0458374 0
0010100111 0.0410461 0
0010101000 0.0283356 0
0010101001 0.00372887 0
0010101010 0.0310822 -3.14159
0010101011 0.0419006 -3.14159
0010101100 0.0523376 -3.14159
0010101101 0.0706177 0
0010101110 0.0215912 -3.14159
0010101111 0.00814056 0
0010110000 0.00174618 -3.14159
0010110001 0.00605392 -3.14159
0010110010 0.0148163 0
0010110011 0.00311852 -3.14159
0010110100 0.0357361 0
0010110101 0.0053215 0
0010110110 0.0279083 0
0010110111 0.000339031 -3.14159
0010111000 0.0121078 0
0010111001 0.0163269 0
0010111010 0.00868988 -3.14159
0010111011 0.0355225 0
0010111100 0.00542068 -3.14159
0010111101 0.0211334 -3.14159
0010111110 0.0352783 0
0010111111 0.00242996 -3.14159
0011000000 0.0311279 -3.14159
0011000001 0.0168915 0
0011000010 0.0416565 0
0011000011 0.0238037 0
0011000100 0.00498962 -3.14159
0011000101 0.0162659 -3.14159
0011000110 0.000900745 0
0011000111 0.0214081 -3.14159
0011001000 0.0449829 0
0011001001 0.00566864 0
0011001010 0.022522 0
0011001011 0.0505676 -3.14159
0011001100 0.00380516 0
0011001101 0.0330505 -3.14159
0011001110 0.0891113 0
0011001111 0.00294113 0
0011010000 0.00870514 -3.14159
0011010001 0.00364113 -3.14159
0011010010 0.00933075 0
0011010011 0.0275574 -3.14159
0011010100 0.00400925 0
0011010101 0.0299835 -3.14159
0011010110 0.00663757 0
0011010111 0.0205994 0
0011011000 0.00994873 0
0011011001 0.00703049 -3.14159
0011011010 0.016098 0
0011011011 0.0176239 -3.14159
0011011100 0.00416946 -3.14159
0011011101 0.0140152 -3.14159
0011011110 0.00474548 0
0011011111 0.0550537 0
0011100000 0.0149078 0
0011100001 0.0218048 -3.14159
0011100010 0.0157471 0
0011100011 0.0224457 -3.14159
0011100100 0.0354614 -3.14159
0011100101 0.00699234 0
0011100110 0.0232849 0
0011100111 0.0401001 0
0011101000 0.0454407 -3.14159
0011101001 0.00649643 0
0011101010 0.0223389 0
0011101011 0.0240936 0
0011101100 0.0240936 -3.14159
0011101101 0.0252228 0
0011101110 0.0541077 -3.14159
0011101111 0.0195007 -3.14159
0011110000 0.0290375 -3.14159
0011110001 0.0333862 0
0011110010 0.0341187 0
0011110011 0.0323792 0
0011110100 0.0225372 -3.14159
0011110101 0.0446777 0
0011110110 0.0200653 -3.14159
0011110111 0.0279541 0
0011111000 0.00154972 -3.14159
0011111001 0.0534668 -3.14159
0011111010 0.00611877 0
0011111011 0.0539551 -3.14159
0011111100 0.02034 -3.14159
0011111101 0.0137253 -3.14159
0011111110 0.0317993 0
0011111111 0.00107956 -3.14159
0100000000 0.0062294 -3.14159
0100000001 0.0137787 -3.14159
0100000010 0.0285797 -3.14159
0100000011 0.0115891 0
0100000100 0.0773926 -3.14159
0100000101 0.0222778 0
0100000110 0.0279846 0
0100000111 0.037262 -3.14159
0100001000 0.0259094 0
0100001001 0.00178337 -3.14159
0100001010 0.0137482 0
0100001011 0.0183563 -3.14159
0100001100 0.001091 0
0100001101 0.0526733 -3.14159
0100001110 0.0182343 0
0100001111 0.00304031 0
0100010000 0.0326538 0
0100010001 0.0696411 -3.14159
0100010010 0.0129242 0
0100010011 0.0275879 -3.14159
0100010100 0.0980835 -3.14159
0100010101 0.0354004 -3.14159
0100010110 0.0276031 0
0100010111 0.0534058 -3.14159
0100011000 0.0508423 -3.14159
0100011001 0.0321655 0
0100011010 0.00891113 -3.14159
0100011011 0.0121689 0
0100011100 0.00295258 -3.14159
0100011101 0.0114517 -3.14159
0100011110 0.0162811 0
0100011111 0.0103607 0
0100100000 0.0147781 0
0100100001 0.074707 0
0100100010 0.00804901 -3.14159
0100100011 0.0411377 0
0100100100 0.00605774 0
0100100101 0.0204773 -3.14159
0100100110 0.0863037 0
0100100111 0.0248566 -3.14159
0100101000 0.0382996 0
0100101001 0.0531006 -3.14159
0100101010 0.00380516 0
0100101011 0.044281 0
0100101100 0.0314941 -3.14159
0100101101 0.00094986 -3.14159
0100101110 0.0210571 -3.14159
0100101111 0.0402832 0
0100110000 0.0375671 0
0100110001 0.00799561 0
0100110010 0.0028038 -3.14159
0100110011 0.0662842 -3.14159
0100110100 0.0419617 0
0100110101 0.0314331 0
0100110110 0.0141678 -3.14159
0100110111 0.0151672 0
0100111000 0.0202332 0
0100111001 0.00924683 0
0100111010 0.00256348 0
0100111011 0.00813293 0
0100111100 0.0161591 -3.14159
0100111101 0.0330811 0
0100111110 0.00944519 0
0100111111 0.00617599 -3.14159
0101000000 0.00423431 0
0101000001 0.0274963 -3.14159
0101000010 0.0543518 -3.14159
0101000011 0.029892 -3.14159
0101000100 0.00561142 -3.14159
0101000101 0.0546875 0
0101000110 0.0237274 -3.14159
0101000111 0.0254059 0
0101001000 0.0395813 -3.14159
0101001001 0.0453186 -3.14159
0101001010 0.0059433 0
0101001011 0.0115967 0
0101001100 0.0106354 -3.14159
0101001101 0.00409698 -3.14159
0101001110 0.00114155 0
0101001111 0.0225677 0
0101010000 0.00799561 -3.14159
0101010001 0.0337219 0
0101010010 0.0192871 -3.14159
0101010011 0.0177002 -3.14159
0101010100 0.0356445 -3.14159
0101010101 0.0264587 0
0101010110 0.0242615 -3.14159
0101010111 0.0205994 0
0101011000 0.0219421 0
0101011001 0.0218353 0
0101011010 0.0151672 -3.14159
0101011011 0.0162506 -3.14159
0101011100 0.00861359 0
0101011101 0.00979614 0
0101011110 0.0229034 -3.14159
0101011111 0.00782776 -3.14159
0101100000 0.0486755 -3.14159
0101100001 0.0183258 -3.14159
0101100010 0.02565 0
0101100011 0.036499 -3.14159
0101100100 0.0248413 -3.14159
0101100101 0.0014143 0
0101100110 0.0387268 -3.14159
0101100111 0.0144806 0
0101101000 0.0317383 0
0101101001 0.00094223 0
0101101010 0.0536499 -3.14159
0101101011 0.00155735 -3.14159
0101101100 0.0252075 0
0101101101 0.0311279 0
0101101110 0.0420532 -3.14159
0101101111 0.0429688 -3.14159
0101110000 0.0280304 0
0101110001 0.0325317 -3.14159
0101110010 0.0445862 -3.14159
0101110011 0.0136337 0
0101110100 0.00447845 -3.14159
0101110101 0.0184784 -3.14159
0101110110 0.0369873 -3.14159
0101110111 0.0209503 0
0101111000 0.0106506 0
0101111001 0.0131226 0
0101111010 0.0139847 -3.14159
0101111011 0.00170422 -3.14159
0101111100 0.0206146 0
0101111101 0.00824738 -3.14159
0101111110 0.0113907 0
0101111111 0.043335 0
0110000000 0.0296326 -3.14159
0110000001 0.0610657 -3.14159
0110000010 0.00650024 -3.14159
0110000011 0.0285645 0
0110000100 0.00845337 -3.14159
0110000101 0.00953674 -3.14159
0110000110 0.0120392 0
0110000111 0.0359802 -3.14159
0110001000 0.00279617 -3.14159
0110001001 0.0168915 0
0110001010 0.0258484 0
0110001011 0.0369568 -3.14159
0110001100 0.0210571 0
0110001101 0.0418701 -3.14159
0110001110 0.0242004 0
0110001111 0.0056839 -3.14159
0110010000 0.046814 0
0110010001 0.0326233 -3.14159
0110010010 0.0563354 0
0110010011 0.0288849 0
0110010100 0.0208435 0
0110010101 0.0577393 -3.14159
0110010110 0.043457 0
0110010111 0.0340271 0
0110011000 0.0127945 -3.14159
0110011001 0.0801392 -3.14159
0110011010 0.00506592 0
0110011011 0.0130768 -3.14159
0110011100 0.019455 0
0110011101 0.0271759 -3.14159
0110011110 0.00513458 0
0110011111 0.0469055 0
0110100000 0.0326538 0
0110100001 0.00737381 -3.14159
0110100010 0.00255966 0
0110100011 0.00488663 -3.14159
0110100100 0.0017767 0
0110100101 0.047699 0
0110100110 0.0170288 -3.14159
0110100111 0.0558167 0
0110101000 0.0161743 -3.14159
0110101001 0.0219421 0
0110101010 0.0259094 0
0110101011 0.0246124 0
0110101100 0.0452576 -3.14159
0110101101 0.00884247 0
0110101110 0.024353 0
0110101111 0.0130615 -3.14159
0110110000 0.00656509 0
0110110001 0.0430298 0
0110110010 0.0169983 0
0110110011 0.0248413 0
0110110100 0.00496292 -3.14159
0110110101 0.0417175 0
0110110110 0.0354614 0
0110110111 0.032135 -3.14159
0110111000 0.0385132 -3.14159
0110111001 0.0282898 0
0110111010 0.00791931 -3.14159
0110111011 0.0819702 0
0110111100 0.0290222 -3.14159
0110111101 0.0509033 -3.14159
0110111110 0.0140991 0
0110111111 0.0211334 -3.14159
0111000000 0.00115395 0
0111000001 0.00129223 0
0111000010 0.0115356 0
0111000011 0.0261078 -3.14159
0111000100 0.0115585 -3.14159
0111000101 0.0270691 -3.14159
0111000110 0.0125351 -3.14159
0111000111 0.0533142 -3.14159
0111001000 0.0295105 0
0111001001 0.0258942 -3.14159
0111001010 0.0190125 0
0111001011 0.0111465 0
0111001100 0.0138626 -3.14159
0111001101 0.0360718 -3.14159
0111001110 0.0413513 0
0111001111 0.0112915 -3.14159
0111010000 0.00653839 0
0111010001 0.00873566 0
0111010010 0.0558167 0
0111010011 0.0382996 0
0111010100 0.00696564 0
0111010101 0.00779724 0
0111010110 0.0479736 0
0111010111 0.0193329 0
0111011000 0.00161839 0
0111011001 0.00772476 -3.14159
0111011010 0.00372696 0
0111011011 0.00281525 -3.14159
0111011100 0.0064888 0
0111011101 0.00277328 0
0111011110 0.0496521 -3.14159
0111011111 0.0017252 0
0111100000 0.0301056 0
0111100001 0.00662994 0
0111100010 0.00568008 0
0111100011 0.0226746 -3.14159
0111100100 0.0143051 -3.14159
0111100101 0.00946045 0
0111100110 0.0248566 -3.14159
0111100111 0.00506592 0
0111101000 0.054718 -3.14159
0111101001 0.0120697 0
0111101010 0.00335121 -3.14159
0111101011 0.00137806 0
0111101100 0.0272827 -3.14159
0111101101 0.0635986 -3.14159
0111101110 0.0203094 0
0111101111 0.0116348 0
0111110000 0.0107574 0
0111110001 0.00117588 -3.14159
0111110010 0.0366516 -3.14159
0111110011 0.0251007 -3.14159
0111110100 0.0539856 -3.14159
0111110101 0.0348206 -3.14159
0111110110 0.00506592 0
0111110111 0.0189209 -3.14159
0111111000 0.000887394 0
0111111001 0.0431519 0
0111111010 0.0587463 -3.14159
0111111011 0.0351868 -3.14159
0111111100 0.0306091 -3.14159
0111111101 0.0077095 0
0111111110 0.0223083 -3.14159
0111111111 0.0203094 0
1000000000 0.0068512 -3.14159
1000000001 0.0259399 -3.14159
1000000010 0.00241089 -3.14159
1000000011 0.0296478 0
1000000100 0.0101471 0
1000000101 0.0337524 -3.14159
1000000110 0.00919342 -3.14159
1000000111 0.00808716 0
1000001000 0.0309601 -3.14159
1000001001 0.0498657 0
1000001010 0.0148849 -3.14159
1000001011 0.00886536 0
1000001100 0.040802 -3.14159
1000001101 0.0205688 -3.14159
1000001110 0.0303955 0
1000001111 0.0119095 -3.14159
1000010000 0.00289917 0
1000010001 0.00356293 0
1000010010 0.0318909 -3.14159
1000010011 0.00246239 0
1000010100 0.0391235 0
1000010101 0.0141983 -3.14159
1000010110 0.0263367 0
1000010111 0.0160065 0
1000011000 0.0483398 0
1000011001 0.0701904 -3.14159
1000011010 0.014061 0
1000011011 0.00917816 0
1000011100 0.0256348 0
1000011101 0.041748 0
1000011110 0.0134888 0
1000011111 0.0117569 -3.14159
1000100000 0.0252838 -3.14159
1000100001 0.0187988 0
1000100010 0.00221825 0
1000100011 0.040863 0
1000100100 0.0267944 -3.14159
1000100101 0.0406799 -3.14159
1000100110 0.0297546 -3.14159
1000100111 0.0231171 -3.14159
1000101000 0.00400925 0
1000101001 0.0124207 -3.14159
1000101010 0.0176086 0
1000101011 0.0361633 0
1000101100 0.0098114 -3.14159
1000101101 0.051178 -3.14159
1000101110 0.036377 -3.14159
1000101111 0.0113297 -3.14159
1000110000 0.00349808 0
1000110001 0.00539017 -3.14159
1000110010 0.0142975 0
1000110011 0.014328 -3.14159
1000110100 0.018219 -3.14159
1000110101 0.0222931 0
1000110110 0.0194092 0
1000110111 0.029892 0
1000111000 0.0570068 -3.14159
1000111001 0.0239868 0
1000111010 0.00703812 -3.14159
1000111011 0.013855 0
1000111100 0.0343628 0
1000111101 0.00748444 0
1000111110 0.030014 0
1000111111 0.0192108 0
1001000000 0.00977325 -3.14159
1001000001 0.0102692 -3.14159
1001000010 0.00777054 -3.14159
1001000011 0.00290489 -3.14159
1001000100 0.016983 -3.14159
1001000101 0.0153427 0
1001000110 0.0267487 -3.14159
1001000111 0.0435181 -3.14159
1001001000 0.0483093 0
1001001001 0.0254974 -3.14159
1001001010 0.016861 -3.14159
1001001011 0.00810242 0
1001001100 0.0204773 0
1001001101 0.00957489 -3.14159
1001001110 0.0270233 0
1001001111 0.0461426 -3.14159
1001010000 0.049408 0
1001010001 0.0218506 0
1001010010 0.069458 -3.14159
1001010011 0.0444031 -3.14159
1001010100 0.0119858 0
1001010101 0.0149002 -3.14159
1001010110 0.00258255 0
1001010111 0.0433655 0
1001011000 0.0509033 -3.14159
1001011001 0.00814819 0
1001011010 0.007061 0
1001011011 0.0019722 0
1001011100 0.0189056 -3.14159
1001011101 0.0296173 0
1001011110 0.0301208 0
1001011111 0.00231934 -3.14159
1001100000 0.0119705 -3.14159
1001100001 0.0145187 0
1001100010 0.00750351 0
1001100011 0.00492477 -3.14159
1001100100 0.0321045 -3.14159
1001100101 0.0106583 0
1001100110 0.00545883 -3.14159
1001100111 0.0852661 0
1001101000 0.0417175 0
1001101001 0.013855 -3.14159
1001101010 0.02565 0
1001101011 0.00160694 -3.14159
1001101100 0.000745296 0
1001101101 0.0565186 0
1001101110 0.0278625 0
1001101111 0.0651245 0
1001110000 0.0297089 0
1001110001 0.0421143 -3.14159
1001110010 0.00706482 0
1001110011 0.00302505 -3.14159
1001110100 0.0278168 -3.14159
1001110101 0.0225677 0
1001110110 0.0630493 0
1001110111 0.0127563 -3.14159
1001111000 0.0309906 0
1001111001 0.0270081 -3.14159
1001111010 0.0312805 0
1001111011 0.034668 -3.14159
1001111100 0.00347137 0
1001111101 0.0104218 -3.14159
1001111110 0.0354309 -3.14159
1001111111 0.0232697 -3.14159
1010000000 0.00768661 -3.14159
1010000001 0.0174713 -3.14159
1010000010 0.0230713 -3.14159
1010000011 0.0311279 -3.14159
1010000100 0.00429916 0
1010000101 0.0524902 0
1010000110 0.0314636 0
1010000111 0.0394897 -3.14159
1010001000 0.0172577 -3.14159
1010001001 0.0847778 0
1010001010 0.0390015 -3.14159
1010001011 0.0258484 0
1010001100 0.0220184 0
1010001101 0.0180511 0
1010001110 0.00883484 -3.14159
1010001111 0.00255203 0
1010010000 0.0401306 0
1010010001 0.036438 -3.14159
1010010010 0.00804138 -3.14159
1010010011 0.00708771 0
1010010100 0.0218353 -3.14159
1010010101 0.0121613 -3.14159
1010010110 0.0193329 -3.14159
1010010111 0.00836945 0
1010011000 0.0136719 0
1010011001 0.0801392 0
1010011010 0.00447083 0
1010011011 0.00426865 0
1010011100 0.0119705 -3.14159
1010011101 0.0232697 0
1010011110 0.0112305 0
1010011111 0.00774765 0
1010100000 0.0214691 -3.14159
1010100001 0.0108032 0
1010100010 0.018219 -3.14159
1010100011 0.0287781 -3.14159
1010100100 0.0388489 -3.14159
1010100101 0.034729 0
1010100110 0.011879 0
1010100111 0.0218201 0
1010101000 0.0372009 -3.14159
1010101001 0.00743866 0
1010101010 0.0126343 0
1010101011 0.10083 0
1010101100 0.0125351 0
1010101101 0.00105476 -3.14159
1010101110 0.0115585 -3.14159
1010101111 0.0366211 -3.14159
1010110000 0.06604 0
1010110001 0.0500793 -3.14159
1010110010 0.0245209 -3.14159
1010110011 0.0176849 0
1010110100 0.000834465 0
1010110101 0.0152817 0
1010110110 0.00561142 -3.14159
1010110111 0.0085907 0
1010111000 0.00488663 0
1010111001 0.0187378 0
1010111010 0.0393982 -3.14159
1010111011 0.0194092 0
1010111100 0.0256042 -3.14159
1010111101 0.0206146 0
1010111110 0.0525208 -3.14159
1010111111 0.0461121 -3.14159
1011000000 0.00728607 0
1011000001 0.00911713 -3.14159
1011000010 0.0177917 0
1011000011 0.00703812 -3.14159
1011000100 0.0397644 0
1011000101 0.0429993 0
1011000110 0.0335999 -3.14159
1011000111 0.00708008 -3.14159
1011001000 0.0657959 -3.14159
1011001001 0.000715256 -3.14159
1011001010 0.00146484 -3.14159
1011001011 0.0141983 0
1011001100 0.00536346 0
1011001101 0.0248413 0
1011001110 0.0162354 -3.14159
1011001111 0.0263519 -3.14159
1011010000 0.0039978 0
1011010001 0.0488281 -3.14159
1011010010 0.00569534 0
1011010011 0.0172424 -3.14159
1011010100 0.00154877 0
1011010101 0.06073 -3.14159
1011010110 0.011528 -3.14159
1011010111 0.0522461 -3.14159
1011011000 0.00216675 -3.14159
1011011001 0.0270233 0
1011011010 0.0197906 -3.14159
1011011011 0.00686646 -3.14159
1011011100 0.0241547 -3.14159
1011011101 0.0281677 0
1011011110 0.0440063 -3.14159
1011011111 0.0280609 -3.14159
1011100000 0.00617218 0
1011100001 0.00355339 0
1011100010 0.0053215 0
1011100011 0.0580444 0
1011100100 0.0648804 0
1011100101 0.0178375 0
1011100110 0.0124664 0
1011100111 0.0247803 0
1011101000 0.0431519 0
1011101001 0.0316162 -3.14159
1011101010 0.00340652 -3.14159
1011101011 0.00315475 -3.14159
1011101100 0.0270233 0
1011101101 0.00723648 -3.14159
1011101110 0.0490417 0
1011101111 0.105225 0
1011110000 0.00139332 0
1011110001 0.0126877 -3.14159
1011110010 0.00652695 0
1011110011 0.00163651 -3.14159
1011110100 0.00408554 -3.14159
1011110101 0.0265503 0
1011110110 0.0626221 -3.14159
1011110111 0.0350037 -3.14159
1011111000 0.0345764 0
1011111001 0.0392456 -3.14159
1011111010 0.013504 0
1011111011 0.00575256 -3.14159
1011111100 0.0708008 0
1011111101 0.029953 0
1011111110 0.0613098 0
1011111111 0.0147858 0
1100000000 0.0173187 -3.14159
1100000001 0.0361633 0
1100000010 0.0108032 -3.14159
1100000011 0.00829315 -3.14159
1100000100 0.0185242 -3.14159
1100000101 0.0064888 0
1100000110 0.0111542 0
1100000111 0.0271912 0
1100001000 0.00459671 -3.14159
1100001001 0.0121155 -3.14159
1100001010 0.00990295 0
1100001011 0.000607014 0
1100001100 0.00562286 0
1100001101 0.00251198 -3.14159
1100001110 0.0180969 0
1100001111 0.0111389 0
1100010000 0.071167 0
1100010001 0.0188446 0
1100010010 0.00200272 0
1100010011 0.0552063 -3.14159
1100010100 0.000175595 -3.14159
1100010101 0.0470581 -3.14159
1100010110 0.0143814 -3.14159
1100010111 0.0513 0
1100011000 0.0476074 -3.14159
1100011001 0.00683975 -3.14159
1100011010 0.00106239 -3.14159
1100011011 0.00853729 0
1100011100 0.00970459 -3.14159
1100011101 0.0194092 0
1100011110 0.00946808 -3.14159
1100011111 0.0184326 -3.14159
1100100000 0.0166168 0
1100100001 0.0401611 -3.14159
1100100010 0.0263824 0
1100100011 0.00152016 0
1100100100 0.0249481 0
1100100101 0.0523987 -3.14159
1100100110 0.0131302 0
1100100111 0.00236511 -3.14159
1100101000 0.0357666 -3.14159
1100101001 0.0313721 0
1100101010 0.026535 0
1100101011 0.0551147 0
1100101100 0.0449524 -3.14159
1100101101 0.0314636 -3.14159
1100101110 0.0778198 0
1100101111 0.00788116 -3.14159
1100110000 0.0164337 0
1100110001 0.00824738 -3.14159
1100110010 0.053833 0
1100110011 0.0289612 -3.14159
1100110100 0.00479889 0
1100110101 0.00698471 -3.14159
1100110110 0.050354 0
1100110111 0.000644684 0
1100111000 0.0288849 -3.14159
1100111001 0.0192566 0
1100111010 0.0138931 -3.14159
1100111011 0.050293 -3.14159
1100111100 0.0350952 -3.14159
1100111101 0.0312347 -3.14159
1100111110 0.0190735 -3.14159
1100111111 0.0348206 -3.14159
1101000000 0.0801392 0
1101000001 0.0192108 -3.14159
1101000010 0.0163116 -3.14159
1101000011 0.0252838 -3.14159
1101000100 0.0390015 0
1101000101 0.0507812 0
1101000110 0.0292816 0
1101000111 0.0149155 -3.14159
1101001000 0.0661011 0
1101001001 0.00461197 0
1101001010 0.00158691 0
1101001011 0.0152435 0
1101001100 0.00551987 0
1101001101 0.0238495 0
1101001110 0.00655365 -3.14159
1101001111 0.00852966 0
1101010000 0.00770569 -3.14159
1101010001 0.00593948 -3.14159
1101010010 0.00776291 0
1101010011 0.0606689 0
1101010100 0.000982285 -3.14159
1101010101 0.0116119 0
1101010110 0.0069313 0
1101010111 0.0344543 0
1101011000 0.00244141 -3.14159
1101011001 0.019989 0
1101011010 0.0241394 0
1101011011 0.00554657 -3.14159
1101011100 0.0140381 0
1101011101 0.0213318 0
1101011110 0.0223694 -3.14159
1101011111 0.0484314 -3.14159
1101100000 0.0100708 0
1101100001 0.00627899 -3.14159
1101100010 0.0292206 -3.14159
1101100011 0.0186768 0
1101100100 0.0371094 -3.14159
1101100101 0.0316772 -3.14159
1101100110 0.0208282 -3.14159
1101100111 0.0158844 0
1101101000 0.0255432 0
1101101001 0.0252838 0
1101101010 0.016861 0
1101101011 0.00782776 0
1101101100 0.0281219 -3.14159
1101101101 0.0149231 0
1101101110 0.0316162 0
1101101111 0.0405884 -3.14159
1101110000 0.02771 -3.14159
1101110001 0.0467529 0
1101110010 0.0165405 -3.14159
1101110011 0.0479736 -3.14159
1101110100 0.00605392 -3.14159
1101110101 0.0175629 0
1101110110 0.0244751 -3.14159
1101110111 0.0357361 -3.14159
1101111000 0.0626831 -3.14159
1101111001 0.00163651 0
1101111010 0.00288582 0
1101111011 0.0170593 -3.14159
1101111100 0.0265656 0
1101111101 0.0351562 -3.14159
1101111110 0.0258179 0
1101111111 0.0242157 -3.14159
1110000000 0.00209427 -3.14159
1110000001 0.00609589 0
1110000010 0.067749 0
1110000011 0.0286102 -3.14159
1110000100 0.0195923 -3.14159
1110000101 0.0256653 0
1110000110 0.0282135 -3.14159
1110000111 0.0435486 0
1110001000 0.00139141 0
1110001001 0.0100174 0
1110001010 0.00827026 0
1110001011 0.0179749 0
1110001100 0.0229645 -3.14159
1110001101 0.0620728 0
1110001110 0.0195007 0
1110001111 0.0334473 0
1110010000 0.0132446 -3.14159
1110010001 0.0183868 0
1110010010 0.00141144 -3.14159
1110010011 0.0405273 0
1110010100 0.0290375 -3.14159
1110010101 0.0414429 -3.14159
1110010110 0.0455017 0
1110010111 0.0323486 -3.14159
1110011000 0.00788879 0
1110011001 0.0119476 -3.14159
1110011010 0.0110474 0
1110011011 0.039032 -3.14159
1110011100 0.0341492 0
1110011101 0.0148773 -3.14159
1110011110 0.00413895 -3.14159
1110011111 0.0715332 0
1110100000 0.0259399 0
1110100001 0.00100613 -3.14159
1110100010 0.0466919 -3.14159
1110100011 0.000859737 -3.14159
1110100100 0.00559616 0
1110100101 0.0430298 0
1110100110 0.0433044 -3.14159
1110100111 0.0169678 0
1110101000 0.0106201 -3.14159
1110101001 0.0274353 0
1110101010 0.0267487 0
1110101011 0.0156097 0
1110101100 0.0289154 0
1110101101 0.00367546 -3.14159
1110101110 0.0193634 0
1110101111 0.00689697 0
1110110000 0.038147 0
1110110001 0.0160828 -3.14159
1110110010 0.0236969 -3.14159
1110110011 0.067688 -3.14159
1110110100 0.00198174 -3.14159
1110110101 0.0761108 -3.14159
1110110110 0.0392151 0
1110110111 0.0301666 -3.14159
1110111000 0.0267487 -3.14159
1110111001 0.109497 -3.14159
1110111010 0.0458069 -3.14159
1110111011 0.0305939 0
1110111100 0.0340576 -3.14159
1110111101 0.0184937 0
1110111110 0.00219536 -3.14159
1110111111 0.0371704 -3.14159
1111000000 0.0323486 0
1111000001 0.0577087 -3.14159
1111000010 0.0548096 0
1111000011 0.00572968 -3.14159
1111000100 0.0403748 -3.14159
1111000101 0.00885773 -3.14159
1111000110 0.0383606 0
1111000111 0.0144653 -3.14159
1111001000 0.0135498 -3.14159
1111001001 0.0447693 -3.14159
1111001010 0.00421906 0
1111001011 0.0243835 0
1111001100 0.0240326 -3.14159
1111001101 0.0163574 -3.14159
1111001110 0.00942993 0
1111001111 0.0973511 0
1111010000 0.00204659 0
1111010001 0.0387268 -3.14159
1111010010 0.00335503 -3.14159
1111010011 0.0108871 0
1111010100 0.0147781 0
1111010101 0.000267506 0
1111010110 0.012413 0
1111010111 0.0103607 0
1111011000 0.0254822 0
1111011001 0.00800323 -3.14159
1111011010 0.0432739 -3.14159
1111011011 0.0247345 0
1111011100 0.00767517 0
1111011101 0.0144577 -3.14159
1111011110 0.0150604 -3.14159
1111011111 0.0136185 -3.14159
1111100000 0.0287781 0
1111100001 0.0102386 -3.14159
1111100010 0.00791168 -3.14159
1111100011 0.0664673 -3.14159
1111100100 0.00543594 0
1111100101 0.0281525 -3.14159
1111100110 0.0568237 0
1111100111 0.00187874 0
1111101000 0.0119934 0
1111101001 0.0069046 0
1111101010 0.0577698 -3.14159
1111101011 0.04953 -3.14159
1111101100 0.0765991 0
1111101101 0.0498657 -3.14159
1111101110 0.0509033 0
1111101111 0.0500183 0
1111110000 0.0368652 -3.14159
1111110001 0.0606689 0
1111110010 0.00497818 0
1111110011 0.0343323 -3.14159
1111110100 0.0497742 -3.14159
1111110101 0.0474548 0
1111110110 0.0485229 -3.14159
1111110111 0.0282288 0
1111111000 0.0666504 -3.14159
1111111001 0.0322571 -3.14159
1111111010 0.0276642 -3.14159
1111111011 0.00878906 -3.14159
1111111100 0.021286 0
1111111101 0.0189972 0
1111111110 0.0444336 0
1111111111 0.0200806 0
