0000000000 0.0240936 0
0000000001 0.046051 0
0000000010 0.00744247 0
0000000011 0.0106506 0
0000000100 0.0118561 0
0000000101 0.0214691 0
0000000110 0.0426636 -3.14159
0000000111 0.0261688 -3.14159
0000001000 0.00756454 0
0000001001 0.0108643 -3.14159
0000001010 0.021225 -3.14159
0000001011 1.90735e-05 -3.14159
0000001100 0.0461426 -3.14159
0000001101 0.00996399 0
0000001110 0.0136719 -3.14159
0000001111 0.0372314 0
0000010000 0.000664234 0
0000010001 0.00804138 -3.14159
0000010010 0.034729 -3.14159
0000010011 0.0275116 -3.14159
0000010100 0.034668 -3.14159
0000010101 0.0237427 0
0000010110 0.000997543 -3.14159
0000010111 0.017807 0
0000011000 0.048645 0
0000011001 0.0414124 -3.14159
0000011010 0.0126724 -3.14159
0000011011 0.0525208 -3.14159
0000011100 0.0193024 -3.14159
0000011101 0.012558 -3.14159
0000011110 0.0309448 0
0000011111 0.0144501 -3.14159
0000100000 0.0820312 -3.14159
0000100001 0.00719833 -3.14159
0000100010 0.0652466 -3.14159
0000100011 0.0527039 -3.14159
0000100100 0.0274048 0
0000100101 0.00161171 -3.14159
0000100110 0.0240326 -3.14159
0000100111 0.0201111 -3.14159
0000101000 0.0024929 -3.14159
0000101001 0.0245361 -3.14159
0000101010 0.0362549 -3.14159
0000101011 0.00783539 -3.14159
0000101100 0.052002 -3.14159
0000101101 0.0248108 0
0000101110 0.01651 -3.14159
0000101111 0.00061512 0
0000110000 0.0352783 0
0000110001 0.0497742 -3.14159
0000110010 0.0629883 -3.14159
0000110011 0.00808716 -3.14159
0000110100 0.0307617 -3.14159
0000110101 0.00440216 -3.14159
0000110110 0.00734329 0
0000110111 0.0424194 0
0000111000 0.0480652 -3.14159
0000111001 0.0360718 -3.14159
0000111010 0.0123672 -3.14159
0000111011 0.012291 -3.14159
0000111100 0.0315857 0
0000111101 0.0130157 0
0000111110 0.0114212 0
0000111111 0.00893402 0
0001000000 0.0687256 0
0001000001 0.0181427 0
0001000010 0.00641251 -3.14159
0001000011 0.0293274 0
0001000100 0.0250397 -3.14159
0001000101 0.0372314 -3.14159
0001000110 0.0390015 -3.14159
0001000111 0.0227509 0
0001001000 0.0292969 -3.14159
0001001001 0.00511932 0
0001001010 0.0132141 0
0001001011 0.0172729 -3.14159
0001001100 0.0301514 -3.14159
0001001101 0.00928497 0
0001001110 0.0128632 0
0001001111 0.00102901 -3.14159
0001010000 0.00962067 -3.14159
0001010001 0.0519409 -3.14159
0001010010 0.032959 -3.14159
0001010011 0.00161648 -3.14159
0001010100 0.0267944 0
0001010101 0.01017 -3.14159
0001010110 0.0092926 0
0001010111 0.00144863 -3.14159
0001011000 0.020462 -3.14159
0001011001 0.0316772 0
0001011010 0.00708389 0
0001011011 0.00593567 0
0001011100 0.0611877 0
0001011101 0.0406799 -3.14159
0001011110 0.0326538 -3.14159
0001011111 0.0522766 0
0001100000 0.000325918 -3.14159
0001100001 0.0224762 -3.14159
0001100010 0.0605774 -3.14159
0001100011 0.0149994 -3.14159
0001100100 0.0530701 -3.14159
0001100101 0.0180359 0
0001100110 0.0214081 -3.14159
0001100111 0.0511169 0
0001101000 0.0244293 -3.14159
0001101001 0.0845947 0
0001101010 0.0207672 -3.14159
0001101011 0.000308752 0
0001101100 0.00559616 0
0001101101 0.0403748 -3.14159
0001101110 0.00415421 -3.14159
0001101111 0.00659943 0
0001110000 0.0332031 -3.14159
0001110001 0.0196381 -3.14159
0001110010 0.0311432 -3.14159
0001110011 0.0269928 0
0001110100 0.0207367 -3.14159
0001110101 0.00455093 0
0001110110 0.00266647 0
0001110111 0.0172729 -3.14159
0001111000 0.0536194 -3.14159
0001111001 0.00379562 0
0001111010 0.0336914 -3.14159
0001111011 0.00831604 0
0001111100 0.0348816 -3.14159
0001111101 0.0292358 0
0001111110 0.00372887 0
0001111111 0.00442123 -3.14159
0010000000 0.0422668 0
0010000001 0.0296021 -3.14159
0010000010 0.0222473 0
0010000011 0.038147 -3.14159
0010000100 0.00952148 0
0010000101 0.00491714 -3.14159
0010000110 0.0430603 0
0010000111 0.0187225 0
0010001000 0.0267029 -3.14159
0010001001 0.00428009 0
0010001010 0.00414276 0
0010001011 0.00249863 -3.14159
0010001100 0.000143051 0
0010001101 0.0159454 0
0010001110 0.0454102 0
0010001111 0.011116 -3.14159
0010010000 0.0169067 -3.14159
0010010001 0.0274658 -3.14159
0010010010 0.0162048 0
0010010011 0.0219727 -3.14159
0010010100 0.0360413 -3.14159
0010010101 0.00896454 0
0010010110 0.0110321 -3.14159
0010010111 0.037262 0
0010011000 0.01548 -3.14159
0010011001 0.0128021 -3.14159
0010011010 0.00669861 0
0010011011 0.00947571 0
0010011100 0.00273132 -3.14159
0010011101 0.0354614 0
0010011110 0.0334778 -3.14159
0010011111 0.0135727 0
0010100000 0.0325012 0
0010100001 0.00513458 -3.14159
0010100010 0.00619507 -3.14159
0010100011 0.00187016 0
0010100100 0.00997162 0
0010100101 0.0221405 -3.14159
0010100110 0.00268936 0
0010100111 0.018631 0
0010101000 0.0173187 0
0010101001 0.0221863 0
0010101010 0.000210524 0
0010101011 0.0360107 0
0010101100 0.00155544 0
0010101101 0.0179138 0
0010101110 0.00566101 0
0010101111 0.00591278 0
0010110000 0.00464249 0
0010110001 0.0552979 -3.14159
0010110010 0.0358582 -3.14159
0010110011 0.049469 0
0010110100 0.0287781 0
0010110101 0.0127182 -3.14159
0010110110 0.00159359 0
0010110111 0.0164185 -3.14159
0010111000 0.00344849 -3.14159
0010111001 0.021347 -3.14159
0010111010 0.00519943 0
0010111011 0.0261383 0
0010111100 0.0455322 0
0010111101 0.0489502 -3.14159
0010111110 0.0211334 0
0010111111 0.0574036 -3.14159
0011000000 0.0776978 0
0011000001 0.0368347 0
0011000010 0.0139923 0
0011000011 0.0144958 0
0011000100 0.00588226 -3.14159
0011000101 0.00704575 -3.14159
0011000110 0.03302 0
0011000111 0.0022831 -3.14159
0011001000 0.025238 0
0011001001 0.0181732 -3.14159
0011001010 0.0221558 0
0011001011 0.000543594 0
0011001100 0.0276184 -3.14159
0011001101 0.0157318 -3.14159
0011001110 9.91225e-05 0
0011001111 0.0100632 0
0011010000 0.0103378 0
0011010001 0.00388527 0
0011010010 0.0267487 0
0011010011 0.0139847 0
0011010100 0.00479507 -3.14159
0011010101 0.0339355 -3.14159
0011010110 0.0465088 -3.14159
0011010111 0.0447388 0
0011011000 0.0328979 -3.14159
0011011001 0.0306549 0
0011011010 0.0146637 0
0011011011 0.0119171 0
0011011100 0.0112076 0
0011011101 0.0306244 -3.14159
0011011110 0.0505066 -3.14159
0011011111 0.022583 0
0011100000 0.0315247 0
0011100001 0.0337219 0
0011100010 0.00681686 -3.14159
0011100011 0.035675 -3.14159
0011100100 0.032959 0
0011100101 0.041687 0
0011100110 0.0090332 -3.14159
0011100111 0.0171356 -3.14159
0011101000 0.0544739 -3.14159
0011101001 0.0014677 0
0011101010 0.0618896 -3.14159
0011101011 0.010437 -3.14159
0011101100 0.0288086 -3.14159
0011101101 0.00995636 -3.14159
0011101110 0.00349808 0
0011101111 0.0456848 0
0011110000 0.0172424 0
0011110001 0.0184784 -3.14159
0011110010 0.0279388 0
0011110011 0.0797119 -3.14159
0011110100 0.00479126 0
0011110101 0.0085907 -3.14159
0011110110 0.0380554 0
0011110111 0.00296783 -3.14159
0011111000 0.0911865 0
0011111001 0.0277405 0
0011111010 0.0173187 0
0011111011 0.00139618 0
0011111100 0.00168324 -3.14159
0011111101 0.0279236 -3.14159
0011111110 0.0147171 0
0011111111 0.0217285 0
0100000000 0.0533142 0
0100000001 0.0283508 0
0100000010 0.00489426 -3.14159
0100000011 0.0469666 0
0100000100 0.0324707 -3.14159
0100000101 0.00139809 0
0100000110 0.0311584 0
0100000111 0.0481567 0
0100001000 0.0135345 -3.14159
0100001001 0.0225067 -3.14159
0100001010 0.00828552 0
0100001011 0.0430298 -3.14159
0100001100 0.00044632 0
0100001101 0.008461 -3.14159
0100001110 0.0207367 0
0100001111 0.0295258 -3.14159
0100010000 0.0392761 0
0100010001 0.0563049 -3.14159
0100010010 0.00893402 -3.14159
0100010011 0.00809479 -3.14159
0100010100 0.0487061 0
0100010101 0.0105362 -3.14159
0100010110 0.012352 0
0100010111 0.0112762 0
0100011000 0.0135269 -3.14159
0100011001 0.0272064 0
0100011010 0.0121536 -3.14159
0100011011 0.0774536 -3.14159
0100011100 0.0164642 0
0100011101 0.0162048 0
0100011110 0.0386353 -3.14159
0100011111 0.0420532 0
0100100000 0.0113678 -3.14159
0100100001 0.00109482 -3.14159
0100100010 0.00126648 -3.14159
0100100011 0.00312614 -3.14159
0100100100 0.00569153 -3.14159
0100100101 0.0143204 0
0100100110 0.0419312 -3.14159
0100100111 0.0429688 -3.14159
0100101000 0.0536194 0
0100101001 0.0873413 -3.14159
0100101010 0.0610352 0
0100101011 0.00367546 0
0100101100 0.0243835 0
0100101101 0.057373 -3.14159
0100101110 0.0350647 0
0100101111 0.00671768 -3.14159
0100110000 0.0358276 0
0100110001 0.0448608 -3.14159
0100110010 0.0193024 0
0100110011 0.0318604 -3.14159
0100110100 0.0187683 0
0100110101 0.0310822 0
0100110110 0.0118408 -3.14159
0100110111 0.00154591 -3.14159
0100111000 0.033905 -3.14159
0100111001 0.0597229 -3.14159
0100111010 0.03479 -3.14159
0100111011 0.0501404 -3.14159
0100111100 0.039093 -3.14159
0100111101 0.0226898 -3.14159
0100111110 0.0386658 0
0100111111 0.0159149 -3.14159
0101000000 0.00222969 0
0101000001 0.0220184 0
0101000010 0.0102921 -3.14159
0101000011 0.000849247 0
0101000100 0.0204468 -3.14159
0101000101 0.0508728 0
0101000110 0.0381165 -3.14159
0101000111 0.0270386 -3.14159
0101001000 0.00235939 0
0101001001 0.0359802 -3.14159
0101001010 0.0228882 0
0101001011 0.0397644 0
0101001100 0.000167131 0
0101001101 0.0147705 0
0101001110 0.0104752 0
0101001111 0.00706482 0
0101010000 0.0223694 0
0101010001 0.0183563 -3.14159
0101010010 0.0345459 0
0101010011 0.062439 -3.14159
0101010100 0.0235443 0
0101010101 0.0290985 0
0101010110 0.000159502 0
0101010111 0.00557327 0
0101011000 0.0240021 0
0101011001 0.00542831 0
0101011010 0.0103607 -3.14159
0101011011 0.0812988 -3.14159
0101011100 0.0311584 -3.14159
0101011101 0.052002 0
0101011110 0.0228119 0
0101011111 0.00408936 0
0101100000 0.0167847 0
0101100001 0.0498047 -3.14159
0101100010 0.0265656 -3.14159
0101100011 0.0428467 -3.14159
0101100100 0.00305748 -3.14159
0101100101 0.0145187 0
0101100110 0.0289612 -3.14159
0101100111 0.0229034 -3.14159
0101101000 0.0650635 -3.14159
0101101001 0.0164185 -3.14159
0101101010 0.0443115 0
0101101011 0.0170288 0
0101101100 0.0045166 -3.14159
0101101101 0.0318298 -3.14159
0101101110 0.0151138 -3.14159
0101101111 0.00588989 0
0101110000 0.0209808 -3.14159
0101110001 0.00511551 -3.14159
0101110010 0.028244 -3.14159
0101110011 0.0249329 0
0101110100 0.0314636 0
0101110101 0.0307617 0
0101110110 0.038269 0
0101110111 0.00374985 0
0101111000 0.0302582 0
0101111001 0.0384521 0
0101111010 0.0282898 0
0101111011 0.0525818 -3.14159
0101111100 0.0332031 -3.14159
0101111101 0.0259552 -3.14159
0101111110 0.0298615 0
0101111111 0.059082 0
0110000000 0.0134659 0
0110000001 0.0226898 0
0110000010 0.0297699 -3.14159
0110000011 0.0524597 0
0110000100 0.0795898 -3.14159
0110000101 0.0218048 0
0110000110 0.0130768 0
0110000111 0.0112381 0
0110001000 0.0197601 -3.14159
0110001001 0.000647068 0
0110001010 0.0185242 -3.14159
0110001011 0.0325012 -3.14159
0110001100 0.012764 0
0110001101 0.0270691 -3.14159
0110001110 0.0101013 0
0110001111 0.00351715 -3.14159
0110010000 0.0499878 0
0110010001 0.00240707 0
0110010010 0.0225372 -3.14159
0110010011 0.00405884 -3.14159
0110010100 0.0839844 -3.14159
0110010101 0.0645142 -3.14159
0110010110 0.000340223 -3.14159
0110010111 0.019928 0
0110011000 0.00917053 0
0110011001 0.0335999 -3.14159
0110011010 0.000608444 -3.14159
0110011011 0.0662842 0
0110011100 0.0111084 -3.14159
0110011101 0.00543594 0
0110011110 0.0336609 0
0110011111 0.0158691 0
0110100000 0.0643311 0
0110100001 0.0238495 0
0110100010 0.0130692 0
0110100011 0.0276031 -3.14159
0110100100 0.0379028 0
0110100101 0.0182648 0
0110100110 0.0206604 0
0110100111 0.0131531 0
0110101000 0.0371399 -3.14159
0110101001 0.0278015 -3.14159
0110101010 0.025238 0
0110101011 0.00470352 -3.14159
0110101100 0.024353 -3.14159
0110101101 0.0160522 0
0110101110 0.00798035 0
0110101111 0.00980377 0
0110110000 0.011116 0
0110110001 0.0691528 -3.14159
0110110010 0.0314026 0
0110110011 0.00210762 -3.14159
0110110100 0.0228577 0
0110110101 0.02742 0
0110110110 0.0439758 0
0110110111 0.030365 0
0110111000 0.0521851 -3.14159
0110111001 0.00749969 -3.14159
0110111010 0.0143661 0
0110111011 0.0681152 0
0110111100 0.0271301 -3.14159
0110111101 0.0237122 -3.14159
0110111110 0.00957489 0
0110111111 0.0186768 -3.14159
0111000000 0.0131836 0
0111000001 0.0407104 -3.14159
0111000010 0.0150146 0
0111000011 0.016449 -3.14159
0111000100 0.00517273 -3.14159
0111000101 0.00346375 -3.14159
0111000110 0.0151596 -3.14159
0111000111 0.00770569 -3.14159
0111001000 0.0394897 0
0111001001 0.02742 0
0111001010 0.0028038 0
0111001011 0.00457764 -3.14159
0111001100 0.00791168 -3.14159
0111001101 0.0309906 -3.14159
0111001110 0.0391235 0
0111001111 0.0515747 0
0111010000 0.0493774 0
0111010001 0.0232849 0
0111010010 0.00378227 0
0111010011 0.045105 0
0111010100 0.010437 0
0111010101 0.00678635 -3.14159
0111010110 0.0135956 -3.14159
0111010111 0.0265656 -3.14159
0111011000 0.00559998 0
0111011001 0.00692368 -3.14159
0111011010 0.0196381 0
0111011011 0.0049324 0
0111011100 0.0369263 0
0111011101 0.0335693 0
0111011110 0.0428467 0
0111011111 0.000541687 0
0111100000 0.0059433 -3.14159
0111100001 0.00350952 -3.14159
0111100010 0.0176086 0
0111100011 0.019928 0
0111100100 0.0189056 0
0111100101 0.0353699 -3.14159
0111100110 0.0286102 -3.14159
0111100111 0.0116577 -3.14159
0111101000 0.0349731 -3.14159
0111101001 0.00531387 -3.14159
0111101010 0.0406799 -3.14159
0111101011 0.039032 -3.14159
0111101100 0.0219116 -3.14159
0111101101 0.00557327 -3.14159
0111101110 0.0296631 0
0111101111 0.00948334 -3.14159
0111110000 0.0106735 -3.14159
0111110001 0.038147 -3.14159
0111110010 0.0328979 0
0111110011 0.0821533 -3.14159
0111110100 0.0164948 0
0111110101 0.00782013 -3.14159
0111110110 0.00271034 -3.14159
0111110111 0.00495529 0
0111111000 0.0570679 -3.14159
0111111001 0.0153961 0
0111111010 0.00115585 -3.14159
0111111011 0.00573349 0
0111111100 0.00603485 -3.14159
0111111101 0.00103188 0
0111111110 0.0155411 -3.14159
0111111111 0.0409546 0
1000000000 0.018692 0
1000000001 0.0116425 -3.14159
1000000010 0.00622177 -3.14159
1000000011 0.00409698 -3.14159
1000000100 0.00983429 0
1000000101 0.046814 0
1000000110 0.040863 0
1000000111 0.0211487 0
1000001000 0.00819397 0
1000001001 0.00324059 -3.14159
1000001010 0.0116119 -3.14159
1000001011 0.0592651 -3.14159
1000001100 0.000694275 0
1000001101 0.0565796 -3.14159
1000001110 0.0778198 -3.14159
1000001111 0.0263824 -3.14159
1000010000 0.000374556 -3.14159
1000010001 0.0445862 -3.14159
1000010010 0.00495529 -3.14159
1000010011 0.0378113 0
1000010100 0.0453796 0
1000010101 0.0174866 0
1000010110 0.0101547 0
1000010111 0.00739288 0
1000011000 0.0231323 0
1000011001 0.0194855 0
1000011010 0.0208282 -3.14159
1000011011 0.0323792 0
1000011100 0.00292015 0
1000011101 0.00627899 0
1000011110 0.0148468 0
1000011111 0.00910187 0
1000100000 0.0358887 -3.14159
1000100001 0.0393677 -3.14159
1000100010 0.0189209 0
1000100011 0.00804138 0
1000100100 0.0151978 -3.14159
1000100101 0.071106 -3.14159
1000100110 0.0372009 -3.14159
1000100111 0.0697632 0
1000101000 0.0100632 0
1000101001 0.0176086 -3.14159
1000101010 0.0107498 -3.14159
1000101011 0.0158539 -3.14159
1000101100 0.0266724 -3.14159
1000101101 0.0329285 0
1000101110 0.0274048 0
1000101111 0.0126877 0
1000110000 0.0120697 -3.14159
1000110001 0.00619888 0
1000110010 0.017868 0
1000110011 0.0282593 -3.14159
1000110100 0.0170135 -3.14159
1000110101 0.0304871 0
1000110110 0.0448914 -3.14159
1000110111 0.0250092 0
1000111000 0.00702667 -3.14159
1000111001 0.0458374 -3.14159
1000111010 0.0449829 0
1000111011 0.00222206 0
1000111100 0.0308228 0
1000111101 0.020462 0
1000111110 0.00561905 0
1000111111 0.00768661 0
1001000000 0.00683594 0
1001000001 0.0369873 -3.14159
1001000010 0.0108032 0
1001000011 0.00646973 0
1001000100 0.0135269 -3.14159
1001000101 0.010437 0
1001000110 0.0531616 -3.14159
1001000111 0.0438538 -3.14159
1001001000 0.0294952 0
1001001001 0.0185547 0
1001001010 0.0235443 -3.14159
1001001011 0.00651169 0
1001001100 0.0157013 0
1001001101 0.0522766 -3.14159
1001001110 0.0342407 -3.14159
1001001111 0.0163269 0
1001010000 0.00982666 0
1001010001 0.0135574 -3.14159
1001010010 0.0117111 0
1001010011 0.0154953 -3.14159
1001010100 0.00448608 -3.14159
1001010101 0.0457764 -3.14159
1001010110 0.00684357 0
1001010111 0.0243378 -3.14159
1001011000 0.00170517 -3.14159
1001011001 0.0256653 0
1001011010 0.00743103 0
1001011011 0.0214539 0
1001011100 0.0163727 -3.14159
1001011101 0.0245209 -3.14159
1001011110 0.00385284 -3.14159
1001011111 0.0149307 -3.14159
1001100000 0.0192108 0
1001100001 0.00271606 0
1001100010 0.0386963 -3.14159
1001100011 0.00236511 0
1001100100 0.00875854 -3.14159
1001100101 0.0150299 0
1001100110 0.0418091 0
1001100111 0.0759888 0
1001101000 0.0122299 0
1001101001 0.0168152 -3.14159
1001101010 0.0527649 0
1001101011 0.0438538 0
1001101100 0.0454102 0
1001101101 0.00509262 0
1001101110 0.0340271 -3.14159
1001101111 0.000931263 0
1001110000 0.0545959 0
1001110001 0.067688 -3.14159
1001110010 0.0113297 -3.14159
1001110011 0.0235596 0
1001110100 0.0398865 -3.14159
1001110101 0.00324249 -3.14159
1001110110 0.00377083 0
1001110111 0.00247765 -3.14159
1001111000 0.0399475 0
1001111001 0.000343084 0
1001111010 0.0206299 0
1001111011 0.0425415 0
1001111100 0.00491333 -3.14159
1001111101 0.00428391 -3.14159
1001111110 0.0205383 -3.14159
1001111111 0.000238657 -3.14159
1010000000 0.0163574 0
1010000001 0.00213623 0
1010000010 0.0108185 0
1010000011 0.0222321 -3.14159
1010000100 0.0185394 0
1010000101 0.037262 -3.14159
1010000110 0.0168152 -3.14159
1010000111 0.0379639 -3.14159
1010001000 0.0227661 -3.14159
1010001001 0.0185394 0
1010001010 0.0113907 0
1010001011 0.0477905 0
1010001100 0.0154114 -3.14159
1010001101 0.00113297 0
1010001110 0.00966644 0
1010001111 0.0590515 0
1010010000 0.0533447 0
1010010001 0.00618362 0
1010010010 0.0570984 -3.14159
1010010011 0.030426 0
1010010100 0.00856781 0
1010010101 0.0419922 0
1010010110 0.0136566 0
1010010111 0.0402832 -3.14159
1010011000 0.069458 0
1010011001 0.00362968 -3.14159
1010011010 0.00129032 0
1010011011 0.0572815 -3.14159
1010011100 0.0137787 0
1010011101 0.00188732 0
1010011110 0.00545883 -3.14159
1010011111 0.026535 -3.14159
1010100000 0.0481567 -3.14159
1010100001 0.0478516 -3.14159
1010100010 0.038208 -3.14159
1010100011 0.0161438 -3.14159
1010100100 0.0220032 0
1010100101 0.0123901 -3.14159
1010100110 0.00548935 -3.14159
1010100111 0.0317688 -3.14159
1010101000 0.0404358 0
1010101001 0.0355225 0
1010101010 0.0142517 -3.14159
1010101011 0.00922394 0
1010101100 0.0387878 0
1010101101 0.0109711 -3.14159
1010101110 0.00881958 0
1010101111 0.0283508 0
1010110000 0.0722656 0
1010110001 0.0306854 -3.14159
1010110010 0.00624084 0
1010110011 0.019989 -3.14159
1010110100 0.0271149 -3.14159
1010110101 0.0272522 0
1010110110 0.00360107 0
1010110111 0.0045433 0
1010111000 0.00953674 0
1010111001 0.0017128 -3.14159
1010111010 0.0317383 -3.14159
1010111011 0.0105057 -3.14159
1010111100 0.023468 0
1010111101 0.0307617 0
1010111110 0.0293274 -3.14159
1010111111 0.0393066 0
1011000000 0.0618896 -3.14159
1011000001 0.0308228 0
1011000010 0.0193634 0
1011000011 0.0205536 -3.14159
1011000100 0.0196838 -3.14159
1011000101 0.0226288 0
1011000110 0.0223389 0
1011000111 0.0196381 -3.14159
1011001000 0.00590897 -3.14159
1011001001 0.0514832 -3.14159
1011001010 0.026123 -3.14159
1011001011 0.0375061 -3.14159
1011001100 0.0390625 -3.14159
1011001101 0.016983 -3.14159
1011001110 0.0234375 0
1011001111 0.0378113 -3.14159
1011010000 0.0115891 -3.14159
1011010001 0.0289154 -3.14159
1011010010 0.0172729 -3.14159
1011010011 0.01017 0
1011010100 0.029129 -3.14159
1011010101 0.0239563 0
1011010110 0.041626 0
1011010111 0.00743103 0
1011011000 0.0317383 0
1011011001 0.00998688 0
1011011010 0.00435257 0
1011011011 0.0397339 -3.14159
1011011100 0.00317955 0
1011011101 0.0391846 0
1011011110 0.000901699 0
1011011111 0.0103683 0
1011100000 0.00332451 0
1011100001 0.0464172 -3.14159
1011100010 0.0286865 0
1011100011 0.0108719 0
1011100100 0.0296631 0
1011100101 0.0609131 0
1011100110 0.00458145 0
1011100111 0.0336304 -3.14159
1011101000 0.0776367 -3.14159
1011101001 0.0242004 -3.14159
1011101010 0.0617065 -3.14159
1011101011 0.0356445 0
1011101100 0.00131226 0
1011101101 0.0204315 0
1011101110 0.00536728 -3.14159
1011101111 0.0628052 0
1011110000 0.0473328 -3.14159
1011110001 0.0108719 -3.14159
1011110010 0.00136471 -3.14159
1011110011 0.0267181 0
1011110100 1.88947e-05 -3.14159
1011110101 0.0255127 0
1011110110 0.0357971 -3.14159
1011110111 0.0372009 0
1011111000 0.00419617 0
1011111001 8.10027e-05 0
1011111010 0.0214996 -3.14159
1011111011 0.0562744 0
1011111100 0.0037117 0
1011111101 0.013916 -3.14159
1011111110 0.0668945 0
1011111111 0.0148315 0
1100000000 0.0150299 0
1100000001 0.0249329 0
1100000010 0.0116577 -3.14159
1100000011 0.0484924 -3.14159
1100000100 0.0578308 -3.14159
1100000101 0.0614929 0
1100000110 0.0027256 0
1100000111 0.00991821 0
1100001000 0.0430298 -3.14159
1100001001 0.0363159 -3.14159
1100001010 0.0187683 -3.14159
1100001011 0.00400925 0
1100001100 0.00584412 0
1100001101 0.0150833 -3.14159
1100001110 0.03302 -3.14159
1100001111 0.0575562 0
1100010000 0.0276337 -3.14159
1100010001 0.00304794 0
1100010010 0.0530701 0
1100010011 0.0157776 -3.14159
1100010100 0.0343323 -3.14159
1100010101 0.0176239 -3.14159
1100010110 0.00901794 0
1100010111 0.0857544 0
1100011000 0.0873413 -3.14159
1100011001 0.0219421 0
1100011010 0.00963593 -3.14159
1100011011 0.0301666 0
1100011100 0.0429382 0
1100011101 0.0310516 0
1100011110 0.00220299 0
1100011111 0.0285187 -3.14159
1100100000 0.0430908 0
1100100001 0.0546875 0
1100100010 0.0212708 -3.14159
1100100011 0.0220642 0
1100100100 0.0176392 0
1100100101 0.0503235 -3.14159
1100100110 0.022934 0
1100100111 0.013237 -3.14159
1100101000 0.0427551 0
1100101001 0.0137024 0
1100101010 0.00518036 -3.14159
1100101011 0.0147324 -3.14159
1100101100 0.00417709 -3.14159
1100101101 0.0107956 -3.14159
1100101110 0.0536804 0
1100101111 0.0171204 0
1100110000 0.0215454 0
1100110001 0.0786743 -3.14159
1100110010 0.0207367 -3.14159
1100110011 0.0419922 0
1100110100 0.0258636 0
1100110101 0.000200868 -3.14159
1100110110 0.0246429 0
1100110111 0.0259705 -3.14159
1100111000 0.0362549 -3.14159
1100111001 0.0889282 -3.14159
1100111010 0.0193329 0
1100111011 0.0466614 -3.14159
1100111100 0.0380859 -3.14159
1100111101 0.00625992 -3.14159
1100111110 0.0170593 -3.14159
1100111111 0.0259705 -3.14159
1101000000 0.0609131 -3.14159
1101000001 0.0112076 0
1101000010 0.00097847 0
1101000011 0.0102005 -3.14159
1101000100 0.0524292 0
1101000101 0.0162811 0
1101000110 0.0348511 -3.14159
1101000111 0.0789185 0
1101001000 0.00647354 0
1101001001 0.0617065 0
1101001010 0.0222168 0
1101001011 0.0361023 0
1101001100 0.00333786 -3.14159
1101001101 0.0189972 0
1101001110 0.0341187 0
1101001111 0.0451355 0
1101010000 0.0371094 -3.14159
1101010001 0.000774384 -3.14159
1101010010 0.0189667 -3.14159
1101010011 0.0662231 -3.14159
1101010100 0.0344238 0
1101010101 0.0164032 -3.14159
1101010110 0.0501709 -3.14159
1101010111 0.0215759 0
1101011000 0.0454407 -3.14159
1101011001 0.00793457 0
1101011010 0.0126953 0
1101011011 0.0333252 -3.14159
1101011100 0.00574493 0
1101011101 0.016922 -3.14159
1101011110 0.00544739 0
1101011111 0.0303955 -3.14159
1101100000 0.0794678 0
1101100001 0.049408 0
1101100010 0.00901031 -3.14159
1101100011 0.0128708 0
1101100100 0.0229492 -3.14159
1101100101 0.038147 -3.14159
1101100110 0.0160065 0
1101100111 0.033844 -3.14159
1101101000 0.00202751 -3.14159
1101101001 0.00179577 0
1101101010 0.0275574 0
1101101011 0.00913239 -3.14159
1101101100 0.0175171 -3.14159
1101101101 0.0205536 -3.14159
1101101110 0.0227356 -3.14159
1101101111 0.0211487 -3.14159
1101110000 0.00240326 -3.14159
1101110001 0.0621033 0
1101110010 0.0129929 -3.14159
1101110011 0.0409546 -3.14159
1101110100 0.00798798 -3.14159
1101110101 0.0405884 -3.14159
1101110110 0.011879 -3.14159
1101110111 0.0136719 0
1101111000 0.0100708 0
1101111001 0.00375366 0
1101111010 0.0113907 -3.14159
1101111011 0.00145149 -3.14159
1101111100 0.0145645 0
1101111101 0.0356445 -3.14159
1101111110 0.0294037 -3.14159
1101111111 0.0775757 0
1110000000 0.0490417 -3.14159
1110000001 0.0162201 -3.14159
1110000010 0.0592041 0
1110000011 0.0570984 0
1110000100 0.0571899 0
1110000101 0.0601807 0
1110000110 0.0265045 -3.14159
1110000111 0.00261688 0
1110001000 0.00859833 0
1110001001 0.0348206 0
1110001010 0.0464172 0
1110001011 0.0417175 -3.14159
1110001100 0.0169983 0
1110001101 0.0213013 0
1110001110 0.0157166 0
1110001111 0.00082922 -3.14159
1110010000 0.0258789 0
1110010001 0.044342 -3.14159
1110010010 0.0288239 -3.14159
1110010011 0.00178337 0
1110010100 0.0358887 -3.14159
1110010101 0.0439758 -3.14159
1110010110 0.036499 0
1110010111 0.0588684 -3.14159
1110011000 0.00345612 0
1110011001 0.0184174 0
1110011010 0.0494995 -3.14159
1110011011 0.0432129 -3.14159
1110011100 0.0431519 0
1110011101 0.0222015 -3.14159
1110011110 0.0186157 0
1110011111 0.016037 0
1110100000 0.00762939 -3.14159
1110100001 0.0118256 0
1110100010 0.0310516 0
1110100011 0.0189819 -3.14159
1110100100 0.0665894 0
1110100101 0.0411072 0
1110100110 0.0331116 -3.14159
1110100111 0.00403976 0
1110101000 0.0159149 -3.14159
1110101001 0.0111465 0
1110101010 0.0300293 0
1110101011 0.0113678 0
1110101100 0.0234528 -3.14159
1110101101 0.0151749 0
1110101110 0.0441284 -3.14159
1110101111 0.0240021 -3.14159
1110110000 0.0126495 -3.14159
1110110001 0.0089035 0
1110110010 0.0558777 -3.14159
1110110011 0.0448608 -3.14159
1110110100 0.000477552 0
1110110101 0.0458679 0
1110110110 0.0123749 -3.14159
1110110111 0.00136757 -3.14159
1110111000 0.00751495 -3.14159
1110111001 0.0524292 0
1110111010 0.0498657 0
1110111011 0.000402212 0
1110111100 0.00178814 -3.14159
1110111101 0.0132141 -3.14159
1110111110 0.0147858 0
1110111111 0.00505447 0
1111000000 0.00192165 0
1111000001 0.046936 0
1111000010 0.0282288 0
1111000011 0.00828552 -3.14159
1111000100 0.0142059 0
1111000101 0.0453796 -3.14159
1111000110 0.0043335 -3.14159
1111000111 0.0140915 0
1111001000 0.0390015 0
1111001001 0.0201263 0
1111001010 0.000672817 -3.14159
1111001011 0.0180817 -3.14159
1111001100 0.0366211 0
1111001101 0.0785522 0
1111001110 0.00852203 -3.14159
1111001111 0.0116653 0
1111010000 0.00732422 -3.14159
1111010001 0.000593185 0
1111010010 0.00582886 -3.14159
1111010011 0.00427628 -3.14159
1111010100 0.00699997 0
1111010101 0.00328255 -3.14159
1111010110 0.0446167 0
1111010111 0.0394592 0
1111011000 0.0611267 0
1111011001 0.0111847 -3.14159
1111011010 0.00360107 -3.14159
1111011011 0.00811768 0
1111011100 0.0111389 -3.14159
1111011101 0.020462 0
1111011110 0.0173035 0
1111011111 0.00455856 0
1111100000 0.0736694 0
1111100001 0.00528717 -3.14159
1111100010 0.0164185 -3.14159
1111100011 0.0319519 0
1111100100 0.067627 -3.14159
1111100101 0.00150204 0
1111100110 0.100708 -3.14159
1111100111 0.0424805 -3.14159
1111101000 0.02034 -3.14159
1111101001 0.0261536 -3.14159
1111101010 0.0436707 -3.14159
1111101011 0.0959473 0
1111101100 0.0674438 0
1111101101 0.0160828 -3.14159
1111101110 0.0339966 0
1111101111 0.0184479 0
1111110000 0.00573349 0
1111110001 0.028717 0
1111110010 0.046936 -3.14159
1111110011 0.0127487 0
1111110100 0.00790405 0
1111110101 0.0287323 0
1111110110 0.0138245 0
1111110111 0.0317993 0
1111111000 0.0055809 0
1111111001 0.0600586 -3.14159
1111111010 0.00578308 -3.14159
1111111011 0.0357971 -3.14159
1111111100 0.0137482 -3.14159
1111111101 0.0545654 0
1111111110 0.0165405 -3.14159
1111111111 0.00307083 -3.14159
