0000000000 0.00293159 0
0000000001 0.0204315 0
0000000010 0.0109863 0
0000000011 0.00645447 -3.14159
0000000100 0.00560379 -3.14159
0000000101 0.0275269 0
0000000110 0.0257416 -3.14159
0000000111 0.00537491 -3.14159
0000001000 0.00373268 0
0000001001 0.0038147 -3.14159
0000001010 0.00128365 0
0000001011 0.00465775 0
0000001100 0.0242767 -3.14159
0000001101 0.0149689 0
0000001110 0.0058136 0
0000001111 0.0299072 0
0000010000 0.00411987 0
0000010001 0.0200653 -3.14159
0000010010 0.0172119 -3.14159
0000010011 0.0548096 -3.14159
0000010100 0.0298309 -3.14159
0000010101 0.0161438 0
0000010110 0.0191345 -3.14159
0000010111 0.0480347 0
0000011000 0.0457153 0
0000011001 0.00277901 -3.14159
0000011010 0.0136871 -3.14159
0000011011 0.0598145 -3.14159
0000011100 0.0270081 -3.14159
0000011101 0.0285034 -3.14159
0000011110 0.0119476 0
0000011111 0.0183258 -3.14159
0000100000 0.0805664 -3.14159
0000100001 0.0237427 -3.14159
0000100010 0.0646362 -3.14159
0000100011 0.0338135 -3.14159
0000100100 0.0131531 0
0000100101 0.00039196 0
0000100110 0.00860596 0
0000100111 0.025177 0
0000101000 0.0142365 -3.14159
0000101001 0.0232697 -3.14159
0000101010 0.0211182 -3.14159
0000101011 0.00553513 0
0000101100 0.0720825 -3.14159
0000101101 0.0150528 0
0000101110 0.00747681 -3.14159
0000101111 0.013855 -3.14159
0000110000 0.0268402 0
0000110001 0.0502625 -3.14159
0000110010 0.0460815 -3.14159
0000110011 0.0294647 0
0000110100 0.0306854 -3.14159
0000110101 0.0154572 -3.14159
0000110110 0.00382423 0
0000110111 0.0401611 0
0000111000 0.0360718 -3.14159
0000111001 0.00680542 -3.14159
0000111010 0.0162964 0
0000111011 0.0172882 -3.14159
0000111100 0.036499 0
0000111101 0.0355835 0
0000111110 0.0150833 0
0000111111 0.00811005 -3.14159
0001000000 0.0507812 0
0001000001 0.0483093 0
0001000010 0.0181732 -3.14159
0001000011 0.00716782 0
0001000100 0.0120316 -3.14159
0001000101 0.0362854 -3.14159
0001000110 0.0289307 -3.14159
0001000111 0.0219269 -3.14159
0001001000 0.0406189 -3.14159
0001001001 0.0085144 0
0001001010 0.00294685 0
0001001011 0.00617218 -3.14159
0001001100 0.0235901 -3.14159
0001001101 0.000142217 0
0001001110 0.00983429 0
0001001111 0.00269699 0
0001010000 0.0169067 0
0001010001 0.042511 -3.14159
0001010010 0.0350952 -3.14159
0001010011 0.00896454 0
0001010100 0.0224915 0
0001010101 0.00466537 0
0001010110 0.0321045 0
0001010111 0.0253601 -3.14159
0001011000 0.00853729 -3.14159
0001011001 0.0490417 0
0001011010 0.00911713 0
0001011011 0.00024581 0
0001011100 0.0358276 0
0001011101 0.0289764 -3.14159
0001011110 0.0224457 -3.14159
0001011111 0.0430603 0
0001100000 0.0175629 -3.14159
0001100001 0.0128326 -3.14159
0001100010 0.0481262 -3.14159
0001100011 0.00554276 -3.14159
0001100100 0.0605774 -3.14159
0001100101 0.0191193 0
0001100110 0.0259094 -3.14159
0001100111 0.0152283 0
0001101000 0.00217247 -3.14159
0001101001 0.0855713 0
0001101010 0.00653076 -3.14159
0001101011 0.00534821 -3.14159
0001101100 0.00699997 0
0001101101 0.040863 -3.14159
0001101110 0.0125656 -3.14159
0001101111 0.0143509 -3.14159
0001110000 0.0444641 -3.14159
0001110001 0.0204163 -3.14159
0001110010 0.0498657 -3.14159
0001110011 0.035675 0
0001110100 0.0205536 -3.14159
0001110101 0.00124359 -3.14159
0001110110 0.00554657 -3.14159
0001110111 0.0182343 -3.14159
0001111000 0.0567932 -3.14159
0001111001 0.00627518 0
0001111010 0.0307922 -3.14159
0001111011 0.00503159 -3.14159
0001111100 0.0241699 -3.14159
0001111101 0.0180969 0
0001111110 0.0134125 0
0001111111 0.00216866 -3.14159
0010000000 0.0120697 0
0010000001 0.0356445 -3.14159
0010000010 0.0255127 0
0010000011 0.0519104 -3.14159
0010000100 0.018158 0
0010000101 0.0174103 -3.14159
0010000110 0.0202637 0
0010000111 0.0193939 -3.14159
0010001000 0.00705338 0
0010001001 0.0195465 0
0010001010 0.00840759 0
0010001011 0.00745773 -3.14159
0010001100 0.0210419 0
0010001101 0.00959778 0
0010001110 0.0170898 0
0010001111 0.0181274 -3.14159
0010010000 0.0280609 -3.14159
0010010001 0.0189972 -3.14159
0010010010 0.00240326 0
0010010011 0.0217896 -3.14159
0010010100 0.0070343 -3.14159
0010010101 0.0185089 0
0010010110 0.00668716 -3.14159
0010010111 0.0602722 0
0010011000 0.0217285 -3.14159
0010011001 0.00220108 0
0010011010 0.0148697 -3.14159
0010011011 0.0010252 -3.14159
0010011100 0.00670242 -3.14159
0010011101 0.017334 0
0010011110 0.00643158 -3.14159
0010011111 0.0107193 -3.14159
0010100000 0.0275879 0
0010100001 0.0187531 -3.14159
0010100010 0.00727844 -3.14159
0010100011 0.0151978 0
0010100100 0.0100784 0
0010100101 0.0102539 -3.14159
0010100110 0.0104752 0
0010100111 0.0202026 0
0010101000 0.00168991 0
0010101001 0.0228271 0
0010101010 0.019043 0
0010101011 0.0464478 0
0010101100 0.0258179 0
0010101101 0.0332336 0
0010101110 0.00470352 0
0010101111 0.00489044 0
0010110000 0.0218658 0
0010110001 0.0384521 -3.14159
0010110010 0.0372009 -3.14159
0010110011 0.0600586 0
0010110100 0.052124 0
0010110101 0.00881958 -3.14159
0010110110 0.000792027 -3.14159
0010110111 0.0256653 -3.14159
0010111000 0.000703812 0
0010111001 0.0167084 -3.14159
0010111010 0.00233459 -3.14159
0010111011 0.0139084 0
0010111100 0.0450134 0
0010111101 0.0502319 -3.14159
0010111110 0.0117035 0
0010111111 0.0404053 -3.14159
0011000000 0.0292358 0
0011000001 0.00337601 0
0011000010 0.0162506 0
0011000011 0.033844 0
0011000100 0.00942993 0
0011000101 0.00206375 0
0011000110 0.0360413 0
0011000111 0.00821686 0
0011001000 0.0211487 0
0011001001 0.0175934 -3.14159
0011001010 0.022049 0
0011001011 0.0206909 -3.14159
0011001100 0.000809669 0
0011001101 0.00695419 -3.14159
0011001110 0.00487137 0
0011001111 0.0240631 0
0011010000 0.0239258 0
0011010001 0.00476074 -3.14159
0011010010 0.0362244 0
0011010011 0.00698471 -3.14159
0011010100 0.0125504 0
0011010101 0.0162659 -3.14159
0011010110 0.0335388 -3.14159
0011010111 0.0575562 0
0011011000 0.00688553 -3.14159
0011011001 0.0267029 0
0011011010 0.00596619 -3.14159
0011011011 0.024353 -3.14159
0011011100 0.012207 0
0011011101 0.0546265 -3.14159
0011011110 0.0570984 -3.14159
0011011111 0.0165253 0
0011100000 0.0406189 0
0011100001 0.00849152 0
0011100010 0.0104752 0
0011100011 0.0327148 -3.14159
0011100100 0.0496826 0
0011100101 0.0484619 0
0011100110 0.00522232 -3.14159
0011100111 0.0276031 -3.14159
0011101000 0.0220032 -3.14159
0011101001 0.00970459 -3.14159
0011101010 0.065979 -3.14159
0011101011 0.00349045 0
0011101100 0.0302582 -3.14159
0011101101 0.00574112 -3.14159
0011101110 0.00426102 -3.14159
0011101111 0.0685425 0
0011110000 0.00778961 0
0011110001 0.0203705 -3.14159
0011110010 0.0639648 0
0011110011 0.0599976 -3.14159
0011110100 0.00622559 -3.14159
0011110101 0.0174866 0
0011110110 0.00111389 0
0011110111 0.0208282 -3.14159
0011111000 0.0908813 0
0011111001 0.0247803 0
0011111010 0.00271797 -3.14159
0011111011 0.000727654 -3.14159
0011111100 0.000297546 -3.14159
0011111101 0.0263519 -3.14159
0011111110 0.0177155 0
0011111111 0.0293121 0
0100000000 0.0630493 0
0100000001 0.021225 0
0100000010 0.0183411 -3.14159
0100000011 0.0112305 0
0100000100 0.0384827 -3.14159
0100000101 0.0115128 -3.14159
0100000110 0.0445862 0
0100000111 0.052063 0
0100001000 0.000668526 -3.14159
0100001001 0.0227051 -3.14159
0100001010 0.0190735 -3.14159
0100001011 0.0323792 -3.14159
0100001100 0.0260925 -3.14159
0100001101 0.000753403 0
0100001110 0.0177307 0
0100001111 0.011467 -3.14159
0100010000 0.0318298 0
0100010001 0.0570374 -3.14159
0100010010 0.00455856 -3.14159
0100010011 0.00546265 0
0100010100 0.0347595 0
0100010101 0.00937653 -3.14159
0100010110 0.0386963 0
0100010111 0.0132599 -3.14159
0100011000 0.00428391 -3.14159
0100011001 0.0209808 0
0100011010 0.0161743 -3.14159
0100011011 0.0632935 -3.14159
0100011100 0.0021019 -3.14159
0100011101 0.0446167 0
0100011110 0.0421143 -3.14159
0100011111 0.0223999 0
0100100000 0.025116 -3.14159
0100100001 0.0108109 -3.14159
0100100010 0.00250435 -3.14159
0100100011 0.0244751 0
0100100100 0.04599 -3.14159
0100100101 0.0242767 0
0100100110 0.0423584 -3.14159
0100100111 0.0591431 -3.14159
0100101000 0.0370483 0
0100101001 0.0829468 -3.14159
0100101010 0.0780029 0
0100101011 0.0025959 -3.14159
0100101100 0.0350037 0
0100101101 0.0404968 -3.14159
0100101110 0.039917 0
0100101111 0.014183 0
0100110000 0.0458679 0
0100110001 0.0385437 -3.14159
0100110010 0.00667191 0
0100110011 0.0279999 -3.14159
0100110100 0.0100937 0
0100110101 0.0335388 0
0100110110 0.0041008 -3.14159
0100110111 0.0136948 -3.14159
0100111000 0.0411682 -3.14159
0100111001 0.0242157 -3.14159
0100111010 0.0453491 -3.14159
0100111011 0.0480652 -3.14159
0100111100 0.0429382 -3.14159
0100111101 0.0140076 -3.14159
0100111110 0.0560303 0
0100111111 0.000511169 -3.14159
0101000000 0.0142822 -3.14159
0101000001 0.0217438 0
0101000010 0.0150986 -3.14159
0101000011 0.0238037 0
0101000100 0.00178146 0
0101000101 0.0410461 0
0101000110 0.0237274 -3.14159
0101000111 0.0378723 -3.14159
0101001000 0.00866699 -3.14159
0101001001 0.0132828 -3.14159
0101001010 0.00646591 0
0101001011 0.0368347 0
0101001100 0.0059166 -3.14159
0101001101 0.00320053 0
0101001110 0.03479 0
0101001111 0.00209045 -3.14159
0101010000 0.0490417 0
0101010001 0.00559235 -3.14159
0101010010 0.0333862 0
0101010011 0.0345764 -3.14159
0101010100 0.0248871 0
0101010101 0.00749207 0
0101010110 0.012558 0
0101010111 0.00414658 -3.14159
0101011000 0.0240173 0
0101011001 0.00702286 0
0101011010 0.000155449 0
0101011011 0.0853271 -3.14159
0101011100 0.00918579 -3.14159
0101011101 0.0646973 0
0101011110 0.00307274 -3.14159
0101011111 0.0360413 0
0101100000 0.0239716 0
0101100001 0.0570679 -3.14159
0101100010 0.0142975 -3.14159
0101100011 0.0368347 -3.14159
0101100100 0.0128784 0
0101100101 0.00229263 0
0101100110 0.03479 -3.14159
0101100111 0.0308838 -3.14159
0101101000 0.0497437 -3.14159
0101101001 0.00633621 -3.14159
0101101010 0.0203552 0
0101101011 0.0331116 0
0101101100 0.0236511 -3.14159
0101101101 0.0218048 -3.14159
0101101110 0.0150146 -3.14159
0101101111 0.019928 0
0101110000 0.0303955 -3.14159
0101110001 0.036499 -3.14159
0101110010 0.0131531 -3.14159
0101110011 0.0200043 0
0101110100 0.0454407 0
0101110101 0.0194855 0
0101110110 0.0180817 0
0101110111 0.01297 -3.14159
0101111000 0.0324707 0
0101111001 0.0275421 0
0101111010 0.0262451 0
0101111011 0.029892 -3.14159
0101111100 0.0272369 -3.14159
0101111101 0.00305367 0
0101111110 0.0137787 0
0101111111 0.0817261 0
0110000000 0.0130997 0
0110000001 0.0397644 0
0110000010 0.0256348 -3.14159
0110000011 0.0505676 0
0110000100 0.0958862 -3.14159
0110000101 0.0214539 0
0110000110 0.0366211 0
0110000111 0.024765 0
0110001000 0.0122604 -3.14159
0110001001 0.0187531 -3.14159
0110001010 0.00793457 -3.14159
0110001011 0.0233917 -3.14159
0110001100 0.0203705 0
0110001101 0.0128479 -3.14159
0110001110 0.0388489 0
0110001111 0.042511 -3.14159
0110010000 0.0281677 0
0110010001 0.00678635 -3.14159
0110010010 0.0108414 -3.14159
0110010011 0.0217743 0
0110010100 0.0718384 -3.14159
0110010101 0.064209 -3.14159
0110010110 0.000709057 0
0110010111 0.0094986 0
0110011000 0.00724411 -3.14159
0110011001 0.0271606 -3.14159
0110011010 0.00637054 -3.14159
0110011011 0.0514526 0
0110011100 0.00801086 0
0110011101 0.00308609 -3.14159
0110011110 0.0463257 0
0110011111 0.0183258 0
0110100000 0.0411377 0
0110100001 0.0386353 0
0110100010 0.00573349 -3.14159
0110100011 0.0385742 -3.14159
0110100100 0.0452576 0
0110100101 0.0482483 0
0110100110 0.0307312 0
0110100111 0.0121689 -3.14159
0110101000 0.0276031 -3.14159
0110101001 0.0490723 -3.14159
0110101010 0.0325623 0
0110101011 0.0255432 -3.14159
0110101100 0.0261383 -3.14159
0110101101 0.0480042 0
0110101110 0.00340462 0
0110101111 0.0231018 0
0110110000 0.00390244 -3.14159
0110110001 0.0774536 -3.14159
0110110010 0.0331421 0
0110110011 0.000307083 -3.14159
0110110100 0.023468 -3.14159
0110110101 0.0243988 0
0110110110 0.0384827 0
0110110111 0.015358 0
0110111000 0.033844 -3.14159
0110111001 0.011673 -3.14159
0110111010 0.0173798 0
0110111011 0.0662231 0
0110111100 0.0207977 -3.14159
0110111101 0.0060997 -3.14159
0110111110 0.0266571 -3.14159
0110111111 0.0337219 -3.14159
0111000000 0.00681305 0
0111000001 0.0541687 -3.14159
0111000010 0.0247345 0
0111000011 0.0100632 -3.14159
0111000100 0.00497055 0
0111000101 0.0133286 0
0111000110 0.0135956 -3.14159
0111000111 0.0270538 -3.14159
0111001000 0.0438843 0
0111001001 0.0193634 0
0111001010 0.00274658 -3.14159
0111001011 0.0036068 0
0111001100 0.015213 0
0111001101 0.0150146 -3.14159
0111001110 0.0529785 0
0111001111 0.0385437 0
0111010000 0.0369568 0
0111010001 0.0224457 0
0111010010 0.00712967 0
0111010011 0.0427551 0
0111010100 0.00634384 0
0111010101 0.0147018 -3.14159
0111010110 0.000175238 -3.14159
0111010111 0.00370789 -3.14159
0111011000 0.0334473 0
0111011001 0.0100479 -3.14159
0111011010 0.0281372 0
0111011011 0.020874 0
0111011100 0.00468826 0
0111011101 0.0275879 0
0111011110 0.0350952 0
0111011111 0.00395966 0
0111100000 0.0113983 -3.14159
0111100001 0.0325623 -3.14159
0111100010 0.0213928 0
0111100011 0.0348816 0
0111100100 0.0089798 0
0111100101 0.0521851 -3.14159
0111100110 0.0325317 -3.14159
0111100111 0.00651932 -3.14159
0111101000 0.0332031 -3.14159
0111101001 0.00622177 -3.14159
0111101010 0.0320129 -3.14159
0111101011 0.0413818 -3.14159
0111101100 0.00502777 -3.14159
0111101101 0.00404358 -3.14159
0111101110 0.00875854 0
0111101111 0.00276756 -3.14159
0111110000 0.000883102 -3.14159
0111110001 0.0427246 -3.14159
0111110010 0.035553 0
0111110011 0.0566406 -3.14159
0111110100 0.0214233 0
0111110101 0.00885773 -3.14159
0111110110 0.0206451 -3.14159
0111110111 0.0372925 0
0111111000 0.0622864 -3.14159
0111111001 0.0123062 0
0111111010 0.00344086 -3.14159
0111111011 0.0219116 0
0111111100 0.00664139 0
0111111101 0.0157318 0
0111111110 0.0222321 -3.14159
0111111111 0.0269928 0
1000000000 0.00898743 0
1000000001 0.00743484 -3.14159
1000000010 0.00947571 -3.14159
1000000011 0.0162506 -3.14159
1000000100 0.0326538 0
1000000101 0.046936 0
1000000110 0.0316772 0
1000000111 0.0105667 0
1000001000 0.00223923 -3.14159
1000001001 0.0288544 0
1000001010 0.00742722 -3.14159
1000001011 0.0536194 -3.14159
1000001100 0.0151138 0
1000001101 0.0455017 -3.14159
1000001110 0.0522156 -3.14159
1000001111 0.020874 -3.14159
1000010000 0.0112076 -3.14159
1000010001 0.0567932 -3.14159
1000010010 0.0351868 0
1000010011 0.0485535 0
1000010100 0.0229797 0
1000010101 0.015625 0
1000010110 0.0114136 0
1000010111 0.0111389 0
1000011000 0.0287476 0
1000011001 0.00298119 0
1000011010 0.0261383 -3.14159
1000011011 0.00774002 0
1000011100 0.00100994 -3.14159
1000011101 0.00270081 -3.14159
1000011110 0.00298882 0
1000011111 0.00074482 -3.14159
1000100000 0.0356445 -3.14159
1000100001 0.0385132 -3.14159
1000100010 0.0362244 0
1000100011 0.0175171 0
1000100100 0.0124435 0
1000100101 0.0622864 -3.14159
1000100110 0.0334778 -3.14159
1000100111 0.0637207 0
1000101000 0.0265656 0
1000101001 0.0209656 -3.14159
1000101010 0.0279999 -3.14159
1000101011 0.0044632 0
1000101100 0.00794983 -3.14159
1000101101 0.0175781 0
1000101110 0.0107117 0
1000101111 0.0205231 0
1000110000 0.011322 0
1000110001 0.0122299 0
1000110010 0.0227661 0
1000110011 0.0436096 -3.14159
1000110100 0.0557251 -3.14159
1000110101 0.0188904 0
1000110110 0.0336914 -3.14159
1000110111 0.0139084 0
1000111000 0.013443 -3.14159
1000111001 0.041687 -3.14159
1000111010 0.0249176 0
1000111011 0.0194855 -3.14159
1000111100 0.0277863 0
1000111101 0.0248108 0
1000111110 0.00285339 -3.14159
1000111111 0.00881958 -3.14159
1001000000 0.0157318 0
1001000001 0.0412292 -3.14159
1001000010 0.0338135 0
1001000011 0.0237885 0
1001000100 0.0220032 -3.14159
1001000101 0.018158 0
1001000110 0.0389404 -3.14159
1001000111 0.065918 -3.14159
1001001000 0.0025177 -3.14159
1001001001 0.0136337 -3.14159
1001001010 0.0314331 -3.14159
1001001011 0.01828 0
1001001100 0.0314941 0
1001001101 0.0397339 -3.14159
1001001110 0.0380249 -3.14159
1001001111 0.00620651 -3.14159
1001010000 0.00312424 0
1001010001 0.0129929 -3.14159
1001010010 0.0146332 -3.14159
1001010011 0.0100403 0
1001010100 0.0325623 -3.14159
1001010101 0.0421143 -3.14159
1001010110 0.00551605 -3.14159
1001010111 0.0340576 -3.14159
1001011000 0.0011692 0
1001011001 0.0163879 0
1001011010 0.024231 0
1001011011 0.00342369 0
1001011100 0.0236664 -3.14159
1001011101 0.0393677 -3.14159
1001011110 0.00540543 -3.14159
1001011111 0.00222778 0
1001100000 0.0418091 0
1001100001 0.0231171 0
1001100010 0.0341797 -3.14159
1001100011 0.016037 0
1001100100 0.0382385 -3.14159
1001100101 0.0026989 0
1001100110 0.0548706 0
1001100111 0.0752563 0
1001101000 0.0137024 -3.14159
1001101001 0.0123978 -3.14159
1001101010 0.0609741 0
1001101011 0.0264282 0
1001101100 0.0437927 0
1001101101 0.00894928 -3.14159
1001101110 0.032135 -3.14159
1001101111 0.0135117 -3.14159
1001110000 0.0456238 0
1001110001 0.0619812 -3.14159
1001110010 0.00906372 -3.14159
1001110011 0.00518417 0
1001110100 0.00943756 -3.14159
1001110101 0.00674057 -3.14159
1001110110 0.00123405 0
1001110111 0.00793457 -3.14159
1001111000 0.05896 0
1001111001 0.0296326 0
1001111010 0.0274506 0
1001111011 0.0516052 0
1001111100 0.0159149 -3.14159
1001111101 0.00754166 -3.14159
1001111110 0.0285187 -3.14159
1001111111 0.00408936 0
1010000000 0.00880432 0
1010000001 0.00471115 0
1010000010 0.0027256 0
1010000011 0.00945282 -3.14159
1010000100 0.00802612 0
1010000101 0.0172119 -3.14159
1010000110 0.0348511 -3.14159
1010000111 0.0316162 -3.14159
1010001000 0.0275421 -3.14159
1010001001 0.0236359 0
1010001010 0.019104 0
1010001011 0.0394287 0
1010001100 0.009758 0
1010001101 0.0396118 -3.14159
1010001110 0.00769806 -3.14159
1010001111 0.0481567 0
1010010000 0.0506287 0
1010010001 0.00728607 -3.14159
1010010010 0.0474243 -3.14159
1010010011 0.00881958 0
1010010100 0.0165405 0
1010010101 0.0249939 0
1010010110 0.00596237 0
1010010111 0.0108719 -3.14159
1010011000 0.0841675 0
1010011001 0.0158539 -3.14159
1010011010 0.00944519 -3.14159
1010011011 0.0358582 -3.14159
1010011100 0.0149536 0
1010011101 0.0101013 -3.14159
1010011110 0.00289536 0
1010011111 0.00939941 -3.14159
1010100000 0.0229492 -3.14159
1010100001 0.0174103 -3.14159
1010100010 0.0201263 -3.14159
1010100011 0.0150528 -3.14159
1010100100 0.00300407 -3.14159
1010100101 0.00101757 0
1010100110 0.009758 0
1010100111 0.0133362 -3.14159
1010101000 0.00579453 -3.14159
1010101001 0.00836945 0
1010101010 0.0318604 -3.14159
1010101011 0.0107193 0
1010101100 0.0325623 0
1010101101 0.00690079 -3.14159
1010101110 0.0181274 0
1010101111 0.00305748 0
1010110000 0.0332336 0
1010110001 0.0347595 -3.14159
1010110010 0.00111008 -3.14159
1010110011 0.0223083 -3.14159
1010110100 0.0440979 -3.14159
1010110101 0.0270844 0
1010110110 0.00820923 0
1010110111 0.0148163 0
1010111000 0.0131607 0
1010111001 0.00139999 0
1010111010 0.0394592 -3.14159
1010111011 0.0213165 -3.14159
1010111100 0.0480957 0
1010111101 0.0421753 0
1010111110 0.0296631 -3.14159
1010111111 0.0161133 0
1011000000 0.0610657 -3.14159
1011000001 0.0179596 0
1011000010 0.034668 0
1011000011 0.0349426 -3.14159
1011000100 0.022583 -3.14159
1011000101 0.00598907 0
1011000110 0.0247803 0
1011000111 0.0184326 0
1011001000 0.00723267 -3.14159
1011001001 0.0397949 -3.14159
1011001010 0.0357056 -3.14159
1011001011 0.0299377 -3.14159
1011001100 0.0275726 -3.14159
1011001101 0.012352 -3.14159
1011001110 0.00911713 0
1011001111 0.0225067 -3.14159
1011010000 0.00725174 0
1011010001 0.0415955 -3.14159
1011010010 0.0054512 0
1011010011 0.0321045 0
1011010100 0.046051 -3.14159
1011010101 0.0205231 0
1011010110 0.0670166 0
1011010111 0.014473 0
1011011000 0.00919342 0
1011011001 0.0212708 0
1011011010 0.00540543 -3.14159
1011011011 0.0253143 -3.14159
1011011100 0.0314636 0
1011011101 0.0487061 0
1011011110 0.000873089 -3.14159
1011011111 0.00559998 -3.14159
1011100000 0.00808716 -3.14159
1011100001 0.020401 -3.14159
1011100010 0.0524902 0
1011100011 0.00726318 0
1011100100 0.0420532 0
1011100101 0.0600586 0
1011100110 0.00208855 0
1011100111 0.0328369 -3.14159
1011101000 0.0755005 -3.14159
1011101001 5.13792e-05 -3.14159
1011101010 0.0870972 -3.14159
1011101011 0.0342102 0
1011101100 0.00263596 0
1011101101 0.0312195 0
1011101110 0.0106201 -3.14159
1011101111 0.0678101 0
1011110000 0.057251 -3.14159
1011110001 0.0189362 -3.14159
1011110010 0.00377464 0
1011110011 0.0106201 0
1011110100 0.000761509 0
1011110101 0.0263062 0
1011110110 0.032196 -3.14159
1011110111 0.0350342 0
1011111000 0.0098114 0
1011111001 0.000311136 0
1011111010 0.0463562 -3.14159
1011111011 0.0762329 0
1011111100 0.0090332 -3.14159
1011111101 0.00581741 0
1011111110 0.0528259 0
1011111111 0.0204163 -3.14159
1100000000 0.0278473 0
1100000001 0.0116196 0
1100000010 0.00290298 -3.14159
1100000011 0.0646362 -3.14159
1100000100 0.0361023 -3.14159
1100000101 0.0608521 0
1100000110 0.00126553 -3.14159
1100000111 0.029007 -3.14159
1100001000 0.040741 -3.14159
1100001001 0.0543823 -3.14159
1100001010 0.00585556 -3.14159
1100001011 0.00339127 0
1100001100 0.00196648 0
1100001101 0.00244904 0
1100001110 0.0333557 -3.14159
1100001111 0.0595398 0
1100010000 0.0297699 -3.14159
1100010001 0.00543213 -3.14159
1100010010 0.0486145 0
1100010011 0.0181732 -3.14159
1100010100 0.0218201 -3.14159
1100010101 0.0271912 -3.14159
1100010110 0.0313721 0
1100010111 0.0698242 0
1100011000 0.0814209 -3.14159
1100011001 0.00878143 0
1100011010 0.0487061 -3.14159
1100011011 0.0110703 0
1100011100 0.025528 0
1100011101 0.00645447 0
1100011110 0.00413132 0
1100011111 0.0457153 -3.14159
1100100000 0.0525513 0
1100100001 0.0629272 0
1100100010 0.00409317 -3.14159
1100100011 0.0238495 0
1100100100 0.00867462 0
1100100101 0.0506287 -3.14159
1100100110 0.0369873 0
1100100111 0.0481262 -3.14159
1100101000 0.041748 0
1100101001 0.00123405 0
1100101010 0.0242767 -3.14159
1100101011 0.00557327 0
1100101100 0.0083313 0
1100101101 0.0116348 -3.14159
1100101110 0.0552063 0
1100101111 0.027359 0
1100110000 0.0182648 0
1100110001 0.0786743 -3.14159
1100110010 0.0187531 -3.14159
1100110011 0.0240173 0
1100110100 0.0387878 0
1100110101 0.00267982 0
1100110110 0.0358887 0
1100110111 0.00902557 -3.14159
1100111000 0.00525284 -3.14159
1100111001 0.0888672 -3.14159
1100111010 0.0115738 0
1100111011 0.0447693 -3.14159
1100111100 0.0471191 -3.14159
1100111101 0.0207367 0
1100111110 0.035675 -3.14159
1100111111 0.0254364 -3.14159
1101000000 0.0742188 -3.14159
1101000001 0.0253143 0
1101000010 0.0167542 -3.14159
1101000011 0.0138474 -3.14159
1101000100 0.0566406 0
1101000101 0.0253296 0
1101000110 0.0303955 -3.14159
1101000111 0.0520325 0
1101001000 0.0146713 0
1101001001 0.0541382 0
1101001010 0.0112839 0
1101001011 0.0178986 0
1101001100 0.00322914 -3.14159
1101001101 0.0256958 0
1101001110 0.0380554 0
1101001111 0.0212402 0
1101010000 0.00754929 -3.14159
1101010001 0.0120316 -3.14159
1101010010 0.0374146 -3.14159
1101010011 0.0662231 -3.14159
1101010100 0.0168304 0
1101010101 0.00720978 -3.14159
1101010110 0.0509033 -3.14159
1101010111 0.0233154 0
1101011000 0.0463257 -3.14159
1101011001 0.00489044 0
1101011010 0.0192871 0
1101011011 0.0437622 -3.14159
1101011100 0.00028348 0
1101011101 0.0317383 -3.14159
1101011110 0.00466537 0
1101011111 0.0273895 -3.14159
1101100000 0.0789185 0
1101100001 0.0524292 0
1101100010 0.026474 -3.14159
1101100011 0.0167847 -3.14159
1101100100 0.017746 -3.14159
1101100101 0.0183563 -3.14159
1101100110 0.00409317 -3.14159
1101100111 0.0471497 -3.14159
1101101000 0.0184326 -3.14159
1101101001 0.00450897 0
1101101010 0.0257874 0
1101101011 0.00539017 0
1101101100 0.0166779 -3.14159
1101101101 0.0293732 -3.14159
1101101110 0.0328674 -3.14159
1101101111 0.0147171 -3.14159
1101110000 0.0146408 -3.14159
1101110001 0.0663452 0
1101110010 0.00397491 0
1101110011 0.0312195 -3.14159
1101110100 0.00767136 -3.14159
1101110101 0.0644531 -3.14159
1101110110 0.00965118 -3.14159
1101110111 0.00266075 -3.14159
1101111000 0.00974274 0
1101111001 0.00387001 -3.14159
1101111010 0.0050087 -3.14159
1101111011 0.0211029 -3.14159
1101111100 0.016037 0
1101111101 0.0548706 -3.14159
1101111110 0.0267944 -3.14159
1101111111 0.0475464 0
1110000000 0.0415039 -3.14159
1110000001 0.0144119 -3.14159
1110000010 0.0594177 0
1110000011 0.0322876 0
1110000100 0.0192871 0
1110000101 0.0635986 0
1110000110 0.0579224 -3.14159
1110000111 0.00316429 0
1110001000 0.0133438 0
1110001001 0.0395813 0
1110001010 0.0331421 0
1110001011 0.0248413 -3.14159
1110001100 0.0223389 0
1110001101 0.00523376 0
1110001110 0.00351143 0
1110001111 0.00721359 -3.14159
1110010000 0.0166168 0
1110010001 0.0448914 -3.14159
1110010010 0.0156403 -3.14159
1110010011 0.00212288 0
1110010100 0.0245972 -3.14159
1110010101 0.0692139 -3.14159
1110010110 0.0376587 0
1110010111 0.0717773 -3.14159
1110011000 0.00958252 0
1110011001 0.00158882 -3.14159
1110011010 0.0547485 -3.14159
1110011011 0.0271912 -3.14159
1110011100 0.0327148 0
1110011101 0.00791931 -3.14159
1110011110 0.0140076 0
1110011111 0.0424194 0
1110100000 0.00859833 -3.14159
1110100001 0.0192261 0
1110100010 0.0475769 0
1110100011 0.0201874 -3.14159
1110100100 0.0575256 0
1110100101 0.0380249 0
1110100110 0.0213013 -3.14159
1110100111 0.00263977 -3.14159
1110101000 0.00740814 -3.14159
1110101001 0.012146 0
1110101010 0.0207062 0
1110101011 0.0148544 0
1110101100 0.0350952 -3.14159
1110101101 0.0305328 0
1110101110 0.0378723 -3.14159
1110101111 0.0302887 -3.14159
1110110000 0.0180206 0
1110110001 0.00496674 0
1110110010 0.0588074 -3.14159
1110110011 0.0437927 -3.14159
1110110100 0.0200653 -3.14159
1110110101 0.0690308 0
1110110110 0.029541 -3.14159
1110110111 0.0232239 -3.14159
1110111000 0.00623322 0
1110111001 0.028595 0
1110111010 0.046814 0
1110111011 0.0233459 0
1110111100 0.0099411 -3.14159
1110111101 0.0242767 -3.14159
1110111110 0.0175171 0
1110111111 0.0092392 0
1111000000 0.0158539 0
1111000001 0.0837402 0
1111000010 0.0419617 0
1111000011 0.000760555 -3.14159
1111000100 0.00439453 0
1111000101 0.0370789 -3.14159
1111000110 0.00997162 -3.14159
1111000111 0.0246124 0
1111001000 0.0350037 0
1111001001 0.00551987 0
1111001010 0.00610733 -3.14159
1111001011 0.0215759 -3.14159
1111001100 0.0170135 0
1111001101 0.0889282 0
1111001110 0.000564098 -3.14159
1111001111 0.0101395 0
1111010000 0.00337601 -3.14159
1111010001 0.0157928 -3.14159
1111010010 0.0260925 -3.14159
1111010011 0.0266876 -3.14159
1111010100 0.00222015 0
1111010101 0.00875854 -3.14159
1111010110 0.0587463 0
1111010111 0.0113754 0
1111011000 0.0553284 0
1111011001 0.0220337 -3.14159
1111011010 0.00269508 -3.14159
1111011011 0.0102615 -3.14159
1111011100 0.00684357 -3.14159
1111011101 0.00814819 0
1111011110 0.0209045 0
1111011111 0.00981903 -3.14159
1111100000 0.0844116 0
1111100001 0.0202179 -3.14159
1111100010 0.0258026 -3.14159
1111100011 0.0438232 0
1111100100 0.0519714 -3.14159
1111100101 0.0158997 0
1111100110 0.0852051 -3.14159
1111100111 0.0400391 -3.14159
1111101000 0.0128784 -3.14159
1111101001 0.0432129 -3.14159
1111101010 0.0455627 -3.14159
1111101011 0.0856934 0
1111101100 0.0680542 0
1111101101 0.0203552 -3.14159
1111101110 0.0393372 0
1111101111 0.00569153 0
1111110000 0.0139618 0
1111110001 0.0316162 0
1111110010 0.0347595 -3.14159
1111110011 0.0140686 0
1111110100 0.00986481 0
1111110101 0.00747299 0
1111110110 0.038208 0
1111110111 0.0144043 0
1111111000 0.0119781 0
1111111001 0.0645752 -3.14159
1111111010 0.014534 -3.14159
1111111011 0.0354614 -3.14159
1111111100 0.000605583 0
1111111101 0.0346375 0
1111111110 0.00517273 0
1111111111 0.01548 -3.14159
