0000000000 0.0246887 0
0000000001 0.0511169 0
0000000010 0.000974655 0
0000000011 0.0201263 0
0000000100 0.0154266 -3.14159
0000000101 0.0127335 0
0000000110 0.0108414 -3.14159
0000000111 0.0344238 -3.14159
0000001000 0.00547409 -3.14159
0000001001 0.0404053 -3.14159
0000001010 0.000115216 0
0000001011 0.00550461 0
0000001100 0.0574036 -3.14159
0000001101 0.0223999 0
0000001110 0.0122147 0
0000001111 0.0347595 0
0000010000 0.0256653 -3.14159
0000010001 0.0214691 -3.14159
0000010010 0.0291748 -3.14159
0000010011 0.0289764 -3.14159
0000010100 0.0299988 -3.14159
0000010101 0.00585175 -3.14159
0000010110 0.00318527 0
0000010111 0.00344276 -3.14159
0000011000 0.0728149 0
0000011001 0.00449753 0
0000011010 0.00218773 -3.14159
0000011011 0.0477905 -3.14159
0000011100 0.0290375 -3.14159
0000011101 0.00748444 -3.14159
0000011110 0.00541306 0
0000011111 0.00346756 -3.14159
0000100000 0.0769653 -3.14159
0000100001 0.0234833 -3.14159
0000100010 0.0618286 -3.14159
0000100011 0.031189 -3.14159
0000100100 0.0104141 0
0000100101 0.0222931 0
0000100110 0.00119877 0
0000100111 0.00830841 0
0000101000 0.0098877 0
0000101001 0.0405273 -3.14159
0000101010 0.0113297 0
0000101011 0.0236969 -3.14159
0000101100 0.0486755 -3.14159
0000101101 0.0231476 0
0000101110 0.00397873 -3.14159
0000101111 0.00593567 -3.14159
0000110000 0.0447998 0
0000110001 0.0479736 -3.14159
0000110010 0.0386658 -3.14159
0000110011 0.0333862 0
0000110100 0.0102844 0
0000110101 0.0100861 0
0000110110 0.0127411 0
0000110111 0.0336304 0
0000111000 0.012146 -3.14159
0000111001 0.0375671 -3.14159
0000111010 0.0155258 -3.14159
0000111011 0.0197906 -3.14159
0000111100 0.0214081 0
0000111101 0.0254059 0
0000111110 0.0131912 0
0000111111 0.0287628 0
0001000000 0.0665283 0
0001000001 0.0030098 -3.14159
0001000010 0.0141449 -3.14159
0001000011 0.0228729 0
0001000100 0.00458145 0
0001000101 0.0598755 -3.14159
0001000110 0.0164948 -3.14159
0001000111 0.00904846 0
0001001000 0.0446472 -3.14159
0001001001 0.00251198 -3.14159
0001001010 0.0232544 0
0001001011 0.00982666 -3.14159
0001001100 0.0214081 -3.14159
0001001101 0.00516129 0
0001001110 0.0271606 0
0001001111 0.019928 0
0001010000 0.0128479 0
0001010001 0.0212708 -3.14159
0001010010 0.0446167 -3.14159
0001010011 0.00336647 0
0001010100 0.0141068 0
0001010101 0.0189667 0
0001010110 0.0115051 -3.14159
0001010111 0.0108795 0
0001011000 0.00901031 0
0001011001 0.00184155 -3.14159
0001011010 0.00759125 -3.14159
0001011011 0.00675201 0
0001011100 0.035614 0
0001011101 0.0429077 -3.14159
0001011110 0.039093 -3.14159
0001011111 0.0262451 0
0001100000 0.0187683 0
0001100001 0.0109253 -3.14159
0001100010 0.0390015 -3.14159
0001100011 0.022995 -3.14159
0001100100 0.0526733 -3.14159
0001100101 0.0089798 0
0001100110 0.0309448 -3.14159
0001100111 0.019455 -3.14159
0001101000 0.0220642 0
0001101001 0.0702515 0
0001101010 0.0131302 -3.14159
0001101011 0.0326843 0
0001101100 0.0161743 -3.14159
0001101101 0.0639038 -3.14159
0001101110 0.00260353 0
0001101111 1.19209e-06 -3.14159
0001110000 0.0501099 -3.14159
0001110001 0.00926208 -3.14159
0001110010 0.0592651 -3.14159
0001110011 0.035614 0
0001110100 0.0260773 -3.14159
0001110101 0.0151978 0
0001110110 0.036438 -3.14159
0001110111 0.0229645 -3.14159
0001111000 0.0363159 -3.14159
0001111001 0.00274277 0
0001111010 0.0183716 -3.14159
0001111011 0.00807953 -3.14159
0001111100 0.00346375 -3.14159
0001111101 0.0448303 0
0001111110 0.0215302 -3.14159
0001111111 0.0298004 -3.14159
0010000000 0.0362244 0
0010000001 0.0210571 -3.14159
0010000010 0.0174866 0
0010000011 0.0128326 -3.14159
0010000100 0.00999451 0
0010000101 0.00314331 -3.14159
0010000110 0.0301666 0
0010000111 0.0152969 0
0010001000 0.0232239 -3.14159
0010001001 0.00197601 -3.14159
0010001010 0.0106735 -3.14159
0010001011 0.011261 -3.14159
0010001100 0.0213013 0
0010001101 0.0428162 0
0010001110 0.0536804 0
0010001111 0.0223999 -3.14159
0010010000 0.0326233 -3.14159
0010010001 0.0153809 -3.14159
0010010010 0.0125427 -3.14159
0010010011 0.0394287 -3.14159
0010010100 0.0700684 -3.14159
0010010101 0.00315285 0
0010010110 0.000658035 -3.14159
0010010111 0.0282593 0
0010011000 0.0108109 0
0010011001 0.0299225 -3.14159
0010011010 0.000184774 0
0010011011 0.00828552 0
0010011100 0.0163727 -3.14159
0010011101 0.0351257 0
0010011110 0.00261307 0
0010011111 0.00419235 0
0010100000 0.0179749 0
0010100001 0.000806808 0
0010100010 0.038269 -3.14159
0010100011 0.00920105 -3.14159
0010100100 0.00595474 0
0010100101 0.00394821 -3.14159
0010100110 0.000269413 0
0010100111 0.0149994 0
0010101000 0.0085144 -3.14159
0010101001 0.00750732 0
0010101010 0.019577 -3.14159
0010101011 0.00912476 0
0010101100 0.0303955 0
0010101101 0.00926971 0
0010101110 0.026123 -3.14159
0010101111 0.0162506 0
0010110000 0.00473022 0
0010110001 0.0987549 -3.14159
0010110010 0.0151596 -3.14159
0010110011 0.0319824 0
0010110100 0.0400085 0
0010110101 0.0101852 0
0010110110 0.0266418 0
0010110111 0.0426025 -3.14159
0010111000 1.78814e-07 -3.14159
0010111001 0.00293541 -3.14159
0010111010 0.0187531 -3.14159
0010111011 0.0307465 0
0010111100 0.0267792 0
0010111101 0.0489502 -3.14159
0010111110 0.0284424 -3.14159
0010111111 0.0714111 -3.14159
0011000000 0.00952148 0
0011000001 0.0561218 0
0011000010 0.0131531 0
0011000011 0.024826 0
0011000100 0.0465393 -3.14159
0011000101 0.0149612 -3.14159
0011000110 5.62072e-05 0
0011000111 0.00445175 0
0011001000 0.00679779 0
0011001001 0.0295715 -3.14159
0011001010 0.0176849 0
0011001011 0.0331116 -3.14159
0011001100 0.0120087 -3.14159
0011001101 0.00361824 0
0011001110 0.0226135 -3.14159
0011001111 0.0206146 -3.14159
0011010000 0.0343933 0
0011010001 0.00362015 0
0011010010 0.0422363 0
0011010011 0.0107422 0
0011010100 0.0178833 0
0011010101 0.033905 -3.14159
0011010110 0.022995 -3.14159
0011010111 0.0350647 0
0011011000 0.0145569 0
0011011001 0.0317993 0
0011011010 0.0177612 0
0011011011 0.00846863 0
0011011100 0.00465775 0
0011011101 0.0474854 -3.14159
0011011110 0.0303955 -3.14159
0011011111 0.0214386 0
0011100000 0.0110092 0
0011100001 0.0220947 0
0011100010 0.0172882 -3.14159
0011100011 0.0354004 -3.14159
0011100100 0.0234375 0
0011100101 0.086731 0
0011100110 0.00557709 -3.14159
0011100111 0.0274506 -3.14159
0011101000 0.0323792 -3.14159
0011101001 0.00291252 0
0011101010 0.059845 -3.14159
0011101011 0.0131149 -3.14159
0011101100 0.0170898 -3.14159
0011101101 0.0291138 -3.14159
0011101110 0.00523758 -3.14159
0011101111 0.0831299 0
0011110000 0.0229797 -3.14159
0011110001 0.031311 -3.14159
0011110010 0.0114822 0
0011110011 0.0606384 -3.14159
0011110100 0.000580788 -3.14159
0011110101 0.00477982 -3.14159
0011110110 0.0171661 0
0011110111 0.00978851 -3.14159
0011111000 0.0897217 0
0011111001 0.00400162 -3.14159
0011111010 0.00363922 -3.14159
0011111011 0.0180969 0
0011111100 0.0182343 -3.14159
0011111101 0.037384 -3.14159
0011111110 0.0506287 0
0011111111 0.00176811 -3.14159
0100000000 0.0503235 0
0100000001 0.0287628 0
0100000010 0.0295715 -3.14159
0100000011 0.0350952 0
0100000100 0.0413513 -3.14159
0100000101 0.00567627 0
0100000110 0.0170288 0
0100000111 0.0516357 0
0100001000 0.00644302 -3.14159
0100001001 0.0163727 -3.14159
0100001010 0.00353241 0
0100001011 0.0502625 -3.14159
0100001100 0.0142136 -3.14159
0100001101 0.00337601 -3.14159
0100001110 0.0212708 -3.14159
0100001111 0.0242615 -3.14159
0100010000 0.0124054 -3.14159
0100010001 0.0577393 -3.14159
0100010010 0.00952148 0
0100010011 0.00529861 0
0100010100 0.00683212 0
0100010101 0.0159149 -3.14159
0100010110 0.0138474 0
0100010111 0.0189056 0
0100011000 0.00440598 -3.14159
0100011001 0.0371094 0
0100011010 0.000666618 -3.14159
0100011011 0.0970459 -3.14159
0100011100 0.0209351 -3.14159
0100011101 0.00817108 -3.14159
0100011110 0.0163422 -3.14159
0100011111 0.0303192 0
0100100000 0.00388145 -3.14159
0100100001 0.0157776 0
0100100010 0.0157471 -3.14159
0100100011 0.0180054 0
0100100100 0.00767136 0
0100100101 0.0118332 0
0100100110 0.0231781 -3.14159
0100100111 0.0387268 -3.14159
0100101000 0.0482788 0
0100101001 0.093689 -3.14159
0100101010 0.0258179 0
0100101011 0.000482559 0
0100101100 0.0224304 0
0100101101 0.0281982 -3.14159
0100101110 0.0172272 0
0100101111 0.00562286 0
0100110000 0.00360298 0
0100110001 0.0427856 -3.14159
0100110010 0.0102539 0
0100110011 0.00840759 0
0100110100 0.00648117 -3.14159
0100110101 0.0375366 0
0100110110 0.0127716 -3.14159
0100110111 0.00608444 -3.14159
0100111000 0.0075798 -3.14159
0100111001 0.06427 -3.14159
0100111010 0.0248566 -3.14159
0100111011 0.0299225 -3.14159
0100111100 0.0533142 -3.14159
0100111101 0.00465393 -3.14159
0100111110 0.0237122 0
0100111111 0.0431213 -3.14159
0101000000 0.00109863 0
0101000001 0.0146866 -3.14159
0101000010 0.00400543 -3.14159
0101000011 0.0156555 0
0101000100 0.0155716 -3.14159
0101000101 0.00406265 -3.14159
0101000110 0.033783 -3.14159
0101000111 0.0148315 -3.14159
0101001000 0.00751495 0
0101001001 0.0285339 -3.14159
0101001010 0.0011301 0
0101001011 0.0148849 0
0101001100 0.015686 -3.14159
0101001101 0.0165405 -3.14159
0101001110 0.0508728 0
0101001111 0.0051651 -3.14159
0101010000 0.0140305 0
0101010001 0.00515366 0
0101010010 0.0363464 0
0101010011 0.033783 -3.14159
0101010100 0.0430298 0
0101010101 0.00502777 0
0101010110 0.00363159 0
0101010111 0.000756741 -3.14159
0101011000 0.0402832 0
0101011001 0.0338745 0
0101011010 0.0274811 -3.14159
0101011011 0.0560608 -3.14159
0101011100 0.0368652 -3.14159
0101011101 0.0706177 0
0101011110 0.00780487 0
0101011111 0.0430298 0
0101100000 0.0222778 0
0101100001 0.0533447 -3.14159
0101100010 0.0276947 -3.14159
0101100011 0.0157166 -3.14159
0101100100 0.00226784 -3.14159
0101100101 0.00635529 -3.14159
0101100110 0.0364685 -3.14159
0101100111 0.0181885 -3.14159
0101101000 0.052063 -3.14159
0101101001 0.00168037 -3.14159
0101101010 0.0318298 0
0101101011 0.0227661 0
0101101100 0.0128326 -3.14159
0101101101 0.0345459 -3.14159
0101101110 0.00785065 -3.14159
0101101111 0.0028801 0
0101110000 0.0435791 -3.14159
0101110001 0.0240021 0
0101110010 0.0527039 -3.14159
0101110011 0.0124969 0
0101110100 0.0272064 0
0101110101 0.00259209 -3.14159
0101110110 0.00489044 0
0101110111 0.00405121 0
0101111000 0.00189114 -3.14159
0101111001 0.0463867 0
0101111010 0.00675201 -3.14159
0101111011 0.016449 -3.14159
0101111100 0.0119934 -3.14159
0101111101 0.0473022 -3.14159
0101111110 0.0127563 0
0101111111 0.0575256 0
0110000000 0.0217896 0
0110000001 0.0378113 0
0110000010 0.0224152 -3.14159
0110000011 0.0454407 0
0110000100 0.0617676 -3.14159
0110000101 0.000519753 -3.14159
0110000110 0.0129166 0
0110000111 0.0101776 -3.14159
0110001000 0.0260773 -3.14159
0110001001 0.0234222 -3.14159
0110001010 0.0389404 -3.14159
0110001011 0.0327454 0
0110001100 0.0177612 0
0110001101 0.0339966 -3.14159
0110001110 0.0195618 0
0110001111 0.00935364 0
0110010000 0.0175171 0
0110010001 0.0246277 0
0110010010 0.0208893 0
0110010011 0.0106888 0
0110010100 0.0587463 -3.14159
0110010101 0.0542908 -3.14159
0110010110 0.00984192 -3.14159
0110010111 0.0197906 0
0110011000 0.015213 0
0110011001 0.0496216 -3.14159
0110011010 0.0234222 0
0110011011 0.0480347 0
0110011100 0.026886 -3.14159
0110011101 0.00576782 -3.14159
0110011110 0.0432129 0
0110011111 0.00968933 0
0110100000 0.012619 0
0110100001 0.0248413 0
0110100010 0.0177917 -3.14159
0110100011 0.0382385 -3.14159
0110100100 0.0479431 0
0110100101 0.0105515 0
0110100110 0.00211525 -3.14159
0110100111 0.00559616 0
0110101000 0.03302 -3.14159
0110101001 0.0299683 -3.14159
0110101010 0.00143719 0
0110101011 0.0114975 -3.14159
0110101100 0.0159607 -3.14159
0110101101 0.0391541 0
0110101110 0.0491028 0
0110101111 0.0122833 -3.14159
0110110000 0.0205536 0
0110110001 0.0744629 -3.14159
0110110010 0.00817108 -3.14159
0110110011 0.0230103 -3.14159
0110110100 0.00598145 0
0110110101 0.0253143 0
0110110110 0.0357666 0
0110110111 0.0250092 0
0110111000 0.0222931 -3.14159
0110111001 0.0223236 -3.14159
0110111010 0.0358276 0
0110111011 0.0701294 0
0110111100 0.026062 -3.14159
0110111101 0.0359497 -3.14159
0110111110 0.0411987 -3.14159
0110111111 0.0279694 -3.14159
0111000000 0.0199585 -3.14159
0111000001 0.0311127 -3.14159
0111000010 0.030365 0
0111000011 0.0092392 0
0111000100 0.00458527 -3.14159
0111000101 0.032135 -3.14159
0111000110 0.00270081 0
0111000111 0.00151157 0
0111001000 0.0234375 0
0111001001 0.00404739 0
0111001010 0.0103455 -3.14159
0111001011 0.0167236 0
0111001100 0.0361328 0
0111001101 0.00317574 -3.14159
0111001110 0.0410156 0
0111001111 0.0468445 0
0111010000 0.0415955 0
0111010001 0.00962067 0
0111010010 0.0389709 0
0111010011 0.0512085 0
0111010100 0.0209351 0
0111010101 0.0133667 -3.14159
0111010110 0.00123119 0
0111010111 0.0162201 0
0111011000 0.0059967 0
0111011001 0.000388384 0
0111011010 0.03479 0
0111011011 0.00828552 0
0111011100 0.0102539 0
0111011101 0.0281067 0
0111011110 0.00658417 -3.14159
0111011111 0.00700378 -3.14159
0111100000 0.0455627 -3.14159
0111100001 0.000377417 0
0111100010 0.0219269 0
0111100011 0.0478516 0
0111100100 0.00579071 -3.14159
0111100101 0.0375366 -3.14159
0111100110 0.00918579 -3.14159
0111100111 0.0152664 -3.14159
0111101000 0.0314636 -3.14159
0111101001 0.000322342 0
0111101010 0.0710449 -3.14159
0111101011 0.00921631 -3.14159
0111101100 0.0204468 -3.14159
0111101101 0.0131149 -3.14159
0111101110 0.0478516 0
0111101111 0.00909424 -3.14159
0111110000 0.00208664 0
0111110001 0.036377 -3.14159
0111110010 0.0287018 0
0111110011 0.0838623 -3.14159
0111110100 0.00388908 -3.14159
0111110101 0.00551987 0
0111110110 0.0122299 -3.14159
0111110111 0.0201416 0
0111111000 0.0552979 -3.14159
0111111001 0.0555115 0
0111111010 0.0176086 -3.14159
0111111011 0.005867 -3.14159
0111111100 0.0164642 -3.14159
0111111101 0.00438309 0
0111111110 0.00145721 -3.14159
0111111111 0.0378418 0
1000000000 0.0245514 0
1000000001 0.0277557 -3.14159
1000000010 0.00759125 -3.14159
1000000011 0.0294647 -3.14159
1000000100 0.0253296 0
1000000101 0.0385132 0
1000000110 0.054657 0
1000000111 0.0208282 0
1000001000 0.012352 -3.14159
1000001001 5.32269e-05 0
1000001010 0.0219879 -3.14159
1000001011 0.0433655 -3.14159
1000001100 0.00669861 0
1000001101 0.0325928 -3.14159
1000001110 0.0318604 -3.14159
1000001111 0.0341492 -3.14159
1000010000 0.014389 -3.14159
1000010001 0.0621643 -3.14159
1000010010 0.0214996 0
1000010011 0.0243683 0
1000010100 0.0501099 0
1000010101 0.0383606 0
1000010110 0.00614548 0
1000010111 0.0119247 -3.14159
1000011000 0.00635147 0
1000011001 0.0118179 0
1000011010 0.0149841 0
1000011011 0.0538025 0
1000011100 0.0125885 -3.14159
1000011101 0.00688171 -3.14159
1000011110 0.0362549 -3.14159
1000011111 0.0444641 0
1000100000 0.0440369 -3.14159
1000100001 0.0182953 -3.14159
1000100010 0.00155926 0
1000100011 0.0139618 -3.14159
1000100100 0.024826 -3.14159
1000100101 0.0663452 -3.14159
1000100110 0.0436401 -3.14159
1000100111 0.0767212 0
1000101000 0.0180511 0
1000101001 0.019043 -3.14159
1000101010 0.00145912 -3.14159
1000101011 0.00408173 -3.14159
1000101100 0.0803223 -3.14159
1000101101 0.0145035 0
1000101110 0.00333786 0
1000101111 0.0222015 0
1000110000 0.031189 0
1000110001 0.00405884 -3.14159
1000110010 0.0248566 0
1000110011 0.0100021 -3.14159
1000110100 0.0133438 -3.14159
1000110101 0.0232391 0
1000110110 0.0340881 -3.14159
1000110111 0.00697708 -3.14159
1000111000 0.0404358 -3.14159
1000111001 0.00177479 0
1000111010 0.0748901 0
1000111011 0.00613785 -3.14159
1000111100 0.030426 0
1000111101 0.00139809 0
1000111110 0.0307922 -3.14159
1000111111 0.011528 0
1001000000 0.0169067 0
1001000001 0.0518494 -3.14159
1001000010 0.0197906 0
1001000011 0.0131378 0
1001000100 0.00199699 0
1001000101 0.01548 -3.14159
1001000110 0.0419006 -3.14159
1001000111 0.0341492 -3.14159
1001001000 0.00125408 0
1001001001 0.00394058 -3.14159
1001001010 0.0534668 -3.14159
1001001011 0.0184479 0
1001001100 4.49419e-05 0
1001001101 0.0245972 -3.14159
1001001110 0.0229645 -3.14159
1001001111 0.0177765 0
1001010000 0.0178223 0
1001010001 0.0319214 -3.14159
1001010010 0.022934 0
1001010011 0.0415955 -3.14159
1001010100 0.0132217 -3.14159
1001010101 0.0527649 -3.14159
1001010110 0.0299988 0
1001010111 0.0189362 -3.14159
1001011000 0.0384216 0
1001011001 0.00603104 0
1001011010 0.0117416 -3.14159
1001011011 0.00430298 -3.14159
1001011100 0.00418091 0
1001011101 0.0496521 -3.14159
1001011110 0.0309906 -3.14159
1001011111 0.0407715 -3.14159
1001100000 0.0311127 0
1001100001 0.024231 0
1001100010 0.00251961 -3.14159
1001100011 0.0559082 0
1001100100 0.0158081 -3.14159
1001100101 0.0164948 0
1001100110 0.0491028 0
1001100111 0.0736084 0
1001101000 0.0115204 0
1001101001 0.0359192 -3.14159
1001101010 0.0578308 0
1001101011 0.0395813 0
1001101100 0.0588684 0
1001101101 0.0119629 -3.14159
1001101110 0.056488 -3.14159
1001101111 0.01651 -3.14159
1001110000 0.0605774 0
1001110001 0.04422 -3.14159
1001110010 0.0148621 0
1001110011 0.0092392 -3.14159
1001110100 0.0128479 -3.14159
1001110101 0.00647354 0
1001110110 0.00209427 -3.14159
1001110111 0.0130768 -3.14159
1001111000 0.0342102 0
1001111001 0.000509739 0
1001111010 0.0163727 0
1001111011 0.055542 0
1001111100 0.0189362 0
1001111101 0.0150604 -3.14159
1001111110 0.00325584 -3.14159
1001111111 0.026825 0
1010000000 0.0357056 -3.14159
1010000001 0.0461426 0
1010000010 0.0096283 0
1010000011 0.0357971 -3.14159
1010000100 0.0270844 0
1010000101 0.0665283 -3.14159
1010000110 0.0155411 -3.14159
1010000111 0.00889587 -3.14159
1010001000 0.00456238 0
1010001001 0.0347595 0
1010001010 0.00950623 -3.14159
1010001011 0.0718384 0
1010001100 0.00356293 0
1010001101 0.00281143 -3.14159
1010001110 0.00361061 0
1010001111 0.0367126 0
1010010000 0.0824585 0
1010010001 0.0187988 0
1010010010 0.0406494 -3.14159
1010010011 0.0258179 0
1010010100 0.00422287 -3.14159
1010010101 0.0113907 0
1010010110 0.0244751 0
1010010111 0.0150299 -3.14159
1010011000 0.0752563 0
1010011001 0.0231476 0
1010011010 0.00709915 0
1010011011 0.00563049 0
1010011100 0.0443726 0
1010011101 0.0308533 0
1010011110 0.00656891 -3.14159
1010011111 0.00701904 -3.14159
1010100000 0.0241089 -3.14159
1010100001 0.0323181 -3.14159
1010100010 0.0328369 -3.14159
1010100011 0.00426102 0
1010100100 0.0282135 0
1010100101 0.0215912 -3.14159
1010100110 0.0424194 0
1010100111 0.022583 -3.14159
1010101000 0.0242462 0
1010101001 0.0587463 0
1010101010 0.0277557 -3.14159
1010101011 0.0406799 0
1010101100 0.046875 0
1010101101 0.0116577 -3.14159
1010101110 0.0253754 0
1010101111 0.0209656 0
1010110000 0.0338135 0
1010110001 0.00803375 -3.14159
1010110010 0.0207977 0
1010110011 0.0114517 0
1010110100 0.0258789 -3.14159
1010110101 0.0218811 0
1010110110 0.0110626 -3.14159
1010110111 0.0289001 -3.14159
1010111000 0.0023365 0
1010111001 0.0183716 0
1010111010 0.011673 -3.14159
1010111011 0.000262022 0
1010111100 0.0261383 0
1010111101 0.023056 0
1010111110 0.0207977 -3.14159
1010111111 0.0253754 0
1011000000 0.0353699 -3.14159
1011000001 0.0293274 0
1011000010 0.0571289 0
1011000011 0.00322723 0
1011000100 0.0128937 0
1011000101 0.00715256 -3.14159
1011000110 0.00701141 0
1011000111 0.0115509 0
1011001000 0.00852203 -3.14159
1011001001 0.0537109 -3.14159
1011001010 0.0304565 -3.14159
1011001011 0.00154972 -3.14159
1011001100 0.0359802 -3.14159
1011001101 0.0415955 -3.14159
1011001110 0.028595 0
1011001111 0.0411987 -3.14159
1011010000 0.00420761 0
1011010001 0.0345154 -3.14159
1011010010 0.00706482 -3.14159
1011010011 0.0319519 0
1011010100 0.0214844 -3.14159
1011010101 0.0224609 0
1011010110 0.059082 0
1011010111 0.00217628 -3.14159
1011011000 0.018158 0
1011011001 0.0174103 0
1011011010 0.00423431 0
1011011011 0.0546265 -3.14159
1011011100 0.0189209 0
1011011101 0.026886 0
1011011110 0.0133972 0
1011011111 0.000536919 0
1011100000 0.00510025 0
1011100001 0.0276642 -3.14159
1011100010 0.0207062 0
1011100011 0.0340271 0
1011100100 0.0260315 0
1011100101 0.0761719 0
1011100110 0.00708389 -3.14159
1011100111 0.0233917 -3.14159
1011101000 0.0751343 -3.14159
1011101001 0.0275574 -3.14159
1011101010 0.046051 -3.14159
1011101011 0.0489502 0
1011101100 0.00541687 0
1011101101 0.0241241 0
1011101110 0.0085907 0
1011101111 0.100952 0
1011110000 0.0221558 -3.14159
1011110001 0.0165405 -3.14159
1011110010 0.0555115 -3.14159
1011110011 0.0426636 0
1011110100 0.00949097 -3.14159
1011110101 0.0270538 0
1011110110 0.0532227 -3.14159
1011110111 0.0228424 -3.14159
1011111000 0.034729 0
1011111001 0.0214233 0
1011111010 0.0150146 -3.14159
1011111011 0.0487061 0
1011111100 0.000876427 0
1011111101 0.0218811 0
1011111110 0.0628052 0
1011111111 0.00342941 0
1100000000 0.00114822 -3.14159
1100000001 0.00790405 0
1100000010 0.0024128 -3.14159
1100000011 0.0298615 -3.14159
1100000100 0.0178375 -3.14159
1100000101 0.0436401 0
1100000110 0.0234375 0
1100000111 0.0038147 -3.14159
1100001000 0.0424194 -3.14159
1100001001 0.035553 -3.14159
1100001010 0.0022316 -3.14159
1100001011 0.0222168 0
1100001100 0.0010004 0
1100001101 0.00583267 0
1100001110 0.060791 -3.14159
1100001111 0.0665283 0
1100010000 0.00704193 -3.14159
1100010001 0.019165 0
1100010010 0.0653687 0
1100010011 0.0223389 -3.14159
1100010100 0.0283051 -3.14159
1100010101 0.020752 -3.14159
1100010110 0.0480347 0
1100010111 0.0799561 0
1100011000 0.0613098 -3.14159
1100011001 0.0114517 0
1100011010 0.0277863 -3.14159
1100011011 0.0191345 0
1100011100 0.0515137 0
1100011101 0.000369787 -3.14159
1100011110 0.00193882 0
1100011111 0.0405579 -3.14159
1100100000 0.0203094 0
1100100001 0.0401917 0
1100100010 0.00521469 -3.14159
1100100011 0.00362778 0
1100100100 0.00505447 -3.14159
1100100101 0.0778809 -3.14159
1100100110 0.0675049 0
1100100111 0.0553894 -3.14159
1100101000 0.0280457 0
1100101001 0.00862885 0
1100101010 0.012291 0
1100101011 0.00654221 0
1100101100 0.0329285 0
1100101101 0.0165558 0
1100101110 0.0570984 0
1100101111 0.0118179 0
1100110000 0.00820923 0
1100110001 0.0691528 -3.14159
1100110010 0.00168896 -3.14159
1100110011 0.00621414 0
1100110100 0.00933075 0
1100110101 0.00206757 -3.14159
1100110110 0.0307465 0
1100110111 0.0189209 -3.14159
1100111000 0.0015173 0
1100111001 0.0759277 -3.14159
1100111010 0.0342407 0
1100111011 0.0371399 -3.14159
1100111100 0.0424194 -3.14159
1100111101 0.0222778 0
1100111110 0.0324097 -3.14159
1100111111 0.0211334 0
1101000000 0.0266418 -3.14159
1101000001 0.00529861 -3.14159
1101000010 0.0127182 -3.14159
1101000011 0.00566864 -3.14159
1101000100 0.00287247 -3.14159
1101000101 0.0197449 0
1101000110 0.040802 -3.14159
1101000111 0.040802 0
1101001000 0.0378418 0
1101001001 0.0640869 0
1101001010 0.0191345 0
1101001011 0.0235138 0
1101001100 0.0275574 0
1101001101 0.0234985 0
1101001110 0.0369873 0
1101001111 0.0244904 0
1101010000 0.0260925 -3.14159
1101010001 0.00535202 -3.14159
1101010010 0.0390015 -3.14159
1101010011 0.0350647 -3.14159
1101010100 0.0484924 0
1101010101 0.0106812 -3.14159
1101010110 0.00319672 0
1101010111 0.0201263 0
1101011000 0.0233765 -3.14159
1101011001 0.00784302 0
1101011010 0.0267792 0
1101011011 0.0568848 -3.14159
1101011100 0.0346375 -3.14159
1101011101 0.0334473 -3.14159
1101011110 0.0181427 0
1101011111 0.0303955 -3.14159
1101100000 0.0569153 0
1101100001 0.00889587 0
1101100010 0.013649 -3.14159
1101100011 0.00268364 -3.14159
1101100100 0.0233917 -3.14159
1101100101 0.0165863 -3.14159
1101100110 0.055603 0
1101100111 0.0524597 -3.14159
1101101000 0.00734329 0
1101101001 0.00152206 -3.14159
1101101010 0.0176392 0
1101101011 0.0224304 0
1101101100 0.022522 -3.14159
1101101101 0.0297241 -3.14159
1101101110 0.0124359 -3.14159
1101101111 0.00603485 -3.14159
1101110000 0.00867462 -3.14159
1101110001 0.0688477 0
1101110010 0.00575256 -3.14159
1101110011 0.033844 -3.14159
1101110100 0.0162964 0
1101110101 0.0299988 -3.14159
1101110110 0.0273132 -3.14159
1101110111 0.00697708 0
1101111000 0.0126801 0
1101111001 0.0036068 -3.14159
1101111010 0.0297241 -3.14159
1101111011 0.00235367 -3.14159
1101111100 0.0010891 0
1101111101 0.00289726 -3.14159
1101111110 0.0036869 0
1101111111 0.071228 0
1110000000 0.0574951 -3.14159
1110000001 0.0137482 -3.14159
1110000010 0.0583496 0
1110000011 0.0567017 0
1110000100 0.00976562 0
1110000101 0.0432129 0
1110000110 0.0305176 -3.14159
1110000111 0.00920868 0
1110001000 0.0259857 0
1110001001 0.0171509 0
1110001010 0.0204315 0
1110001011 0.0189362 -3.14159
1110001100 0.0689697 0
1110001101 0.0121994 0
1110001110 0.0028553 -3.14159
1110001111 0.0080719 0
1110010000 0.032135 0
1110010001 0.0156708 -3.14159
1110010010 0.02005 -3.14159
1110010011 0.00500107 -3.14159
1110010100 0.0378723 -3.14159
1110010101 0.0530396 -3.14159
1110010110 0.0280609 0
1110010111 0.0309601 -3.14159
1110011000 0.00997925 0
1110011001 0.010704 -3.14159
1110011010 0.0289154 -3.14159
1110011011 0.0505371 -3.14159
1110011100 0.0371399 0
1110011101 0.0279388 -3.14159
1110011110 0.00502396 0
1110011111 0.0393372 0
1110100000 0.00423431 -3.14159
1110100001 0.0257111 -3.14159
1110100010 0.0258789 0
1110100011 0.0274963 0
1110100100 0.0506897 0
1110100101 0.0252838 0
1110100110 0.0559082 -3.14159
1110100111 0.0141907 -3.14159
1110101000 0.037323 -3.14159
1110101001 0.0590515 0
1110101010 0.0167084 0
1110101011 0.0330811 0
1110101100 0.0280914 -3.14159
1110101101 0.0443115 0
1110101110 0.0403137 -3.14159
1110101111 0.0300598 -3.14159
1110110000 0.0116959 0
1110110001 0.03302 0
1110110010 0.0395508 -3.14159
1110110011 0.0475769 -3.14159
1110110100 0.022171 -3.14159
1110110101 0.041626 0
1110110110 0.0556946 -3.14159
1110110111 0.00444031 -3.14159
1110111000 0.0054512 0
1110111001 0.0319519 0
1110111010 0.0359802 0
1110111011 0.0105972 0
1110111100 0.0098877 -3.14159
1110111101 0.00171566 0
1110111110 0.00457764 0
1110111111 0.0027771 0
1111000000 0.0269928 0
1111000001 0.037323 0
1111000010 0.0363159 0
1111000011 0.0106812 -3.14159
1111000100 0.0395203 0
1111000101 0.0474854 -3.14159
1111000110 0.0147171 -3.14159
1111000111 0.0165863 0
1111001000 0.0603943 0
1111001001 0.0161133 -3.14159
1111001010 0.0175476 -3.14159
1111001011 0.0210419 -3.14159
1111001100 0.0219574 0
1111001101 0.0531921 0
1111001110 0.00810242 -3.14159
1111001111 0.000782013 0
1111010000 0.0110779 -3.14159
1111010001 0.0109329 0
1111010010 0.0136642 -3.14159
1111010011 0.0255127 -3.14159
1111010100 0.0148621 -3.14159
1111010101 0.0314331 -3.14159
1111010110 0.0666504 0
1111010111 0.0167542 0
1111011000 0.0274658 0
1111011001 0.023056 0
1111011010 0.0168762 -3.14159
1111011011 0.0119247 0
1111011100 0.0123291 0
1111011101 0.048645 0
1111011110 0.0118942 0
1111011111 0.00701904 -3.14159
1111100000 0.0897217 0
1111100001 0.00210762 -3.14159
1111100010 0.0225525 -3.14159
1111100011 0.0288849 0
1111100100 0.0882568 -3.14159
1111100101 0.000237942 -3.14159
1111100110 0.0700684 -3.14159
1111100111 0.0107956 -3.14159
1111101000 0.0200958 -3.14159
1111101001 0.0334167 -3.14159
1111101010 0.0367737 -3.14159
1111101011 0.0590515 0
1111101100 0.0654907 0
1111101101 0.00250435 0
1111101110 0.0198059 0
1111101111 0.0206146 0
1111110000 0.0264587 0
1111110001 0.0467834 0
1111110010 0.0530701 -3.14159
1111110011 0.00123692 -3.14159
1111110100 0.00884247 0
1111110101 0.0301361 0
1111110110 0.0167084 0
1111110111 0.0309448 0
1111111000 0.00836945 -3.14159
1111111001 0.0487671 -3.14159
1111111010 0.0129013 -3.14159
1111111011 0.00504684 -3.14159
1111111100 0.0112991 -3.14159
1111111101 0.00940704 0
1111111110 0.0233307 -3.14159
1111111111 0.0292053 0
