0000000000 0.0338135 0
0000000001 0.0405273 0
0000000010 0.0123444 0
0000000011 0.0116196 0
0000000100 0.00450897 0
0000000101 0.0197754 0
0000000110 0.0271149 -3.14159
0000000111 0.0312805 -3.14159
0000001000 0.00670624 -3.14159
0000001001 0.0218964 0
0000001010 0.0104675 0
0000001011 0.0140533 -3.14159
0000001100 0.0202179 -3.14159
0000001101 0.0205994 0
0000001110 0.0198059 0
0000001111 0.0127563 0
0000010000 0.000223756 0
0000010001 0.0460815 -3.14159
0000010010 0.0385742 -3.14159
0000010011 0.0310516 -3.14159
0000010100 0.0475769 -3.14159
0000010101 0.0186462 0
0000010110 0.00249672 -3.14159
0000010111 0.0189056 0
0000011000 0.0793457 0
0000011001 0.0163879 0
0000011010 0.00254059 0
0000011011 0.0592651 -3.14159
0000011100 0.0251312 -3.14159
0000011101 0.00304794 -3.14159
0000011110 0.0216675 0
0000011111 0.0122757 -3.14159
0000100000 0.0795898 -3.14159
0000100001 0.00538254 -3.14159
0000100010 0.0613098 -3.14159
0000100011 0.0348816 -3.14159
0000100100 0.00256348 0
0000100101 0.0254669 -3.14159
0000100110 0.0185089 -3.14159
0000100111 0.0221863 0
0000101000 0.00979614 -3.14159
0000101001 0.0357666 -3.14159
0000101010 0.0242615 -3.14159
0000101011 0.0310516 -3.14159
0000101100 0.0391846 -3.14159
0000101101 0.0228271 0
0000101110 0.0169678 -3.14159
0000101111 0.00536346 -3.14159
0000110000 0.0356445 0
0000110001 0.0496521 -3.14159
0000110010 0.0352478 -3.14159
0000110011 0.0309143 0
0000110100 0.00518036 -3.14159
0000110101 0.00104713 -3.14159
0000110110 0.0207977 0
0000110111 0.0326843 0
0000111000 0.0167542 -3.14159
0000111001 0.0165558 -3.14159
0000111010 0.0322876 -3.14159
0000111011 0.0349731 -3.14159
0000111100 0.00408936 0
0000111101 0.0230255 0
0000111110 0.0197601 0
0000111111 0.00296783 -3.14159
0001000000 0.0794067 0
0001000001 0.0172119 0
0001000010 0.0348511 -3.14159
0001000011 0.0141754 0
0001000100 0.0357971 -3.14159
0001000101 0.0800781 -3.14159
0001000110 0.0231628 -3.14159
0001000111 0.0206451 0
0001001000 0.0356445 -3.14159
0001001001 0.00816345 -3.14159
0001001010 0.0250244 0
0001001011 0.0245667 -3.14159
0001001100 0.0231934 -3.14159
0001001101 0.0226135 0
0001001110 0.00630951 0
0001001111 0.00587082 0
0001010000 0.00884247 -3.14159
0001010001 0.0424194 -3.14159
0001010010 0.0300903 -3.14159
0001010011 0.012352 0
0001010100 0.0122299 0
0001010101 0.0132217 0
0001010110 0.00596619 -3.14159
0001010111 0.00141335 0
0001011000 0.0099411 -3.14159
0001011001 0.00321579 0
0001011010 0.0177307 0
0001011011 0.0158844 0
0001011100 0.0284424 0
0001011101 0.0506287 -3.14159
0001011110 0.0262909 -3.14159
0001011111 0.0403748 0
0001100000 0.00160789 0
0001100001 0.00811768 0
0001100010 0.0483093 -3.14159
0001100011 0.0126877 -3.14159
0001100100 0.0514832 -3.14159
0001100101 0.00782013 -3.14159
0001100110 0.0496826 -3.14159
0001100111 0.0132751 0
0001101000 0.0161285 0
0001101001 0.0921021 0
0001101010 0.0139694 -3.14159
0001101011 0.0351257 0
0001101100 0.000660896 -3.14159
0001101101 0.0695801 -3.14159
0001101110 0.0283813 -3.14159
0001101111 0.00513077 -3.14159
0001110000 0.0621643 -3.14159
0001110001 0.0150146 -3.14159
0001110010 0.0568848 -3.14159
0001110011 0.0141068 0
0001110100 0.0316772 -3.14159
0001110101 0.0127106 0
0001110110 0.0336304 -3.14159
0001110111 0.00930023 -3.14159
0001111000 0.0506897 -3.14159
0001111001 0.0223999 0
0001111010 0.0255127 -3.14159
0001111011 0.0155411 -3.14159
0001111100 0.0208588 -3.14159
0001111101 0.0335388 0
0001111110 0.00885773 -3.14159
0001111111 0.0135574 0
0010000000 0.0348206 0
0010000001 0.0124435 -3.14159
0010000010 0.029068 0
0010000011 0.0492554 -3.14159
0010000100 0.00457001 0
0010000101 0.0140381 -3.14159
0010000110 0.0439148 0
0010000111 0.00795746 -3.14159
0010001000 0.00654602 0
0010001001 0.00942993 0
0010001010 0.00496292 0
0010001011 0.023056 -3.14159
0010001100 0.0458679 0
0010001101 0.00330162 -3.14159
0010001110 0.0120544 0
0010001111 0.0249023 -3.14159
0010010000 0.0133591 -3.14159
0010010001 0.0212555 -3.14159
0010010010 0.0112762 0
0010010011 0.00840759 -3.14159
0010010100 0.0634155 -3.14159
0010010101 0.0203094 0
0010010110 0.0122833 -3.14159
0010010111 0.0324097 0
0010011000 0.0106583 -3.14159
0010011001 0.0096817 -3.14159
0010011010 0.0406799 0
0010011011 0.00260925 0
0010011100 0.0059967 0
0010011101 0.0455017 0
0010011110 0.00540161 -3.14159
0010011111 0.0270996 0
0010100000 0.0223389 0
0010100001 0.000869751 0
0010100010 0.0162354 -3.14159
0010100011 0.00153828 0
0010100100 0.0195007 0
0010100101 0.014183 -3.14159
0010100110 0.00582886 -3.14159
0010100111 0.00650406 0
0010101000 0.00159359 -3.14159
0010101001 0.0372314 0
0010101010 0.0121918 0
0010101011 0.0251923 0
0010101100 0.0143661 0
0010101101 0.0166473 0
0010101110 0.0109329 -3.14159
0010101111 0.0281982 0
0010110000 0.00617599 -3.14159
0010110001 0.0834961 -3.14159
0010110010 0.0164337 -3.14159
0010110011 0.0305634 0
0010110100 0.0235138 0
0010110101 0.00699234 0
0010110110 0.0190582 0
0010110111 0.0163422 -3.14159
0010111000 0.00601578 0
0010111001 0.0217438 -3.14159
0010111010 0.0176086 0
0010111011 0.0320129 0
0010111100 0.0361328 0
0010111101 0.040863 -3.14159
0010111110 0.027298 -3.14159
0010111111 0.0722656 -3.14159
0011000000 0.039856 0
0011000001 0.0302887 0
0011000010 0.00566864 0
0011000011 0.0232544 0
0011000100 0.0131454 -3.14159
0011000101 0.0113144 0
0011000110 0.0354004 0
0011000111 0.00817871 -3.14159
0011001000 0.0184631 0
0011001001 0.0202942 -3.14159
0011001010 0.00329399 -3.14159
0011001011 0.0211029 -3.14159
0011001100 0.0342407 -3.14159
0011001101 0.0103836 -3.14159
0011001110 0.0300293 -3.14159
0011001111 0.032196 -3.14159
0011010000 0.00247765 0
0011010001 0.00503922 0
0011010010 0.0478821 0
0011010011 0.00288582 -3.14159
0011010100 0.00407028 0
0011010101 0.0392151 -3.14159
0011010110 0.0404663 -3.14159
0011010111 0.0652466 0
0011011000 0.0163727 0
0011011001 0.0238342 0
0011011010 0.00460815 0
0011011011 0.00413132 0
0011011100 0.00641251 -3.14159
0011011101 0.0220642 -3.14159
0011011110 0.0550842 -3.14159
0011011111 0.0293732 0
0011100000 0.0458679 0
0011100001 0.0169067 0
0011100010 0.0193481 -3.14159
0011100011 0.0203705 -3.14159
0011100100 0.0034771 -3.14159
0011100101 0.0750122 0
0011100110 0.00417709 -3.14159
0011100111 0.0242462 -3.14159
0011101000 0.0492859 -3.14159
0011101001 0.016983 0
0011101010 0.0689087 -3.14159
0011101011 0.0105057 -3.14159
0011101100 0.021347 -3.14159
0011101101 0.0344543 -3.14159
0011101110 0.00564957 0
0011101111 0.0467834 0
0011110000 0.0173035 -3.14159
0011110001 0.0303192 -3.14159
0011110010 0.00104713 0
0011110011 0.046814 -3.14159
0011110100 0.0225677 0
0011110101 0.00294304 -3.14159
0011110110 0.00640488 0
0011110111 0.0180969 0
0011111000 0.0892944 0
0011111001 0.0248108 0
0011111010 0.00968933 0
0011111011 0.0108643 0
0011111100 0.00234604 -3.14159
0011111101 0.058136 -3.14159
0011111110 0.00827026 0
0011111111 0.00516129 -3.14159
0100000000 0.072937 0
0100000001 0.017395 0
0100000010 0.0111847 -3.14159
0100000011 0.0567627 0
0100000100 0.0221252 -3.14159
0100000101 0.00419235 -3.14159
0100000110 0.00341415 0
0100000111 0.0462036 0
0100001000 0.00936127 0
0100001001 0.0137482 -3.14159
0100001010 0.000368595 0
0100001011 0.0447998 -3.14159
0100001100 0.0233154 -3.14159
0100001101 0.0204163 0
0100001110 0.00904083 -3.14159
0100001111 0.030365 -3.14159
0100010000 0.0215149 0
0100010001 0.0560913 -3.14159
0100010010 0.00458145 0
0100010011 0.00414276 0
0100010100 0.0104141 0
0100010101 0.0191498 -3.14159
0100010110 0.0244598 0
0100010111 0.027359 -3.14159
0100011000 0.00260162 -3.14159
0100011001 0.0295715 0
0100011010 0.00313759 -3.14159
0100011011 0.0890503 -3.14159
0100011100 0.0271301 -3.14159
0100011101 0.0261078 -3.14159
0100011110 0.0090332 -3.14159
0100011111 0.0182953 0
0100100000 0.0258789 -3.14159
0100100001 0.00378609 -3.14159
0100100010 0.0233612 -3.14159
0100100011 0.0234375 0
0100100100 0.012352 -3.14159
0100100101 0.0478821 0
0100100110 0.0316467 -3.14159
0100100111 0.0207672 -3.14159
0100101000 0.0435486 0
0100101001 0.0847168 -3.14159
0100101010 0.0525818 0
0100101011 0.0102768 0
0100101100 0.00983429 0
0100101101 0.067749 -3.14159
0100101110 0.000468254 -3.14159
0100101111 0.00680542 -3.14159
0100110000 0.0304871 0
0100110001 0.0372314 -3.14159
0100110010 0.00212669 0
0100110011 0.0012455 -3.14159
0100110100 0.0108261 -3.14159
0100110101 0.0308838 0
0100110110 0.013916 -3.14159
0100110111 0.00707245 -3.14159
0100111000 0.0109329 -3.14159
0100111001 0.0634766 -3.14159
0100111010 0.0451355 -3.14159
0100111011 0.0349426 -3.14159
0100111100 0.0401611 -3.14159
0100111101 0.00540543 0
0100111110 0.0483704 0
0100111111 0.0315247 -3.14159
0101000000 0.00436401 -3.14159
0101000001 0.000567436 0
0101000010 0.00355148 0
0101000011 0.0236664 0
0101000100 0.00444412 -3.14159
0101000101 0.0149841 0
0101000110 0.00205994 -3.14159
0101000111 0.00205231 0
0101001000 0.0122681 -3.14159
0101001001 0.0396729 -3.14159
0101001010 0.00208664 0
0101001011 0.0408325 0
0101001100 0.00621414 -3.14159
0101001101 0.0152283 -3.14159
0101001110 0.00502014 0
0101001111 0.0105896 0
0101010000 0.0427856 0
0101010001 0.0110855 0
0101010010 0.0314636 0
0101010011 0.0426025 -3.14159
0101010100 0.0278625 0
0101010101 0.0269928 0
0101010110 0.0139618 0
0101010111 0.00439453 0
0101011000 0.0320435 0
0101011001 0.0139923 0
0101011010 0.0126953 -3.14159
0101011011 0.0637207 -3.14159
0101011100 0.0104675 -3.14159
0101011101 0.065918 0
0101011110 0.0397339 0
0101011111 0.0351868 0
0101100000 0.0228577 0
0101100001 0.074585 -3.14159
0101100010 0.0272827 -3.14159
0101100011 0.0117569 -3.14159
0101100100 0.0136795 -3.14159
0101100101 0.0179901 0
0101100110 0.0484009 -3.14159
0101100111 0.0243683 -3.14159
0101101000 0.0600586 -3.14159
0101101001 0.00957489 -3.14159
0101101010 0.0376587 0
0101101011 0.0182343 0
0101101100 0.000218272 0
0101101101 0.0322876 -3.14159
0101101110 0.00800323 0
0101101111 0.0231628 0
0101110000 0.0308533 -3.14159
0101110001 0.0112305 0
0101110010 0.0565186 -3.14159
0101110011 0.0236511 0
0101110100 0.0383606 0
0101110101 0.0131454 0
0101110110 0.0186462 0
0101110111 0.00591278 0
0101111000 0.0366211 0
0101111001 0.0582886 0
0101111010 0.00260925 0
0101111011 0.0273132 -3.14159
0101111100 0.0211639 -3.14159
0101111101 0.0118484 -3.14159
0101111110 0.0227661 0
0101111111 0.055481 0
0110000000 0.024765 0
0110000001 0.0154114 0
0110000010 0.0159302 -3.14159
0110000011 0.0447388 0
0110000100 0.0835571 -3.14159
0110000101 0.00306129 0
0110000110 0.0130157 0
0110000111 0.0199738 0
0110001000 0.0205994 -3.14159
0110001001 0.0143814 -3.14159
0110001010 0.0311127 -3.14159
0110001011 0.017868 0
0110001100 0.00785065 0
0110001101 0.0375061 -3.14159
0110001110 0.0325012 0
0110001111 0.00396729 -3.14159
0110010000 0.00910187 0
0110010001 0.0222015 0
0110010010 0.000853539 -3.14159
0110010011 0.0292664 0
0110010100 0.0819092 -3.14159
0110010101 0.0648193 -3.14159
0110010110 0.0238495 -3.14159
0110010111 0.0087738 -3.14159
0110011000 0.0138779 0
0110011001 0.0434265 -3.14159
0110011010 0.000524998 -3.14159
0110011011 0.0515747 0
0110011100 0.0120697 -3.14159
0110011101 0.00549316 -3.14159
0110011110 0.0261078 0
0110011111 0.0216675 0
0110100000 0.00821686 0
0110100001 0.0243378 0
0110100010 0.00460052 0
0110100011 0.0129471 -3.14159
0110100100 0.0542297 0
0110100101 0.00857544 -3.14159
0110100110 0.00759888 0
0110100111 0.00975037 -3.14159
0110101000 0.0452576 -3.14159
0110101001 0.0445251 -3.14159
0110101010 0.00841522 0
0110101011 0.0223083 -3.14159
0110101100 0.0466614 -3.14159
0110101101 0.00419998 -3.14159
0110101110 0.0127792 0
0110101111 0.00255013 -3.14159
0110110000 0.000907421 -3.14159
0110110001 0.0969849 -3.14159
0110110010 0.0209656 0
0110110011 0.0189667 -3.14159
0110110100 0.0294342 0
0110110101 0.0316162 0
0110110110 0.0426941 0
0110110111 0.0160065 0
0110111000 0.0215302 -3.14159
0110111001 0.0196686 -3.14159
0110111010 0.0194702 0
0110111011 0.0701294 0
0110111100 0.02771 -3.14159
0110111101 0.00416946 0
0110111110 0.0307159 -3.14159
0110111111 0.0331421 -3.14159
0111000000 0.0329895 -3.14159
0111000001 0.0483093 -3.14159
0111000010 0.0079422 0
0111000011 0.0261383 -3.14159
0111000100 0.0361023 -3.14159
0111000101 0.0654907 -3.14159
0111000110 0.00247002 -3.14159
0111000111 0.017395 -3.14159
0111001000 0.0321045 0
0111001001 0.0163269 0
0111001010 0.0335693 -3.14159
0111001011 0.00627136 -3.14159
0111001100 0.017807 0
0111001101 0.01194 0
0111001110 0.0406799 0
0111001111 0.0618896 0
0111010000 0.0197144 0
0111010001 0.00413895 0
0111010010 0.00454712 0
0111010011 0.0317383 0
0111010100 0.0183716 0
0111010101 0.0111618 0
0111010110 0.00363922 -3.14159
0111010111 0.011055 -3.14159
0111011000 0.0128784 0
0111011001 0.0360107 -3.14159
0111011010 0.0292816 0
0111011011 0.0187073 0
0111011100 0.00554657 0
0111011101 0.0471802 0
0111011110 0.0183716 0
0111011111 0.0174713 0
0111100000 0.0378113 -3.14159
0111100001 0.0149155 -3.14159
0111100010 0.0214844 0
0111100011 0.0140381 0
0111100100 0.000103414 -3.14159
0111100101 0.0377197 -3.14159
0111100110 0.00835419 -3.14159
0111100111 0.0453491 -3.14159
0111101000 0.0462341 -3.14159
0111101001 0.00699615 -3.14159
0111101010 0.0569458 -3.14159
0111101011 0.0281219 -3.14159
0111101100 0.00361061 -3.14159
0111101101 0.0100861 -3.14159
0111101110 0.02565 0
0111101111 0.0249481 -3.14159
0111110000 0.00622177 0
0111110001 0.0520325 -3.14159
0111110010 0.0430908 0
0111110011 0.0616455 -3.14159
0111110100 0.00360489 0
0111110101 0.00255966 -3.14159
0111110110 0.0133514 0
0111110111 0.026825 0
0111111000 0.0579834 -3.14159
0111111001 0.0442505 0
0111111010 0.0185547 -3.14159
0111111011 0.0325623 0
0111111100 0.0107574 -3.14159
0111111101 0.0177002 -3.14159
0111111110 0.00640869 -3.14159
0111111111 0.0336609 0
1000000000 0.00742722 0
1000000001 9.52482e-05 -3.14159
1000000010 0.0186768 -3.14159
1000000011 0.0276642 -3.14159
1000000100 0.021347 0
1000000101 0.056366 0
1000000110 0.024826 0
1000000111 0.00457001 0
1000001000 0.0138779 -3.14159
1000001001 0.00555801 -3.14159
1000001010 0.0227051 -3.14159
1000001011 0.0701904 -3.14159
1000001100 0.00641632 0
1000001101 0.0378723 -3.14159
1000001110 0.0264435 -3.14159
1000001111 0.0276184 -3.14159
1000010000 0.000395536 0
1000010001 0.0561218 -3.14159
1000010010 0.00555038 0
1000010011 0.0112915 0
1000010100 0.00942993 0
1000010101 0.0375366 0
1000010110 0.0128021 0
1000010111 0.00292206 0
1000011000 0.0167084 0
1000011001 0.0354614 0
1000011010 0.00307083 -3.14159
1000011011 0.0114365 0
1000011100 0.00899506 0
1000011101 0.0142899 -3.14159
1000011110 0.0175934 -3.14159
1000011111 0.0215607 0
1000100000 0.0121384 -3.14159
1000100001 0.0453796 -3.14159
1000100010 0.0142212 0
1000100011 0.0031414 -3.14159
1000100100 0.00415421 -3.14159
1000100101 0.0493774 -3.14159
1000100110 0.0215759 -3.14159
1000100111 0.0511475 0
1000101000 0.0283051 0
1000101001 0.0290375 -3.14159
1000101010 0.0175171 -3.14159
1000101011 0.000922203 -3.14159
1000101100 0.0495605 -3.14159
1000101101 0.0113449 -3.14159
1000101110 0.0359192 0
1000101111 0.024353 0
1000110000 0.00821686 0
1000110001 0.00739288 0
1000110010 0.00012815 -3.14159
1000110011 0.0119705 -3.14159
1000110100 0.0446777 -3.14159
1000110101 0.0527344 0
1000110110 0.0467224 -3.14159
1000110111 0.00321579 0
1000111000 0.0124817 -3.14159
1000111001 0.0205841 -3.14159
1000111010 0.0777588 0
1000111011 0.00266647 0
1000111100 0.0214081 0
1000111101 0.00596619 0
1000111110 0.0225372 -3.14159
1000111111 0.00133801 -3.14159
1001000000 0.0106583 0
1001000001 0.0240479 -3.14159
1001000010 0.0422058 0
1001000011 0.00685883 0
1001000100 0.0294037 -3.14159
1001000101 0.00351524 0
1001000110 0.0601807 -3.14159
1001000111 0.0330811 -3.14159
1001001000 0.0117874 0
1001001001 0.0236664 0
1001001010 0.0192719 -3.14159
1001001011 0.00107956 -3.14159
1001001100 0.0165558 0
1001001101 0.00714111 -3.14159
1001001110 0.0317688 -3.14159
1001001111 0.0445251 0
1001010000 0.00782776 -3.14159
1001010001 0.0184937 -3.14159
1001010010 0.00354767 0
1001010011 0.0173798 -3.14159
1001010100 0.0022049 0
1001010101 0.0327454 -3.14159
1001010110 0.0151291 0
1001010111 0.015976 -3.14159
1001011000 0.0259247 0
1001011001 0.0368652 0
1001011010 0.0061264 -3.14159
1001011011 0.0104752 0
1001011100 0.02565 -3.14159
1001011101 0.0695801 -3.14159
1001011110 0.0500793 -3.14159
1001011111 0.047699 -3.14159
1001100000 0.0247498 0
1001100001 0.00147629 -3.14159
1001100010 0.00947571 -3.14159
1001100011 0.0534363 0
1001100100 0.0577087 -3.14159
1001100101 0.0137024 0
1001100110 0.0483704 0
1001100111 0.0740967 0
1001101000 0.00971985 -3.14159
1001101001 0.0377197 -3.14159
1001101010 0.0532837 0
1001101011 0.0572815 0
1001101100 0.0415344 0
1001101101 0.0302582 -3.14159
1001101110 0.0501709 -3.14159
1001101111 0.000543118 -3.14159
1001110000 0.0579834 0
1001110001 0.0372314 -3.14159
1001110010 0.0224304 0
1001110011 0.00136566 -3.14159
1001110100 0.0318604 -3.14159
1001110101 0.00456238 -3.14159
1001110110 0.02948 -3.14159
1001110111 0.0185852 -3.14159
1001111000 0.047821 0
1001111001 0.0241547 0
1001111010 0.017395 0
1001111011 0.0568848 0
1001111100 0.0257721 0
1001111101 0.00811768 -3.14159
1001111110 0.00429535 -3.14159
1001111111 0.0213318 0
1010000000 0.0351868 -3.14159
1010000001 0.0322876 0
1010000010 0.0159912 -3.14159
1010000011 0.0209961 -3.14159
1010000100 0.0187683 0
1010000101 0.0579529 -3.14159
1010000110 0.0214844 -3.14159
1010000111 0.0058403 0
1010001000 0.00991821 -3.14159
1010001001 0.00614929 0
1010001010 0.00965118 0
1010001011 0.0784912 0
1010001100 0.00716019 -3.14159
1010001101 0.00272179 0
1010001110 0.00553513 -3.14159
1010001111 0.0644531 0
1010010000 0.0802612 0
1010010001 0.00140285 0
1010010010 0.0331421 -3.14159
1010010011 0.0255737 0
1010010100 0.00261497 0
1010010101 1.78814e-06 0
1010010110 0.0282745 0
1010010111 0.011116 -3.14159
1010011000 0.067627 0
1010011001 0.0055542 -3.14159
1010011010 0.015358 0
1010011011 0.0247192 -3.14159
1010011100 0.0105286 0
1010011101 0.0260773 -3.14159
1010011110 0.00209808 0
1010011111 0.00788116 -3.14159
1010100000 0.0110474 -3.14159
1010100001 0.0232544 -3.14159
1010100010 0.0114975 -3.14159
1010100011 0.000716209 -3.14159
1010100100 0.0269775 0
1010100101 0.00798035 0
1010100110 0.0147324 0
1010100111 0.053772 -3.14159
1010101000 0.024353 0
1010101001 0.0400085 0
1010101010 0.0149002 -3.14159
1010101011 0.00561905 0
1010101100 0.0316772 0
1010101101 0.0180817 -3.14159
1010101110 0.0317383 0
1010101111 0.000561714 0
1010110000 0.0578613 0
1010110001 0.04422 -3.14159
1010110010 0.0246277 0
1010110011 0.00296974 -3.14159
1010110100 0.0265656 -3.14159
1010110101 0.0108414 0
1010110110 0.00261688 -3.14159
1010110111 0.0116119 -3.14159
1010111000 0.0180817 -3.14159
1010111001 0.00156975 -3.14159
1010111010 0.0204163 -3.14159
1010111011 0.0142822 -3.14159
1010111100 0.0212708 0
1010111101 0.0274963 0
1010111110 0.00772095 -3.14159
1010111111 0.0380554 0
1011000000 0.0556946 -3.14159
1011000001 0.0349121 0
1011000010 0.0398865 0
1011000011 0.0181885 -3.14159
1011000100 0.000193238 0
1011000101 0.0148849 0
1011000110 0.000187755 0
1011000111 0.00151253 0
1011001000 0.0146027 -3.14159
1011001001 0.0441589 -3.14159
1011001010 0.0393066 -3.14159
1011001011 0.0051384 0
1011001100 0.0443726 -3.14159
1011001101 0.0206451 -3.14159
1011001110 0.026062 0
1011001111 0.0376892 -3.14159
1011010000 0.00774765 -3.14159
1011010001 0.0344543 -3.14159
1011010010 0.0137024 -3.14159
1011010011 0.0436707 0
1011010100 0.0111771 -3.14159
1011010101 0.0202942 0
1011010110 0.0645142 0
1011010111 0.00544357 -3.14159
1011011000 0.0273438 0
1011011001 0.0130692 -3.14159
1011011010 0.0101547 0
1011011011 0.0384827 -3.14159
1011011100 0.00412369 -3.14159
1011011101 0.0396729 0
1011011110 0.0169525 0
1011011111 0.00762177 0
1011100000 0.0225372 -3.14159
1011100001 0.0102615 -3.14159
1011100010 0.0143204 0
1011100011 0.0155716 0
1011100100 0.0113983 -3.14159
1011100101 0.0689087 0
1011100110 0.0103455 0
1011100111 0.0192413 -3.14159
1011101000 0.0649414 -3.14159
1011101001 0.0197754 -3.14159
1011101010 0.038208 -3.14159
1011101011 0.0338135 0
1011101100 0.0059166 -3.14159
1011101101 0.00582886 0
1011101110 0.00531387 -3.14159
1011101111 0.0975342 0
1011110000 0.0389404 -3.14159
1011110001 0.0149002 -3.14159
1011110010 0.0147858 -3.14159
1011110011 0.00914764 0
1011110100 0.0185699 -3.14159
1011110101 0.0331421 0
1011110110 0.0357361 -3.14159
1011110111 0.0186462 0
1011111000 0.016098 0
1011111001 0.0113602 0
1011111010 0.027359 -3.14159
1011111011 0.0486145 0
1011111100 0.0136032 0
1011111101 0.001297 -3.14159
1011111110 0.0418396 0
1011111111 0.016037 0
1100000000 0.0117645 -3.14159
1100000001 0.0134277 0
1100000010 0.0318298 -3.14159
1100000011 0.0473633 -3.14159
1100000100 0.0319519 -3.14159
1100000101 0.0536804 0
1100000110 0.0236359 0
1100000111 0.000704288 0
1100001000 0.0355225 -3.14159
1100001001 0.03302 -3.14159
1100001010 0.0235443 0
1100001011 0.00875092 0
1100001100 0.00953674 0
1100001101 0.00849152 -3.14159
1100001110 0.0602722 -3.14159
1100001111 0.0557556 0
1100010000 0.0126419 -3.14159
1100010001 0.00930023 -3.14159
1100010010 0.0567932 0
1100010011 0.0166473 -3.14159
1100010100 0.0130157 -3.14159
1100010101 0.00772095 -3.14159
1100010110 0.0216217 0
1100010111 0.0531616 0
1100011000 0.0629272 -3.14159
1100011001 0.0163574 0
1100011010 0.00999451 -3.14159
1100011011 0.0314331 0
1100011100 0.0271606 0
1100011101 0.0192871 0
1100011110 0.00757217 0
1100011111 0.0214996 -3.14159
1100100000 0.0337219 0
1100100001 0.0613098 0
1100100010 0.0128632 -3.14159
1100100011 0.0124969 0
1100100100 0.0185547 0
1100100101 0.0622253 -3.14159
1100100110 0.0645142 0
1100100111 0.0410461 -3.14159
1100101000 0.0366821 0
1100101001 0.0344543 0
1100101010 0.025528 0
1100101011 0.00318146 -3.14159
1100101100 0.00913239 -3.14159
1100101101 0.00659943 0
1100101110 0.0549927 0
1100101111 0.0087738 -3.14159
1100110000 0.0311127 0
1100110001 0.0588074 -3.14159
1100110010 0.0202637 -3.14159
1100110011 0.0309448 0
1100110100 0.0282593 0
1100110101 0.00177193 0
1100110110 0.0522461 0
1100110111 0.0113297 -3.14159
1100111000 0.0258636 -3.14159
1100111001 0.0914917 -3.14159
1100111010 0.0249329 0
1100111011 0.0247192 -3.14159
1100111100 0.0332031 -3.14159
1100111101 0.000235915 -3.14159
1100111110 0.0091629 -3.14159
1100111111 0.00235367 -3.14159
1101000000 0.0406189 -3.14159
1101000001 0.00254631 0
1101000010 0.00254631 -3.14159
1101000011 0.00154972 -3.14159
1101000100 0.0345459 0
1101000101 0.0253906 0
1101000110 0.0341187 -3.14159
1101000111 0.0225525 0
1101001000 0.023941 -3.14159
1101001001 0.0602722 0
1101001010 0.0219727 0
1101001011 0.00469589 -3.14159
1101001100 0.019165 -3.14159
1101001101 0.0314331 0
1101001110 0.0419006 0
1101001111 0.0253906 0
1101010000 0.0146027 -3.14159
1101010001 0.00178146 0
1101010010 0.00619125 0
1101010011 0.0554504 -3.14159
1101010100 0.0682373 0
1101010101 0.0155792 -3.14159
1101010110 0.017868 -3.14159
1101010111 0.0107498 0
1101011000 0.0267334 -3.14159
1101011001 0.0209198 0
1101011010 0.032135 0
1101011011 0.0180054 -3.14159
1101011100 0.0112228 0
1101011101 0.00522614 -3.14159
1101011110 0.00277519 0
1101011111 0.0361328 -3.14159
1101100000 0.0662231 0
1101100001 0.0227509 0
1101100010 0.0164948 -3.14159
1101100011 0.00559616 -3.14159
1101100100 0.022522 -3.14159
1101100101 0.0290222 -3.14159
1101100110 0.003685 -3.14159
1101100111 0.0261841 -3.14159
1101101000 0.0138855 -3.14159
1101101001 0.0228271 0
1101101010 0.0033989 0
1101101011 0.0147552 0
1101101100 0.0486145 -3.14159
1101101101 0.0473022 -3.14159
1101101110 0.0143051 -3.14159
1101101111 0.0261688 -3.14159
1101110000 0.0041275 -3.14159
1101110001 0.0648193 0
1101110010 0.000487804 -3.14159
1101110011 0.0402222 -3.14159
1101110100 0.0151978 -3.14159
1101110101 0.0417175 -3.14159
1101110110 0.0212097 -3.14159
1101110111 0.00738525 0
1101111000 0.00843811 0
1101111001 0.0168915 0
1101111010 0.0122299 -3.14159
1101111011 0.00753403 -3.14159
1101111100 0.0208893 0
1101111101 0.0336609 -3.14159
1101111110 0.000382423 -3.14159
1101111111 0.0668945 0
1110000000 0.0454712 -3.14159
1110000001 0.026825 -3.14159
1110000010 0.0576477 0
1110000011 0.0600586 0
1110000100 0.0104523 0
1110000101 0.0631714 0
1110000110 0.00378227 0
1110000111 0.010498 0
1110001000 0.0138168 0
1110001001 0.0297089 0
1110001010 0.0534668 0
1110001011 0.031311 -3.14159
1110001100 0.0464172 0
1110001101 0.00253868 -3.14159
1110001110 0.00388908 -3.14159
1110001111 0.00693893 -3.14159
1110010000 0.016983 0
1110010001 0.0335999 -3.14159
1110010010 0.0145264 -3.14159
1110010011 0.0088501 0
1110010100 0.0359802 -3.14159
1110010101 0.0517578 -3.14159
1110010110 0.0113373 0
1110010111 0.037262 -3.14159
1110011000 0.0272217 0
1110011001 0.0334778 0
1110011010 0.0319214 -3.14159
1110011011 0.0577393 -3.14159
1110011100 5.68628e-05 0
1110011101 0.00301552 0
1110011110 0.0174866 -3.14159
1110011111 0.0211029 0
1110100000 0.010849 0
1110100001 0.00245857 0
1110100010 0.0234833 0
1110100011 0.0122757 -3.14159
1110100100 0.0278625 0
1110100101 0.033783 0
1110100110 0.034668 -3.14159
1110100111 0.00783539 -3.14159
1110101000 0.0063324 -3.14159
1110101001 0.0230713 0
1110101010 0.0118027 -3.14159
1110101011 0.0292816 0
1110101100 0.0149841 -3.14159
1110101101 0.0470886 0
1110101110 0.0184021 -3.14159
1110101111 0.0339966 -3.14159
1110110000 0.016449 -3.14159
1110110001 0.0155945 0
1110110010 0.0632324 -3.14159
1110110011 0.0478516 -3.14159
1110110100 0.0205688 -3.14159
1110110101 0.049408 0
1110110110 0.0316467 -3.14159
1110110111 0.00585938 -3.14159
1110111000 0.0238037 -3.14159
1110111001 0.0482483 0
1110111010 0.0640259 0
1110111011 0.0167084 0
1110111100 0.0144196 0
1110111101 0.0112991 -3.14159
1110111110 0.00892639 -3.14159
1110111111 0.0311584 0
1111000000 0.00683594 0
1111000001 0.0571899 0
1111000010 0.028244 0
1111000011 0.0163727 -3.14159
1111000100 0.000823498 0
1111000101 0.0292358 -3.14159
1111000110 0.0267029 -3.14159
1111000111 0.02005 0
1111001000 0.0661011 0
1111001001 0.0184021 0
1111001010 0.0225525 -3.14159
1111001011 0.0208435 -3.14159
1111001100 0.050293 0
1111001101 0.0806885 0
1111001110 0.0273895 -3.14159
1111001111 0.0130615 -3.14159
1111010000 0.00498581 -3.14159
1111010001 0.0099411 0
1111010010 0.00932312 -3.14159
1111010011 0.0431213 -3.14159
1111010100 0.00727463 -3.14159
1111010101 0.0326843 -3.14159
1111010110 0.0545654 0
1111010111 0.00200653 0
1111011000 0.0467529 0
1111011001 0.0253296 0
1111011010 0.00272179 -3.14159
1111011011 0.00609589 -3.14159
1111011100 0.0120087 0
1111011101 0.029068 0
1111011110 0.00275612 0
1111011111 0.00996399 -3.14159
1111100000 0.072998 0
1111100001 0.0116959 -3.14159
1111100010 0.023468 -3.14159
1111100011 0.0127792 0
1111100100 0.0680542 -3.14159
1111100101 0.00285339 0
1111100110 0.0912476 -3.14159
1111100111 0.027359 -3.14159
1111101000 0.023407 -3.14159
1111101001 0.0412903 -3.14159
1111101010 0.0574341 -3.14159
1111101011 0.0814209 0
1111101100 0.0653076 0
1111101101 0.00803375 -3.14159
1111101110 0.0256805 0
1111101111 0.0256958 0
1111110000 0.0187988 0
1111110001 0.0452576 0
1111110010 0.0665894 -3.14159
1111110011 0.00525665 0
1111110100 0.0113678 0
1111110101 0.0304565 0
1111110110 0.00243378 -3.14159
1111110111 0.0127716 0
1111111000 3.46899e-05 -3.14159
1111111001 0.0603943 -3.14159
1111111010 0.0206604 -3.14159
1111111011 0.00991821 -3.14159
1111111100 0.0015049 -3.14159
1111111101 0.0393066 0
1111111110 0.0119858 -3.14159
1111111111 0.00540543 0
