0000000000 0.052948 0
0000000001 0.0362244 0
0000000010 0.0105438 -3.14159
0000000011 0.0209656 -3.14159
0000000100 0.00120258 0
0000000101 0.00952148 0
0000000110 0.0599365 -3.14159
0000000111 0.00795746 -3.14159
0000001000 0.0142059 0
0000001001 0.013031 -3.14159
0000001010 0.0274658 -3.14159
0000001011 0.00859833 0
0000001100 0.0341492 -3.14159
0000001101 0.0129166 0
0000001110 0.0177765 0
0000001111 0.0487671 0
0000010000 0.0187988 -3.14159
0000010001 8.41618e-05 -3.14159
0000010010 0.0318909 -3.14159
0000010011 0.0358887 -3.14159
0000010100 0.016983 -3.14159
0000010101 0.0226898 0
0000010110 0.00481796 -3.14159
0000010111 0.0524902 0
0000011000 0.0575562 0
0000011001 0.00653839 -3.14159
0000011010 0.0337524 -3.14159
0000011011 0.0334473 -3.14159
0000011100 0.0301971 -3.14159
0000011101 0.0109711 -3.14159
0000011110 0.0163574 0
0000011111 0.0171509 -3.14159
0000100000 0.0723877 -3.14159
0000100001 0.0148621 -3.14159
0000100010 0.0571594 -3.14159
0000100011 0.0214996 -3.14159
0000100100 0.0126572 0
0000100101 0.00104523 0
0000100110 0.0169373 -3.14159
0000100111 0.00566864 0
0000101000 0.0107727 -3.14159
0000101001 0.0234222 -3.14159
0000101010 0.0332031 -3.14159
0000101011 0.0003829 -3.14159
0000101100 0.0507812 -3.14159
0000101101 0.000104964 -3.14159
0000101110 0.00521851 -3.14159
0000101111 0.00597 -3.14159
0000110000 0.0361633 0
0000110001 0.0380859 -3.14159
0000110010 0.0577393 -3.14159
0000110011 0.0241852 0
0000110100 0.000741005 -3.14159
0000110101 0.00318146 -3.14159
0000110110 0.00997925 -3.14159
0000110111 0.0321045 0
0000111000 0.0254669 -3.14159
0000111001 0.00695801 -3.14159
0000111010 0.0166626 -3.14159
0000111011 0.0128098 -3.14159
0000111100 0.0485535 0
0000111101 0.0167084 0
0000111110 0.0360413 0
0000111111 0.00353622 -3.14159
0001000000 0.0560913 0
0001000001 0.025238 0
0001000010 0.0043869 -3.14159
0001000011 0.0281525 0
0001000100 0.017807 -3.14159
0001000101 0.0410461 -3.14159
0001000110 0.021225 -3.14159
0001000111 0.00120449 0
0001001000 0.0273438 -3.14159
0001001001 0.0183563 -3.14159
0001001010 0.030304 0
0001001011 0.0153656 -3.14159
0001001100 0.0339661 -3.14159
0001001101 0.0233765 -3.14159
0001001110 0.0203094 0
0001001111 0.0043335 0
0001010000 0.0198364 0
0001010001 0.0494385 -3.14159
0001010010 0.0464478 -3.14159
0001010011 0.00281334 -3.14159
0001010100 0.0247345 0
0001010101 0.0178833 0
0001010110 0.00640488 0
0001010111 0.0147095 0
0001011000 0.00816345 0
0001011001 0.0242767 0
0001011010 0.0155334 0
0001011011 0.00920105 0
0001011100 0.0371704 0
0001011101 0.0295715 -3.14159
0001011110 0.0167999 -3.14159
0001011111 0.0233307 0
0001100000 0.00531769 0
0001100001 0.0159912 -3.14159
0001100010 0.0612793 -3.14159
0001100011 0.0171814 -3.14159
0001100100 0.0326843 -3.14159
0001100101 0.0121231 -3.14159
0001100110 0.0221863 -3.14159
0001100111 0.0292053 0
0001101000 0.0122299 0
0001101001 0.0941772 0
0001101010 0.0266266 -3.14159
0001101011 0.00387001 0
0001101100 0.00659561 0
0001101101 0.0406799 -3.14159
0001101110 0.00312614 -3.14159
0001101111 0.00590134 0
0001110000 0.0568848 -3.14159
0001110001 0.00600815 -3.14159
0001110010 0.0900269 -3.14159
0001110011 0.0214691 0
0001110100 0.00665283 -3.14159
0001110101 0.0206909 0
0001110110 0.0001719 0
0001110111 0.0460205 -3.14159
0001111000 0.0712891 -3.14159
0001111001 0.0142975 0
0001111010 0.0313416 -3.14159
0001111011 0.00827789 -3.14159
0001111100 0.0241089 -3.14159
0001111101 0.0335388 0
0001111110 0.00325203 0
0001111111 0.00905609 -3.14159
0010000000 0.0266876 0
0010000001 0.0415649 -3.14159
0010000010 0.00924683 0
0010000011 0.0236206 -3.14159
0010000100 0.0112839 0
0010000101 0.0270844 -3.14159
0010000110 0.0508423 0
0010000111 0.00784302 -3.14159
0010001000 0.0170135 -3.14159
0010001001 0.00718307 -3.14159
0010001010 0.0160828 0
0010001011 0.00705338 -3.14159
0010001100 0.0242004 0
0010001101 0.0254059 0
0010001110 0.0602417 0
0010001111 0.00798035 -3.14159
0010010000 0.022583 -3.14159
0010010001 0.00922394 -3.14159
0010010010 0.000230193 0
0010010011 0.0134125 -3.14159
0010010100 0.0205383 -3.14159
0010010101 0.0113754 0
0010010110 0.0108032 -3.14159
0010010111 0.0405579 0
0010011000 0.00541306 -3.14159
0010011001 0.0224304 -3.14159
0010011010 0.00247383 -3.14159
0010011011 0.00317192 -3.14159
0010011100 0.0109253 -3.14159
0010011101 0.0211487 0
0010011110 0.0427856 -3.14159
0010011111 0.00212288 0
0010100000 0.0240326 0
0010100001 0.00280571 0
0010100010 0.0252838 -3.14159
0010100011 0.0111618 -3.14159
0010100100 0.0234375 0
0010100101 0.030365 -3.14159
0010100110 0.0155563 0
0010100111 0.00676346 0
0010101000 0.00327682 -3.14159
0010101001 0.0372314 0
0010101010 0.0142746 0
0010101011 0.0184326 0
0010101100 0.0400391 0
0010101101 0.000628471 0
0010101110 0.013176 -3.14159
0010101111 0.0304413 0
0010110000 0.00178051 -3.14159
0010110001 0.0620728 -3.14159
0010110010 0.0141525 0
0010110011 0.0550537 0
0010110100 0.0394897 0
0010110101 0.00811005 0
0010110110 0.0231781 0
0010110111 0.0198212 -3.14159
0010111000 0.00433731 0
0010111001 0.038147 -3.14159
0010111010 0.0134888 0
0010111011 0.0267334 0
0010111100 0.046875 0
0010111101 0.0378418 -3.14159
0010111110 0.0135117 0
0010111111 0.0569763 -3.14159
0011000000 0.0496216 0
0011000001 0.02742 0
0011000010 0.0140228 0
0011000011 0.048584 0
0011000100 0.00558853 -3.14159
0011000101 0.00202751 -3.14159
0011000110 0.029541 0
0011000111 0.00662613 0
0011001000 0.0361938 0
0011001001 0.0118637 -3.14159
0011001010 0.0104065 0
0011001011 0.00833893 -3.14159
0011001100 0.0195007 0
0011001101 0.0149002 -3.14159
0011001110 0.00238037 0
0011001111 0.00249672 -3.14159
0011010000 0.0273743 0
0011010001 0.0180969 -3.14159
0011010010 0.0145721 0
0011010011 0.0182953 -3.14159
0011010100 0.0216522 -3.14159
0011010101 0.0213013 -3.14159
0011010110 0.0639038 -3.14159
0011010111 0.0662231 0
0011011000 0.0164032 -3.14159
0011011001 0.027832 0
0011011010 0.0131073 -3.14159
0011011011 0.00924683 0
0011011100 0.0170746 -3.14159
0011011101 0.0227966 -3.14159
0011011110 0.0427551 -3.14159
0011011111 0.00598907 0
0011100000 0.0108261 0
0011100001 0.0214386 0
0011100010 0.00325775 0
0011100011 0.0299683 -3.14159
0011100100 0.0192261 0
0011100101 0.052887 0
0011100110 0.0110855 -3.14159
0011100111 0.00670242 -3.14159
0011101000 0.0404663 -3.14159
0011101001 0.0137863 0
0011101010 0.0786133 -3.14159
0011101011 0.00875854 -3.14159
0011101100 0.0180054 -3.14159
0011101101 0.000787735 -3.14159
0011101110 0.019516 0
0011101111 0.0597229 0
0011110000 0.00993347 -3.14159
0011110001 0.0257721 -3.14159
0011110010 0.0224609 0
0011110011 0.0475769 -3.14159
0011110100 0.0249481 0
0011110101 0.00749207 0
0011110110 0.0244598 0
0011110111 0.0101318 -3.14159
0011111000 0.0828857 0
0011111001 0.0249176 0
0011111010 0.00437927 0
0011111011 0.00837708 0
0011111100 0.00707245 0
0011111101 0.0134735 -3.14159
0011111110 0.0162354 0
0011111111 0.0314636 0
0100000000 0.0634155 0
0100000001 0.0455933 0
0100000010 0.00178623 -3.14159
0100000011 0.0360718 0
0100000100 0.0570374 -3.14159
0100000101 0.033844 -3.14159
0100000110 0.028595 0
0100000111 0.033783 0
0100001000 0.0015831 -3.14159
0100001001 0.00614166 -3.14159
0100001010 0.00121689 0
0100001011 0.0197906 -3.14159
0100001100 0.0259247 -3.14159
0100001101 0.00754166 -3.14159
0100001110 0.026123 0
0100001111 0.0264587 -3.14159
0100010000 0.0380554 0
0100010001 0.056366 -3.14159
0100010010 0.00165558 -3.14159
0100010011 0.0154266 -3.14159
0100010100 0.0422363 0
0100010101 0.0230865 -3.14159
0100010110 0.0298309 0
0100010111 0.00931549 0
0100011000 0.012558 0
0100011001 0.0232544 0
0100011010 0.00232124 -3.14159
0100011011 0.0703735 -3.14159
0100011100 0.00312614 0
0100011101 0.0196838 0
0100011110 0.0345154 -3.14159
0100011111 0.0463257 0
0100100000 0.0162506 0
0100100001 0.0131683 0
0100100010 0.00400162 -3.14159
0100100011 0.0192108 -3.14159
0100100100 0.0388184 -3.14159
0100100101 0.0103378 -3.14159
0100100110 0.0388184 -3.14159
0100100111 0.0282898 -3.14159
0100101000 0.055481 0
0100101001 0.0567322 -3.14159
0100101010 0.0487366 0
0100101011 0.00572586 -3.14159
0100101100 0.0390015 0
0100101101 0.0500793 -3.14159
0100101110 0.0407104 0
0100101111 0.0150986 0
0100110000 0.0300446 0
0100110001 0.0472412 -3.14159
0100110010 0.0337524 0
0100110011 0.0173492 -3.14159
0100110100 0.0163879 0
0100110101 0.0263214 0
0100110110 0.0344543 -3.14159
0100110111 0.000504017 -3.14159
0100111000 0.0110703 -3.14159
0100111001 0.0461731 -3.14159
0100111010 0.0372314 -3.14159
0100111011 0.046936 -3.14159
0100111100 0.0485229 -3.14159
0100111101 0.0080719 0
0100111110 0.0225983 0
0100111111 0.00583267 -3.14159
0101000000 0.0132751 0
0101000001 0.00496292 -3.14159
0101000010 0.0157318 -3.14159
0101000011 0.0062294 0
0101000100 0.0139084 -3.14159
0101000101 0.0245209 0
0101000110 0.0147476 -3.14159
0101000111 0.0369568 -3.14159
0101001000 0.0217896 0
0101001001 0.0494385 -3.14159
0101001010 0.00783539 -3.14159
0101001011 0.0507202 0
0101001100 0.0094223 0
0101001101 0.0421753 0
0101001110 0.00506592 0
0101001111 0.00566864 0
0101010000 0.0251465 0
0101010001 0.0200958 0
0101010010 0.0256958 0
0101010011 0.053009 -3.14159
0101010100 0.0332336 0
0101010101 0.0256958 0
0101010110 0.0045929 0
0101010111 0.00500488 0
0101011000 0.0375366 0
0101011001 0.025589 0
0101011010 0.0213165 -3.14159
0101011011 0.0573425 -3.14159
0101011100 0.0341797 -3.14159
0101011101 0.0614624 0
0101011110 0.0302582 0
0101011111 0.0375671 0
0101100000 0.0143509 0
0101100001 0.0384521 -3.14159
0101100010 0.0227356 0
0101100011 0.0351257 -3.14159
0101100100 0.0137863 0
0101100101 0.00123215 0
0101100110 0.0135269 -3.14159
0101100111 0.0194244 -3.14159
0101101000 0.0809937 -3.14159
0101101001 0.0139313 -3.14159
0101101010 0.051178 0
0101101011 0.0240936 0
0101101100 0.0276031 0
0101101101 0.00711823 -3.14159
0101101110 0.0105591 -3.14159
0101101111 0.0058403 0
0101110000 0.0528259 -3.14159
0101110001 0.0110168 -3.14159
0101110010 0.0177612 -3.14159
0101110011 0.0245667 0
0101110100 0.0316162 0
0101110101 0.0101547 0
0101110110 0.0278931 0
0101110111 0.00456238 0
0101111000 0.0223999 0
0101111001 0.0672607 0
0101111010 0.00730896 0
0101111011 0.0374756 -3.14159
0101111100 0.0428162 -3.14159
0101111101 0.00540543 -3.14159
0101111110 0.0331116 0
0101111111 0.0706787 0
0110000000 2.57492e-05 -3.14159
0110000001 0.0419312 0
0110000010 0.0477295 -3.14159
0110000011 0.0560303 0
0110000100 0.0762939 -3.14159
0110000101 0.0211487 0
0110000110 0.0272827 0
0110000111 0.0220795 0
0110001000 0.0144424 -3.14159
0110001001 0.0254974 -3.14159
0110001010 0.00405121 -3.14159
0110001011 0.021637 -3.14159
0110001100 0.0119705 0
0110001101 0.0222015 -3.14159
0110001110 0.0355225 0
0110001111 0.0216827 -3.14159
0110010000 0.0506897 0
0110010001 0.00382996 -3.14159
0110010010 0.019043 -3.14159
0110010011 0.021759 0
0110010100 0.0919189 -3.14159
0110010101 0.0703125 -3.14159
0110010110 0.00217628 0
0110010111 0.01828 0
0110011000 0.00605011 0
0110011001 0.0280762 -3.14159
0110011010 0.0112686 0
0110011011 0.0585632 0
0110011100 0.00632858 -3.14159
0110011101 0.0111313 0
0110011110 0.0222168 0
0110011111 0.00886536 0
0110100000 0.0365906 0
0110100001 0.0317993 0
0110100010 0.0274658 0
0110100011 0.0317993 -3.14159
0110100100 0.0577393 0
0110100101 0.0148621 0
0110100110 0.0169983 0
0110100111 0.00125122 0
0110101000 0.0196075 -3.14159
0110101001 0.0231476 -3.14159
0110101010 0.0288849 0
0110101011 0.0131378 -3.14159
0110101100 0.0130692 -3.14159
0110101101 0.0289154 0
0110101110 0.0257874 -3.14159
0110101111 0.000291586 0
0110110000 0.00179577 0
0110110001 0.071167 -3.14159
0110110010 0.0309296 0
0110110011 0.034668 -3.14159
0110110100 0.00720978 0
0110110101 0.0175781 0
0110110110 0.0447083 0
0110110111 0.0176392 0
0110111000 0.0690918 -3.14159
0110111001 0.0315247 -3.14159
0110111010 0.0152435 0
0110111011 0.0617676 0
0110111100 0.0514221 -3.14159
0110111101 0.0223389 -3.14159
0110111110 0.00458145 -3.14159
0110111111 0.000205755 0
0111000000 0.00276756 -3.14159
0111000001 0.0647583 -3.14159
0111000010 0.0172882 0
0111000011 0.0197144 -3.14159
0111000100 0.00384331 0
0111000101 0.0102158 0
0111000110 0.0376282 -3.14159
0111000111 0.0211182 -3.14159
0111001000 0.0405273 0
0111001001 0.032074 0
0111001010 0.0104065 -3.14159
0111001011 0.00473404 -3.14159
0111001100 0.0102997 -3.14159
0111001101 0.0103149 -3.14159
0111001110 0.0630493 0
0111001111 0.0490723 0
0111010000 0.0440063 0
0111010001 0.0065155 0
0111010010 0.00404358 0
0111010011 0.0541992 0
0111010100 0.0239716 0
0111010101 0.0176544 -3.14159
0111010110 0.0249634 -3.14159
0111010111 0.0148544 -3.14159
0111011000 0.0110016 0
0111011001 0.0258636 -3.14159
0111011010 0.0087738 -3.14159
0111011011 0.00690079 0
0111011100 0.0162659 0
0111011101 0.0386047 0
0111011110 0.0196075 0
0111011111 0.0162964 -3.14159
0111100000 0.0133057 0
0111100001 0.00163841 0
0111100010 0.0231934 0
0111100011 0.0285797 0
0111100100 0.00490952 0
0111100101 0.038147 -3.14159
0111100110 0.0164948 -3.14159
0111100111 0.0258026 -3.14159
0111101000 0.0386353 -3.14159
0111101001 0.00346375 0
0111101010 0.033905 -3.14159
0111101011 0.00335884 0
0111101100 0.0215302 -3.14159
0111101101 0.0072937 -3.14159
0111101110 0.0281525 0
0111101111 0.0085144 0
0111110000 0.0189972 -3.14159
0111110001 0.0169525 -3.14159
0111110010 0.0194702 -3.14159
0111110011 0.0786743 -3.14159
0111110100 0.0184174 0
0111110101 0.00510025 0
0111110110 0.0186462 -3.14159
0111110111 0.00371361 0
0111111000 0.0646973 -3.14159
0111111001 0.0302582 0
0111111010 0.0064888 -3.14159
0111111011 0.0185394 0
0111111100 0.0106277 0
0111111101 0.00901794 0
0111111110 0.00492477 -3.14159
0111111111 0.0403137 0
1000000000 0.00381851 0
1000000001 0.0231476 -3.14159
1000000010 0.0121078 -3.14159
1000000011 0.00371933 0
1000000100 0.0270233 0
1000000101 0.0482483 0
1000000110 0.0445862 0
1000000111 0.0292053 0
1000001000 0.0457764 -3.14159
1000001001 0.0103683 0
1000001010 0.00770187 0
1000001011 0.0625 -3.14159
1000001100 0.00866699 0
1000001101 0.0341187 -3.14159
1000001110 0.0488586 -3.14159
1000001111 0.0230255 -3.14159
1000010000 0.0275574 0
1000010001 0.0753784 -3.14159
1000010010 0.0253143 0
1000010011 0.0248108 0
1000010100 0.0363159 0
1000010101 0.0287018 0
1000010110 0.00901794 -3.14159
1000010111 0.00180721 -3.14159
1000011000 0.026001 0
1000011001 0.0245819 0
1000011010 0.0115204 -3.14159
1000011011 0.0196533 0
1000011100 0.00182152 -3.14159
1000011101 0.0112305 0
1000011110 0.00673676 -3.14159
1000011111 0.00509262 0
1000100000 0.0223541 -3.14159
1000100001 0.0453491 -3.14159
1000100010 0.0114136 0
1000100011 0.0128403 -3.14159
1000100100 0.0201263 -3.14159
1000100101 0.0621338 -3.14159
1000100110 0.0371094 -3.14159
1000100111 0.0587769 0
1000101000 0.0110321 0
1000101001 0.0181122 -3.14159
1000101010 0.0106812 -3.14159
1000101011 0.00360489 -3.14159
1000101100 0.0139847 -3.14159
1000101101 0.0192261 0
1000101110 0.0214081 0
1000101111 0.0152969 0
1000110000 0.00791931 -3.14159
1000110001 0.0199738 0
1000110010 0.00874329 0
1000110011 0.0136337 -3.14159
1000110100 0.0166626 -3.14159
1000110101 0.0209351 0
1000110110 0.0264435 -3.14159
1000110111 0.00637436 0
1000111000 0.023468 -3.14159
1000111001 0.0156555 -3.14159
1000111010 0.0538025 0
1000111011 8.13007e-05 0
1000111100 0.00447083 0
1000111101 0.027832 0
1000111110 0.0140381 0
1000111111 0.00571442 0
1001000000 0.0170593 0
1001000001 0.0167999 -3.14159
1001000010 0.0226593 0
1001000011 0.01651 0
1001000100 0.052124 -3.14159
1001000101 0.00507355 0
1001000110 0.0349121 -3.14159
1001000111 0.0690918 -3.14159
1001001000 0.0345154 0
1001001001 0.0418091 0
1001001010 0.0364075 -3.14159
1001001011 0.0149536 0
1001001100 0.0125275 0
1001001101 0.031311 -3.14159
1001001110 0.0557251 -3.14159
1001001111 0.0462341 0
1001010000 0.00888062 0
1001010001 0.0276337 -3.14159
1001010010 0.0215759 0
1001010011 0.0173798 -3.14159
1001010100 0.0253448 -3.14159
1001010101 0.0429382 -3.14159
1001010110 0.00633621 -3.14159
1001010111 0.0127029 -3.14159
1001011000 0.0215454 0
1001011001 0.0104065 0
1001011010 0.0164185 0
1001011011 0.0495911 0
1001011100 0.00589752 -3.14159
1001011101 0.0474854 -3.14159
1001011110 0.0480042 -3.14159
1001011111 0.0201721 -3.14159
1001100000 0.0224762 0
1001100001 0.0011673 -3.14159
1001100010 0.0158844 -3.14159
1001100011 0.0160065 0
1001100100 0.0162659 -3.14159
1001100101 0.0149307 0
1001100110 0.0428467 0
1001100111 0.0675049 0
1001101000 0.0094223 -3.14159
1001101001 0.0197296 -3.14159
1001101010 0.0240021 0
1001101011 0.0519409 0
1001101100 0.0413513 0
1001101101 0.00282288 -3.14159
1001101110 0.0289612 -3.14159
1001101111 0.00666046 -3.14159
1001110000 0.0596619 0
1001110001 0.0617676 -3.14159
1001110010 0.00354958 0
1001110011 0.00812531 0
1001110100 0.0315857 -3.14159
1001110101 0.00489044 -3.14159
1001110110 0.0308838 0
1001110111 0.0185852 -3.14159
1001111000 0.0386353 0
1001111001 0.00233269 -3.14159
1001111010 0.0268097 0
1001111011 0.0331726 0
1001111100 0.0218353 0
1001111101 0.00844574 -3.14159
1001111110 0.0163422 -3.14159
1001111111 0.0205231 -3.14159
1010000000 0.00788879 0
1010000001 0.00819397 0
1010000010 0.00572968 0
1010000011 0.0129242 -3.14159
1010000100 0.0110626 0
1010000101 0.0305939 -3.14159
1010000110 0.00330925 -3.14159
1010000111 0.0432434 -3.14159
1010001000 0.00829315 0
1010001001 0.0123672 0
1010001010 0.0150375 0
1010001011 0.026062 0
1010001100 0.00564194 0
1010001101 0.0196991 -3.14159
1010001110 0.0312195 0
1010001111 0.0411377 0
1010010000 0.0271759 0
1010010001 0.00485229 0
1010010010 0.0532532 -3.14159
1010010011 0.0490417 0
1010010100 0.0159454 -3.14159
1010010101 0.0128326 -3.14159
1010010110 0.038269 0
1010010111 0.0236206 -3.14159
1010011000 0.0525513 0
1010011001 0.0210114 -3.14159
1010011010 0.0110855 0
1010011011 0.0375061 -3.14159
1010011100 0.0166016 0
1010011101 0.0161133 -3.14159
1010011110 0.000409603 0
1010011111 0.015686 -3.14159
1010100000 0.0157013 -3.14159
1010100001 0.0562439 -3.14159
1010100010 0.0395813 -3.14159
1010100011 0.00997162 -3.14159
1010100100 0.00390053 0
1010100101 0.0233612 -3.14159
1010100110 0.0162811 0
1010100111 0.0367737 -3.14159
1010101000 0.0220337 0
1010101001 0.0812988 0
1010101010 0.0123596 -3.14159
1010101011 0.00506592 -3.14159
1010101100 0.0314941 0
1010101101 0.00742722 -3.14159
1010101110 0.00803375 0
1010101111 0.00816345 0
1010110000 0.0456543 0
1010110001 0.0205688 -3.14159
1010110010 0.0232391 0
1010110011 0.0591431 -3.14159
1010110100 0.0265961 -3.14159
1010110101 0.0196075 0
1010110110 0.0221558 -3.14159
1010110111 0.0150757 -3.14159
1010111000 0.0210724 0
1010111001 0.0012846 -3.14159
1010111010 0.026825 -3.14159
1010111011 0.00266075 -3.14159
1010111100 0.0395813 0
1010111101 0.0287018 0
1010111110 0.0143356 -3.14159
1010111111 0.0241852 0
1011000000 0.0243835 -3.14159
1011000001 0.0380554 0
1011000010 0.0451965 0
1011000011 0.0245209 -3.14159
1011000100 0.00946808 -3.14159
1011000101 0.0178223 0
1011000110 0.0398254 0
1011000111 0.00376129 -3.14159
1011001000 0.0210266 -3.14159
1011001001 0.0450134 -3.14159
1011001010 0.0256348 -3.14159
1011001011 0.00603104 -3.14159
1011001100 0.0499268 -3.14159
1011001101 0.0103912 -3.14159
1011001110 0.0161438 0
1011001111 0.0273438 -3.14159
1011010000 0.00611496 -3.14159
1011010001 0.0216064 -3.14159
1011010010 0.0204773 -3.14159
1011010011 0.00853729 0
1011010100 0.0209503 -3.14159
1011010101 0.0342407 0
1011010110 0.0446472 0
1011010111 0.0026989 -3.14159
1011011000 0.0336914 0
1011011001 0.0360107 0
1011011010 0.00647354 0
1011011011 0.032074 -3.14159
1011011100 0.00286484 -3.14159
1011011101 0.0353088 0
1011011110 0.0020237 -3.14159
1011011111 0.00605392 0
1011100000 0.0341187 -3.14159
1011100001 0.0324402 -3.14159
1011100010 0.0351562 0
1011100011 0.00896454 0
1011100100 0.026001 0
1011100101 0.0682983 0
1011100110 0.0163422 -3.14159
1011100111 0.0317993 -3.14159
1011101000 0.0905151 -3.14159
1011101001 0.0112152 -3.14159
1011101010 0.0579224 -3.14159
1011101011 0.00981903 0
1011101100 0.00159454 -3.14159
1011101101 0.0209808 0
1011101110 0.0109177 0
1011101111 0.059082 0
1011110000 0.0739136 -3.14159
1011110001 0.0159149 -3.14159
1011110010 0.013298 0
1011110011 0.007267 0
1011110100 0.00730896 -3.14159
1011110101 0.0155182 0
1011110110 0.0219421 -3.14159
1011110111 0.0507507 0
1011111000 0.0102463 0
1011111001 0.000761032 -3.14159
1011111010 0.0102234 -3.14159
1011111011 0.0611877 0
1011111100 0.0261383 0
1011111101 0.0112762 -3.14159
1011111110 0.0576172 0
1011111111 0.00860596 -3.14159
1100000000 0.0464172 0
1100000001 0.0236206 0
1100000010 0.0341797 -3.14159
1100000011 0.0159607 -3.14159
1100000100 0.0188904 -3.14159
1100000101 0.0482483 0
1100000110 0.029892 0
1100000111 0.0140533 -3.14159
1100001000 0.0466919 -3.14159
1100001001 0.0603333 -3.14159
1100001010 0.0159912 -3.14159
1100001011 0.0300446 -3.14159
1100001100 0.00208664 -3.14159
1100001101 0.0118561 -3.14159
1100001110 0.0449524 -3.14159
1100001111 0.036438 0
1100010000 0.0307007 -3.14159
1100010001 0.0131912 -3.14159
1100010010 0.0578918 0
1100010011 0.0157166 -3.14159
1100010100 0.0243225 -3.14159
1100010101 0.00104332 -3.14159
1100010110 0.021637 0
1100010111 0.0895996 0
1100011000 0.0662231 -3.14159
1100011001 0.0286713 0
1100011010 0.0326538 -3.14159
1100011011 0.0361328 0
1100011100 0.0346069 0
1100011101 0.0271301 0
1100011110 0.00691223 0
1100011111 0.0194855 -3.14159
1100100000 0.0351562 0
1100100001 0.0561523 0
1100100010 0.00201416 -3.14159
1100100011 0.00670242 0
1100100100 0.00616837 0
1100100101 0.0441284 -3.14159
1100100110 0.030365 0
1100100111 0.0248108 -3.14159
1100101000 0.0559387 0
1100101001 0.0335083 0
1100101010 0.00318527 0
1100101011 0.0080719 -3.14159
1100101100 0.00247955 -3.14159
1100101101 0.00841522 -3.14159
1100101110 0.0483704 0
1100101111 0.056366 0
1100110000 0.019516 0
1100110001 0.0499573 -3.14159
1100110010 0.0357361 -3.14159
1100110011 0.0133362 0
1100110100 0.0150986 0
1100110101 0.0216217 0
1100110110 0.0481873 0
1100110111 0.0366516 -3.14159
1100111000 0.0144577 -3.14159
1100111001 0.0787964 -3.14159
1100111010 0.0233459 0
1100111011 0.00960541 -3.14159
1100111100 0.0312042 -3.14159
1100111101 0.0155182 0
1100111110 0.0293274 -3.14159
1100111111 0.0414429 -3.14159
1101000000 0.0726318 -3.14159
1101000001 0.0202179 0
1101000010 0.00379753 -3.14159
1101000011 0.00606918 -3.14159
1101000100 0.0508423 0
1101000101 0.00852966 0
1101000110 0.0284729 -3.14159
1101000111 0.0622864 0
1101001000 0.00917816 0
1101001001 0.0839844 0
1101001010 0.0422058 0
1101001011 0.0340576 0
1101001100 0.0256805 -3.14159
1101001101 0.0237732 0
1101001110 0.0384216 0
1101001111 0.01828 0
1101010000 0.000448942 0
1101010001 0.022171 0
1101010010 0.0328674 -3.14159
1101010011 0.0374451 -3.14159
1101010100 0.0413513 0
1101010101 0.0352478 -3.14159
1101010110 0.0361328 -3.14159
1101010111 0.00067234 -3.14159
1101011000 0.03302 -3.14159
1101011001 0.00233269 -3.14159
1101011010 0.00151539 -3.14159
1101011011 0.0262451 -3.14159
1101011100 0.00959778 0
1101011101 0.0283966 -3.14159
1101011110 0.00222397 0
1101011111 0.0315247 -3.14159
1101100000 0.0701294 0
1101100001 0.0509949 0
1101100010 0.0308075 -3.14159
1101100011 0.00176144 0
1101100100 0.0285492 -3.14159
1101100101 0.0532227 -3.14159
1101100110 0.0188599 -3.14159
1101100111 0.0614929 -3.14159
1101101000 0.00770187 -3.14159
1101101001 0.00359726 0
1101101010 0.024765 0
1101101011 0.0203247 0
1101101100 0.0379639 -3.14159
1101101101 0.0349731 -3.14159
1101101110 0.0272369 -3.14159
1101101111 0.00449371 0
1101110000 0.0207062 -3.14159
1101110001 0.0513611 0
1101110010 0.0176544 -3.14159
1101110011 0.0480347 -3.14159
1101110100 0.0343933 -3.14159
1101110101 0.058136 -3.14159
1101110110 0.0340881 0
1101110111 0.0105438 0
1101111000 0.00953674 0
1101111001 0.00954437 -3.14159
1101111010 0.00280952 -3.14159
1101111011 0.00264168 -3.14159
1101111100 0.0318909 0
1101111101 0.064209 -3.14159
1101111110 0.0438843 -3.14159
1101111111 0.0661621 0
1110000000 0.0418396 -3.14159
1110000001 0.00073719 -3.14159
1110000010 0.053833 0
1110000011 0.0621338 0
1110000100 0.0272064 0
1110000101 0.041748 0
1110000110 0.0260315 -3.14159
1110000111 0.0125732 0
1110001000 0.00422668 0
1110001001 0.0381165 0
1110001010 0.0440674 0
1110001011 0.0395203 -3.14159
1110001100 0.0335388 0
1110001101 2.19941e-05 0
1110001110 0.00854492 0
1110001111 0.0182037 0
1110010000 0.0224762 0
1110010001 0.0474243 -3.14159
1110010010 0.0305939 -3.14159
1110010011 0.00426483 -3.14159
1110010100 0.0569763 -3.14159
1110010101 0.043335 -3.14159
1110010110 0.0307312 0
1110010111 0.0219574 -3.14159
1110011000 0.0167999 -3.14159
1110011001 0.014801 0
1110011010 0.0334167 -3.14159
1110011011 0.0309143 -3.14159
1110011100 0.0434875 0
1110011101 0.0045929 -3.14159
1110011110 0.0147858 0
1110011111 0.00116062 0
1110100000 0.00716782 0
1110100001 0.00159931 0
1110100010 0.0538025 0
1110100011 0.00414276 -3.14159
1110100100 0.03125 0
1110100101 0.0191345 0
1110100110 0.0231934 -3.14159
1110100111 0.000452518 0
1110101000 0.0106049 -3.14159
1110101001 0.0426025 0
1110101010 0.0231628 0
1110101011 0.00320625 0
1110101100 0.033905 -3.14159
1110101101 0.00123692 0
1110101110 0.0383606 -3.14159
1110101111 0.0381165 -3.14159
1110110000 0.011261 -3.14159
1110110001 0.0111084 0
1110110010 0.0440674 -3.14159
1110110011 0.0422668 -3.14159
1110110100 0.0173798 0
1110110101 0.0592346 0
1110110110 0.000502586 -3.14159
1110110111 0.0272369 -3.14159
1110111000 0.0057373 -3.14159
1110111001 0.0401306 0
1110111010 0.0570984 0
1110111011 0.0144958 -3.14159
1110111100 0.00394058 -3.14159
1110111101 0.0270538 -3.14159
1110111110 0.0498962 0
1110111111 0.0230865 0
1111000000 0.00396347 0
1111000001 0.0762939 0
1111000010 0.0399475 0
1111000011 0.0232391 -3.14159
1111000100 0.0273895 0
1111000101 0.0575562 -3.14159
1111000110 0.0267181 -3.14159
1111000111 0.0182037 0
1111001000 0.0391846 0
1111001001 0.0160828 0
1111001010 0.0208893 -3.14159
1111001011 0.00486755 -3.14159
1111001100 0.0245972 0
1111001101 0.0789185 0
1111001110 0.0141678 -3.14159
1111001111 0.0224152 -3.14159
1111010000 0.00130844 0
1111010001 0.0293579 -3.14159
1111010010 0.000795364 0
1111010011 0.0123672 -3.14159
1111010100 0.00445175 -3.14159
1111010101 0.00703049 -3.14159
1111010110 0.0367126 0
1111010111 0.0239716 0
1111011000 0.0722656 0
1111011001 0.00636292 0
1111011010 0.00984192 0
1111011011 0.00726318 0
1111011100 0.0133438 0
1111011101 0.00812531 -3.14159
1111011110 0.0187378 0
1111011111 0.00264931 0
1111100000 0.0567322 0
1111100001 0.0184326 -3.14159
1111100010 0.00114918 -3.14159
1111100011 0.0155563 0
1111100100 0.0690918 -3.14159
1111100101 0.0107422 -3.14159
1111100110 0.0820923 -3.14159
1111100111 0.0343933 -3.14159
1111101000 0.00352287 0
1111101001 0.0265198 -3.14159
1111101010 0.0474243 -3.14159
1111101011 0.0825806 0
1111101100 0.0592346 0
1111101101 0.018631 -3.14159
1111101110 0.0256653 0
1111101111 0.0251617 -3.14159
1111110000 0.00400162 0
1111110001 0.0213165 0
1111110010 0.0328064 -3.14159
1111110011 0.0120316 0
1111110100 0.0225983 0
1111110101 0.0171509 0
1111110110 0.0268555 0
1111110111 0.0238647 0
1111111000 0.026001 0
1111111001 0.0598755 -3.14159
1111111010 0.0195465 0
1111111011 0.0393372 -3.14159
1111111100 0.00170517 0
1111111101 0.00955963 0
1111111110 0.00369072 0
1111111111 0.0273895 0
