0000000000 0.0159149 -3.14159
0000000001 0.0653687 0
0000000010 0.0192261 0
0000000011 0.0111237 -3.14159
0000000100 0.0318604 -3.14159
0000000101 0.00232506 -3.14159
0000000110 0.0132523 -3.14159
0000000111 0.0585938 -3.14159
0000001000 0.0108185 0
0000001001 0.00690079 -3.14159
0000001010 0.0103302 -3.14159
0000001011 0.0120773 -3.14159
0000001100 0.00938416 -3.14159
0000001101 0.0283203 -3.14159
0000001110 0.0259705 0
0000001111 0.00796509 -3.14159
0000010000 0.0423279 0
0000010001 0.00534821 0
0000010010 0.040863 -3.14159
0000010011 0.0189514 -3.14159
0000010100 0.035675 -3.14159
0000010101 0.0321045 -3.14159
0000010110 0.019104 -3.14159
0000010111 0.0202942 -3.14159
0000011000 0.0446167 -3.14159
0000011001 0.00166512 -3.14159
0000011010 0.000584126 0
0000011011 0.0210114 0
0000011100 0.00184536 0
0000011101 0.0326538 0
0000011110 0.0523071 -3.14159
0000011111 0.0811157 0
0000100000 0.069458 -3.14159
0000100001 0.0354614 -3.14159
0000100010 0.0657959 -3.14159
0000100011 0.0530701 0
0000100100 0.0228729 -3.14159
0000100101 0.0109482 0
0000100110 0.0100098 0
0000100111 0.0359802 0
0000101000 0.00348663 0
0000101001 0.0155334 0
0000101010 0.00338745 0
0000101011 0.0715332 0
0000101100 0.0118103 0
0000101101 0.0213013 0
0000101110 0.0228119 -3.14159
0000101111 0.021225 0
0000110000 0.0106277 0
0000110001 0.00616837 0
0000110010 0.0158997 0
0000110011 0.0317383 0
0000110100 0.0599365 -3.14159
0000110101 0.00207329 0
0000110110 0.032196 0
0000110111 0.0279694 -3.14159
0000111000 0.00231743 0
0000111001 0.0112457 -3.14159
0000111010 0.0131683 -3.14159
0000111011 0.000718117 -3.14159
0000111100 0.0236816 -3.14159
0000111101 0.040863 0
0000111110 0.0307922 -3.14159
0000111111 0.0242767 -3.14159
0001000000 0.0328674 0
0001000001 0.0363464 -3.14159
0001000010 0.0263977 -3.14159
0001000011 0.00256729 -3.14159
0001000100 0.00878143 -3.14159
0001000101 0.015976 0
0001000110 0.00240135 -3.14159
0001000111 0.0140915 -3.14159
0001001000 0.100342 -3.14159
0001001001 0.00262642 -3.14159
0001001010 0.0198822 -3.14159
0001001011 0.00973511 -3.14159
0001001100 0.0261841 0
0001001101 0.0272675 -3.14159
0001001110 0.0360107 0
0001001111 0.0289612 0
0001010000 0.0169678 0
0001010001 0.0158997 -3.14159
0001010010 0.067627 0
0001010011 0.0159302 -3.14159
0001010100 0.0130157 -3.14159
0001010101 0.00762939 -3.14159
0001010110 0.00120163 -3.14159
0001010111 0.0372009 -3.14159
0001011000 0.0101395 0
0001011001 0.024826 0
0001011010 0.000946045 0
0001011011 0.055481 -3.14159
0001011100 0.0353394 0
0001011101 0.0113831 -3.14159
0001011110 0.0267792 -3.14159
0001011111 0.0140915 -3.14159
0001100000 0.0500793 -3.14159
0001100001 0.00274658 0
0001100010 0.0498352 -3.14159
0001100011 0.00831604 -3.14159
0001100100 0.00222397 0
0001100101 0.0196991 0
0001100110 0.0259857 -3.14159
0001100111 0.0767212 0
0001101000 0.0246277 0
0001101001 0.00374413 0
0001101010 0.0202026 -3.14159
0001101011 0.0276031 -3.14159
0001101100 0.0444336 -3.14159
0001101101 0.0504761 -3.14159
0001101110 0.0261536 0
0001101111 0.0168152 0
0001110000 0.0457764 -3.14159
0001110001 0.0251465 0
0001110010 0.0259399 -3.14159
0001110011 0.0289917 0
0001110100 0.0113449 0
0001110101 0.0216675 -3.14159
0001110110 0.0387268 -3.14159
0001110111 0.0133972 -3.14159
0001111000 0.00180149 -3.14159
0001111001 0.0417175 -3.14159
0001111010 0.0334167 0
0001111011 0.0372925 0
0001111100 0.0320129 -3.14159
0001111101 0.0423279 0
0001111110 0.00335312 0
0001111111 0.024765 0
0010000000 0.0112 0
0010000001 0.0338135 0
0010000010 0.00869751 0
0010000011 0.0153275 -3.14159
0010000100 0.0357056 -3.14159
0010000101 0.0593567 -3.14159
0010000110 0.0390015 -3.14159
0010000111 0.0718384 -3.14159
0010001000 0.00304794 0
0010001001 0.0161743 0
0010001010 0.00791931 -3.14159
0010001011 0.0215149 -3.14159
0010001100 0.033844 -3.14159
0010001101 0.0345459 -3.14159
0010001110 0.0264435 0
0010001111 0.00849152 -3.14159
0010010000 0.0866699 -3.14159
0010010001 0.0244293 -3.14159
0010010010 0.0171814 -3.14159
0010010011 0.000569344 0
0010010100 0.0473328 -3.14159
0010010101 0.0139923 -3.14159
0010010110 0.0176697 0
0010010111 0.010849 0
0010011000 0.039032 0
0010011001 0.0473328 -3.14159
0010011010 0.0155563 -3.14159
0010011011 0.0475769 0
0010011100 0.0299377 0
0010011101 0.0492859 0
0010011110 0.00934601 -3.14159
0010011111 0.0217285 0
0010100000 0.0344543 -3.14159
0010100001 0.00135422 0
0010100010 0.0485229 -3.14159
0010100011 0.0244446 -3.14159
0010100100 0.00450134 -3.14159
0010100101 0.0128326 -3.14159
0010100110 0.0270386 0
0010100111 0.0185089 0
0010101000 0.0309143 0
0010101001 0.00137234 0
0010101010 0.0493469 -3.14159
0010101011 0.00840759 -3.14159
0010101100 0.0392456 -3.14159
0010101101 0.0762939 0
0010101110 0.00863647 -3.14159
0010101111 0.0058136 0
0010110000 0.0118942 -3.14159
0010110001 0.0157013 -3.14159
0010110010 0.00620651 0
0010110011 0.0122147 -3.14159
0010110100 0.00566864 0
0010110101 0.00630188 0
0010110110 0.0325928 0
0010110111 0.00855255 0
0010111000 0.000203013 -3.14159
0010111001 0.00136375 -3.14159
0010111010 0.015976 -3.14159
0010111011 0.0342102 0
0010111100 0.0200195 -3.14159
0010111101 0.0273132 -3.14159
0010111110 0.0481873 0
0010111111 0.0152664 -3.14159
0011000000 0.0258789 -3.14159
0011000001 0.0281525 0
0011000010 0.040863 0
0011000011 0.0188904 0
0011000100 0.00201035 -3.14159
0011000101 0.00513458 0
0011000110 0.0063324 0
0011000111 0.0352783 -3.14159
0011001000 0.0404053 0
0011001001 0.0063858 0
0011001010 0.00505829 0
0011001011 0.0596008 -3.14159
0011001100 0.00121403 -3.14159
0011001101 0.0195923 -3.14159
0011001110 0.100281 0
0011001111 0.0102844 -3.14159
0011010000 0.0163116 -3.14159
0011010001 0.00113487 -3.14159
0011010010 0.00469971 0
0011010011 0.0352783 -3.14159
0011010100 0.00995636 0
0011010101 0.0200806 -3.14159
0011010110 0.0191803 0
0011010111 0.0223846 0
0011011000 0.0189819 0
0011011001 0.0369263 -3.14159
0011011010 0.0215607 -3.14159
0011011011 0.00234604 -3.14159
0011011100 0.00956726 0
0011011101 0.0243988 -3.14159
0011011110 0.0160065 0
0011011111 0.0501709 0
0011100000 0.026886 0
0011100001 0.0173035 -3.14159
0011100010 0.0199432 0
0011100011 0.00819397 -3.14159
0011100100 0.0173645 -3.14159
0011100101 0.0227051 0
0011100110 0.0220337 0
0011100111 0.0438843 0
0011101000 0.0480347 -3.14159
0011101001 0.0102692 0
0011101010 0.00240326 0
0011101011 0.0287476 0
0011101100 0.0106125 -3.14159
0011101101 0.0268402 0
0011101110 0.0470581 -3.14159
0011101111 0.0175629 -3.14159
0011110000 0.0245819 -3.14159
0011110001 0.0350952 0
0011110010 0.0253754 0
0011110011 0.00802612 0
0011110100 0.0278931 -3.14159
0011110101 0.0429382 0
0011110110 0.0198669 -3.14159
0011110111 0.0268402 0
0011111000 0.0140076 -3.14159
0011111001 0.0209808 -3.14159
0011111010 0.0156555 0
0011111011 0.0368347 -3.14159
0011111100 0.030899 -3.14159
0011111101 0.022644 -3.14159
0011111110 0.0347595 0
0011111111 0.00212097 -3.14159
0100000000 0.00549698 0
0100000001 0.0167694 -3.14159
0100000010 0.0296021 -3.14159
0100000011 0.00614166 0
0100000100 0.0543213 -3.14159
0100000101 0.0522156 0
0100000110 0.0261841 0
0100000111 0.0195923 -3.14159
0100001000 0.035675 0
0100001001 0.0181427 0
0100001010 0.0118256 0
0100001011 0.0181122 -3.14159
0100001100 0.0357361 0
0100001101 0.0444031 -3.14159
0100001110 0.00359154 0
0100001111 0.0136337 -3.14159
0100010000 0.0269165 0
0100010001 0.0723877 -3.14159
0100010010 0.00653458 0
0100010011 0.00602341 -3.14159
0100010100 0.0650635 -3.14159
0100010101 0.0682373 -3.14159
0100010110 0.00820923 -3.14159
0100010111 0.0566101 -3.14159
0100011000 0.0425415 -3.14159
0100011001 0.0396118 0
0100011010 0.0113831 -3.14159
0100011011 0.0144119 0
0100011100 0.00659943 -3.14159
0100011101 0.0138626 -3.14159
0100011110 0.0291901 0
0100011111 0.00252533 0
0100100000 0.00172424 -3.14159
0100100001 0.0516357 0
0100100010 0.0253143 -3.14159
0100100011 0.0445862 0
0100100100 0.0179749 0
0100100101 0.00121117 -3.14159
0100100110 0.0960693 0
0100100111 0.0161896 -3.14159
0100101000 0.032959 0
0100101001 0.045929 -3.14159
0100101010 0.0196381 0
0100101011 0.0468445 0
0100101100 0.0129089 -3.14159
0100101101 0.00399017 -3.14159
0100101110 0.0114594 -3.14159
0100101111 0.0535889 0
0100110000 0.0283966 0
0100110001 0.0128021 -3.14159
0100110010 0.00827789 -3.14159
0100110011 0.0444641 -3.14159
0100110100 0.0182495 0
0100110101 0.0206604 0
0100110110 0.00846863 -3.14159
0100110111 0.0195007 0
0100111000 0.0044632 -3.14159
0100111001 0.0170441 0
0100111010 0.0116425 0
0100111011 0.0154953 0
0100111100 0.0227966 -3.14159
0100111101 0.022934 0
0100111110 0.000262976 -3.14159
0100111111 0.0043602 0
0101000000 0.01017 0
0101000001 0.0212097 -3.14159
0101000010 0.039978 -3.14159
0101000011 0.0140686 -3.14159
0101000100 0.000117898 0
0101000101 0.0507202 0
0101000110 0.00127697 -3.14159
0101000111 0.0255737 0
0101001000 0.0158081 -3.14159
0101001001 0.0766602 -3.14159
0101001010 0.00849915 -3.14159
0101001011 0.00617981 0
0101001100 0.00488663 0
0101001101 0.00714874 -3.14159
0101001110 0.0130234 -3.14159
0101001111 0.00865936 0
0101010000 0.0129013 -3.14159
0101010001 0.0150146 0
0101010010 0.0288849 -3.14159
0101010011 0.0114212 -3.14159
0101010100 0.0180664 -3.14159
0101010101 0.0298615 0
0101010110 0.0145111 -3.14159
0101010111 0.0338135 0
0101011000 0.0121994 0
0101011001 0.02034 0
0101011010 0.015274 0
0101011011 0.0263824 -3.14159
0101011100 0.00114536 -3.14159
0101011101 0.0277252 0
0101011110 0.0287781 -3.14159
0101011111 0.0161743 -3.14159
0101100000 0.0415344 -3.14159
0101100001 0.00702286 -3.14159
0101100010 0.0232849 0
0101100011 0.057251 -3.14159
0101100100 0.0289001 -3.14159
0101100101 0.00529099 -3.14159
0101100110 0.0391235 -3.14159
0101100111 0.000122309 0
0101101000 0.0243835 0
0101101001 0.00190926 0
0101101010 0.069397 -3.14159
0101101011 0.00210381 -3.14159
0101101100 0.0236816 0
0101101101 0.0587463 0
0101101110 0.041687 -3.14159
0101101111 0.0485535 -3.14159
0101110000 0.0253601 0
0101110001 0.0178986 -3.14159
0101110010 0.056488 -3.14159
0101110011 0.00760269 0
0101110100 0.0284576 -3.14159
0101110101 0.0124054 -3.14159
0101110110 0.0069046 -3.14159
0101110111 0.0198059 0
0101111000 0.0343628 -3.14159
0101111001 0.00691223 -3.14159
0101111010 0.0354919 -3.14159
0101111011 0.03125 0
0101111100 0.0157318 0
0101111101 0.00694275 -3.14159
0101111110 0.0102921 0
0101111111 0.0422058 0
0110000000 0.0231171 -3.14159
0110000001 0.0564575 -3.14159
0110000010 0.00281906 -3.14159
0110000011 0.0289459 0
0110000100 8.84533e-05 0
0110000101 0.000364065 -3.14159
0110000110 0.0241699 0
0110000111 0.0334473 -3.14159
0110001000 0.0137253 -3.14159
0110001001 0.015007 0
0110001010 0.00896454 0
0110001011 0.0229187 -3.14159
0110001100 0.0370483 0
0110001101 0.0218964 -3.14159
0110001110 0.0175323 0
0110001111 0.00975037 -3.14159
0110010000 0.0413818 0
0110010001 0.0270386 -3.14159
0110010010 0.0657349 0
0110010011 0.0187836 0
0110010100 0.00535583 0
0110010101 0.0569153 -3.14159
0110010110 0.0499878 0
0110010111 0.020752 0
0110011000 0.0286255 -3.14159
0110011001 0.0930176 -3.14159
0110011010 0.00700378 -3.14159
0110011011 0.0152664 -3.14159
0110011100 0.0253906 0
0110011101 0.0342102 -3.14159
0110011110 0.00149632 -3.14159
0110011111 0.0444031 0
0110100000 0.0263519 0
0110100001 0.00180531 0
0110100010 0.00866699 -3.14159
0110100011 0.00614166 0
0110100100 0.00587845 0
0110100101 0.0397644 0
0110100110 0.00862122 -3.14159
0110100111 0.0449524 0
0110101000 0.00419617 -3.14159
0110101001 0.0119247 0
0110101010 0.0351868 0
0110101011 0.0347595 0
0110101100 0.053894 -3.14159
0110101101 0.00879669 0
0110101110 0.0247955 0
0110101111 0.0220337 -3.14159
0110110000 0.00229836 -3.14159
0110110001 0.078125 0
0110110010 0.0106049 0
0110110011 0.0297699 0
0110110100 0.0013876 0
0110110101 0.0376282 0
0110110110 0.0172424 0
0110110111 0.0187225 -3.14159
0110111000 0.0394897 -3.14159
0110111001 0.0612488 0
0110111010 0.00369453 -3.14159
0110111011 0.0814209 0
0110111100 0.0153427 -3.14159
0110111101 0.0527344 -3.14159
0110111110 0.0124893 0
0110111111 0.0182495 -3.14159
0111000000 0.00739288 -3.14159
0111000001 0.0123978 0
0111000010 0.0116806 0
0111000011 0.0178833 -3.14159
0111000100 0.00437164 0
0111000101 0.038208 -3.14159
0111000110 0.00540543 0
0111000111 0.039978 -3.14159
0111001000 0.0514526 0
0111001001 0.0124893 -3.14159
0111001010 0.00589752 0
0111001011 0.00863647 0
0111001100 0.00237656 -3.14159
0111001101 0.0275269 -3.14159
0111001110 0.0370178 0
0111001111 0.0149002 -3.14159
0111010000 0.00311279 0
0111010001 0.00185204 -3.14159
0111010010 0.0536499 0
0111010011 0.0398865 0
0111010100 0.0066452 0
0111010101 0.01371 0
0111010110 0.0380249 0
0111010111 0.000251293 0
0111011000 0.00589752 0
0111011001 0.0132141 -3.14159
0111011010 0.0145569 0
0111011011 9.7394e-05 0
0111011100 0.00841522 0
0111011101 0.00845337 -3.14159
0111011110 0.0429077 -3.14159
0111011111 0.00455093 -3.14159
0111100000 0.0139923 0
0111100001 0.0106659 0
0111100010 0.0129852 0
0111100011 0.0189056 -3.14159
0111100100 0.0233765 -3.14159
0111100101 0.0138474 0
0111100110 0.0244751 -3.14159
0111100111 0.0087204 -3.14159
0111101000 0.0483704 -3.14159
0111101001 0.0223694 0
0111101010 0.00631332 -3.14159
0111101011 0.000806332 -3.14159
0111101100 0.0195923 -3.14159
0111101101 0.0701294 -3.14159
0111101110 0.030899 0
0111101111 0.020813 0
0111110000 0.00537491 0
0111110001 0.00222588 -3.14159
0111110010 0.0589294 -3.14159
0111110011 0.00114822 -3.14159
0111110100 0.0462036 -3.14159
0111110101 0.0213776 -3.14159
0111110110 0.0129852 0
0111110111 0.0239563 -3.14159
0111111000 0.017807 0
0111111001 0.0257721 0
0111111010 0.0452576 -3.14159
0111111011 0.028717 -3.14159
0111111100 0.0186462 -3.14159
0111111101 0.0121689 0
0111111110 0.0359802 -3.14159
0111111111 0.0312805 0
1000000000 0.0105438 0
1000000001 0.0286713 -3.14159
1000000010 0.011528 -3.14159
1000000011 0.0397644 0
1000000100 0.00656509 -3.14159
1000000101 0.0398865 -3.14159
1000000110 0.00435257 0
1000000111 0.0128174 0
1000001000 0.0307007 -3.14159
1000001001 0.0554504 0
1000001010 0.0174255 -3.14159
1000001011 0.00238991 0
1000001100 0.0439758 -3.14159
1000001101 0.0292358 -3.14159
1000001110 0.0266724 0
1000001111 0.0169983 -3.14159
1000010000 0.00436401 -3.14159
1000010001 0.0033493 -3.14159
1000010010 0.0318909 -3.14159
1000010011 0.0104141 0
1000010100 0.0604248 0
1000010101 0.00596619 -3.14159
1000010110 0.0214539 0
1000010111 0.020752 0
1000011000 0.0491943 0
1000011001 0.0787354 -3.14159
1000011010 0.0169067 0
1000011011 0.00388527 0
1000011100 0.039856 0
1000011101 0.0314026 0
1000011110 0.0113449 0
1000011111 0.0117493 -3.14159
1000100000 0.0306854 -3.14159
1000100001 0.0138626 0
1000100010 0.0248413 0
1000100011 0.0446167 0
1000100100 0.0241699 -3.14159
1000100101 0.0428162 -3.14159
1000100110 0.0200195 -3.14159
1000100111 0.0275269 -3.14159
1000101000 0.00636673 0
1000101001 0.0032692 -3.14159
1000101010 0.0231628 0
1000101011 0.0361633 0
1000101100 0.0142136 -3.14159
1000101101 0.0484924 -3.14159
1000101110 0.0508118 -3.14159
1000101111 0.0354004 -3.14159
1000110000 0.0127869 -3.14159
1000110001 0.00113487 -3.14159
1000110010 0.0221252 0
1000110011 0.00165367 0
1000110100 0.0258789 -3.14159
1000110101 0.00758362 0
1000110110 0.0224304 0
1000110111 0.0447388 0
1000111000 0.0541687 -3.14159
1000111001 0.0256958 0
1000111010 0.00850677 -3.14159
1000111011 0.0124664 0
1000111100 0.0344849 0
1000111101 0.0144196 0
1000111110 0.0237427 0
1000111111 0.0304871 0
1001000000 0.0106125 0
1001000001 0.0232086 -3.14159
1001000010 0.00636673 0
1001000011 0.000133991 -3.14159
1001000100 0.0113678 -3.14159
1001000101 0.00161362 0
1001000110 0.0249176 -3.14159
1001000111 0.0535583 -3.14159
1001001000 0.0358582 0
1001001001 0.0218811 -3.14159
1001001010 0.0111542 0
1001001011 0.0110016 0
1001001100 0.0354614 0
1001001101 0.0220642 -3.14159
1001001110 0.00681305 0
1001001111 0.0410461 -3.14159
1001010000 0.0436707 0
1001010001 0.0134277 0
1001010010 0.0640259 -3.14159
1001010011 0.0280609 -3.14159
1001010100 0.0190125 0
1001010101 0.00585175 -3.14159
1001010110 0.00406647 0
1001010111 0.0508118 0
1001011000 0.056488 -3.14159
1001011001 0.00798035 0
1001011010 0.0153961 0
1001011011 0.0191803 -3.14159
1001011100 0.0233459 -3.14159
1001011101 0.0500793 0
1001011110 0.0368652 0
1001011111 0.000973701 0
1001100000 0.00743103 -3.14159
1001100001 0.0257416 0
1001100010 0.0151062 -3.14159
1001100011 0.00816345 -3.14159
1001100100 0.0367432 -3.14159
1001100101 0.0405579 0
1001100110 0.00792694 0
1001100111 0.0872192 0
1001101000 0.0158997 0
1001101001 0.0222778 -3.14159
1001101010 0.0216522 0
1001101011 0.00379372 0
1001101100 0.00482178 -3.14159
1001101101 0.0509033 0
1001101110 0.0166931 0
1001101111 0.0708008 0
1001110000 0.0309448 0
1001110001 0.0367737 -3.14159
1001110010 0.00319481 0
1001110011 0.0154953 0
1001110100 0.0206604 -3.14159
1001110101 0.0377808 0
1001110110 0.0604248 0
1001110111 0.0419312 -3.14159
1001111000 0.00514221 0
1001111001 0.0117111 -3.14159
1001111010 0.00689697 0
1001111011 0.0224304 -3.14159
1001111100 0.0042038 0
1001111101 0.000190258 0
1001111110 0.0619507 -3.14159
1001111111 0.00385475 -3.14159
1010000000 0.00224113 -3.14159
1010000001 0.0133209 -3.14159
1010000010 0.0261841 -3.14159
1010000011 0.019928 -3.14159
1010000100 0.00971985 -3.14159
1010000101 0.0331726 0
1010000110 0.0366211 0
1010000111 0.0361023 -3.14159
1010001000 0.0221405 -3.14159
1010001001 0.0770874 0
1010001010 0.0469971 -3.14159
1010001011 0.0343933 0
1010001100 0.00889587 0
1010001101 0.0288239 0
1010001110 0.0353699 -3.14159
1010001111 0.015152 0
1010010000 0.0333252 0
1010010001 0.0196075 -3.14159
1010010010 0.013092 -3.14159
1010010011 0.00375366 -3.14159
1010010100 0.00754166 -3.14159
1010010101 0.0158081 -3.14159
1010010110 0.00204086 0
1010010111 0.00202942 0
1010011000 0.0106201 0
1010011001 0.0600281 0
1010011010 0.0011549 0
1010011011 0.0105057 -3.14159
1010011100 0.0134811 -3.14159
1010011101 0.0365295 0
1010011110 0.0134125 0
1010011111 0.00539017 0
1010100000 0.0303345 -3.14159
1010100001 0.0230865 0
1010100010 0.00852203 -3.14159
1010100011 0.0457458 -3.14159
1010100100 0.023468 -3.14159
1010100101 0.0430908 0
1010100110 6.84261e-05 -3.14159
1010100111 0.0318298 0
1010101000 0.0199585 -3.14159
1010101001 0.00707245 -3.14159
1010101010 0.00382805 0
1010101011 0.105103 0
1010101100 0.015152 0
1010101101 0.00335503 0
1010101110 0.0137787 -3.14159
1010101111 0.025238 -3.14159
1010110000 0.0574951 0
1010110001 0.0510864 -3.14159
1010110010 0.0237579 -3.14159
1010110011 0.0195007 0
1010110100 0.00526428 -3.14159
1010110101 0.0171814 0
1010110110 0.00414658 0
1010110111 0.0200043 -3.14159
1010111000 0.00761032 0
1010111001 0.0228729 0
1010111010 0.0351257 -3.14159
1010111011 0.0015192 0
1010111100 0.0198517 -3.14159
1010111101 0.0370178 0
1010111110 0.0419312 -3.14159
1010111111 0.00617981 -3.14159
1011000000 0.00687408 0
1011000001 0.0343018 -3.14159
1011000010 0.00827789 0
1011000011 0.00136852 -3.14159
1011000100 0.00329399 0
1011000101 0.0522156 0
1011000110 0.0295715 -3.14159
1011000111 0.00624084 -3.14159
1011001000 0.05896 -3.14159
1011001001 0.0233002 0
1011001010 0.0128708 0
1011001011 0.00356293 -3.14159
1011001100 0.0102386 0
1011001101 0.0568542 0
1011001110 0.0392761 -3.14159
1011001111 0.039032 -3.14159
1011010000 0.000673771 -3.14159
1011010001 0.0609741 -3.14159
1011010010 0.0107269 0
1011010011 0.0043869 -3.14159
1011010100 0.00738144 -3.14159
1011010101 0.0704346 -3.14159
1011010110 0.0249023 -3.14159
1011010111 0.0318604 -3.14159
1011011000 0.00796509 -3.14159
1011011001 0.0162506 0
1011011010 0.0122604 -3.14159
1011011011 0.0236511 -3.14159
1011011100 0.026947 -3.14159
1011011101 0.0280151 0
1011011110 0.0456238 -3.14159
1011011111 0.0313416 -3.14159
1011100000 0.0146637 0
1011100001 0.0133743 -3.14159
1011100010 0.000469208 0
1011100011 0.0697021 0
1011100100 0.0830688 0
1011100101 0.0294647 0
1011100110 0.00938416 0
1011100111 0.0017004 -3.14159
1011101000 0.0412903 0
1011101001 0.0392151 -3.14159
1011101010 0.00433731 0
1011101011 0.0120468 -3.14159
1011101100 0.0394897 0
1011101101 0.019989 -3.14159
1011101110 0.0204315 0
1011101111 0.103638 0
1011110000 0.00305557 0
1011110001 0.0194397 -3.14159
1011110010 0.0130539 -3.14159
1011110011 0.0187988 0
1011110100 0.012619 -3.14159
1011110101 0.0576782 0
1011110110 0.0519714 -3.14159
1011110111 0.026825 -3.14159
1011111000 0.0183411 0
1011111001 0.039917 -3.14159
1011111010 0.0104675 -3.14159
1011111011 0.00204849 0
1011111100 0.0731812 0
1011111101 0.0342102 0
1011111110 0.0571594 0
1011111111 0.0127716 0
1100000000 0.0308685 -3.14159
1100000001 0.0306091 0
1100000010 0.0113068 -3.14159
1100000011 0.0236664 0
1100000100 0.0396729 -3.14159
1100000101 0.0263367 0
1100000110 0.0154495 0
1100000111 0.0283051 0
1100001000 0.00679016 -3.14159
1100001001 0.00118732 -3.14159
1100001010 0.00709534 0
1100001011 0.00398254 -3.14159
1100001100 0.0154648 0
1100001101 0.00305939 -3.14159
1100001110 0.0102081 0
1100001111 0.0157318 -3.14159
1100010000 0.0827026 0
1100010001 0.0124664 0
1100010010 0.00476837 0
1100010011 0.0620117 -3.14159
1100010100 0.000598431 -3.14159
1100010101 0.0357971 -3.14159
1100010110 0.00624847 -3.14159
1100010111 0.0668335 0
1100011000 0.0722046 -3.14159
1100011001 0.00809479 -3.14159
1100011010 0.00252914 -3.14159
1100011011 0.0079422 0
1100011100 0.00366211 -3.14159
1100011101 0.00801849 0
1100011110 0.0137482 -3.14159
1100011111 0.0291901 -3.14159
1100100000 0.0253296 0
1100100001 0.0393372 -3.14159
1100100010 0.0125885 0
1100100011 0.0203705 0
1100100100 0.0213165 0
1100100101 0.0620728 -3.14159
1100100110 7.1764e-05 -3.14159
1100100111 0.00857544 -3.14159
1100101000 0.0303802 -3.14159
1100101001 0.0352173 0
1100101010 0.0241852 0
1100101011 0.0328979 0
1100101100 0.0221863 -3.14159
1100101101 0.0345459 -3.14159
1100101110 0.0791626 0
1100101111 0.0100937 -3.14159
1100110000 0.00271988 0
1100110001 0.0129242 -3.14159
1100110010 0.0517273 0
1100110011 0.0121307 -3.14159
1100110100 0.00125504 0
1100110101 0.0193176 0
1100110110 0.0565796 0
1100110111 0.0178833 0
1100111000 0.0083847 0
1100111001 0.0374756 0
1100111010 0.00295639 0
1100111011 0.0457764 -3.14159
1100111100 0.0452271 -3.14159
1100111101 0.0392761 -3.14159
1100111110 0.0270233 -3.14159
1100111111 0.017395 -3.14159
1101000000 0.0776978 0
1101000001 0.00882721 -3.14159
1101000010 0.0147247 -3.14159
1101000011 0.0241089 -3.14159
1101000100 0.0279694 0
1101000101 0.0534363 0
1101000110 0.025177 0
1101000111 0.0223083 -3.14159
1101001000 0.0723877 0
1101001001 0.000602245 -3.14159
1101001010 0.012001 -3.14159
1101001011 0.00766754 0
1101001100 0.0235901 0
1101001101 0.0170288 0
1101001110 0.0115204 -3.14159
1101001111 0.0224915 0
1101010000 0.0214539 0
1101010001 0.00601959 -3.14159
1101010010 0.00846863 0
1101010011 0.049469 0
1101010100 0.000313997 -3.14159
1101010101 0.0385742 0
1101010110 0.0221863 0
1101010111 0.0273743 0
1101011000 0.0134735 -3.14159
1101011001 0.00423813 -3.14159
1101011010 0.0281067 0
1101011011 0.00563812 -3.14159
1101011100 0.00116158 -3.14159
1101011101 0.0601807 0
1101011110 0.0290527 -3.14159
1101011111 0.0413208 -3.14159
1101100000 0.000533581 -3.14159
1101100001 0.0148926 -3.14159
1101100010 0.00337601 -3.14159
1101100011 0.0274048 0
1101100100 0.0343018 -3.14159
1101100101 0.0547485 -3.14159
1101100110 0.00360298 -3.14159
1101100111 0.0196075 0
1101101000 0.0201263 0
1101101001 0.0151825 0
1101101010 0.0274811 0
1101101011 0.0150452 0
1101101100 0.0203705 -3.14159
1101101101 0.010376 0
1101101110 0.0170746 0
1101101111 0.0422974 -3.14159
1101110000 0.00749207 -3.14159
1101110001 0.0418701 0
1101110010 0.018158 -3.14159
1101110011 0.0386963 -3.14159
1101110100 0.00868225 -3.14159
1101110101 0.0234222 0
1101110110 0.0454712 -3.14159
1101110111 0.0327759 -3.14159
1101111000 0.0733032 -3.14159
1101111001 0.0108109 0
1101111010 0.00819397 0
1101111011 0.000306845 -3.14159
1101111100 0.0204163 0
1101111101 0.0245667 -3.14159
1101111110 0.0131302 0
1101111111 0.0225677 -3.14159
1110000000 0.0184479 -3.14159
1110000001 0.000833511 -3.14159
1110000010 0.0687256 0
1110000011 0.0249329 -3.14159
1110000100 0.0257111 -3.14159
1110000101 0.0194397 0
1110000110 0.0306702 -3.14159
1110000111 0.0493774 0
1110001000 0.00278854 0
1110001001 0.0171661 -3.14159
1110001010 0.0118484 0
1110001011 0.0215454 0
1110001100 0.00305557 0
1110001101 0.0578918 0
1110001110 0.00873566 0
1110001111 0.0219727 0
1110010000 0.00794983 -3.14159
1110010001 0.0271149 0
1110010010 0.00543976 -3.14159
1110010011 0.0276489 0
1110010100 0.0387268 -3.14159
1110010101 0.0419312 -3.14159
1110010110 0.0519104 0
1110010111 0.039032 -3.14159
1110011000 0.00315094 0
1110011001 0.00924683 -3.14159
1110011010 0.0237427 0
1110011011 0.0439453 -3.14159
1110011100 0.0159607 0
1110011101 0.0156097 -3.14159
1110011110 0.0188751 -3.14159
1110011111 0.0612183 0
1110100000 0.038208 0
1110100001 0.00140762 0
1110100010 0.0432739 -3.14159
1110100011 0.000806332 0
1110100100 0.0228882 -3.14159
1110100101 0.0368347 0
1110100110 0.0239105 -3.14159
1110100111 0.0232239 0
1110101000 0.00221062 -3.14159
1110101001 0.025238 0
1110101010 0.0331421 0
1110101011 0.0034256 -3.14159
1110101100 0.00482559 0
1110101101 0.00485611 -3.14159
1110101110 0.000594616 -3.14159
1110101111 0.00379753 0
1110110000 0.0253296 0
1110110001 0.0162964 -3.14159
1110110010 0.039093 -3.14159
1110110011 0.0692139 -3.14159
1110110100 0.0128937 0
1110110101 0.0655518 -3.14159
1110110110 0.0111618 0
1110110111 0.00707245 -3.14159
1110111000 0.0217438 -3.14159
1110111001 0.115295 -3.14159
1110111010 0.0427856 -3.14159
1110111011 0.0147629 0
1110111100 0.0202789 -3.14159
1110111101 0.0291901 0
1110111110 0.00978088 -3.14159
1110111111 0.0265198 -3.14159
1111000000 0.0264435 0
1111000001 0.0281525 -3.14159
1111000010 0.0706177 0
1111000011 0.00608063 0
1111000100 0.0351257 -3.14159
1111000101 0.0324097 -3.14159
1111000110 0.0363159 0
1111000111 0.00357437 -3.14159
1111001000 0.00777435 0
1111001001 0.0230865 -3.14159
1111001010 0.0187073 0
1111001011 0.0310974 0
1111001100 0.047821 -3.14159
1111001101 0.0309906 -3.14159
1111001110 0.0179443 0
1111001111 0.0969849 0
1111010000 0.0148621 0
1111010001 0.00439835 -3.14159
1111010010 0.0195923 -3.14159
1111010011 0.0129776 0
1111010100 0.0346069 0
1111010101 0.00479889 -3.14159
1111010110 0.00182438 0
1111010111 0.0206604 0
1111011000 0.0397339 0
1111011001 0.0173798 -3.14159
1111011010 0.0505676 -3.14159
1111011011 0.0151672 0
1111011100 0.00464249 -3.14159
1111011101 0.00812531 0
1111011110 0.0346069 -3.14159
1111011111 0.00765228 -3.14159
1111100000 0.034729 0
1111100001 0.00722885 -3.14159
1111100010 0.0055275 -3.14159
1111100011 0.0532227 -3.14159
1111100100 0.00933075 0
1111100101 0.0250092 -3.14159
1111100110 0.0458679 0
1111100111 0.0155563 0
1111101000 0.0240021 -3.14159
1111101001 0.00735092 0
1111101010 0.0378418 -3.14159
1111101011 0.033905 -3.14159
1111101100 0.078125 0
1111101101 0.0445862 -3.14159
1111101110 0.0496216 0
1111101111 0.0615845 0
1111110000 0.0360107 -3.14159
1111110001 0.0444641 0
1111110010 0.00346756 -3.14159
1111110011 0.0291138 -3.14159
1111110100 0.0327454 -3.14159
1111110101 0.0512085 0
1111110110 0.0643921 -3.14159
1111110111 0.0258636 0
1111111000 0.0396729 -3.14159
1111111001 0.0398254 -3.14159
1111111010 0.0369263 -3.14159
1111111011 0.000730515 -3.14159
1111111100 0.00566864 -3.14159
1111111101 0.0308533 0
1111111110 0.0182953 0
1111111111 0.000235677 0
