0000000000 0.00285149 -3.14159
0000000001 0.0485535 0
0000000010 0.0272522 0
0000000011 0.0127716 -3.14159
0000000100 0.0311432 -3.14159
0000000101 0.0103073 0
0000000110 0.02005 -3.14159
0000000111 0.0379028 -3.14159
0000001000 0.00207329 -3.14159
0000001001 0.000475645 0
0000001010 0.004776 -3.14159
0000001011 0.0146103 -3.14159
0000001100 0.0127335 0
0000001101 0.019043 -3.14159
0000001110 0.0174866 0
0000001111 0.0161133 -3.14159
0000010000 0.0335999 0
0000010001 0.0115204 -3.14159
0000010010 0.0141983 -3.14159
0000010011 0.0104599 -3.14159
0000010100 0.0122757 -3.14159
0000010101 0.0349426 -3.14159
0000010110 0.0320129 -3.14159
0000010111 0.0144501 -3.14159
0000011000 0.035614 -3.14159
0000011001 0.0195007 0
0000011010 0.00621414 0
0000011011 0.0258789 0
0000011100 0.000209689 0
0000011101 0.0188599 0
0000011110 0.0555115 -3.14159
0000011111 0.0716553 0
0000100000 0.0686646 -3.14159
0000100001 0.0263062 -3.14159
0000100010 0.06427 -3.14159
0000100011 0.0427551 0
0000100100 0.0208282 -3.14159
0000100101 0.0182495 0
0000100110 0.0220184 0
0000100111 0.0219269 0
0000101000 0.00204849 0
0000101001 0.0146637 0
0000101010 0.0181122 -3.14159
0000101011 0.0905151 0
0000101100 0.0164185 0
0000101101 0.00651169 -3.14159
0000101110 0.019104 -3.14159
0000101111 0.0214539 0
0000110000 0.0145035 0
0000110001 0.0131836 -3.14159
0000110010 0.01474 0
0000110011 0.0158844 0
0000110100 0.0414124 -3.14159
0000110101 0.00569153 0
0000110110 0.0281219 0
0000110111 0.0154724 -3.14159
0000111000 0.0014286 0
0000111001 0.0144806 -3.14159
0000111010 0.00737 -3.14159
0000111011 0.0112381 -3.14159
0000111100 0.0114746 -3.14159
0000111101 0.0306702 0
0000111110 0.0254822 -3.14159
0000111111 0.0105591 -3.14159
0001000000 0.0276489 0
0001000001 0.040741 -3.14159
0001000010 0.0318909 -3.14159
0001000011 0.00447083 0
0001000100 0.0161285 -3.14159
0001000101 0.00295258 0
0001000110 0.0208435 0
0001000111 0.0220032 -3.14159
0001001000 0.103455 -3.14159
0001001001 0.0032692 -3.14159
0001001010 0.0252686 -3.14159
0001001011 0.019043 -3.14159
0001001100 0.0114059 0
0001001101 0.0440369 -3.14159
0001001110 0.03125 0
0001001111 0.0278015 0
0001010000 0.0317078 0
0001010001 0.00863647 -3.14159
0001010010 0.0761108 0
0001010011 0.0020771 -3.14159
0001010100 0.00617599 -3.14159
0001010101 0.00735855 -3.14159
0001010110 0.0108566 -3.14159
0001010111 0.0375061 -3.14159
0001011000 0.0189209 0
0001011001 0.0192108 0
0001011010 0.000915527 -3.14159
0001011011 0.0649414 -3.14159
0001011100 0.0465698 0
0001011101 0.0236053 -3.14159
0001011110 0.0312347 -3.14159
0001011111 0.00675964 -3.14159
0001100000 0.0684204 -3.14159
0001100001 0.0269775 0
0001100010 0.0483704 -3.14159
0001100011 0.0184326 -3.14159
0001100100 0.0134888 0
0001100101 0.00419235 -3.14159
0001100110 0.0121384 -3.14159
0001100111 0.0976562 0
0001101000 0.0430603 0
0001101001 0.00352287 -3.14159
0001101010 0.00756073 -3.14159
0001101011 0.0302429 -3.14159
0001101100 0.0205383 -3.14159
0001101101 0.0497131 -3.14159
0001101110 0.0406494 0
0001101111 0.0190887 0
0001110000 0.0526733 -3.14159
0001110001 0.0146255 0
0001110010 0.0474548 -3.14159
0001110011 0.017868 0
0001110100 0.00791168 0
0001110101 0.0103607 -3.14159
0001110110 0.0268097 -3.14159
0001110111 0.0181274 -3.14159
0001111000 0.00187492 -3.14159
0001111001 0.0436707 -3.14159
0001111010 0.0306854 0
0001111011 0.0217285 0
0001111100 0.0306396 -3.14159
0001111101 0.0389404 0
0001111110 0.000285625 0
0001111111 0.0373535 0
0010000000 0.0152435 0
0010000001 0.0169525 0
0010000010 0.00534439 0
0010000011 0.0197601 -3.14159
0010000100 0.0319519 -3.14159
0010000101 0.032959 -3.14159
0010000110 0.0310974 -3.14159
0010000111 0.0690308 -3.14159
0010001000 0.0214386 -3.14159
0010001001 0.00811005 -3.14159
0010001010 0.00883484 -3.14159
0010001011 0.0144424 -3.14159
0010001100 0.0245972 -3.14159
0010001101 0.0260315 -3.14159
0010001110 0.0228424 0
0010001111 0.0210266 -3.14159
0010010000 0.072937 -3.14159
0010010001 0.0211792 -3.14159
0010010010 0.0274506 -3.14159
0010010011 0.0135422 -3.14159
0010010100 0.0514221 -3.14159
0010010101 0.0260773 -3.14159
0010010110 0.0126953 0
0010010111 0.00127792 -3.14159
0010011000 0.0237274 0
0010011001 0.0523071 -3.14159
0010011010 0.0202484 0
0010011011 0.0348206 0
0010011100 0.0231934 0
0010011101 0.0501099 0
0010011110 0.00543213 -3.14159
0010011111 0.0118408 0
0010100000 0.0149536 -3.14159
0010100001 0.00540543 -3.14159
0010100010 0.0801392 -3.14159
0010100011 0.0210876 -3.14159
0010100100 0.0158234 -3.14159
0010100101 0.008461 -3.14159
0010100110 0.0259399 0
0010100111 0.0126953 0
0010101000 0.0215607 0
0010101001 0.00357819 -3.14159
0010101010 0.0353088 -3.14159
0010101011 0.0251465 -3.14159
0010101100 0.0407104 -3.14159
0010101101 0.0557861 0
0010101110 0.00704193 -3.14159
0010101111 0.0106354 0
0010110000 0.0029335 -3.14159
0010110001 0.00967407 -3.14159
0010110010 0.0200043 0
0010110011 0.00245094 0
0010110100 0.0138779 0
0010110101 0.00730515 0
0010110110 0.0125122 0
0010110111 0.0045166 0
0010111000 0.00619888 0
0010111001 0.00246429 0
0010111010 0.019043 -3.14159
0010111011 0.0406799 0
0010111100 0.0183716 -3.14159
0010111101 0.019928 -3.14159
0010111110 0.0244598 0
0010111111 0.00973511 -3.14159
0011000000 0.0352173 -3.14159
0011000001 0.0197449 0
0011000010 0.0441895 0
0011000011 0.0224609 0
0011000100 0.00717163 -3.14159
0011000101 0.00744247 0
0011000110 0.00543976 -3.14159
0011000111 0.0313416 -3.14159
0011001000 0.0523071 0
0011001001 0.00447845 0
0011001010 0.0281219 0
0011001011 0.0456238 -3.14159
0011001100 0.00351906 -3.14159
0011001101 0.036438 -3.14159
0011001110 0.102905 0
0011001111 0.00472641 -3.14159
0011010000 0.0130844 -3.14159
0011010001 0.0028286 0
0011010010 0.00349426 0
0011010011 0.0407715 -3.14159
0011010100 0.0112991 -3.14159
0011010101 0.0393982 -3.14159
0011010110 0.0055542 0
0011010111 0.0288239 0
0011011000 0.02388 0
0011011001 0.0301514 -3.14159
0011011010 0.00535583 -3.14159
0011011011 0.0118027 -3.14159
0011011100 0.00640106 0
0011011101 0.0211639 -3.14159
0011011110 0.00944519 0
0011011111 0.0650635 0
0011100000 0.0227051 0
0011100001 0.0142899 -3.14159
0011100010 0.0226746 0
0011100011 0.0153885 -3.14159
0011100100 0.0236359 -3.14159
0011100101 0.00888824 0
0011100110 0.011673 0
0011100111 0.0455322 0
0011101000 0.0476379 -3.14159
0011101001 0.0103149 0
0011101010 0.0271149 0
0011101011 0.0250397 0
0011101100 0.0192566 -3.14159
0011101101 0.0274506 0
0011101110 0.0437622 -3.14159
0011101111 0.0279236 -3.14159
0011110000 0.0184937 -3.14159
0011110001 0.032074 0
0011110010 0.0270081 0
0011110011 0.049408 0
0011110100 0.0353699 -3.14159
0011110101 0.0400391 0
0011110110 0.018158 -3.14159
0011110111 0.0405273 0
0011111000 0.00150108 -3.14159
0011111001 0.0259552 -3.14159
0011111010 0.00242043 -3.14159
0011111011 0.0488281 -3.14159
0011111100 0.0222931 -3.14159
0011111101 0.0109177 -3.14159
0011111110 0.046051 0
0011111111 0.00678253 0
0100000000 0.00217247 -3.14159
0100000001 0.00444412 -3.14159
0100000010 0.0239868 -3.14159
0100000011 0.0249939 0
0100000100 0.0637817 -3.14159
0100000101 0.0391846 0
0100000110 0.0414124 0
0100000111 0.0296631 -3.14159
0100001000 0.0212097 0
0100001001 0.00323486 0
0100001010 0.0187836 0
0100001011 0.0168915 -3.14159
0100001100 0.0089035 0
0100001101 0.0498962 -3.14159
0100001110 0.015686 0
0100001111 0.0136719 -3.14159
0100010000 0.0372314 0
0100010001 0.0707397 -3.14159
0100010010 0.0131683 0
0100010011 0.00244713 -3.14159
0100010100 0.0824585 -3.14159
0100010101 0.057373 -3.14159
0100010110 0.0178528 0
0100010111 0.0552979 -3.14159
0100011000 0.0457153 -3.14159
0100011001 0.0333252 0
0100011010 0.0143967 -3.14159
0100011011 0.0149002 0
0100011100 0.000861645 0
0100011101 0.00382042 -3.14159
0100011110 0.0191803 0
0100011111 0.0124054 0
0100100000 0.0137329 0
0100100001 0.0640869 0
0100100010 0.0173187 -3.14159
0100100011 0.0349121 0
0100100100 0.0149841 0
0100100101 0.00852966 -3.14159
0100100110 0.0912476 0
0100100111 0.000940323 -3.14159
0100101000 0.0219421 0
0100101001 0.0280151 -3.14159
0100101010 0.000120401 -3.14159
0100101011 0.0518188 0
0100101100 0.0149002 -3.14159
0100101101 0.00952148 0
0100101110 0.0146255 -3.14159
0100101111 0.0427856 0
0100110000 0.0545654 0
0100110001 0.00654221 0
0100110010 0.00545883 0
0100110011 0.0559998 -3.14159
0100110100 0.0238953 0
0100110101 0.028595 0
0100110110 0.00922394 -3.14159
0100110111 0.00643539 0
0100111000 0.020874 0
0100111001 0.0222321 0
0100111010 0.0113678 0
0100111011 0.00938416 0
0100111100 0.0219727 -3.14159
0100111101 0.0181885 0
0100111110 0.0183563 0
0100111111 0.00185204 -3.14159
0101000000 0.00379372 -3.14159
0101000001 0.0218506 -3.14159
0101000010 0.0413818 -3.14159
0101000011 0.0140839 -3.14159
0101000100 0.00160027 -3.14159
0101000101 0.0535583 0
0101000110 0.0224304 -3.14159
0101000111 0.0314331 0
0101001000 0.0206299 -3.14159
0101001001 0.0665894 -3.14159
0101001010 0.0127869 -3.14159
0101001011 0.0333862 0
0101001100 0.0105591 -3.14159
0101001101 0.00952148 -3.14159
0101001110 0.0117188 -3.14159
0101001111 0.0144806 0
0101010000 0.00700378 -3.14159
0101010001 0.0159912 0
0101010010 0.0218964 -3.14159
0101010011 0.0124741 -3.14159
0101010100 0.0254517 -3.14159
0101010101 0.0137711 0
0101010110 0.00920105 -3.14159
0101010111 0.0316162 0
0101011000 0.0317078 0
0101011001 0.0112228 0
0101011010 0.00354767 -3.14159
0101011011 0.0274658 -3.14159
0101011100 0.0106506 -3.14159
0101011101 0.00722885 0
0101011110 0.0333252 -3.14159
0101011111 0.0121841 0
0101100000 0.0357056 -3.14159
0101100001 0.0103302 -3.14159
0101100010 0.00490189 0
0101100011 0.0380249 -3.14159
0101100100 0.023056 -3.14159
0101100101 0.00292397 -3.14159
0101100110 0.0395203 -3.14159
0101100111 0.0175171 0
0101101000 0.0387573 0
0101101001 0.0117264 -3.14159
0101101010 0.067749 -3.14159
0101101011 0.0212555 -3.14159
0101101100 0.0252228 0
0101101101 0.0426636 0
0101101110 0.0502625 -3.14159
0101101111 0.04422 -3.14159
0101110000 0.0105438 0
0101110001 0.0155029 -3.14159
0101110010 0.042511 -3.14159
0101110011 0.00619507 0
0101110100 0.0229645 -3.14159
0101110101 0.0119934 -3.14159
0101110110 0.0283356 -3.14159
0101110111 0.0333252 0
0101111000 0.0132065 -3.14159
0101111001 0.00550461 -3.14159
0101111010 0.00948334 -3.14159
0101111011 0.00889587 0
0101111100 0.0163727 0
0101111101 0.0172882 -3.14159
0101111110 0.00734711 0
0101111111 0.0571289 0
0110000000 0.0187378 -3.14159
0110000001 0.044342 -3.14159
0110000010 0.00304604 0
0110000011 0.0306854 0
0110000100 0.00959778 -3.14159
0110000101 0.0175629 0
0110000110 0.0303497 0
0110000111 0.0429382 -3.14159
0110001000 0.00786591 -3.14159
0110001001 0.0279083 0
0110001010 0.0462341 0
0110001011 0.0201721 -3.14159
0110001100 0.0294647 0
0110001101 0.0436707 -3.14159
0110001110 0.0151291 0
0110001111 0.0071373 0
0110010000 0.0454407 0
0110010001 0.0246887 -3.14159
0110010010 0.0596008 0
0110010011 0.0160675 0
0110010100 0.000934124 0
0110010101 0.0585327 -3.14159
0110010110 0.0415955 0
0110010111 0.0205841 0
0110011000 0.00906372 -3.14159
0110011001 0.0808716 -3.14159
0110011010 0.0063591 -3.14159
0110011011 0.0230713 -3.14159
0110011100 0.0173187 0
0110011101 0.0370178 -3.14159
0110011110 0.0119247 0
0110011111 0.0533142 0
0110100000 0.00933075 0
0110100001 0.014061 0
0110100010 0.00114059 0
0110100011 0.0202026 0
0110100100 0.0111389 0
0110100101 0.055481 0
0110100110 0.0128708 -3.14159
0110100111 0.0539856 0
0110101000 0.00901794 -3.14159
0110101001 0.0167542 0
0110101010 0.0149536 0
0110101011 0.0083847 0
0110101100 0.0460815 -3.14159
0110101101 0.00657272 0
0110101110 0.0335693 0
0110101111 0.0124664 -3.14159
0110110000 0.002491 -3.14159
0110110001 0.0438538 0
0110110010 0.0117035 0
0110110011 0.0246277 0
0110110100 0.000487089 -3.14159
0110110101 0.0457153 0
0110110110 0.0319214 0
0110110111 0.0298767 -3.14159
0110111000 0.0467224 -3.14159
0110111001 0.042572 0
0110111010 0.00142479 -3.14159
0110111011 0.0825195 0
0110111100 0.012825 -3.14159
0110111101 0.0462036 -3.14159
0110111110 0.0457458 0
0110111111 0.00401688 0
0111000000 0.00462341 -3.14159
0111000001 0.00358963 -3.14159
0111000010 0.0164032 0
0111000011 0.0204926 -3.14159
0111000100 0.0105515 -3.14159
0111000101 0.0389099 -3.14159
0111000110 0.000645638 0
0111000111 0.0602112 -3.14159
0111001000 0.0489502 0
0111001001 0.0370483 -3.14159
0111001010 0.0107346 0
0111001011 0.0085907 0
0111001100 0.00527191 0
0111001101 0.037323 -3.14159
0111001110 0.0517578 0
0111001111 0.00578308 -3.14159
0111010000 0.00946045 0
0111010001 0.00843048 0
0111010010 0.0578613 0
0111010011 0.0374756 0
0111010100 0.00456619 -3.14159
0111010101 0.00100136 -3.14159
0111010110 0.0493774 0
0111010111 0.000415802 -3.14159
0111011000 9.72748e-05 -3.14159
0111011001 0.0026722 -3.14159
0111011010 0.00717163 0
0111011011 0.0191345 -3.14159
0111011100 0.00616074 0
0111011101 0.0218658 -3.14159
0111011110 0.0418396 -3.14159
0111011111 0.00635147 -3.14159
0111100000 0.0296631 0
0111100001 0.0160828 0
0111100010 0.00352669 0
0111100011 0.0208435 -3.14159
0111100100 0.0036068 0
0111100101 0.0157471 0
0111100110 0.026474 -3.14159
0111100111 0.00601196 0
0111101000 0.0571289 -3.14159
0111101001 0.0137558 0
0111101010 0.00221443 0
0111101011 0.00827026 0
0111101100 0.0233154 -3.14159
0111101101 0.0651855 -3.14159
0111101110 0.0363159 0
0111101111 0.0106354 0
0111110000 0.00212097 0
0111110001 0.00683212 -3.14159
0111110010 0.0413818 -3.14159
0111110011 0.0171814 -3.14159
0111110100 0.0567932 -3.14159
0111110101 0.0404358 -3.14159
0111110110 0.00352287 0
0111110111 0.0152054 -3.14159
0111111000 0.0118637 0
0111111001 0.0314941 0
0111111010 0.0686035 -3.14159
0111111011 0.0423584 -3.14159
0111111100 0.0259399 -3.14159
0111111101 0.0166931 0
0111111110 0.0376892 -3.14159
0111111111 0.0196991 0
1000000000 0.0072937 -3.14159
1000000001 0.0233612 -3.14159
1000000010 0.0119705 -3.14159
1000000011 0.0314026 0
1000000100 0.0147018 0
1000000101 0.0314636 -3.14159
1000000110 0.00975037 0
1000000111 0.0260315 0
1000001000 0.0151367 -3.14159
1000001001 0.052002 0
1000001010 0.00778961 -3.14159
1000001011 0.0109024 0
1000001100 0.0401001 -3.14159
1000001101 0.0193787 -3.14159
1000001110 0.0178528 0
1000001111 0.00891876 -3.14159
1000010000 0.00624847 -3.14159
1000010001 0.00858307 -3.14159
1000010010 0.0284576 -3.14159
1000010011 0.012146 -3.14159
1000010100 0.0472717 0
1000010101 0.0332947 -3.14159
1000010110 0.0152893 0
1000010111 0.0195312 0
1000011000 0.0591125 0
1000011001 0.0864868 -3.14159
1000011010 0.0121841 0
1000011011 0.000809193 -3.14159
1000011100 0.0105972 0
1000011101 0.0431824 0
1000011110 0.018158 0
1000011111 0.00242615 -3.14159
1000100000 0.0235596 -3.14159
1000100001 0.0163879 0
1000100010 0.0117264 0
1000100011 0.0464478 0
1000100100 0.0340881 -3.14159
1000100101 0.0397034 -3.14159
1000100110 0.0338745 -3.14159
1000100111 0.0438843 -3.14159
1000101000 0.0120773 0
1000101001 0.00818634 0
1000101010 0.00818634 0
1000101011 0.0334778 0
1000101100 0.0200043 -3.14159
1000101101 0.0470886 -3.14159
1000101110 0.0417786 -3.14159
1000101111 0.00939178 -3.14159
1000110000 0.0204315 -3.14159
1000110001 0.00858307 -3.14159
1000110010 0.0259399 0
1000110011 3.39746e-06 -3.14159
1000110100 0.0233002 -3.14159
1000110101 0.0129013 0
1000110110 0.0159454 0
1000110111 0.0348206 0
1000111000 0.0651245 -3.14159
1000111001 0.0154877 0
1000111010 0.0137024 -3.14159
1000111011 0.00327492 0
1000111100 0.0223083 0
1000111101 0.0111694 0
1000111110 0.0336304 0
1000111111 0.0191956 0
1001000000 0.00663757 0
1001000001 0.0125809 -3.14159
1001000010 0.0104294 -3.14159
1001000011 0.0155716 0
1001000100 0.0231476 -3.14159
1001000101 0.0121231 0
1001000110 0.026535 -3.14159
1001000111 0.0448608 -3.14159
1001001000 0.037384 0
1001001001 0.0170898 -3.14159
1001001010 0.00505066 -3.14159
1001001011 0.00391388 0
1001001100 0.0331116 0
1001001101 0.0166321 -3.14159
1001001110 0.0196686 0
1001001111 0.0499573 -3.14159
1001010000 0.0560913 0
1001010001 0.0119705 0
1001010010 0.0578308 -3.14159
1001010011 0.0413208 -3.14159
1001010100 0.0099411 0
1001010101 0.00364685 -3.14159
1001010110 0.0044899 0
1001010111 0.0377502 0
1001011000 0.0579224 -3.14159
1001011001 0.007061 0
1001011010 0.0292206 0
1001011011 0.0134201 -3.14159
1001011100 0.0113602 -3.14159
1001011101 0.0289612 0
1001011110 0.0379944 0
1001011111 0.000844002 0
1001100000 0.0237274 -3.14159
1001100001 0.0132751 0
1001100010 0.00983429 0
1001100011 0.00988007 -3.14159
1001100100 0.0392151 -3.14159
1001100101 0.0139008 0
1001100110 0.0032711 0
1001100111 0.0848999 0
1001101000 0.0388794 0
1001101001 0.0179749 -3.14159
1001101010 0.0190887 0
1001101011 0.00773239 -3.14159
1001101100 0.00227737 -3.14159
1001101101 0.0523376 0
1001101110 0.023941 0
1001101111 0.0793457 0
1001110000 0.0411987 0
1001110001 0.0322876 -3.14159
1001110010 0.00553513 0
1001110011 0.0112991 0
1001110100 0.0259399 -3.14159
1001110101 0.0244141 0
1001110110 0.0444031 0
1001110111 0.0127487 -3.14159
1001111000 0.0085144 0
1001111001 0.0012722 -3.14159
1001111010 0.0188599 0
1001111011 0.0371704 -3.14159
1001111100 0.000227928 -3.14159
1001111101 0.0053978 -3.14159
1001111110 0.031311 -3.14159
1001111111 0.00238419 -3.14159
1010000000 0.00375557 -3.14159
1010000001 0.0348206 -3.14159
1010000010 0.0447388 -3.14159
1010000011 0.0394287 -3.14159
1010000100 0.0113983 -3.14159
1010000101 0.0369263 0
1010000110 0.0401917 0
1010000111 0.0461121 -3.14159
1010001000 0.0237732 -3.14159
1010001001 0.0778809 0
1010001010 0.0351562 -3.14159
1010001011 0.0283356 0
1010001100 0.0065918 0
1010001101 0.0195312 0
1010001110 0.0378113 -3.14159
1010001111 0.0124359 0
1010010000 0.0282135 0
1010010001 0.0196991 -3.14159
1010010010 0.0213013 -3.14159
1010010011 0.00154972 0
1010010100 0.0143585 -3.14159
1010010101 0.00658417 0
1010010110 0.0305176 -3.14159
1010010111 0.00917053 0
1010011000 0.0133057 0
1010011001 0.059021 0
1010011010 0.0063858 0
1010011011 0.00782776 0
1010011100 0.00855255 -3.14159
1010011101 0.035614 0
1010011110 0.0171204 0
1010011111 0.00587845 -3.14159
1010100000 0.0328979 -3.14159
1010100001 0.0183868 0
1010100010 0.00701904 -3.14159
1010100011 0.0241241 -3.14159
1010100100 0.035675 -3.14159
1010100101 0.045929 0
1010100110 0.031311 0
1010100111 0.0277557 0
1010101000 0.0261688 -3.14159
1010101001 0.00176907 -3.14159
1010101010 0.0132751 0
1010101011 0.102478 0
1010101100 0.0281219 0
1010101101 0.0119324 0
1010101110 0.0131607 -3.14159
1010101111 0.0228424 -3.14159
1010110000 0.0446167 0
1010110001 0.0539856 -3.14159
1010110010 0.0180206 -3.14159
1010110011 0.0295868 0
1010110100 0.00513458 -3.14159
1010110101 0.0171967 0
1010110110 0.00161171 0
1010110111 0.0178833 -3.14159
1010111000 0.00947571 -3.14159
1010111001 0.0474854 0
1010111010 0.0462341 -3.14159
1010111011 0.00481033 0
1010111100 0.0154114 -3.14159
1010111101 0.0229492 0
1010111110 0.0333252 -3.14159
1010111111 0.0202026 -3.14159
1011000000 0.0245514 0
1011000001 0.0195923 -3.14159
1011000010 0.0021553 0
1011000011 0.0042038 0
1011000100 0.033905 0
1011000101 0.0487976 0
1011000110 0.0567932 -3.14159
1011000111 0.0143204 -3.14159
1011001000 0.0611267 -3.14159
1011001001 0.0302277 0
1011001010 0.00742722 0
1011001011 0.00366211 0
1011001100 0.0230408 0
1011001101 0.0366516 0
1011001110 0.0298767 -3.14159
1011001111 0.0389099 -3.14159
1011010000 0.0222626 0
1011010001 0.0482178 -3.14159
1011010010 0.0111008 0
1011010011 0.0137024 -3.14159
1011010100 0.00111198 -3.14159
1011010101 0.060791 -3.14159
1011010110 0.0292969 -3.14159
1011010111 0.0562744 -3.14159
1011011000 0.0190887 -3.14159
1011011001 0.0254974 0
1011011010 0.0118179 -3.14159
1011011011 0.0188599 -3.14159
1011011100 0.0223999 -3.14159
1011011101 0.0219269 0
1011011110 0.0441284 -3.14159
1011011111 0.0249634 -3.14159
1011100000 0.00735474 0
1011100001 0.00214767 -3.14159
1011100010 0.00247383 -3.14159
1011100011 0.0588684 0
1011100100 0.0682373 0
1011100101 0.00956726 0
1011100110 0.00209045 0
1011100111 0.0119476 0
1011101000 0.0565796 0
1011101001 0.0400085 -3.14159
1011101010 0.00820923 0
1011101011 0.0217896 -3.14159
1011101100 0.0295105 0
1011101101 0.0206146 -3.14159
1011101110 0.0285492 0
1011101111 0.0998535 0
1011110000 0.00948334 0
1011110001 0.00722885 -3.14159
1011110010 0.0126038 0
1011110011 0.00365639 -3.14159
1011110100 0.0278473 -3.14159
1011110101 0.0466003 0
1011110110 0.0499878 -3.14159
1011110111 0.0267334 -3.14159
1011111000 0.0152435 0
1011111001 0.0461426 -3.14159
1011111010 0.0143433 -3.14159
1011111011 0.01371 -3.14159
1011111100 0.0770264 0
1011111101 0.0360413 0
1011111110 0.0582581 0
1011111111 0.004879 0
1100000000 0.0401917 -3.14159
1100000001 0.0365906 0
1100000010 0.00686646 -3.14159
1100000011 0.0113678 0
1100000100 0.037262 -3.14159
1100000101 0.0173645 0
1100000110 0.00126076 0
1100000111 0.0301361 0
1100001000 0.0136108 -3.14159
1100001001 0.00259399 -3.14159
1100001010 0.00670242 0
1100001011 0.00858307 -3.14159
1100001100 0.0185242 0
1100001101 0.00164795 0
1100001110 0.0314636 0
1100001111 0.0135727 0
1100010000 0.0715942 0
1100010001 0.0135803 0
1100010010 0.000605583 0
1100010011 0.0812988 -3.14159
1100010100 0.0010376 0
1100010101 0.0408936 -3.14159
1100010110 0.0139847 -3.14159
1100010111 0.0629272 0
1100011000 0.0497131 -3.14159
1100011001 0.00875854 -3.14159
1100011010 0.00590897 0
1100011011 0.00620651 0
1100011100 0.0120621 -3.14159
1100011101 0.00914764 0
1100011110 0.0085144 -3.14159
1100011111 0.037323 -3.14159
1100100000 0.0122375 0
1100100001 0.046051 -3.14159
1100100010 0.0127258 0
1100100011 0.0240631 0
1100100100 0.0233459 0
1100100101 0.0551758 -3.14159
1100100110 0.00836945 -3.14159
1100100111 0.00889587 0
1100101000 0.0181427 -3.14159
1100101001 0.0340576 0
1100101010 0.033844 0
1100101011 0.0325317 0
1100101100 0.0453796 -3.14159
1100101101 0.021637 -3.14159
1100101110 0.0785522 0
1100101111 0.0017395 0
1100110000 0.00469589 0
1100110001 0.000540733 0
1100110010 0.0526123 0
1100110011 0.00782776 -3.14159
1100110100 0.00338364 0
1100110101 0.00590897 0
1100110110 0.0555115 0
1100110111 0.000649929 0
1100111000 0.00613403 -3.14159
1100111001 0.0234833 0
1100111010 0.00703049 -3.14159
1100111011 0.0536194 -3.14159
1100111100 0.0284119 -3.14159
1100111101 0.0180817 -3.14159
1100111110 0.0353394 -3.14159
1100111111 0.0181274 -3.14159
1101000000 0.0765381 0
1101000001 0.00605774 -3.14159
1101000010 0.0147934 -3.14159
1101000011 0.026413 -3.14159
1101000100 0.0380554 0
1101000101 0.0529785 0
1101000110 0.0376587 0
1101000111 0.0216064 -3.14159
1101001000 0.0591736 0
1101001001 0.0154114 0
1101001010 0.00552368 -3.14159
1101001011 0.00998688 0
1101001100 0.00620651 0
1101001101 0.0291595 0
1101001110 0.000337362 -3.14159
1101001111 0.0171204 0
1101010000 0.00959778 0
1101010001 0.0012989 -3.14159
1101010010 0.0222778 0
1101010011 0.0593262 0
1101010100 0.00117683 0
1101010101 0.00691605 0
1101010110 0.0272064 0
1101010111 0.0276794 0
1101011000 0.016861 -3.14159
1101011001 0.0116501 0
1101011010 0.0422058 0
1101011011 0.00234795 0
1101011100 0.00663376 0
1101011101 0.0340271 0
1101011110 0.0331116 -3.14159
1101011111 0.0489197 -3.14159
1101100000 0.0113068 0
1101100001 0.00656891 -3.14159
1101100010 0.0211639 -3.14159
1101100011 0.0372314 0
1101100100 0.0211792 -3.14159
1101100101 0.0532227 -3.14159
1101100110 0.0127716 -3.14159
1101100111 0.0215912 0
1101101000 0.0230103 0
1101101001 0.0222931 0
1101101010 0.00775528 0
1101101011 0.0141602 0
1101101100 0.0239716 -3.14159
1101101101 0.00216675 0
1101101110 0.0300598 0
1101101111 0.0354614 -3.14159
1101110000 0.00451279 -3.14159
1101110001 0.0328674 0
1101110010 0.0108032 -3.14159
1101110011 0.0440674 -3.14159
1101110100 0.0174408 -3.14159
1101110101 0.0221252 0
1101110110 0.034668 -3.14159
1101110111 0.0494385 -3.14159
1101111000 0.0706177 -3.14159
1101111001 0.007061 0
1101111010 0.0207672 0
1101111011 0.0303192 -3.14159
1101111100 0.0356445 0
1101111101 0.0204315 -3.14159
1101111110 0.0140381 0
1101111111 0.0303497 -3.14159
1110000000 0.0139618 -3.14159
1110000001 0.0107193 0
1110000010 0.0686646 0
1110000011 0.024765 -3.14159
1110000100 0.00695038 -3.14159
1110000101 0.0274048 0
1110000110 0.0326233 -3.14159
1110000111 0.0332336 0
1110001000 0.000377893 -3.14159
1110001001 0.0101471 0
1110001010 0.0201263 0
1110001011 0.00987244 0
1110001100 0.0133286 -3.14159
1110001101 0.0500793 0
1110001110 0.0191803 0
1110001111 0.0305176 0
1110010000 0.00749207 -3.14159
1110010001 0.0201569 0
1110010010 0.00540924 -3.14159
1110010011 0.0428467 0
1110010100 0.0323486 -3.14159
1110010101 0.0344543 -3.14159
1110010110 0.0385132 0
1110010111 0.0316162 -3.14159
1110011000 0.00188065 0
1110011001 0.0149994 -3.14159
1110011010 0.00514603 0
1110011011 0.0194702 -3.14159
1110011100 0.0218658 0
1110011101 0.0124435 -3.14159
1110011110 0.0143661 -3.14159
1110011111 0.0887451 0
1110100000 0.030014 0
1110100001 0.0124664 -3.14159
1110100010 0.0477295 -3.14159
1110100011 0.00310707 0
1110100100 0.00452805 -3.14159
1110100101 0.038269 0
1110100110 0.0429077 -3.14159
1110100111 0.00966644 0
1110101000 0.016449 -3.14159
1110101001 0.033905 0
1110101010 0.0214691 0
1110101011 0.00248528 0
1110101100 0.0133286 0
1110101101 0.0146942 0
1110101110 0.0101624 0
1110101111 0.0086441 -3.14159
1110110000 0.00730515 0
1110110001 0.0144272 -3.14159
1110110010 0.0357361 -3.14159
1110110011 0.0690918 -3.14159
1110110100 0.0101242 0
1110110101 0.0553284 -3.14159
1110110110 0.0118637 0
1110110111 0.0236816 -3.14159
1110111000 0.021759 -3.14159
1110111001 0.117615 -3.14159
1110111010 0.0458069 -3.14159
1110111011 0.0149994 0
1110111100 0.0249329 -3.14159
1110111101 0.0157318 0
1110111110 0.0180817 -3.14159
1110111111 0.0482788 -3.14159
1111000000 0.0383301 0
1111000001 0.0210876 -3.14159
1111000010 0.0662231 0
1111000011 0.00699997 -3.14159
1111000100 0.0363159 -3.14159
1111000101 0.0221405 -3.14159
1111000110 0.0420837 0
1111000111 0.0154877 -3.14159
1111001000 0.00145435 -3.14159
1111001001 0.0285797 -3.14159
1111001010 0.0120087 0
1111001011 0.0282593 0
1111001100 0.0182037 -3.14159
1111001101 0.0226135 -3.14159
1111001110 0.0202789 0
1111001111 0.100647 0
1111010000 8.17776e-05 0
1111010001 0.033844 -3.14159
1111010010 0.0114899 -3.14159
1111010011 0.00854492 -3.14159
1111010100 0.024765 0
1111010101 0.00576401 -3.14159
1111010110 0.00483322 -3.14159
1111010111 0.026062 0
1111011000 0.0427856 0
1111011001 0.0124893 -3.14159
1111011010 0.0556946 -3.14159
1111011011 0.0174561 0
1111011100 0.00170326 0
1111011101 0.0108948 -3.14159
1111011110 0.0295563 -3.14159
1111011111 0.0245972 -3.14159
1111100000 0.0326843 0
1111100001 0.00151253 -3.14159
1111100010 0.00343132 -3.14159
1111100011 0.0589294 -3.14159
1111100100 0.0107574 0
1111100101 0.0315552 -3.14159
1111100110 0.0418396 0
1111100111 0.0189209 0
1111101000 0.000383854 0
1111101001 0.0180359 0
1111101010 0.0349121 -3.14159
1111101011 0.0343933 -3.14159
1111101100 0.0778809 0
1111101101 0.0432129 -3.14159
1111101110 0.0596313 0
1111101111 0.0697632 0
1111110000 0.042572 -3.14159
1111110001 0.0539856 0
1111110010 0.00804138 -3.14159
1111110011 0.0341492 -3.14159
1111110100 0.0413208 -3.14159
1111110101 0.0411987 0
1111110110 0.0662842 -3.14159
1111110111 0.0379028 0
1111111000 0.0549316 -3.14159
1111111001 0.0297699 -3.14159
1111111010 0.0179749 -3.14159
1111111011 0.00775528 -3.14159
1111111100 0.0308075 0
1111111101 0.0245209 0
1111111110 0.0222015 0
1111111111 0.00886536 0
