0000000000 0.0168304 0
0000000001 0.0586243 0
0000000010 0.0332642 0
0000000011 0.0186768 -3.14159
0000000100 0.0337219 -3.14159
0000000101 0.0132828 0
0000000110 0.0160828 -3.14159
0000000111 0.0407715 -3.14159
0000001000 0.00413895 -3.14159
0000001001 0.000696659 -3.14159
0000001010 0.00834656 -3.14159
0000001011 0.0155487 -3.14159
0000001100 0.00551224 0
0000001101 0.0129471 -3.14159
0000001110 0.0211487 0
0000001111 0.00218773 -3.14159
0000010000 0.0359497 0
0000010001 0.0159912 -3.14159
0000010010 0.0266571 -3.14159
0000010011 0.00539017 -3.14159
0000010100 0.0195923 -3.14159
0000010101 0.0435791 -3.14159
0000010110 0.0269318 -3.14159
0000010111 0.0228882 -3.14159
0000011000 0.0357056 -3.14159
0000011001 0.001688 0
0000011010 0.00544739 0
0000011011 0.0244598 0
0000011100 0.00210381 0
0000011101 0.0159454 0
0000011110 0.0478821 -3.14159
0000011111 0.059967 0
0000100000 0.0675659 -3.14159
0000100001 0.0276031 -3.14159
0000100010 0.0638428 -3.14159
0000100011 0.0439148 0
0000100100 0.032959 -3.14159
0000100101 0.0245972 0
0000100110 0.0202942 0
0000100111 0.0200806 0
0000101000 0.00145245 -3.14159
0000101001 0.00300407 0
0000101010 0.022583 -3.14159
0000101011 0.076416 0
0000101100 0.0176392 0
0000101101 0.00483704 -3.14159
0000101110 0.0184937 -3.14159
0000101111 0.0129395 0
0000110000 0.0100784 0
0000110001 0.00845337 -3.14159
0000110010 0.0190277 0
0000110011 0.0232697 0
0000110100 0.0336914 -3.14159
0000110101 0.012207 0
0000110110 0.0307312 0
0000110111 0.00422668 -3.14159
0000111000 0.00146103 0
0000111001 0.022995 -3.14159
0000111010 0.0165558 -3.14159
0000111011 0.0080719 -3.14159
0000111100 0.0062294 -3.14159
0000111101 0.0268555 0
0000111110 0.0148926 -3.14159
0000111111 0.0158844 -3.14159
0001000000 0.0232697 0
0001000001 0.0452576 -3.14159
0001000010 0.0426025 -3.14159
0001000011 0.00632858 -3.14159
0001000100 0.0185547 -3.14159
0001000101 0.00172997 0
0001000110 0.0277557 0
0001000111 0.0220642 -3.14159
0001001000 0.102844 -3.14159
0001001001 0.00579453 0
0001001010 0.0261383 -3.14159
0001001011 0.0149231 -3.14159
0001001100 0.00212479 -3.14159
0001001101 0.034668 -3.14159
0001001110 0.0396118 0
0001001111 0.0258484 0
0001010000 0.0246277 0
0001010001 0.0100403 -3.14159
0001010010 0.0750732 0
0001010011 0.0136337 -3.14159
0001010100 0.00413513 -3.14159
0001010101 0.00375366 -3.14159
0001010110 0.000827789 -3.14159
0001010111 0.056366 -3.14159
0001011000 0.0185242 0
0001011001 0.0205383 0
0001011010 0.0149765 0
0001011011 0.0602722 -3.14159
0001011100 0.0391235 0
0001011101 0.028244 -3.14159
0001011110 0.0357971 -3.14159
0001011111 0.00627136 -3.14159
0001100000 0.0492859 -3.14159
0001100001 0.0263672 0
0001100010 0.0396423 -3.14159
0001100011 0.025116 -3.14159
0001100100 0.0128784 0
0001100101 0.00307083 0
0001100110 0.00959015 -3.14159
0001100111 0.105469 0
0001101000 0.0383606 0
0001101001 0.00125313 -3.14159
0001101010 0.0070343 -3.14159
0001101011 0.0357971 -3.14159
0001101100 0.0276031 -3.14159
0001101101 0.04953 -3.14159
0001101110 0.053833 0
0001101111 0.0379639 0
0001110000 0.0540466 -3.14159
0001110001 0.00881958 0
0001110010 0.0413818 -3.14159
0001110011 0.0317078 0
0001110100 0.00621033 -3.14159
0001110101 0.00402451 -3.14159
0001110110 0.0273132 -3.14159
0001110111 0.0222168 -3.14159
0001111000 0.00337219 0
0001111001 0.0435791 -3.14159
0001111010 0.022995 0
0001111011 0.0207977 0
0001111100 0.0332642 -3.14159
0001111101 0.0418396 0
0001111110 0.00405121 -3.14159
0001111111 0.0422363 0
0010000000 0.0182648 0
0010000001 0.0197906 0
0010000010 0.000594616 -3.14159
0010000011 0.00516129 -3.14159
0010000100 0.0319824 -3.14159
0010000101 0.0396118 -3.14159
0010000110 0.0342407 -3.14159
0010000111 0.0719604 -3.14159
0010001000 0.0203705 -3.14159
0010001001 0.0141754 0
0010001010 0.00694656 -3.14159
0010001011 0.0192719 -3.14159
0010001100 0.0247345 -3.14159
0010001101 0.0317383 -3.14159
0010001110 0.0146637 0
0010001111 0.0191193 -3.14159
0010010000 0.0717773 -3.14159
0010010001 0.0327454 -3.14159
0010010010 0.00768661 -3.14159
0010010011 0.0212555 -3.14159
0010010100 0.0310822 -3.14159
0010010101 0.0293121 -3.14159
0010010110 0.00949097 0
0010010111 0.00707245 0
0010011000 0.0152512 0
0010011001 0.0516968 -3.14159
0010011010 0.0270233 0
0010011011 0.0231171 0
0010011100 0.0291748 0
0010011101 0.0436401 0
0010011110 0.00788116 -3.14159
0010011111 0.0119019 0
0010100000 0.012764 -3.14159
0010100001 0.00856018 0
0010100010 0.0822144 -3.14159
0010100011 0.0121536 -3.14159
0010100100 0.00752258 -3.14159
0010100101 0.00936127 -3.14159
0010100110 0.036499 0
0010100111 0.0174561 0
0010101000 0.016861 0
0010101001 0.00413132 0
0010101010 0.0292206 -3.14159
0010101011 0.0270844 -3.14159
0010101100 0.0420837 -3.14159
0010101101 0.0509338 0
0010101110 0.000313759 -3.14159
0010101111 0.0136566 0
0010110000 0.000328064 0
0010110001 0.00169182 -3.14159
0010110010 0.0207672 0
0010110011 0.00733566 -3.14159
0010110100 0.0165863 0
0010110101 0.0110779 0
0010110110 0.00880432 0
0010110111 0.000427485 0
0010111000 0.0132294 0
0010111001 0.0136566 0
0010111010 0.00783539 -3.14159
0010111011 0.0431824 0
0010111100 0.0162048 -3.14159
0010111101 0.0170898 -3.14159
0010111110 0.0334778 0
0010111111 0.0036869 -3.14159
0011000000 0.0305481 -3.14159
0011000001 0.0147629 0
0011000010 0.0463257 0
0011000011 0.0265808 0
0011000100 0.0200348 -3.14159
0011000101 0.00301361 -3.14159
0011000110 0.00127029 -3.14159
0011000111 0.0337524 -3.14159
0011001000 0.0314026 0
0011001001 0.00663757 0
0011001010 0.0420227 0
0011001011 0.051178 -3.14159
0011001100 0.00748062 -3.14159
0011001101 0.027771 -3.14159
0011001110 0.118103 0
0011001111 0.012413 -3.14159
0011010000 0.00954437 -3.14159
0011010001 0.00338936 0
0011010010 6.82473e-05 0
0011010011 0.0483704 -3.14159
0011010100 0.008255 -3.14159
0011010101 0.0279694 -3.14159
0011010110 0.00820923 0
0011010111 0.0222778 0
0011011000 0.0169067 0
0011011001 0.0320129 -3.14159
0011011010 0.00770569 0
0011011011 0.0175171 -3.14159
0011011100 0.0184479 -3.14159
0011011101 0.0245819 -3.14159
0011011110 0.0110168 0
0011011111 0.0461731 0
0011100000 0.0118179 0
0011100001 0.0202179 -3.14159
0011100010 0.018219 0
0011100011 0.0217133 -3.14159
0011100100 0.0230103 -3.14159
0011100101 0.00181389 0
0011100110 0.0155792 0
0011100111 0.0462341 0
0011101000 0.0469971 -3.14159
0011101001 0.0197144 0
0011101010 0.0209351 0
0011101011 0.0261536 0
0011101100 0.0201111 -3.14159
0011101101 0.0258484 0
0011101110 0.0467224 -3.14159
0011101111 0.0142899 -3.14159
0011110000 0.0209808 -3.14159
0011110001 0.0256958 0
0011110010 0.0291595 0
0011110011 0.0394592 0
0011110100 0.0446777 -3.14159
0011110101 0.0390015 0
0011110110 0.0320129 -3.14159
0011110111 0.0359192 0
0011111000 0.00894928 -3.14159
0011111001 0.0194702 -3.14159
0011111010 7.24792e-05 0
0011111011 0.037262 -3.14159
0011111100 0.0267334 -3.14159
0011111101 0.00895691 -3.14159
0011111110 0.032135 0
0011111111 0.00453186 0
0100000000 0.00152302 0
0100000001 0.0162659 -3.14159
0100000010 0.0258942 -3.14159
0100000011 0.0291595 0
0100000100 0.06427 -3.14159
0100000101 0.0332031 0
0100000110 0.0426636 0
0100000111 0.0317078 -3.14159
0100001000 0.0204926 0
0100001001 0.000897884 -3.14159
0100001010 0.035675 0
0100001011 0.0272217 -3.14159
0100001100 0.00635529 0
0100001101 0.0411377 -3.14159
0100001110 0.0268402 0
0100001111 0.0126877 -3.14159
0100010000 0.041687 0
0100010001 0.0698242 -3.14159
0100010010 0.0216217 0
0100010011 0.0137711 -3.14159
0100010100 0.09021 -3.14159
0100010101 0.0675049 -3.14159
0100010110 0.00563431 0
0100010111 0.0600586 -3.14159
0100011000 0.0374146 -3.14159
0100011001 0.0332031 0
0100011010 0.00359344 -3.14159
0100011011 0.0134506 0
0100011100 0.00355721 0
0100011101 0.00925446 -3.14159
0100011110 0.0207367 0
0100011111 0.00863647 0
0100100000 0.00862122 0
0100100001 0.0515442 0
0100100010 0.0141754 -3.14159
0100100011 0.0349731 0
0100100100 0.0100555 0
0100100101 0.012413 -3.14159
0100100110 0.0914307 0
0100100111 0.0128632 -3.14159
0100101000 0.027771 0
0100101001 0.0229187 -3.14159
0100101010 0.00189781 0
0100101011 0.0432739 0
0100101100 0.00538635 -3.14159
0100101101 0.00505066 0
0100101110 0.0370483 -3.14159
0100101111 0.0395813 0
0100110000 0.0418091 0
0100110001 0.017746 0
0100110010 0.00796509 -3.14159
0100110011 0.0580444 -3.14159
0100110100 0.0245667 0
0100110101 0.0289154 0
0100110110 0.0136566 -3.14159
0100110111 0.0111084 0
0100111000 0.0189056 0
0100111001 0.0151062 0
0100111010 0.000563145 -3.14159
0100111011 0.00906372 0
0100111100 0.0160675 -3.14159
0100111101 0.0393677 0
0100111110 0.0197601 0
0100111111 0.00042057 0
0101000000 0.00228691 -3.14159
0101000001 0.0245361 -3.14159
0101000010 0.0364685 -3.14159
0101000011 0.0158691 -3.14159
0101000100 0.00166607 0
0101000101 0.067749 0
0101000110 0.0227509 -3.14159
0101000111 0.0124054 0
0101001000 0.0286255 -3.14159
0101001001 0.0484314 -3.14159
0101001010 0.0145874 -3.14159
0101001011 0.0243988 0
0101001100 0.00774765 -3.14159
0101001101 0.01828 -3.14159
0101001110 0.00100803 -3.14159
0101001111 0.0180359 0
0101010000 0.000482798 -3.14159
0101010001 0.0276642 0
0101010010 0.013855 -3.14159
0101010011 0.0145035 -3.14159
0101010100 0.0311584 -3.14159
0101010101 0.0115051 0
0101010110 0.0144653 -3.14159
0101010111 0.0291748 0
0101011000 0.0293427 0
0101011001 0.0188599 0
0101011010 0.000576973 -3.14159
0101011011 0.0177002 -3.14159
0101011100 0.0129242 -3.14159
0101011101 0.00868988 0
0101011110 0.025589 -3.14159
0101011111 0.00626755 0
0101100000 0.0529175 -3.14159
0101100001 0.0103455 -3.14159
0101100010 0.0139313 0
0101100011 0.0554504 -3.14159
0101100100 0.0331421 -3.14159
0101100101 0.00733948 -3.14159
0101100110 0.0375671 -3.14159
0101100111 0.0249786 0
0101101000 0.0473633 0
0101101001 0.0117569 -3.14159
0101101010 0.0641479 -3.14159
0101101011 0.0152893 -3.14159
0101101100 0.0265961 0
0101101101 0.0444641 0
0101101110 0.0397034 -3.14159
0101101111 0.0325928 -3.14159
0101110000 0.0177612 0
0101110001 0.02034 -3.14159
0101110010 0.0298309 -3.14159
0101110011 0.0121078 0
0101110100 0.0182037 -3.14159
0101110101 0.00585938 -3.14159
0101110110 0.0325012 -3.14159
0101110111 0.0292206 0
0101111000 0.011673 -3.14159
0101111001 0.00603485 -3.14159
0101111010 0.0054245 -3.14159
0101111011 0.0117645 0
0101111100 0.011467 0
0101111101 0.00536728 -3.14159
0101111110 0.0060463 0
0101111111 0.0480957 0
0110000000 0.0258331 -3.14159
0110000001 0.0486755 -3.14159
0110000010 0.00677872 -3.14159
0110000011 0.0213623 0
0110000100 0.0122681 -3.14159
0110000101 0.0146332 0
0110000110 0.026825 0
0110000111 0.0461121 -3.14159
0110001000 0.0137711 -3.14159
0110001001 0.0227203 0
0110001010 0.0432129 0
0110001011 0.0285645 -3.14159
0110001100 0.0254974 0
0110001101 0.043457 -3.14159
0110001110 0.00985718 0
0110001111 0.00294304 0
0110010000 0.0418396 0
0110010001 0.0251007 -3.14159
0110010010 0.0627441 0
0110010011 0.026474 0
0110010100 0.00448608 0
0110010101 0.0585327 -3.14159
0110010110 0.0415955 0
0110010111 0.0340881 0
0110011000 0.00984955 -3.14159
0110011001 0.0795898 -3.14159
0110011010 0.0122299 -3.14159
0110011011 0.014946 -3.14159
0110011100 0.0173798 0
0110011101 0.0411377 -3.14159
0110011110 0.00718689 0
0110011111 0.0393066 0
0110100000 0.0246735 0
0110100001 0.010582 0
0110100010 0.00304222 -3.14159
0110100011 0.0198212 0
0110100100 0.00170231 -3.14159
0110100101 0.0524292 0
0110100110 0.0108109 -3.14159
0110100111 0.0540161 0
0110101000 0.00520325 -3.14159
0110101001 0.0242462 0
0110101010 0.0271454 0
0110101011 0.0159454 0
0110101100 0.0432129 -3.14159
0110101101 0.0048027 0
0110101110 0.024704 0
0110101111 0.0167389 -3.14159
0110110000 0.00833893 0
0110110001 0.0453491 0
0110110010 0.0188446 0
0110110011 0.0283661 0
0110110100 0.0085144 -3.14159
0110110101 0.0450745 0
0110110110 0.0263977 0
0110110111 0.0240173 -3.14159
0110111000 0.0534363 -3.14159
0110111001 0.0392151 0
0110111010 0.0161591 0
0110111011 0.0802612 0
0110111100 0.00894928 -3.14159
0110111101 0.0523682 -3.14159
0110111110 0.0299225 0
0110111111 0.00317192 -3.14159
0111000000 0.00655365 -3.14159
0111000001 0.00376892 -3.14159
0111000010 0.0181732 0
0111000011 0.0222168 -3.14159
0111000100 0.0117798 -3.14159
0111000101 0.0281067 -3.14159
0111000110 0.0125427 -3.14159
0111000111 0.0578308 -3.14159
0111001000 0.040802 0
0111001001 0.0331726 -3.14159
0111001010 0.0136719 0
0111001011 0.0134277 0
0111001100 0.00776291 0
0111001101 0.0402832 -3.14159
0111001110 0.048645 0
0111001111 0.00648117 -3.14159
0111010000 0.0104141 0
0111010001 0.000981331 -3.14159
0111010010 0.0502319 0
0111010011 0.0417175 0
0111010100 0.00183201 -3.14159
0111010101 0.0089798 0
0111010110 0.0458984 0
0111010111 0.0070076 0
0111011000 0.0130081 -3.14159
0111011001 0.00576401 -3.14159
0111011010 0.00505066 0
0111011011 0.0144958 -3.14159
0111011100 0.0148773 0
0111011101 0.00363541 -3.14159
0111011110 0.0536194 -3.14159
0111011111 0.00876617 -3.14159
0111100000 0.0221405 0
0111100001 0.01548 0
0111100010 0.000390291 0
0111100011 0.0159912 -3.14159
0111100100 7.90358e-05 0
0111100101 0.0165405 0
0111100110 0.0156403 -3.14159
0111100111 0.015686 0
0111101000 0.0608826 -3.14159
0111101001 0.0111389 0
0111101010 0.00330162 0
0111101011 0.0116882 0
0111101100 0.0223846 -3.14159
0111101101 0.0661011 -3.14159
0111101110 0.0293121 0
0111101111 0.0186615 0
0111110000 0.00533676 0
0111110001 0.00229454 -3.14159
0111110010 0.0418091 -3.14159
0111110011 0.0230255 -3.14159
0111110100 0.0626221 -3.14159
0111110101 0.0422974 -3.14159
0111110110 0.0021286 -3.14159
0111110111 0.0231628 -3.14159
0111111000 0.0167999 0
0111111001 0.0317078 0
0111111010 0.0606995 -3.14159
0111111011 0.032074 -3.14159
0111111100 0.0260773 -3.14159
0111111101 0.0166931 0
0111111110 0.0346985 -3.14159
0111111111 0.0298309 0
1000000000 0.0197601 -3.14159
1000000001 0.0263214 -3.14159
1000000010 0.0129166 -3.14159
1000000011 0.0214691 0
1000000100 0.0175018 0
1000000101 0.0218811 -3.14159
1000000110 0.00853729 -3.14159
1000000111 0.0238495 0
1000001000 0.020462 -3.14159
1000001001 0.0574646 0
1000001010 0.00488663 -3.14159
1000001011 0.00821686 0
1000001100 0.0426636 -3.14159
1000001101 0.0172577 -3.14159
1000001110 0.032196 0
1000001111 0.00193214 -3.14159
1000010000 0.00543976 -3.14159
1000010001 0.00618362 -3.14159
1000010010 0.0376587 -3.14159
1000010011 0.00728607 -3.14159
1000010100 0.0617371 0
1000010101 0.0345459 -3.14159
1000010110 0.0192719 0
1000010111 0.0179901 0
1000011000 0.0498047 0
1000011001 0.0803223 -3.14159
1000011010 0.00933838 0
1000011011 0.0129318 0
1000011100 0.000994682 0
1000011101 0.052948 0
1000011110 0.00416183 0
1000011111 0.0239563 -3.14159
1000100000 0.011116 -3.14159
1000100001 0.0166321 0
1000100010 0.0118332 0
1000100011 0.0381775 0
1000100100 0.039978 -3.14159
1000100101 0.0404968 -3.14159
1000100110 0.0296173 -3.14159
1000100111 0.0392151 -3.14159
1000101000 0.00583267 0
1000101001 0.011795 0
1000101010 0.0104904 0
1000101011 0.0233307 0
1000101100 0.00967407 -3.14159
1000101101 0.0440979 -3.14159
1000101110 0.0424805 -3.14159
1000101111 0.0167999 -3.14159
1000110000 0.0284119 -3.14159
1000110001 0.00808716 -3.14159
1000110010 0.0193481 0
1000110011 0.00453949 0
1000110100 0.00950623 -3.14159
1000110101 0.00305176 0
1000110110 0.0345459 0
1000110111 0.0509949 0
1000111000 0.065918 -3.14159
1000111001 0.0217133 0
1000111010 0.0154877 -3.14159
1000111011 0.0104446 0
1000111100 0.0360413 0
1000111101 0.00491333 0
1000111110 0.0475769 0
1000111111 0.00516891 0
1001000000 0.0192871 0
1001000001 0.0109329 -3.14159
1001000010 0.0125351 -3.14159
1001000011 0.0151215 0
1001000100 0.0155258 -3.14159
1001000101 0.0188446 0
1001000110 0.0321655 -3.14159
1001000111 0.045105 -3.14159
1001001000 0.0394287 0
1001001001 0.00886536 -3.14159
1001001010 0.000890255 -3.14159
1001001011 0.0109406 0
1001001100 0.0276642 0
1001001101 0.00485992 -3.14159
1001001110 0.0152893 0
1001001111 0.049469 -3.14159
1001010000 0.0609436 0
1001010001 0.0154495 0
1001010010 0.0692749 -3.14159
1001010011 0.0374451 -3.14159
1001010100 0.00513458 0
1001010101 0.00196075 -3.14159
1001010110 0.00960541 0
1001010111 0.0376892 0
1001011000 0.0514526 -3.14159
1001011001 0.00115776 -3.14159
1001011010 0.0233459 0
1001011011 0.00780869 -3.14159
1001011100 0.02211 -3.14159
1001011101 0.0411072 0
1001011110 0.0439148 0
1001011111 0.00209045 -3.14159
1001100000 0.0242004 -3.14159
1001100001 0.0157471 0
1001100010 0.00337029 0
1001100011 0.00960541 -3.14159
1001100100 0.0458984 -3.14159
1001100101 0.0281982 0
1001100110 0.00933075 0
1001100111 0.0843506 0
1001101000 0.0423279 0
1001101001 0.0123138 -3.14159
1001101010 0.00426865 0
1001101011 0.00492859 -3.14159
1001101100 0.00169182 -3.14159
1001101101 0.0593872 0
1001101110 0.0245819 0
1001101111 0.0770874 0
1001110000 0.0390015 0
1001110001 0.0387573 -3.14159
1001110010 0.000615597 0
1001110011 0.0058403 0
1001110100 0.00761032 -3.14159
1001110101 0.0124435 0
1001110110 0.0494995 0
1001110111 0.0176544 -3.14159
1001111000 0.013031 0
1001111001 0.0112152 -3.14159
1001111010 0.0150604 0
1001111011 0.0370178 -3.14159
1001111100 0.0130157 -3.14159
1001111101 0.0118103 -3.14159
1001111110 0.023468 -3.14159
1001111111 0.00345039 -3.14159
1010000000 0.00421524 -3.14159
1010000001 0.0319824 -3.14159
1010000010 0.0375977 -3.14159
1010000011 0.0342407 -3.14159
1010000100 0.00494385 -3.14159
1010000101 0.0583801 0
1010000110 0.0417175 0
1010000111 0.049469 -3.14159
1010001000 0.0442505 -3.14159
1010001001 0.0769653 0
1010001010 0.0449219 -3.14159
1010001011 0.00908661 0
1010001100 0.0224152 0
1010001101 0.0174255 0
1010001110 0.0306396 -3.14159
1010001111 0.00258064 -3.14159
1010010000 0.0289917 0
1010010001 0.0159912 -3.14159
1010010010 0.0186768 -3.14159
1010010011 0.00740433 0
1010010100 0.0100708 -3.14159
1010010101 0.0138016 0
1010010110 0.00647354 -3.14159
1010010111 0.0104065 0
1010011000 0.0220337 0
1010011001 0.0701904 0
1010011010 0.0122681 0
1010011011 0.0127106 0
1010011100 0.0176544 -3.14159
1010011101 0.0258484 0
1010011110 0.00163746 0
1010011111 0.00288582 -3.14159
1010100000 0.0413818 -3.14159
1010100001 0.0228577 0
1010100010 0.0114975 -3.14159
1010100011 0.0185852 -3.14159
1010100100 0.0389404 -3.14159
1010100101 0.0541382 0
1010100110 0.0140305 0
1010100111 0.0297699 0
1010101000 0.0294495 -3.14159
1010101001 0.00156975 -3.14159
1010101010 0.0171051 0
1010101011 0.102905 0
1010101100 0.0338745 0
1010101101 0.00382233 0
1010101110 0.0260315 -3.14159
1010101111 0.0276642 -3.14159
1010110000 0.0541992 0
1010110001 0.0531006 -3.14159
1010110010 0.0203857 -3.14159
1010110011 0.03479 0
1010110100 0.00518036 -3.14159
1010110101 0.00342178 0
1010110110 0.00311089 0
1010110111 0.0194397 -3.14159
1010111000 0.0128021 -3.14159
1010111001 0.0459595 0
1010111010 0.0435181 -3.14159
1010111011 0.0082016 0
1010111100 0.0116196 -3.14159
1010111101 0.0209961 0
1010111110 0.0247955 -3.14159
1010111111 0.0257568 -3.14159
1011000000 0.0177765 0
1011000001 0.0170593 -3.14159
1011000010 0.00367165 0
1011000011 0.000816345 -3.14159
1011000100 0.0300446 0
1011000101 0.0386658 0
1011000110 0.0685425 -3.14159
1011000111 0.00388527 -3.14159
1011001000 0.0467224 -3.14159
1011001001 0.0230103 0
1011001010 0.00834656 0
1011001011 0.000877857 -3.14159
1011001100 0.0137863 0
1011001101 0.0380249 0
1011001110 0.021637 -3.14159
1011001111 0.0345459 -3.14159
1011010000 0.00510406 0
1011010001 0.0496826 -3.14159
1011010010 0.0157471 0
1011010011 0.0209045 -3.14159
1011010100 0.00611877 -3.14159
1011010101 0.0571289 -3.14159
1011010110 0.0243073 -3.14159
1011010111 0.0519104 -3.14159
1011011000 0.0226898 -3.14159
1011011001 0.0243073 0
1011011010 0.00777054 -3.14159
1011011011 0.0155792 -3.14159
1011011100 0.0252686 -3.14159
1011011101 0.0105972 0
1011011110 0.0410767 -3.14159
1011011111 0.0198059 -3.14159
1011100000 0.0132217 0
1011100001 0.00301743 -3.14159
1011100010 0.00426102 -3.14159
1011100011 0.0568237 0
1011100100 0.0624695 0
1011100101 0.014679 0
1011100110 0.0119095 0
1011100111 0.0197754 0
1011101000 0.0437012 0
1011101001 0.0156097 -3.14159
1011101010 0.0172577 0
1011101011 0.0235138 -3.14159
1011101100 0.0291901 0
1011101101 0.0362549 -3.14159
1011101110 0.0198517 0
1011101111 0.10376 0
1011110000 0.0196991 0
1011110001 0.00807953 -3.14159
1011110010 0.0170288 0
1011110011 0.0108337 -3.14159
1011110100 0.0188446 -3.14159
1011110101 0.0406799 0
1011110110 0.0657349 -3.14159
1011110111 0.0342712 -3.14159
1011111000 0.0139771 0
1011111001 0.0354309 -3.14159
1011111010 0.0112152 0
1011111011 0.0128174 -3.14159
1011111100 0.0697632 0
1011111101 0.035553 0
1011111110 0.0606384 0
1011111111 0.00123119 -3.14159
1100000000 0.0157318 -3.14159
1100000001 0.0465088 0
1100000010 0.00657654 -3.14159
1100000011 0.0148315 0
1100000100 0.0413818 -3.14159
1100000101 0.00762558 0
1100000110 0.00370026 -3.14159
1100000111 0.0182037 0
1100001000 0.0124207 -3.14159
1100001001 0.00124836 -3.14159
1100001010 0.00179672 -3.14159
1100001011 0.0102463 -3.14159
1100001100 0.00794983 0
1100001101 0.00819397 -3.14159
1100001110 0.0317383 0
1100001111 0.022934 0
1100010000 0.072937 0
1100010001 0.0199432 0
1100010010 0.000141859 0
1100010011 0.0846558 -3.14159
1100010100 0.00161457 0
1100010101 0.0424805 -3.14159
1100010110 0.0197601 -3.14159
1100010111 0.0593872 0
1100011000 0.0479126 -3.14159
1100011001 0.0114059 -3.14159
1100011010 0.0100632 0
1100011011 0.00294113 0
1100011100 0.00982666 -3.14159
1100011101 0.0144577 0
1100011110 0.0194397 -3.14159
1100011111 0.025528 -3.14159
1100100000 0.0104218 0
1100100001 0.0397034 -3.14159
1100100010 0.0190125 0
1100100011 0.0188446 0
1100100100 0.0134659 0
1100100101 0.0456543 -3.14159
1100100110 0.0076828 0
1100100111 0.0104599 0
1100101000 0.00238609 -3.14159
1100101001 0.0343933 0
1100101010 0.0294037 0
1100101011 0.0382385 0
1100101100 0.0251923 -3.14159
1100101101 0.0269928 -3.14159
1100101110 0.0776978 0
1100101111 0.00240135 0
1100110000 0.000559807 -3.14159
1100110001 0.0117035 -3.14159
1100110010 0.0501099 0
1100110011 0.0211792 -3.14159
1100110100 0.0070343 0
1100110101 0.00254822 0
1100110110 0.0470276 0
1100110111 0.00849152 -3.14159
1100111000 0.0109634 -3.14159
1100111001 0.0192719 0
1100111010 0.00341606 -3.14159
1100111011 0.0574646 -3.14159
1100111100 0.018631 -3.14159
1100111101 0.0250854 -3.14159
1100111110 0.0298309 -3.14159
1100111111 0.0246735 -3.14159
1101000000 0.086731 0
1101000001 0.0137177 -3.14159
1101000010 0.0204315 -3.14159
1101000011 0.0199127 -3.14159
1101000100 0.0486145 0
1101000101 0.0509338 0
1101000110 0.0435791 0
1101000111 0.0091629 -3.14159
1101001000 0.0703735 0
1101001001 0.0155106 0
1101001010 0.00559998 -3.14159
1101001011 0.0209503 0
1101001100 0.00538635 0
1101001101 0.0237885 0
1101001110 0.00225449 0
1101001111 0.0202179 0
1101010000 0.0228271 0
1101010001 0.00253677 0
1101010010 0.0134277 0
1101010011 0.0469971 0
1101010100 0.0042572 0
1101010101 0.00338173 -3.14159
1101010110 0.0139923 0
1101010111 0.0213776 0
1101011000 0.0134888 -3.14159
1101011001 0.021286 0
1101011010 0.0412598 0
1101011011 0.00383186 -3.14159
1101011100 0.00410461 0
1101011101 0.0359802 0
1101011110 0.0332947 -3.14159
1101011111 0.043335 -3.14159
1101100000 0.0113297 0
1101100001 0.00874329 -3.14159
1101100010 0.0122528 -3.14159
1101100011 0.0358276 0
1101100100 0.01828 -3.14159
1101100101 0.0437622 -3.14159
1101100110 0.00482559 0
1101100111 0.0159912 0
1101101000 0.0171204 0
1101101001 0.018158 0
1101101010 0.0169373 0
1101101011 0.0144577 0
1101101100 0.0282288 -3.14159
1101101101 0.00708008 0
1101101110 0.0283203 0
1101101111 0.0360107 -3.14159
1101110000 0.004879 -3.14159
1101110001 0.0270691 0
1101110010 7.11679e-05 -3.14159
1101110011 0.0436096 -3.14159
1101110100 0.00821686 -3.14159
1101110101 0.0252533 0
1101110110 0.0352173 -3.14159
1101110111 0.0412903 -3.14159
1101111000 0.0821533 -3.14159
1101111001 0.00382042 0
1101111010 0.00919342 0
1101111011 0.0402222 -3.14159
1101111100 0.0374756 0
1101111101 0.0224152 -3.14159
1101111110 0.0111847 0
1101111111 0.018631 -3.14159
1110000000 0.00642776 -3.14159
1110000001 0.0257721 0
1110000010 0.0675659 0
1110000011 0.0300446 -3.14159
1110000100 0.0204315 -3.14159
1110000101 0.0230255 0
1110000110 0.0379028 -3.14159
1110000111 0.0376587 0
1110001000 0.00291443 -3.14159
1110001001 0.0044632 0
1110001010 0.00751114 0
1110001011 0.00868225 0
1110001100 0.0110626 -3.14159
1110001101 0.0479431 0
1110001110 0.0188446 0
1110001111 0.0231628 0
1110010000 0.00138855 0
1110010001 0.0176392 0
1110010010 0.00773239 -3.14159
1110010011 0.0402222 0
1110010100 0.0324402 -3.14159
1110010101 0.0387268 -3.14159
1110010110 0.0395813 0
1110010111 0.0219879 -3.14159
1110011000 0.00818634 -3.14159
1110011001 0.00551605 -3.14159
1110011010 0.00202942 0
1110011011 0.0180817 -3.14159
1110011100 0.0136795 0
1110011101 0.0147552 -3.14159
1110011110 0.0119324 -3.14159
1110011111 0.0791016 0
1110100000 0.0308685 0
1110100001 0.0177612 -3.14159
1110100010 0.0478821 -3.14159
1110100011 0.00640488 -3.14159
1110100100 0.0112152 -3.14159
1110100101 0.0417175 0
1110100110 0.042511 -3.14159
1110100111 0.0150757 0
1110101000 0.0193481 -3.14159
1110101001 0.0284729 0
1110101010 0.0230103 0
1110101011 0.00537872 -3.14159
1110101100 0.03479 0
1110101101 0.00630951 0
1110101110 0.000428915 -3.14159
1110101111 0.00537491 -3.14159
1110110000 0.0172424 0
1110110001 0.00367165 -3.14159
1110110010 0.0398865 -3.14159
1110110011 0.0682983 -3.14159
1110110100 0.00409698 -3.14159
1110110101 0.0608826 -3.14159
1110110110 0.0109024 0
1110110111 0.0435486 -3.14159
1110111000 0.0378723 -3.14159
1110111001 0.11145 -3.14159
1110111010 0.051239 -3.14159
1110111011 0.0271454 0
1110111100 0.0368652 -3.14159
1110111101 0.0161133 0
1110111110 0.0135803 -3.14159
1110111111 0.0469971 -3.14159
1111000000 0.038208 0
1111000001 0.0338135 -3.14159
1111000010 0.0605774 0
1111000011 0.0151749 -3.14159
1111000100 0.0359497 -3.14159
1111000101 0.0305634 -3.14159
1111000110 0.0439453 0
1111000111 0.0121841 -3.14159
1111001000 0.0089798 0
1111001001 0.0294189 -3.14159
1111001010 0.0117035 0
1111001011 0.0198669 0
1111001100 0.0120773 -3.14159
1111001101 0.0151901 -3.14159
1111001110 0.0251617 0
1111001111 0.106506 0
1111010000 0.00359917 -3.14159
1111010001 0.0367432 -3.14159
1111010010 0.0164185 -3.14159
1111010011 0.00558472 0
1111010100 0.0163879 0
1111010101 0.00817108 -3.14159
1111010110 0.00389099 0
1111010111 0.0254669 0
1111011000 0.0299377 0
1111011001 0.0121231 -3.14159
1111011010 0.0564575 -3.14159
1111011011 0.024765 0
1111011100 0.001544 0
1111011101 0.0168915 -3.14159
1111011110 0.0233612 -3.14159
1111011111 0.026062 -3.14159
1111100000 0.0347595 0
1111100001 0.00745773 -3.14159
1111100010 0.00159359 -3.14159
1111100011 0.0515442 -3.14159
1111100100 0.00559235 0
1111100101 0.0241547 -3.14159
1111100110 0.0483704 0
1111100111 0.00646973 0
1111101000 0.0111694 0
1111101001 0.0146255 0
1111101010 0.0417786 -3.14159
1111101011 0.0411682 -3.14159
1111101100 0.0772095 0
1111101101 0.0331726 -3.14159
1111101110 0.0592651 0
1111101111 0.0568848 0
1111110000 0.022995 -3.14159
1111110001 0.0546875 0
1111110010 0.0172882 -3.14159
1111110011 0.0352783 -3.14159
1111110100 0.0442505 -3.14159
1111110101 0.0502014 0
1111110110 0.0610046 -3.14159
1111110111 0.0335693 0
1111111000 0.0597839 -3.14159
1111111001 0.0299683 -3.14159
1111111010 0.00657272 0
1111111011 0.0196991 -3.14159
1111111100 0.0314941 0
1111111101 0.017807 0
1111111110 0.0237274 0
1111111111 0.00957489 0
