0000000000 0.0166931 0
0000000001 0.0517578 0
0000000010 0.0249939 0
0000000011 0.0181732 -3.14159
0000000100 0.0306091 -3.14159
0000000101 0.0140533 0
0000000110 0.0197296 -3.14159
0000000111 0.0364685 -3.14159
0000001000 0.00926971 0
0000001001 0.0136719 0
0000001010 0.00600815 -3.14159
0000001011 0.0216827 -3.14159
0000001100 0.00692368 0
0000001101 0.0129013 -3.14159
0000001110 0.0261536 0
0000001111 0.00686264 -3.14159
0000010000 0.0227814 0
0000010001 0.0042305 -3.14159
0000010010 0.0312195 -3.14159
0000010011 0.0196228 -3.14159
0000010100 0.0253906 -3.14159
0000010101 0.0429993 -3.14159
0000010110 0.0272217 -3.14159
0000010111 0.00918579 -3.14159
0000011000 0.0332947 -3.14159
0000011001 0.00258636 -3.14159
0000011010 0.0125427 0
0000011011 0.0257111 0
0000011100 0.00562286 0
0000011101 0.0217896 0
0000011110 0.0515747 -3.14159
0000011111 0.0639038 0
0000100000 0.0706787 -3.14159
0000100001 0.0201111 -3.14159
0000100010 0.0662842 -3.14159
0000100011 0.0407715 0
0000100100 0.0360413 -3.14159
0000100101 0.0208588 0
0000100110 0.0178833 0
0000100111 0.0108643 0
0000101000 0.00654602 -3.14159
0000101001 0.0208282 0
0000101010 0.0317383 -3.14159
0000101011 0.0969849 0
0000101100 0.0160065 0
0000101101 0.01474 0
0000101110 0.0158691 -3.14159
0000101111 0.0167084 0
0000110000 0.00794983 0
0000110001 0.0125809 -3.14159
0000110010 0.016861 0
0000110011 0.0249481 0
0000110100 0.0508118 -3.14159
0000110101 0.0103149 0
0000110110 0.0334167 0
0000110111 0.00894165 -3.14159
0000111000 0.00776672 0
0000111001 0.0183716 -3.14159
0000111010 0.0148849 -3.14159
0000111011 0.0021286 0
0000111100 0.0217133 -3.14159
0000111101 0.0420227 0
0000111110 0.008461 -3.14159
0000111111 0.0226135 -3.14159
0001000000 0.0343323 0
0001000001 0.0344543 -3.14159
0001000010 0.026413 -3.14159
0001000011 0.0141373 -3.14159
0001000100 0.0260162 -3.14159
0001000101 0.00451279 -3.14159
0001000110 0.0164948 0
0001000111 0.0164948 -3.14159
0001001000 0.100647 -3.14159
0001001001 0.00132179 0
0001001010 0.0251923 -3.14159
0001001011 0.026474 -3.14159
0001001100 0.0012064 -3.14159
0001001101 0.0502319 -3.14159
0001001110 0.0293274 0
0001001111 0.0270233 0
0001010000 0.01828 0
0001010001 0.00240898 -3.14159
0001010010 0.0837402 0
0001010011 0.00379753 0
0001010100 0.00375557 -3.14159
0001010101 0.00322533 -3.14159
0001010110 0.0108109 -3.14159
0001010111 0.0368958 -3.14159
0001011000 0.0219269 0
0001011001 0.0210876 0
0001011010 0.0120773 0
0001011011 0.0726929 -3.14159
0001011100 0.0483398 0
0001011101 0.0238495 -3.14159
0001011110 0.0314636 -3.14159
0001011111 0.0152512 -3.14159
0001100000 0.0631714 -3.14159
0001100001 0.0245056 0
0001100010 0.0411377 -3.14159
0001100011 0.0140762 -3.14159
0001100100 0.0161285 0
0001100101 0.0029335 -3.14159
0001100110 0.0133057 -3.14159
0001100111 0.0942993 0
0001101000 0.0568237 0
0001101001 0.00250435 -3.14159
0001101010 0.00828552 -3.14159
0001101011 0.0312805 -3.14159
0001101100 0.0355835 -3.14159
0001101101 0.0397034 -3.14159
0001101110 0.0402222 0
0001101111 0.0359192 0
0001110000 0.048645 -3.14159
0001110001 0.0151291 0
0001110010 0.0458679 -3.14159
0001110011 0.0246277 0
0001110100 0.00455475 -3.14159
0001110101 0.00576782 -3.14159
0001110110 0.0298157 -3.14159
0001110111 0.0218353 -3.14159
0001111000 0.00193787 -3.14159
0001111001 0.0302582 -3.14159
0001111010 0.0147018 0
0001111011 0.025238 0
0001111100 0.0377197 -3.14159
0001111101 0.0439148 0
0001111110 0.00567245 0
0001111111 0.0444641 0
0010000000 0.0110474 0
0010000001 0.0200806 0
0010000010 0.00379753 0
0010000011 0.0188293 -3.14159
0010000100 0.0368652 -3.14159
0010000101 0.0360718 -3.14159
0010000110 0.0223083 -3.14159
0010000111 0.0822754 -3.14159
0010001000 0.0127487 -3.14159
0010001001 0.0152512 0
0010001010 0.0100784 0
0010001011 0.0133209 -3.14159
0010001100 0.0283813 -3.14159
0010001101 0.0419312 -3.14159
0010001110 0.0145798 0
0010001111 0.0121765 -3.14159
0010010000 0.0635376 -3.14159
0010010001 0.0312347 -3.14159
0010010010 3.42131e-05 0
0010010011 0.0134735 -3.14159
0010010100 0.0367737 -3.14159
0010010101 0.0327454 -3.14159
0010010110 0.0091629 0
0010010111 0.00180054 0
0010011000 0.0210724 0
0010011001 0.0514221 -3.14159
0010011010 0.0364075 0
0010011011 0.0407715 0
0010011100 0.0276337 0
0010011101 0.0480347 0
0010011110 0.0126343 -3.14159
0010011111 0.0133896 0
0010100000 0.0369873 -3.14159
0010100001 0.0192413 0
0010100010 0.0794678 -3.14159
0010100011 0.0259247 -3.14159
0010100100 0.0100021 -3.14159
0010100101 0.0260925 -3.14159
0010100110 0.0401306 0
0010100111 0.0279694 0
0010101000 0.0208588 0
0010101001 0.0054245 0
0010101010 0.0423889 -3.14159
0010101011 0.0386047 -3.14159
0010101100 0.0591431 -3.14159
0010101101 0.0713501 0
0010101110 0.0155487 -3.14159
0010101111 0.0112839 0
0010110000 0.007267 -3.14159
0010110001 0.00711823 -3.14159
0010110010 0.00885773 0
0010110011 0.00849152 -3.14159
0010110100 0.0382385 0
0010110101 0.0110855 0
0010110110 0.0149994 0
0010110111 0.00328255 -3.14159
0010111000 0.00141144 0
0010111001 0.000353336 -3.14159
0010111010 0.00423431 0
0010111011 0.0304718 0
0010111100 0.010582 -3.14159
0010111101 0.0243073 -3.14159
0010111110 0.034668 0
0010111111 0.00367165 -3.14159
0011000000 0.0351868 -3.14159
0011000001 0.0131912 0
0011000010 0.0531616 0
0011000011 0.01297 0
0011000100 0.00550842 -3.14159
0011000101 0.00490952 -3.14159
0011000110 0.00801849 0
0011000111 0.0332947 -3.14159
0011001000 0.0491333 0
0011001001 0.0038414 -3.14159
0011001010 0.022583 0
0011001011 0.0552673 -3.14159
0011001100 0.00255585 -3.14159
0011001101 0.0264282 -3.14159
0011001110 0.101196 0
0011001111 0.000330687 0
0011010000 0.0122833 -3.14159
0011010001 0.00123978 -3.14159
0011010010 0.00384712 0
0011010011 0.0293427 -3.14159
0011010100 0.00634384 -3.14159
0011010101 0.0271454 -3.14159
0011010110 0.0107651 0
0011010111 0.0232544 0
0011011000 0.0177155 0
0011011001 0.025177 -3.14159
0011011010 0.00828552 0
0011011011 0.0104218 -3.14159
0011011100 0.0132675 -3.14159
0011011101 0.0281525 -3.14159
0011011110 0.00496292 0
0011011111 0.0598755 0
0011100000 0.0104141 0
0011100001 0.0213318 -3.14159
0011100010 0.00760651 0
0011100011 0.00909424 -3.14159
0011100100 0.0332947 -3.14159
0011100101 0.00754929 0
0011100110 0.0130234 0
0011100111 0.037384 0
0011101000 0.0390625 -3.14159
0011101001 0.0197754 0
0011101010 0.0232391 0
0011101011 0.0289459 0
0011101100 0.0193481 -3.14159
0011101101 0.0240936 0
0011101110 0.0608215 -3.14159
0011101111 0.0202179 -3.14159
0011110000 0.0288544 -3.14159
0011110001 0.0323181 0
0011110010 0.0310364 0
0011110011 0.0331421 0
0011110100 0.0244904 -3.14159
0011110101 0.0366516 0
0011110110 0.0237579 -3.14159
0011110111 0.037323 0
0011111000 0.00436401 -3.14159
0011111001 0.0422363 -3.14159
0011111010 0.0033493 0
0011111011 0.0524597 -3.14159
0011111100 0.0233154 -3.14159
0011111101 0.00457001 -3.14159
0011111110 0.0322876 0
0011111111 0.00350952 0
0100000000 0.00293541 0
0100000001 0.0115738 -3.14159
0100000010 0.0259857 -3.14159
0100000011 0.0152283 0
0100000100 0.0784302 -3.14159
0100000101 0.031311 0
0100000110 0.0273132 0
0100000111 0.0361328 -3.14159
0100001000 0.027771 0
0100001001 0.00593948 0
0100001010 0.0192413 0
0100001011 0.0244598 -3.14159
0100001100 0.0110855 0
0100001101 0.0432129 -3.14159
0100001110 0.0151978 0
0100001111 0.00250244 0
0100010000 0.0353088 0
0100010001 0.0715942 -3.14159
0100010010 0.0100174 0
0100010011 0.021347 -3.14159
0100010100 0.0912476 -3.14159
0100010101 0.0578613 -3.14159
0100010110 0.0311127 0
0100010111 0.0643311 -3.14159
0100011000 0.0479736 -3.14159
0100011001 0.0373535 0
0100011010 0.00932312 -3.14159
0100011011 0.0231018 0
0100011100 0.00823212 -3.14159
0100011101 0.00487137 -3.14159
0100011110 0.0210724 0
0100011111 0.00555801 0
0100100000 0.00873566 0
0100100001 0.0698242 0
0100100010 0.0234528 -3.14159
0100100011 0.0481873 0
0100100100 0.00498962 0
0100100101 0.0220337 -3.14159
0100100110 0.0908813 0
0100100111 0.0193787 -3.14159
0100101000 0.022583 0
0100101001 0.0398865 -3.14159
0100101010 0.00266266 0
0100101011 0.0579834 0
0100101100 0.0199585 -3.14159
0100101101 0.00369263 -3.14159
0100101110 0.0286407 -3.14159
0100101111 0.0406189 0
0100110000 0.0409241 0
0100110001 0.0202637 0
0100110010 0.00475693 -3.14159
0100110011 0.0606384 -3.14159
0100110100 0.0292969 0
0100110101 0.0318298 0
0100110110 0.0113907 -3.14159
0100110111 0.0196228 0
0100111000 0.0175171 0
0100111001 0.0243073 0
0100111010 0.00196075 -3.14159
0100111011 0.00112343 0
0100111100 0.0169525 -3.14159
0100111101 0.0296173 0
0100111110 0.0215607 0
0100111111 0.0055809 0
0101000000 0.00383186 0
0101000001 0.0287628 -3.14159
0101000010 0.0431519 -3.14159
0101000011 0.0207825 -3.14159
0101000100 0.00408936 0
0101000101 0.0500183 0
0101000110 0.0148315 -3.14159
0101000111 0.0250702 0
0101001000 0.0366211 -3.14159
0101001001 0.0448914 -3.14159
0101001010 0.00170612 -3.14159
0101001011 0.0201111 0
0101001100 0.0089035 -3.14159
0101001101 0.00453568 -3.14159
0101001110 0.00167465 0
0101001111 0.0165863 0
0101010000 0.0020504 0
0101010001 0.0309143 0
0101010010 0.0155945 -3.14159
0101010011 0.0159912 -3.14159
0101010100 0.0260925 -3.14159
0101010101 0.0198669 0
0101010110 0.0232544 -3.14159
0101010111 0.0267944 0
0101011000 0.0212708 0
0101011001 0.0152435 0
0101011010 0.0139008 -3.14159
0101011011 0.0150833 -3.14159
0101011100 0.00943756 0
0101011101 0.0141678 0
0101011110 0.0281525 -3.14159
0101011111 0.00430298 -3.14159
0101100000 0.0567932 -3.14159
0101100001 0.0166779 -3.14159
0101100010 0.0237885 0
0101100011 0.0453796 -3.14159
0101100100 0.0262604 -3.14159
0101100101 0.00544739 -3.14159
0101100110 0.0266113 -3.14159
0101100111 0.0226135 0
0101101000 0.0298157 0
0101101001 0.015686 -3.14159
0101101010 0.0603943 -3.14159
0101101011 0.00886536 -3.14159
0101101100 0.0355225 0
0101101101 0.0374451 0
0101101110 0.0436707 -3.14159
0101101111 0.0359192 -3.14159
0101110000 0.031311 0
0101110001 0.0248566 -3.14159
0101110010 0.0462952 -3.14159
0101110011 0.00415802 0
0101110100 0.0136261 -3.14159
0101110101 0.0163422 -3.14159
0101110110 0.0390015 -3.14159
0101110111 0.0296326 0
0101111000 0.00191975 0
0101111001 0.00432968 0
0101111010 0.0145569 -3.14159
0101111011 0.00772858 0
0101111100 0.0142365 0
0101111101 0.00658035 -3.14159
0101111110 0.0147247 0
0101111111 0.0455627 0
0110000000 0.0379639 -3.14159
0110000001 0.0535278 -3.14159
0110000010 0.00478363 -3.14159
0110000011 0.0243378 0
0110000100 0.0150528 -3.14159
0110000101 0.00148582 -3.14159
0110000110 0.0308685 0
0110000111 0.0417786 -3.14159
0110001000 0.00512314 -3.14159
0110001001 0.0271606 0
0110001010 0.0368347 0
0110001011 0.0250854 -3.14159
0110001100 0.0263977 0
0110001101 0.0339966 -3.14159
0110001110 0.0314636 0
0110001111 0.000571728 0
0110010000 0.0441284 0
0110010001 0.0284576 -3.14159
0110010010 0.0606995 0
0110010011 0.0274963 0
0110010100 0.0125046 0
0110010101 0.0603943 -3.14159
0110010110 0.0450439 0
0110010111 0.0263367 0
0110011000 0.00525665 -3.14159
0110011001 0.0805664 -3.14159
0110011010 0.00222397 -3.14159
0110011011 0.0145874 -3.14159
0110011100 0.00371742 0
0110011101 0.0467834 -3.14159
0110011110 0.00487137 0
0110011111 0.0473938 0
0110100000 0.0193176 0
0110100001 0.00827789 0
0110100010 0.00592422 -3.14159
0110100011 0.0116501 0
0110100100 0.0122833 0
0110100101 0.0445862 0
0110100110 0.0221558 -3.14159
0110100111 0.0574341 0
0110101000 0.0106659 -3.14159
0110101001 0.0152817 0
0110101010 0.0204926 0
0110101011 0.02211 0
0110101100 0.0448303 -3.14159
0110101101 0.00315285 0
0110101110 0.0266113 0
0110101111 0.0187073 -3.14159
0110110000 0.00920105 0
0110110001 0.0382385 0
0110110010 0.0149765 0
0110110011 0.0296936 0
0110110100 0.00594711 -3.14159
0110110101 0.0455627 0
0110110110 0.040741 0
0110110111 0.0335999 -3.14159
0110111000 0.0505371 -3.14159
0110111001 0.0294189 0
0110111010 0.00126648 -3.14159
0110111011 0.0838623 0
0110111100 0.0101547 -3.14159
0110111101 0.05896 -3.14159
0110111110 0.0254974 0
0110111111 0.011467 -3.14159
0111000000 0.00039649 -3.14159
0111000001 0.00352097 -3.14159
0111000010 0.0138245 0
0111000011 0.0213318 -3.14159
0111000100 0.0213165 -3.14159
0111000101 0.0426941 -3.14159
0111000110 0.0112305 -3.14159
0111000111 0.0510559 -3.14159
0111001000 0.0380554 0
0111001001 0.02565 -3.14159
0111001010 0.0129776 0
0111001011 0.0106659 0
0111001100 0.00615692 -3.14159
0111001101 0.0325623 -3.14159
0111001110 0.0448303 0
0111001111 0.00617218 -3.14159
0111010000 0.00175095 -3.14159
0111010001 0.00187969 0
0111010010 0.0488281 0
0111010011 0.0368958 0
0111010100 0.000319958 0
0111010101 0.00680923 0
0111010110 0.043457 0
0111010111 0.00647736 0
0111011000 0.00841522 -3.14159
0111011001 0.00901031 -3.14159
0111011010 0.00832367 0
0111011011 0.00502014 -3.14159
0111011100 0.0150833 0
0111011101 0.00324249 -3.14159
0111011110 0.0483398 -3.14159
0111011111 0.00564194 0
0111100000 0.0266113 0
0111100001 0.00215721 -3.14159
0111100010 0.00198364 0
0111100011 0.0207977 -3.14159
0111100100 0.0192566 -3.14159
0111100101 0.0110779 0
0111100110 0.0202484 -3.14159
0111100111 0.00516891 0
0111101000 0.0460205 -3.14159
0111101001 0.0111694 0
0111101010 0.00777817 0
0111101011 0.00679779 -3.14159
0111101100 0.0238647 -3.14159
0111101101 0.0626831 -3.14159
0111101110 0.0202179 0
0111101111 0.0234528 0
0111110000 0.0115433 0
0111110001 0.00132942 0
0111110010 0.0460815 -3.14159
0111110011 0.0246124 -3.14159
0111110100 0.0565491 -3.14159
0111110101 0.0279388 -3.14159
0111110110 0.00701904 0
0111110111 0.0223694 -3.14159
0111111000 0.00782013 0
0111111001 0.041687 0
0111111010 0.0639648 -3.14159
0111111011 0.0336609 -3.14159
0111111100 0.02771 -3.14159
0111111101 0.0127411 0
0111111110 0.0264282 -3.14159
0111111111 0.02742 0
1000000000 0.0243225 -3.14159
1000000001 0.0192566 -3.14159
1000000010 0.0209961 -3.14159
1000000011 0.036377 0
1000000100 0.0140839 0
1000000101 0.0225677 -3.14159
1000000110 0.0120163 -3.14159
1000000111 0.0168304 0
1000001000 0.0356445 -3.14159
1000001001 0.0514221 0
1000001010 0.0085907 -3.14159
1000001011 0.00748444 0
1000001100 0.0395813 -3.14159
1000001101 0.0155945 -3.14159
1000001110 0.0381775 0
1000001111 0.0103836 -3.14159
1000010000 0.00195885 0
1000010001 0.00142288 -3.14159
1000010010 0.0416565 -3.14159
1000010011 0.00737381 -3.14159
1000010100 0.0393982 0
1000010101 0.0150452 -3.14159
1000010110 0.0233459 0
1000010111 0.0150604 0
1000011000 0.04776 0
1000011001 0.0760498 -3.14159
1000011010 0.0140381 0
1000011011 0.00328827 0
1000011100 0.00986481 0
1000011101 0.0348816 0
1000011110 0.00847626 0
1000011111 0.00827026 -3.14159
1000100000 0.0122757 -3.14159
1000100001 0.024292 0
1000100010 0.00128746 -3.14159
1000100011 0.0414429 0
1000100100 0.0376892 -3.14159
1000100101 0.0421753 -3.14159
1000100110 0.0302277 -3.14159
1000100111 0.0323486 -3.14159
1000101000 0.00819397 0
1000101001 0.000740051 0
1000101010 0.00889587 0
1000101011 0.0280457 0
1000101100 0.00344086 -3.14159
1000101101 0.0517578 -3.14159
1000101110 0.0267181 -3.14159
1000101111 0.0155945 -3.14159
1000110000 0.01828 -3.14159
1000110001 0.00506592 -3.14159
1000110010 0.0121155 0
1000110011 0.00192451 -3.14159
1000110100 0.00959778 -3.14159
1000110101 0.0218506 0
1000110110 0.016449 0
1000110111 0.0417786 0
1000111000 0.0620728 -3.14159
1000111001 0.0211792 0
1000111010 0.00517654 0
1000111011 0.0218658 0
1000111100 0.0248718 0
1000111101 0.00771332 0
1000111110 0.0272522 0
1000111111 0.0140228 0
1001000000 0.00775909 0
1001000001 0.0103226 -3.14159
1001000010 0.000914097 -3.14159
1001000011 0.00375366 -3.14159
1001000100 0.0240173 -3.14159
1001000101 0.00548935 0
1001000110 0.0216064 -3.14159
1001000111 0.045105 -3.14159
1001001000 0.0445251 0
1001001001 0.0194092 -3.14159
1001001010 0.0162201 -3.14159
1001001011 0.00881195 0
1001001100 0.0280762 0
1001001101 0.00217438 -3.14159
1001001110 0.0247345 0
1001001111 0.0532227 -3.14159
1001010000 0.0474548 0
1001010001 0.0218658 0
1001010010 0.0787964 -3.14159
1001010011 0.0431213 -3.14159
1001010100 0.0130844 0
1001010101 0.000846386 -3.14159
1001010110 0.0128174 0
1001010111 0.0382996 0
1001011000 0.0517578 -3.14159
1001011001 0.0121689 0
1001011010 0.0164032 0
1001011011 0.00231171 -3.14159
1001011100 0.0203247 -3.14159
1001011101 0.0361023 0
1001011110 0.0397644 0
1001011111 0.0017643 -3.14159
1001100000 0.00611496 -3.14159
1001100001 0.0154724 0
1001100010 0.009552 0
1001100011 0.00327301 -3.14159
1001100100 0.0362549 -3.14159
1001100101 0.013237 0
1001100110 0.00452042 -3.14159
1001100111 0.0876465 0
1001101000 0.0373535 0
1001101001 0.0188293 -3.14159
1001101010 0.0179138 0
1001101011 0.00299263 -3.14159
1001101100 0.00383186 0
1001101101 0.0413818 0
1001101110 0.0273438 0
1001101111 0.0772705 0
1001110000 0.0330505 0
1001110001 0.0469055 -3.14159
1001110010 0.0123138 0
1001110011 0.00933075 0
1001110100 0.0285797 -3.14159
1001110101 0.0223083 0
1001110110 0.0593872 0
1001110111 0.0115738 -3.14159
1001111000 0.0218811 0
1001111001 0.0124817 -3.14159
1001111010 0.029892 0
1001111011 0.036377 -3.14159
1001111100 0.00027442 0
1001111101 0.0128403 -3.14159
1001111110 0.0325928 -3.14159
1001111111 0.0235748 -3.14159
1010000000 0.00763702 -3.14159
1010000001 0.0215759 -3.14159
1010000010 0.0210419 -3.14159
1010000011 0.0213165 -3.14159
1010000100 0.0158844 -3.14159
1010000101 0.0543213 0
1010000110 0.0318298 0
1010000111 0.0391235 -3.14159
1010001000 0.0359192 -3.14159
1010001001 0.0895386 0
1010001010 0.0368347 -3.14159
1010001011 0.0299377 0
1010001100 0.0224762 0
1010001101 0.0170288 0
1010001110 0.020401 -3.14159
1010001111 0.00651932 -3.14159
1010010000 0.0296173 0
1010010001 0.0320435 -3.14159
1010010010 0.01371 -3.14159
1010010011 0.000693321 -3.14159
1010010100 0.0224762 -3.14159
1010010101 0.00170708 0
1010010110 0.0210266 -3.14159
1010010111 0.0130234 0
1010011000 0.0137329 0
1010011001 0.0738525 0
1010011010 0.00709534 0
1010011011 0.00400162 0
1010011100 0.00484467 -3.14159
1010011101 0.00817108 0
1010011110 0.00809479 0
1010011111 0.00222397 0
1010100000 0.0293121 -3.14159
1010100001 0.0128555 0
1010100010 0.00791931 -3.14159
1010100011 0.0184479 -3.14159
1010100100 0.0348816 -3.14159
1010100101 0.0415955 0
1010100110 0.0157471 0
1010100111 0.0288391 0
1010101000 0.0256958 -3.14159
1010101001 0.0040741 0
1010101010 0.0192566 0
1010101011 0.101013 0
1010101100 0.0237885 0
1010101101 0.00381851 0
1010101110 0.0217285 -3.14159
1010101111 0.0320435 -3.14159
1010110000 0.058136 0
1010110001 0.0474548 -3.14159
1010110010 0.0262451 -3.14159
1010110011 0.0171051 0
1010110100 0.000286579 -3.14159
1010110101 0.00658798 0
1010110110 0.00157928 -3.14159
1010110111 0.0083847 -3.14159
1010111000 0.00695419 -3.14159
1010111001 0.0327454 0
1010111010 0.0425415 -3.14159
1010111011 0.0128784 0
1010111100 0.0165405 -3.14159
1010111101 0.028717 0
1010111110 0.0391541 -3.14159
1010111111 0.0310364 -3.14159
1011000000 0.0205231 0
1011000001 0.00737762 -3.14159
1011000010 0.00730515 0
1011000011 0.00878143 -3.14159
1011000100 0.0431519 0
1011000101 0.0377808 0
1011000110 0.0444641 -3.14159
1011000111 0.0030117 -3.14159
1011001000 0.0636597 -3.14159
1011001001 0.0116959 0
1011001010 0.00485611 0
1011001011 0.00679016 0
1011001100 0.0135727 0
1011001101 0.0379944 0
1011001110 0.0219116 -3.14159
1011001111 0.0306244 -3.14159
1011010000 0.00653076 0
1011010001 0.045166 -3.14159
1011010010 0.0212708 0
1011010011 0.0230103 -3.14159
1011010100 0.001194 -3.14159
1011010101 0.0636597 -3.14159
1011010110 0.0188446 -3.14159
1011010111 0.0466919 -3.14159
1011011000 0.00471115 -3.14159
1011011001 0.0285645 0
1011011010 0.0140381 -3.14159
1011011011 0.00335693 -3.14159
1011011100 0.0290222 -3.14159
1011011101 0.0217133 0
1011011110 0.0435486 -3.14159
1011011111 0.0317383 -3.14159
1011100000 0.00623322 0
1011100001 0.0030365 -3.14159
1011100010 0.00590897 0
1011100011 0.0543823 0
1011100100 0.05896 0
1011100101 0.0142288 0
1011100110 0.00398636 0
1011100111 0.0223389 0
1011101000 0.0413818 0
1011101001 0.0257568 -3.14159
1011101010 0.0150986 0
1011101011 0.0147858 -3.14159
1011101100 0.0371094 0
1011101101 0.0238647 -3.14159
1011101110 0.0359802 0
1011101111 0.10199 0
1011110000 0.0104218 0
1011110001 0.0103989 -3.14159
1011110010 0.0112 0
1011110011 0.00465775 -3.14159
1011110100 0.017807 -3.14159
1011110101 0.0269318 0
1011110110 0.0588379 -3.14159
1011110111 0.0281525 -3.14159
1011111000 0.0318909 0
1011111001 0.0466614 -3.14159
1011111010 0.0100174 0
1011111011 0.011734 -3.14159
1011111100 0.0643921 0
1011111101 0.0308685 0
1011111110 0.0606689 0
1011111111 0.0111084 0
1100000000 0.02771 -3.14159
1100000001 0.0472412 0
1100000010 0.00852966 -3.14159
1100000011 0.0142746 0
1100000100 0.0209198 -3.14159
1100000101 0.0119705 0
1100000110 0.00169945 0
1100000111 0.0231171 0
1100001000 0.00387001 -3.14159
1100001001 0.00308037 -3.14159
1100001010 0.0177765 0
1100001011 0.00187302 0
1100001100 0.00453186 0
1100001101 0.00176907 -3.14159
1100001110 0.0207672 0
1100001111 0.00798798 0
1100010000 0.0662231 0
1100010001 0.0226135 0
1100010010 0.000760078 0
1100010011 0.0678711 -3.14159
1100010100 0.0066185 0
1100010101 0.0544739 -3.14159
1100010110 0.0186157 -3.14159
1100010111 0.0507812 0
1100011000 0.0458374 -3.14159
1100011001 0.00306702 -3.14159
1100011010 0.00181675 0
1100011011 0.0139999 0
1100011100 0.0120773 -3.14159
1100011101 0.00875092 0
1100011110 0.0224762 -3.14159
1100011111 0.0246124 -3.14159
1100100000 0.0227051 0
1100100001 0.0428162 -3.14159
1100100010 0.0204163 0
1100100011 0.0125809 0
1100100100 0.0223236 0
1100100101 0.0534668 -3.14159
1100100110 0.015274 0
1100100111 0.00598907 0
1100101000 0.0161285 -3.14159
1100101001 0.0370789 0
1100101010 0.0293121 0
1100101011 0.0446777 0
1100101100 0.0406494 -3.14159
1100101101 0.0271759 -3.14159
1100101110 0.0803833 0
1100101111 0.00219727 -3.14159
1100110000 0.0109253 0
1100110001 0.00671005 -3.14159
1100110010 0.0551453 0
1100110011 0.0280457 -3.14159
1100110100 0.00640488 -3.14159
1100110101 0.00436401 -3.14159
1100110110 0.053833 0
1100110111 0.000590801 0
1100111000 0.0293427 -3.14159
1100111001 0.01548 0
1100111010 0.00426483 -3.14159
1100111011 0.0454712 -3.14159
1100111100 0.0411987 -3.14159
1100111101 0.0349121 -3.14159
1100111110 0.0224762 -3.14159
1100111111 0.0328064 -3.14159
1101000000 0.0756836 0
1101000001 0.0210114 -3.14159
1101000010 0.00247192 -3.14159
1101000011 0.0261688 -3.14159
1101000100 0.0397644 0
1101000101 0.0513916 0
1101000110 0.0313721 0
1101000111 0.0233154 -3.14159
1101001000 0.061676 0
1101001001 0.00926208 0
1101001010 0.000588417 -3.14159
1101001011 0.0152512 0
1101001100 0.00600052 0
1101001101 0.0216217 0
1101001110 0.0062294 0
1101001111 0.0138245 0
1101010000 0.0103989 0
1101010001 0.00272369 -3.14159
1101010010 0.017868 0
1101010011 0.0541992 0
1101010100 0.00303841 0
1101010101 0.0125961 0
1101010110 0.014473 0
1101010111 0.0303497 0
1101011000 0.00862885 -3.14159
1101011001 0.0248718 0
1101011010 0.0313416 0
1101011011 0.000505924 0
1101011100 0.00836182 0
1101011101 0.022995 0
1101011110 0.0255432 -3.14159
1101011111 0.0452881 -3.14159
1101100000 0.0152283 0
1101100001 0.0179596 -3.14159
1101100010 0.0316772 -3.14159
1101100011 0.0272522 0
1101100100 0.0315552 -3.14159
1101100101 0.0466003 -3.14159
1101100110 0.00538254 -3.14159
1101100111 0.0178375 0
1101101000 0.0150452 0
1101101001 0.0218048 0
1101101010 0.0224762 0
1101101011 0.0104294 0
1101101100 0.0386658 -3.14159
1101101101 0.00997925 0
1101101110 0.0303497 0
1101101111 0.0431519 -3.14159
1101110000 0.0128784 -3.14159
1101110001 0.0304871 0
1101110010 6.42538e-05 -3.14159
1101110011 0.0426636 -3.14159
1101110100 0.0115204 -3.14159
1101110101 0.0262299 0
1101110110 0.0263062 -3.14159
1101110111 0.0478821 -3.14159
1101111000 0.0603027 -3.14159
1101111001 0.00394058 0
1101111010 0.0107803 0
1101111011 0.018158 -3.14159
1101111100 0.0229492 0
1101111101 0.0370789 -3.14159
1101111110 0.0225677 0
1101111111 0.0283356 -3.14159
1110000000 0.00246239 -3.14159
1110000001 0.000936508 -3.14159
1110000010 0.069519 0
1110000011 0.0271606 -3.14159
1110000100 0.024292 -3.14159
1110000101 0.0263824 0
1110000110 0.020874 -3.14159
1110000111 0.039856 0
1110001000 0.00213814 -3.14159
1110001001 0.00856781 0
1110001010 0.0161743 0
1110001011 0.0153656 0
1110001100 0.0171814 -3.14159
1110001101 0.0560303 0
1110001110 0.0294189 0
1110001111 0.0258636 0
1110010000 0.0214844 -3.14159
1110010001 0.0188751 0
1110010010 0.00845337 -3.14159
1110010011 0.041748 0
1110010100 0.0236816 -3.14159
1110010101 0.0365906 -3.14159
1110010110 0.0449524 0
1110010111 0.0213928 -3.14159
1110011000 0.00631714 0
1110011001 0.00156975 -3.14159
1110011010 0.0105362 0
1110011011 0.0187531 -3.14159
1110011100 0.016571 0
1110011101 0.0175018 -3.14159
1110011110 0.0213013 -3.14159
1110011111 0.0742798 0
1110100000 0.026001 0
1110100001 0.0110092 -3.14159
1110100010 0.0463562 -3.14159
1110100011 0.0061264 -3.14159
1110100100 0.00428009 0
1110100101 0.0370178 0
1110100110 0.0444946 -3.14159
1110100111 0.0103531 0
1110101000 0.0120087 -3.14159
1110101001 0.0282745 0
1110101010 0.0165253 0
1110101011 0.00470734 0
1110101100 0.0310974 0
1110101101 0.00205994 0
1110101110 0.00492096 0
1110101111 0.000703812 -3.14159
1110110000 0.0288086 0
1110110001 0.0176086 -3.14159
1110110010 0.0312195 -3.14159
1110110011 0.0704346 -3.14159
1110110100 0.000818253 0
1110110101 0.0733032 -3.14159
1110110110 0.0202332 0
1110110111 0.0379028 -3.14159
1110111000 0.0295868 -3.14159
1110111001 0.114319 -3.14159
1110111010 0.039917 -3.14159
1110111011 0.0169983 0
1110111100 0.0340576 -3.14159
1110111101 0.016037 0
1110111110 0.0108032 -3.14159
1110111111 0.0467529 -3.14159
1111000000 0.0290375 0
1111000001 0.048645 -3.14159
1111000010 0.0490723 0
1111000011 0.0171509 -3.14159
1111000100 0.0466919 -3.14159
1111000101 0.0239563 -3.14159
1111000110 0.0393982 0
1111000111 0.0205688 -3.14159
1111001000 0.005867 -3.14159
1111001001 0.0372314 -3.14159
1111001010 0.00224876 -3.14159
1111001011 0.0209351 0
1111001100 0.0240936 -3.14159
1111001101 0.019104 -3.14159
1111001110 0.0139236 0
1111001111 0.103088 0
1111010000 0.00719452 0
1111010001 0.0415344 -3.14159
1111010010 0.00569534 -3.14159
1111010011 0.00765228 0
1111010100 0.0107422 0
1111010101 0.00445175 -3.14159
1111010110 0.014534 0
1111010111 0.0260468 0
1111011000 0.0298004 0
1111011001 0.00738525 -3.14159
1111011010 0.0461731 -3.14159
1111011011 0.0189514 0
1111011100 0.00573349 -3.14159
1111011101 0.0149002 -3.14159
1111011110 0.0133133 -3.14159
1111011111 0.0222626 -3.14159
1111100000 0.0325317 0
1111100001 0.00608826 -3.14159
1111100010 0.00249863 -3.14159
1111100011 0.0744629 -3.14159
1111100100 0.0121536 0
1111100101 0.0237732 -3.14159
1111100110 0.0601807 0
1111100111 0.00265503 0
1111101000 0.0181732 0
1111101001 0.0136185 0
1111101010 0.0422974 -3.14159
1111101011 0.0509033 -3.14159
1111101100 0.0792236 0
1111101101 0.0508118 -3.14159
1111101110 0.0502014 0
1111101111 0.0485229 0
1111110000 0.0265808 -3.14159
1111110001 0.0583801 0
1111110010 7.18236e-05 0
1111110011 0.0312805 -3.14159
1111110100 0.0474548 -3.14159
1111110101 0.0374451 0
1111110110 0.0630493 -3.14159
1111110111 0.0387573 0
1111111000 0.0559998 -3.14159
1111111001 0.0311432 -3.14159
1111111010 0.00610733 -3.14159
1111111011 0.0089798 -3.14159
1111111100 0.0234528 0
1111111101 0.0178986 0
1111111110 0.0354614 0
1111111111 0.0124664 0
