0000000000 0.0172119 0
0000000001 0.0514221 0
0000000010 0.0144119 -3.14159
0000000011 0.00748062 0
0000000100 0.00906372 -3.14159
0000000101 0.0181122 0
0000000110 0.0183411 -3.14159
0000000111 0.0301819 -3.14159
0000001000 0.00778961 0
0000001001 0.0223999 -3.14159
0000001010 0.0123901 0
0000001011 0.0236359 0
0000001100 0.0491943 -3.14159
0000001101 0.00818634 0
0000001110 0.00860596 0
0000001111 0.00720978 0
0000010000 0.0110245 0
0000010001 0.0252075 -3.14159
0000010010 0.0359497 -3.14159
0000010011 0.0253754 -3.14159
0000010100 0.0417175 -3.14159
0000010101 0.00364685 0
0000010110 0.00171661 0
0000010111 0.0143509 0
0000011000 0.0509338 0
0000011001 0.0190582 -3.14159
0000011010 0.0182953 -3.14159
0000011011 0.0393066 -3.14159
0000011100 0.0210419 -3.14159
0000011101 0.0162048 -3.14159
0000011110 0.00546646 0
0000011111 0.0329285 -3.14159
0000100000 0.0809937 -3.14159
0000100001 0.020874 -3.14159
0000100010 0.0671387 -3.14159
0000100011 0.0252686 -3.14159
0000100100 0.0303955 0
0000100101 0.0103836 -3.14159
0000100110 0.00578308 -3.14159
0000100111 0.0106735 0
0000101000 0.0187988 -3.14159
0000101001 0.0408936 -3.14159
0000101010 0.0313721 -3.14159
0000101011 0.00878143 -3.14159
0000101100 0.0596313 -3.14159
0000101101 0.0370789 0
0000101110 0.00833893 -3.14159
0000101111 0.0129471 0
0000110000 0.0262451 0
0000110001 0.0570374 -3.14159
0000110010 0.0562134 -3.14159
0000110011 0.0142517 0
0000110100 0.00621414 -3.14159
0000110101 0.00113583 -3.14159
0000110110 0.0137405 0
0000110111 0.0587769 0
0000111000 0.033905 -3.14159
0000111001 0.0222626 -3.14159
0000111010 0.0184326 -3.14159
0000111011 0.03302 -3.14159
0000111100 0.00433731 0
0000111101 0.0321655 0
0000111110 0.00426483 -3.14159
0000111111 0.0010891 -3.14159
0001000000 0.0780029 0
0001000001 0.00415802 0
0001000010 0.00559235 -3.14159
0001000011 0.0262146 0
0001000100 0.0462036 -3.14159
0001000101 0.0384216 -3.14159
0001000110 0.0113068 -3.14159
0001000111 0.00953674 0
0001001000 0.0206451 -3.14159
0001001001 0.0252075 0
0001001010 0.0114059 0
0001001011 0.0127411 -3.14159
0001001100 0.0402222 -3.14159
0001001101 0.0284576 0
0001001110 0.0129929 0
0001001111 0.00143337 0
0001010000 0.00286674 0
0001010001 0.0249329 -3.14159
0001010010 0.0103226 -3.14159
0001010011 0.0146332 0
0001010100 0.0192566 0
0001010101 0.0121002 -3.14159
0001010110 0.00551987 0
0001010111 0.0186768 0
0001011000 0.039093 -3.14159
0001011001 0.00229073 0
0001011010 0.0190582 0
0001011011 0.00608444 -3.14159
0001011100 0.0480652 0
0001011101 0.0448608 -3.14159
0001011110 0.0309601 -3.14159
0001011111 0.0315552 0
0001100000 0.0179443 -3.14159
0001100001 0.0109787 -3.14159
0001100010 0.0466614 -3.14159
0001100011 0.0136642 -3.14159
0001100100 0.04776 -3.14159
0001100101 0.00281715 0
0001100110 0.0345459 -3.14159
0001100111 0.00928497 0
0001101000 0.0201874 -3.14159
0001101001 0.100647 0
0001101010 0.0223846 -3.14159
0001101011 0.0174255 0
0001101100 0.0119705 0
0001101101 0.0542297 -3.14159
0001101110 0.017868 -3.14159
0001101111 0.00782776 0
0001110000 0.0551758 -3.14159
0001110001 0.00595856 -3.14159
0001110010 0.0376892 -3.14159
0001110011 0.00996399 0
0001110100 0.0235138 -3.14159
0001110101 0.00265884 -3.14159
0001110110 0.0108109 -3.14159
0001110111 0.0162048 -3.14159
0001111000 0.0440674 -3.14159
0001111001 0.00471115 0
0001111010 0.0282135 -3.14159
0001111011 0.0122681 -3.14159
0001111100 0.0494995 -3.14159
0001111101 0.0254822 0
0001111110 0.0198669 -3.14159
0001111111 0.00493622 -3.14159
0010000000 0.0454102 0
0010000001 0.00129604 -3.14159
0010000010 0.0320129 0
0010000011 0.031311 -3.14159
0010000100 0.0255127 0
0010000101 0.00957489 -3.14159
0010000110 0.038269 0
0010000111 0.00153828 0
0010001000 0.00202179 0
0010001001 0.0099411 0
0010001010 0.000780582 -3.14159
0010001011 0.000463247 0
0010001100 0.0284424 0
0010001101 0.0102005 0
0010001110 0.0350952 0
0010001111 0.0046196 -3.14159
0010010000 0.00875092 -3.14159
0010010001 0.020401 -3.14159
0010010010 0.0123596 -3.14159
0010010011 0.0217133 -3.14159
0010010100 0.0205383 -3.14159
0010010101 0.00662231 0
0010010110 0.035675 -3.14159
0010010111 0.0385742 0
0010011000 0.0267181 -3.14159
0010011001 0.0291901 -3.14159
0010011010 0.0137711 0
0010011011 0.0158386 0
0010011100 0.00791168 -3.14159
0010011101 0.0177002 0
0010011110 0.0161896 -3.14159
0010011111 0.013649 0
0010100000 0.0175629 0
0010100001 0.029007 0
0010100010 0.00388145 -3.14159
0010100011 0.0217133 -3.14159
0010100100 0.0177917 0
0010100101 0.0331726 -3.14159
0010100110 0.0379639 0
0010100111 0.0233917 0
0010101000 0.00325966 0
0010101001 0.027771 0
0010101010 0.0103149 0
0010101011 0.02742 0
0010101100 0.0105438 0
0010101101 0.0198975 0
0010101110 0.00475693 -3.14159
0010101111 0.00852203 0
0010110000 0.0113449 0
0010110001 0.0618591 -3.14159
0010110010 0.0100174 -3.14159
0010110011 0.0579224 0
0010110100 0.0410461 0
0010110101 0.00805664 0
0010110110 0.0277405 0
0010110111 0.0233765 -3.14159
0010111000 0.00852203 0
0010111001 0.0241241 -3.14159
0010111010 0.0147171 -3.14159
0010111011 0.0365295 0
0010111100 0.0532532 0
0010111101 0.0471191 -3.14159
0010111110 0.0189056 -3.14159
0010111111 0.0713501 -3.14159
0011000000 0.0654907 0
0011000001 0.0497131 0
0011000010 0.00796509 0
0011000011 0.0446167 0
0011000100 0.0049324 -3.14159
0011000101 0.00664139 0
0011000110 0.0244446 0
0011000111 0.0230713 -3.14159
0011001000 0.0190887 0
0011001001 0.0103378 -3.14159
0011001010 0.00361633 0
0011001011 0.0226288 -3.14159
0011001100 0.00937653 -3.14159
0011001101 0.0109558 -3.14159
0011001110 0.00669861 -3.14159
0011001111 0.0131607 0
0011010000 0.0103149 0
0011010001 0.0114822 0
0011010010 0.0190277 0
0011010011 0.00818634 0
0011010100 0.0125046 -3.14159
0011010101 0.0482483 -3.14159
0011010110 0.0354614 -3.14159
0011010111 0.0595703 0
0011011000 0.0155563 0
0011011001 0.0270844 0
0011011010 0.00325394 0
0011011011 0.00511169 -3.14159
0011011100 0.00530243 -3.14159
0011011101 0.0422363 -3.14159
0011011110 0.0661621 -3.14159
0011011111 0.0240936 0
0011100000 0.0408936 0
0011100001 0.013649 0
0011100010 0.011055 -3.14159
0011100011 0.0417786 -3.14159
0011100100 0.0224304 0
0011100101 0.0786133 0
0011100110 0.0210571 -3.14159
0011100111 0.0145874 -3.14159
0011101000 0.0294342 -3.14159
0011101001 0.00953674 0
0011101010 0.0713501 -3.14159
0011101011 0.00848389 -3.14159
0011101100 0.016983 -3.14159
0011101101 0.0265503 -3.14159
0011101110 0.00720978 -3.14159
0011101111 0.0657349 0
0011110000 0.00127411 0
0011110001 0.0171967 -3.14159
0011110010 0.00328064 -3.14159
0011110011 0.0759888 -3.14159
0011110100 0.00462723 0
0011110101 0.000843048 0
0011110110 0.0178223 0
0011110111 0.000488758 -3.14159
0011111000 0.0848999 0
0011111001 0.0298462 0
0011111010 0.0047493 0
0011111011 0.0118637 -3.14159
0011111100 0.00637436 -3.14159
0011111101 0.044281 -3.14159
0011111110 0.0265503 0
0011111111 0.00758362 0
0100000000 0.0662231 0
0100000001 0.0189972 0
0100000010 0.0104675 -3.14159
0100000011 0.039917 0
0100000100 0.0476074 -3.14159
0100000101 0.00134277 -3.14159
0100000110 0.00125885 -3.14159
0100000111 0.0178375 0
0100001000 0.00173473 -3.14159
0100001001 0.0149231 -3.14159
0100001010 0.0234985 0
0100001011 0.0610046 -3.14159
0100001100 0.0264893 -3.14159
0100001101 0.00601196 -3.14159
0100001110 0.00537109 -3.14159
0100001111 0.0266418 -3.14159
0100010000 0.00850677 0
0100010001 0.0606689 -3.14159
0100010010 0.00273323 -3.14159
0100010011 0.00873566 -3.14159
0100010100 0.0269623 0
0100010101 0.0142212 -3.14159
0100010110 0.00497437 -3.14159
0100010111 0.0154419 -3.14159
0100011000 0.00271988 0
0100011001 0.0188751 0
0100011010 0.0162048 -3.14159
0100011011 0.078186 -3.14159
0100011100 0.00125408 0
0100011101 0.0128555 -3.14159
0100011110 0.0316162 -3.14159
0100011111 0.0555725 0
0100100000 0.0110245 -3.14159
0100100001 0.00743866 0
0100100010 0.00457001 0
0100100011 0.00579071 0
0100100100 0.0151825 -3.14159
0100100101 0.024292 0
0100100110 0.0596313 -3.14159
0100100111 0.0344543 -3.14159
0100101000 0.0388794 0
0100101001 0.0914307 -3.14159
0100101010 0.0495605 0
0100101011 0.0178528 -3.14159
0100101100 0.0219421 0
0100101101 0.0497131 -3.14159
0100101110 0.0247803 0
0100101111 0.00811005 0
0100110000 0.0281982 0
0100110001 0.0391846 -3.14159
0100110010 0.00429916 0
0100110011 0.040802 -3.14159
0100110100 4.63724e-05 -3.14159
0100110101 0.0240479 0
0100110110 0.0169983 -3.14159
0100110111 0.0173645 0
0100111000 0.0128784 -3.14159
0100111001 0.0655518 -3.14159
0100111010 0.0403748 -3.14159
0100111011 0.0414429 -3.14159
0100111100 0.0483398 -3.14159
0100111101 0.00274467 -3.14159
0100111110 0.036438 0
0100111111 0.0192719 -3.14159
0101000000 0.0117798 -3.14159
0101000001 0.00122452 -3.14159
0101000010 0.00982666 0
0101000011 0.0283356 0
0101000100 0.00786591 0
0101000101 0.0160828 0
0101000110 0.00209045 0
0101000111 0.0273895 -3.14159
0101001000 0.00894165 0
0101001001 0.0221405 -3.14159
0101001010 0.022644 0
0101001011 0.0268097 0
0101001100 0.0102081 0
0101001101 0.00303841 0
0101001110 0.00128555 0
0101001111 0.00709152 0
0101010000 0.035614 0
0101010001 0.00346375 0
0101010010 0.0278931 0
0101010011 0.074707 -3.14159
0101010100 0.0249481 0
0101010101 0.030365 0
0101010110 0.0180969 0
0101010111 0.00629044 0
0101011000 0.0452271 0
0101011001 0.030014 0
0101011010 0.02771 -3.14159
0101011011 0.0626831 -3.14159
0101011100 0.0258636 -3.14159
0101011101 0.0615234 0
0101011110 0.0146484 0
0101011111 0.0392151 0
0101100000 0.00945282 0
0101100001 0.0405579 -3.14159
0101100010 0.0129852 -3.14159
0101100011 0.0179901 -3.14159
0101100100 0.000694752 0
0101100101 0.0145569 0
0101100110 0.0444336 -3.14159
0101100111 0.0305634 -3.14159
0101101000 0.0655518 -3.14159
0101101001 0.0113907 -3.14159
0101101010 0.0463562 0
0101101011 0.0169678 0
0101101100 0.00157928 -3.14159
0101101101 0.0175323 -3.14159
0101101110 0.00310135 -3.14159
0101101111 0.039093 0
0101110000 0.00756073 -3.14159
0101110001 0.00170135 0
0101110010 0.0488281 -3.14159
0101110011 0.00579453 0
0101110100 0.045166 0
0101110101 0.00941467 0
0101110110 0.0215912 0
0101110111 0.0186768 0
0101111000 0.0297241 0
0101111001 0.0445557 0
0101111010 0.0434265 0
0101111011 0.0375366 -3.14159
0101111100 0.0193787 -3.14159
0101111101 0.0129013 -3.14159
0101111110 0.0217896 0
0101111111 0.0720215 0
0110000000 0.00827026 0
0110000001 0.00971985 0
0110000010 0.0454407 -3.14159
0110000011 0.0680542 0
0110000100 0.0758667 -3.14159
0110000101 0.00273705 0
0110000110 0.0190735 0
0110000111 0.0151062 0
0110001000 0.00292587 -3.14159
0110001001 0.00102329 0
0110001010 0.0164795 -3.14159
0110001011 0.00697708 -3.14159
0110001100 0.0357666 0
0110001101 0.0187531 -3.14159
0110001110 0.0243835 0
0110001111 0.00109482 -3.14159
0110010000 0.0405273 0
0110010001 0.0206604 0
0110010010 0.0202332 -3.14159
0110010011 0.00494766 0
0110010100 0.0725098 -3.14159
0110010101 0.0602112 -3.14159
0110010110 1.04308e-05 0
0110010111 0.00613403 -3.14159
0110011000 0.00402069 -3.14159
0110011001 0.0237122 -3.14159
0110011010 0.00423813 0
0110011011 0.0638428 0
0110011100 0.0316772 -3.14159
0110011101 0.0117111 0
0110011110 0.0185852 0
0110011111 0.0120697 0
0110100000 0.0726929 0
0110100001 0.0256042 0
0110100010 0.0283051 0
0110100011 0.0337524 -3.14159
0110100100 0.0270233 0
0110100101 0.00429153 -3.14159
0110100110 0.016037 -3.14159
0110100111 0.019165 -3.14159
0110101000 0.0428772 -3.14159
0110101001 0.019577 -3.14159
0110101010 0.00564194 -3.14159
0110101011 0.026123 -3.14159
0110101100 0.0230713 -3.14159
0110101101 0.0303955 0
0110101110 0.00614548 -3.14159
0110101111 0.0238647 -3.14159
0110110000 0.0118256 0
0110110001 0.0670776 -3.14159
0110110010 0.0368958 0
0110110011 0.0021534 0
0110110100 0.0139771 0
0110110101 0.0272217 0
0110110110 0.0463257 0
0110110111 0.00193882 -3.14159
0110111000 0.0147095 -3.14159
0110111001 0.0249939 -3.14159
0110111010 0.0179138 0
0110111011 0.0664062 0
0110111100 0.0184631 -3.14159
0110111101 0.0205078 -3.14159
0110111110 0.0294342 -3.14159
0110111111 0.0230713 -3.14159
0111000000 0.00548553 -3.14159
0111000001 0.029953 -3.14159
0111000010 0.00444031 0
0111000011 0.00589371 -3.14159
0111000100 0.0301056 -3.14159
0111000101 0.0138855 -3.14159
0111000110 0.0172729 -3.14159
0111000111 0.0162354 -3.14159
0111001000 0.0357056 0
0111001001 0.042511 0
0111001010 0.0182495 -3.14159
0111001011 0.00199318 -3.14159
0111001100 0.00128746 0
0111001101 0.0192261 -3.14159
0111001110 0.0313721 0
0111001111 0.0709839 0
0111010000 0.0192108 0
0111010001 0.0137711 0
0111010010 0.000917912 -3.14159
0111010011 0.0454712 0
0111010100 0.0307922 0
0111010101 0.0144043 -3.14159
0111010110 0.0113373 0
0111010111 0.0124283 -3.14159
0111011000 0.0189362 0
0111011001 0.0238037 -3.14159
0111011010 0.000950336 -3.14159
0111011011 0.0182343 0
0111011100 0.0117798 0
0111011101 0.0385437 0
0111011110 0.0371399 0
0111011111 0.0159302 -3.14159
0111100000 0.0143051 -3.14159
0111100001 0.00265503 -3.14159
0111100010 0.01828 0
0111100011 0.0275574 0
0111100100 0.0149384 -3.14159
0111100101 0.0375366 -3.14159
0111100110 0.020462 -3.14159
0111100111 0.0177307 -3.14159
0111101000 0.038269 -3.14159
0111101001 0.0230255 0
0111101010 0.0566101 -3.14159
0111101011 0.0140991 -3.14159
0111101100 0.0281372 -3.14159
0111101101 0.0210571 -3.14159
0111101110 0.0195312 0
0111101111 0.0151825 -3.14159
0111110000 0.000556469 0
0111110001 0.0240326 -3.14159
0111110010 0.0474548 0
0111110011 0.0518799 -3.14159
0111110100 0.0190582 0
0111110101 0.018692 -3.14159
0111110110 0.00549316 -3.14159
0111110111 0.0103149 -3.14159
0111111000 0.048584 -3.14159
0111111001 0.0271912 0
0111111010 0.00629807 -3.14159
0111111011 0.0147629 0
0111111100 0.00352287 -3.14159
0111111101 0.0130234 -3.14159
0111111110 0.0079422 -3.14159
0111111111 0.0487976 0
1000000000 0.0248108 0
1000000001 0.0121689 0
1000000010 0.0137482 -3.14159
1000000011 0.0169678 -3.14159
1000000100 0.0106125 0
1000000101 0.0527344 0
1000000110 0.0439758 0
1000000111 0.045166 0
1000001000 0.0038414 -3.14159
1000001001 0.0180359 0
1000001010 0.0265808 -3.14159
1000001011 0.0598145 -3.14159
1000001100 0.0188904 0
1000001101 0.0509949 -3.14159
1000001110 0.0364075 -3.14159
1000001111 0.0291443 -3.14159
1000010000 0.0175171 -3.14159
1000010001 0.0405884 -3.14159
1000010010 0.0343933 0
1000010011 0.0114136 0
1000010100 0.0234528 0
1000010101 0.0235596 0
1000010110 0.00235558 -3.14159
1000010111 0.000999451 0
1000011000 0.0402832 0
1000011001 0.0269928 0
1000011010 0.0118332 -3.14159
1000011011 0.0390015 0
1000011100 0.0148239 -3.14159
1000011101 0.00267029 0
1000011110 0.00400925 0
1000011111 0.0116501 -3.14159
1000100000 0.0287933 -3.14159
1000100001 0.0529175 -3.14159
1000100010 0.0153961 0
1000100011 0.00901794 -3.14159
1000100100 0.00135899 0
1000100101 0.0515747 -3.14159
1000100110 0.0337524 -3.14159
1000100111 0.0567322 0
1000101000 0.0204468 0
1000101001 0.00837708 -3.14159
1000101010 0.0128784 -3.14159
1000101011 0.00834656 -3.14159
1000101100 0.0636597 -3.14159
1000101101 0.0132446 0
1000101110 0.0304413 0
1000101111 0.0240784 0
1000110000 0.000932693 -3.14159
1000110001 0.019989 0
1000110010 0.0111084 0
1000110011 0.010788 -3.14159
1000110100 0.0483398 -3.14159
1000110101 0.0338745 0
1000110110 0.0460205 -3.14159
1000110111 0.000489712 -3.14159
1000111000 0.00111389 0
1000111001 0.0339661 -3.14159
1000111010 0.0799561 0
1000111011 0.0252228 0
1000111100 0.0272217 0
1000111101 0.0126724 0
1000111110 0.0152054 -3.14159
1000111111 0.0072937 -3.14159
1001000000 0.0119324 0
1001000001 0.0152664 -3.14159
1001000010 0.0227966 0
1001000011 0.0110321 0
1001000100 0.02742 -3.14159
1001000101 0.00357056 -3.14159
1001000110 0.0523376 -3.14159
1001000111 0.0426331 -3.14159
1001001000 0.0105972 0
1001001001 0.0131226 0
1001001010 0.00233078 -3.14159
1001001011 0.00124073 -3.14159
1001001100 0.00978088 0
1001001101 0.0380554 -3.14159
1001001110 0.0311584 -3.14159
1001001111 0.0359192 0
1001010000 0.00211525 -3.14159
1001010001 0.0091629 0
1001010010 0.0110397 -3.14159
1001010011 0.0112686 -3.14159
1001010100 0.00785065 -3.14159
1001010101 0.0325928 -3.14159
1001010110 0.0470581 0
1001010111 0.0257874 -3.14159
1001011000 0.0147476 0
1001011001 0.0316162 0
1001011010 0.00605392 -3.14159
1001011011 0.0318909 0
1001011100 0.0300751 -3.14159
1001011101 0.0307007 -3.14159
1001011110 0.0250854 -3.14159
1001011111 0.0261688 -3.14159
1001100000 0.0422974 0
1001100001 0.0242004 0
1001100010 0.0248413 -3.14159
1001100011 0.0508423 0
1001100100 0.0386047 -3.14159
1001100101 0.00402069 -3.14159
1001100110 0.0426025 0
1001100111 0.0766602 0
1001101000 0.016983 0
1001101001 0.0338135 -3.14159
1001101010 0.0462036 0
1001101011 0.0354004 0
1001101100 0.0555725 0
1001101101 0.00861359 -3.14159
1001101110 0.0534363 -3.14159
1001101111 0.0122299 -3.14159
1001110000 0.0568848 0
1001110001 0.0455933 -3.14159
1001110010 0.00672913 -3.14159
1001110011 0.00182152 0
1001110100 0.0185394 -3.14159
1001110101 0.0098114 -3.14159
1001110110 0.00510025 -3.14159
1001110111 0.0209808 -3.14159
1001111000 0.0334473 0
1001111001 0.0172424 0
1001111010 0.00421906 0
1001111011 0.0522461 0
1001111100 0.0282135 0
1001111101 0.0281219 -3.14159
1001111110 0.0214081 -3.14159
1001111111 0.0264282 0
1010000000 0.00455093 0
1010000001 0.0142059 0
1010000010 0.00393677 -3.14159
1010000011 0.00128269 -3.14159
1010000100 0.00738144 0
1010000101 0.0434265 -3.14159
1010000110 0.0100327 -3.14159
1010000111 0.0144577 -3.14159
1010001000 0.00816345 0
1010001001 0.0351868 0
1010001010 0.0193329 0
1010001011 0.0621643 0
1010001100 0.013237 -3.14159
1010001101 0.00427246 0
1010001110 3.24845e-05 0
1010001111 0.0500488 0
1010010000 0.0653687 0
1010010001 0.00896454 0
1010010010 0.037384 -3.14159
1010010011 0.045166 0
1010010100 0.015976 -3.14159
1010010101 0.000437498 -3.14159
1010010110 0.00909424 -3.14159
1010010111 0.00122547 -3.14159
1010011000 0.0776978 0
1010011001 0.0204773 -3.14159
1010011010 0.0121536 0
1010011011 0.0350037 -3.14159
1010011100 0.0415039 0
1010011101 0.00124454 0
1010011110 0.0115585 0
1010011111 0.0145645 -3.14159
1010100000 0.0406189 -3.14159
1010100001 0.0374756 -3.14159
1010100010 0.0381165 -3.14159
1010100011 0.00606918 -3.14159
1010100100 0.0307312 0
1010100101 0.000891209 -3.14159
1010100110 0.0263977 0
1010100111 0.0316162 -3.14159
1010101000 0.0116043 0
1010101001 0.0437012 0
1010101010 0.000639915 -3.14159
1010101011 0.00686646 -3.14159
1010101100 0.0410767 0
1010101101 0.0102844 -3.14159
1010101110 0.00892639 0
1010101111 0.00149822 -3.14159
1010110000 0.0672607 0
1010110001 0.0238647 -3.14159
1010110010 0.00790405 -3.14159
1010110011 0.0137558 -3.14159
1010110100 0.0397644 -3.14159
1010110101 0.00208092 0
1010110110 0.00406647 -3.14159
1010110111 0.0163879 -3.14159
1010111000 0.00610352 0
1010111001 0.00756836 -3.14159
1010111010 0.0287628 -3.14159
1010111011 0.00988007 -3.14159
1010111100 0.0179443 0
1010111101 0.0194092 0
1010111110 0.0430908 -3.14159
1010111111 0.0269928 0
1011000000 0.0466003 -3.14159
1011000001 0.0362244 0
1011000010 0.0434875 0
1011000011 0.0253754 -3.14159
1011000100 0.0175476 -3.14159
1011000101 0.0111008 0
1011000110 0.00123119 0
1011000111 0.0212097 0
1011001000 0.0015192 -3.14159
1011001001 0.0462036 -3.14159
1011001010 0.0256805 -3.14159
1011001011 0.0233917 -3.14159
1011001100 0.0551147 -3.14159
1011001101 0.0265198 -3.14159
1011001110 0.0133667 0
1011001111 0.0261688 -3.14159
1011010000 0.00211143 0
1011010001 0.0223389 -3.14159
1011010010 0.0125961 -3.14159
1011010011 0.0110245 0
1011010100 0.012146 -3.14159
1011010101 0.0349426 0
1011010110 0.026123 0
1011010111 0.00237846 0
1011011000 0.00891876 0
1011011001 0.0284271 0
1011011010 0.00340462 -3.14159
1011011011 0.0239258 -3.14159
1011011100 0.0147781 0
1011011101 0.0411377 0
1011011110 0.00114822 -3.14159
1011011111 0.0161896 0
1011100000 0.0106812 -3.14159
1011100001 0.0387573 -3.14159
1011100010 0.0500183 0
1011100011 0.0059166 -3.14159
1011100100 0.0282593 0
1011100101 0.0731201 0
1011100110 0.00677109 0
1011100111 0.0299835 -3.14159
1011101000 0.0952148 -3.14159
1011101001 0.0213013 -3.14159
1011101010 0.045105 -3.14159
1011101011 0.0419006 0
1011101100 0.012146 0
1011101101 0.0211487 0
1011101110 0.000305414 0
1011101111 0.0594482 0
1011110000 0.0532227 -3.14159
1011110001 0.000179887 0
1011110010 0.0175781 -3.14159
1011110011 0.00597382 -3.14159
1011110100 0.0114746 0
1011110101 0.016571 0
1011110110 0.0315247 -3.14159
1011110111 0.00749588 0
1011111000 0.00133705 -3.14159
1011111001 0.00643921 -3.14159
1011111010 0.0168152 -3.14159
1011111011 0.0622559 0
1011111100 0.00913239 -3.14159
1011111101 0.0118408 0
1011111110 0.0604858 0
1011111111 0.0233002 0
1100000000 0.0326233 0
1100000001 0.000237226 -3.14159
1100000010 0.0299225 -3.14159
1100000011 0.0254669 -3.14159
1100000100 0.0341492 -3.14159
1100000101 0.050293 0
1100000110 0.0118637 0
1100000111 0.00688934 0
1100001000 0.0306244 -3.14159
1100001001 0.0511475 -3.14159
1100001010 0.00240898 0
1100001011 0.00982666 0
1100001100 0.00323105 0
1100001101 0.0157318 -3.14159
1100001110 0.0404358 -3.14159
1100001111 0.0464172 0
1100010000 0.0239716 -3.14159
1100010001 0.00905609 -3.14159
1100010010 0.0439758 0
1100010011 0.0296478 -3.14159
1100010100 0.0522461 -3.14159
1100010101 0.00973511 -3.14159
1100010110 0.000993729 -3.14159
1100010111 0.0710449 0
1100011000 0.0855713 -3.14159
1100011001 0.0243378 0
1100011010 0.0152206 -3.14159
1100011011 0.0255432 0
1100011100 0.0610046 0
1100011101 0.0375366 0
1100011110 0.00469971 -3.14159
1100011111 0.0507507 -3.14159
1100100000 0.0358887 0
1100100001 0.0522156 0
1100100010 0.00210762 0
1100100011 0.0327454 0
1100100100 0.00799561 0
1100100101 0.0595093 -3.14159
1100100110 0.0241699 0
1100100111 0.043396 -3.14159
1100101000 0.0412292 0
1100101001 0.0286865 0
1100101010 0.0223694 0
1100101011 0.00860596 0
1100101100 0.0159607 -3.14159
1100101101 0.00789642 -3.14159
1100101110 0.0567627 0
1100101111 0.0310516 0
1100110000 0.0162048 -3.14159
1100110001 0.0636597 -3.14159
1100110010 0.016922 -3.14159
1100110011 0.0302429 0
1100110100 0.0223694 0
1100110101 0.0280914 0
1100110110 0.056488 0
1100110111 0.0230103 -3.14159
1100111000 0.0250854 -3.14159
1100111001 0.0759277 -3.14159
1100111010 0.0187683 0
1100111011 0.0119324 -3.14159
1100111100 0.0389709 -3.14159
1100111101 0.0115128 0
1100111110 0.0195312 -3.14159
1100111111 0.0269012 -3.14159
1101000000 0.0635376 -3.14159
1101000001 0.00712585 0
1101000010 0.0148773 -3.14159
1101000011 0.00753403 -3.14159
1101000100 0.0206757 0
1101000101 0.0174713 0
1101000110 0.045166 -3.14159
1101000111 0.0615234 0
1101001000 0.00382423 0
1101001001 0.0534058 0
1101001010 0.00392532 0
1101001011 0.0463562 0
1101001100 0.0251923 -3.14159
1101001101 0.00275803 0
1101001110 0.0242767 0
1101001111 0.0419922 0
1101010000 0.0167236 -3.14159
1101010001 0.00598526 0
1101010010 0.0154953 -3.14159
1101010011 0.0528564 -3.14159
1101010100 0.0305939 0
1101010101 0.00432205 0
1101010110 0.0502319 -3.14159
1101010111 0.0124283 0
1101011000 0.0481567 -3.14159
1101011001 0.012825 0
1101011010 0.0123138 0
1101011011 0.04422 -3.14159
1101011100 0.00621033 -3.14159
1101011101 0.0279083 -3.14159
1101011110 0.0113602 0
1101011111 0.0633545 -3.14159
1101100000 0.0584717 0
1101100001 0.0349426 0
1101100010 0.0201416 -3.14159
1101100011 0.00997925 -3.14159
1101100100 0.0105286 -3.14159
1101100101 0.0241699 -3.14159
1101100110 0.0245361 0
1101100111 0.0305939 -3.14159
1101101000 0.0239563 -3.14159
1101101001 0.000252962 0
1101101010 0.00267792 0
1101101011 0.0099411 -3.14159
1101101100 0.0231476 -3.14159
1101101101 0.0291901 -3.14159
1101101110 0.00977325 -3.14159
1101101111 0.00197792 -3.14159
1101110000 0.0112228 -3.14159
1101110001 0.0661011 0
1101110010 0.0152054 -3.14159
1101110011 0.0561218 -3.14159
1101110100 0.0089035 -3.14159
1101110101 0.0388184 -3.14159
1101110110 0.0046463 0
1101110111 0.0134735 0
1101111000 0.0400085 0
1101111001 0.021637 0
1101111010 0.0088501 -3.14159
1101111011 0.0106812 -3.14159
1101111100 0.0116119 0
1101111101 0.0333862 -3.14159
1101111110 0.0362244 -3.14159
1101111111 0.0886841 0
1110000000 0.0431824 -3.14159
1110000001 0.00444794 -3.14159
1110000010 0.0611267 0
1110000011 0.0404663 0
1110000100 0.0191803 0
1110000101 0.0837402 0
1110000110 0.00926208 -3.14159
1110000111 0.00453186 -3.14159
1110001000 0.00243568 -3.14159
1110001001 0.0276794 0
1110001010 0.043457 0
1110001011 0.0281372 -3.14159
1110001100 0.0387878 0
1110001101 0.0236664 0
1110001110 0.0386047 0
1110001111 0.00374413 0
1110010000 0.0227966 0
1110010001 0.0503845 -3.14159
1110010010 0.0187225 -3.14159
1110010011 0.0197754 -3.14159
1110010100 0.0470886 -3.14159
1110010101 0.0556335 -3.14159
1110010110 0.0153351 -3.14159
1110010111 0.0434265 -3.14159
1110011000 0.0273438 0
1110011001 0.022583 0
1110011010 0.0521545 -3.14159
1110011011 0.041748 -3.14159
1110011100 0.0230408 0
1110011101 0.019165 -3.14159
1110011110 0.00366592 0
1110011111 0.018692 0
1110100000 0.00822449 0
1110100001 0.00783539 -3.14159
1110100010 0.0462341 0
1110100011 0.00704956 -3.14159
1110100100 0.0531921 0
1110100101 0.0329895 0
1110100110 0.0296936 -3.14159
1110100111 0.00293732 -3.14159
1110101000 0.0152664 -3.14159
1110101001 0.0190735 0
1110101010 0.014473 0
1110101011 0.0306702 0
1110101100 0.0254517 -3.14159
1110101101 0.0205994 0
1110101110 0.0153351 -3.14159
1110101111 0.0374756 -3.14159
1110110000 0.00468063 -3.14159
1110110001 0.00369453 0
1110110010 0.0792847 -3.14159
1110110011 0.0412598 -3.14159
1110110100 0.0057869 -3.14159
1110110101 0.0418701 0
1110110110 0.0160217 -3.14159
1110110111 0.00843811 -3.14159
1110111000 0.00660706 -3.14159
1110111001 0.0521545 0
1110111010 0.0501404 0
1110111011 0.00296211 -3.14159
1110111100 0.00507736 -3.14159
1110111101 0.021637 -3.14159
1110111110 0.000327826 0
1110111111 0.0170593 0
1111000000 0.0050621 0
1111000001 0.0587463 0
1111000010 0.0486755 0
1111000011 0.0174255 -3.14159
1111000100 0.00656128 0
1111000101 0.0568848 -3.14159
1111000110 0.00428391 -3.14159
1111000111 0.0234222 0
1111001000 0.0415344 0
1111001001 0.0264282 0
1111001010 0.0200806 -3.14159
1111001011 0.0176697 -3.14159
1111001100 0.0440674 0
1111001101 0.0748901 0
1111001110 0.0202026 -3.14159
1111001111 0.0104141 -3.14159
1111010000 0.00231743 0
1111010001 0.012825 0
1111010010 0.00104237 0
1111010011 0.0184937 -3.14159
1111010100 0.00494766 0
1111010101 0.0345154 -3.14159
1111010110 0.0565796 0
1111010111 0.0297241 0
1111011000 0.0402527 0
1111011001 0.00169945 0
1111011010 0.000968456 -3.14159
1111011011 0.0152664 0
1111011100 0.00904083 0
1111011101 0.0198669 0
1111011110 0.0193024 0
1111011111 0.0122299 -3.14159
1111100000 0.0769653 0
1111100001 0.0162048 -3.14159
1111100010 0.0045166 -3.14159
1111100011 0.010704 0
1111100100 0.0801392 -3.14159
1111100101 0.00124645 0
1111100110 0.0750122 -3.14159
1111100111 0.0255737 -3.14159
1111101000 0.00429153 -3.14159
1111101001 0.0396423 -3.14159
1111101010 0.0523376 -3.14159
1111101011 0.0979004 0
1111101100 0.0686646 0
1111101101 0.0118256 -3.14159
1111101110 0.0377197 0
1111101111 0.0169983 0
1111110000 0.00799561 -3.14159
1111110001 0.0362244 0
1111110010 0.043335 -3.14159
1111110011 0.00196457 0
1111110100 0.0103455 0
1111110101 0.0274506 0
1111110110 0.00970459 0
1111110111 0.0370483 0
1111111000 0.00542831 0
1111111001 0.0767212 -3.14159
1111111010 0.00343895 -3.14159
1111111011 0.0166473 -3.14159
1111111100 0.0117645 -3.14159
1111111101 0.0511475 0
1111111110 0.000747204 -3.14159
1111111111 0.0161743 -3.14159
