0000000000 0.00557327 0
0000000001 0.04953 0
0000000010 0.0240326 0
0000000011 0.0218201 -3.14159
0000000100 0.0310516 -3.14159
0000000101 0.0138931 0
0000000110 0.0176697 -3.14159
0000000111 0.0349731 -3.14159
0000001000 0.0104599 0
0000001001 0.0101318 0
0000001010 0.00359344 0
0000001011 0.0242004 -3.14159
0000001100 0.0109863 0
0000001101 0.0286255 -3.14159
0000001110 0.0268555 0
0000001111 0.00413513 -3.14159
0000010000 0.0209808 0
0000010001 0.00869751 -3.14159
0000010010 0.0335999 -3.14159
0000010011 0.0170746 -3.14159
0000010100 0.0282898 -3.14159
0000010101 0.0432739 -3.14159
0000010110 0.0261536 -3.14159
0000010111 0.00522614 -3.14159
0000011000 0.0346985 -3.14159
0000011001 0.0119705 0
0000011010 0.00426102 0
0000011011 0.0215149 0
0000011100 0.00129509 0
0000011101 0.026947 0
0000011110 0.0640259 -3.14159
0000011111 0.0698853 0
0000100000 0.0673828 -3.14159
0000100001 0.0137329 -3.14159
0000100010 0.0634155 -3.14159
0000100011 0.0423584 0
0000100100 0.0311279 -3.14159
0000100101 0.0189819 0
0000100110 0.00876617 0
0000100111 0.0176544 0
0000101000 0.000987053 -3.14159
0000101001 0.0163269 0
0000101010 0.0288544 -3.14159
0000101011 0.0881958 0
0000101100 0.00619125 0
0000101101 0.0155869 0
0000101110 0.0123138 -3.14159
0000101111 0.0240479 0
0000110000 0.0106888 0
0000110001 0.0135269 -3.14159
0000110010 0.0174713 0
0000110011 0.0278778 0
0000110100 0.0610046 -3.14159
0000110101 0.0109024 0
0000110110 0.0308685 0
0000110111 0.000183582 0
0000111000 0.00874329 0
0000111001 0.0265961 -3.14159
0000111010 0.0198212 -3.14159
0000111011 0.00705338 -3.14159
0000111100 0.0101089 -3.14159
0000111101 0.042572 0
0000111110 0.0272522 -3.14159
0000111111 0.0185852 -3.14159
0001000000 0.0386047 0
0001000001 0.0328979 -3.14159
0001000010 0.0293121 -3.14159
0001000011 0.0107346 -3.14159
0001000100 0.016098 -3.14159
0001000101 0.00106239 -3.14159
0001000110 0.00858307 0
0001000111 0.0225372 -3.14159
0001001000 0.10022 -3.14159
0001001001 0.00192928 -3.14159
0001001010 0.0322876 -3.14159
0001001011 0.0253601 -3.14159
0001001100 0.00601196 -3.14159
0001001101 0.0566101 -3.14159
0001001110 0.0381775 0
0001001111 0.0275726 0
0001010000 0.0160828 0
0001010001 0.000584126 0
0001010010 0.0834351 0
0001010011 0.00946808 0
0001010100 8.72612e-05 0
0001010101 0.000228286 -3.14159
0001010110 0.011795 -3.14159
0001010111 0.0358582 -3.14159
0001011000 0.0200653 0
0001011001 0.0100861 0
0001011010 0.00782013 0
0001011011 0.078186 -3.14159
0001011100 0.0415344 0
0001011101 0.0207062 -3.14159
0001011110 0.0319519 -3.14159
0001011111 0.0191193 -3.14159
0001100000 0.0666504 -3.14159
0001100001 0.0173035 0
0001100010 0.0504456 -3.14159
0001100011 0.00658417 -3.14159
0001100100 0.0131149 0
0001100101 0.00508118 -3.14159
0001100110 0.0156097 -3.14159
0001100111 0.0888062 0
0001101000 0.0441589 0
0001101001 0.00307465 -3.14159
0001101010 0.00683212 -3.14159
0001101011 0.0371704 -3.14159
0001101100 0.0325928 -3.14159
0001101101 0.0357666 -3.14159
0001101110 0.0452576 0
0001101111 0.0270538 0
0001110000 0.0443115 -3.14159
0001110001 0.0128632 0
0001110010 0.0334167 -3.14159
0001110011 0.0216217 0
0001110100 0.000790596 -3.14159
0001110101 0.0110779 -3.14159
0001110110 0.0331421 -3.14159
0001110111 0.0184631 -3.14159
0001111000 0.00203323 -3.14159
0001111001 0.0228119 -3.14159
0001111010 0.0160065 0
0001111011 0.0226288 0
0001111100 0.0421448 -3.14159
0001111101 0.0469055 0
0001111110 0.0069809 0
0001111111 0.0324707 0
0010000000 0.0114365 0
0010000001 0.0207977 0
0010000010 0.000779152 0
0010000011 0.0262909 -3.14159
0010000100 0.0395813 -3.14159
0010000101 0.0386353 -3.14159
0010000110 0.0245514 -3.14159
0010000111 0.0825195 -3.14159
0010001000 0.0172119 -3.14159
0010001001 0.0116501 0
0010001010 0.0107956 0
0010001011 0.024231 -3.14159
0010001100 0.032135 -3.14159
0010001101 0.027832 -3.14159
0010001110 0.0158386 0
0010001111 0.0146637 -3.14159
0010010000 0.0634766 -3.14159
0010010001 0.0248413 -3.14159
0010010010 0.0104141 -3.14159
0010010011 0.0103378 -3.14159
0010010100 0.0391541 -3.14159
0010010101 0.0175629 -3.14159
0010010110 0.0150299 0
0010010111 0.00257874 -3.14159
0010011000 0.0314331 0
0010011001 0.0563049 -3.14159
0010011010 0.0209961 0
0010011011 0.0368652 0
0010011100 0.0287781 0
0010011101 0.0463257 0
0010011110 0.0152435 -3.14159
0010011111 0.0255737 0
0010100000 0.0318909 -3.14159
0010100001 0.0173798 0
0010100010 0.0819702 -3.14159
0010100011 0.0305481 -3.14159
0010100100 0.0202332 -3.14159
0010100101 0.0297546 -3.14159
0010100110 0.0379028 0
0010100111 0.0293579 0
0010101000 0.0238342 0
0010101001 0.00627899 0
0010101010 0.0401611 -3.14159
0010101011 0.0359802 -3.14159
0010101100 0.0631104 -3.14159
0010101101 0.0709229 0
0010101110 0.0145264 -3.14159
0010101111 0.0124741 0
0010110000 0.00139523 0
0010110001 0.0152893 -3.14159
0010110010 0.0140076 0
0010110011 0.00165462 -3.14159
0010110100 0.0281219 0
0010110101 0.00446701 0
0010110110 0.0265808 0
0010110111 0.000799656 -3.14159
0010111000 0.0122757 0
0010111001 4.39286e-05 -3.14159
0010111010 0.00939178 -3.14159
0010111011 0.0392456 0
0010111100 0.00636673 -3.14159
0010111101 0.0220184 -3.14159
0010111110 0.029953 0
0010111111 0.003479 0
0011000000 0.0379028 -3.14159
0011000001 0.0181274 0
0011000010 0.0458374 0
0011000011 0.0181274 0
0011000100 0.00592041 -3.14159
0011000101 0.0128708 -3.14159
0011000110 0.00106144 0
0011000111 0.0221558 -3.14159
0011001000 0.0429382 0
0011001001 0.00226021 0
0011001010 0.0175629 0
0011001011 0.0527344 -3.14159
0011001100 0.0077858 -3.14159
0011001101 0.0256958 -3.14159
0011001110 0.101501 0
0011001111 0.00209618 -3.14159
0011010000 0.0192261 -3.14159
0011010001 0.00143147 0
0011010010 0.00648499 0
0011010011 0.029541 -3.14159
0011010100 0.000131845 0
0011010101 0.0205994 -3.14159
0011010110 0.010498 0
0011010111 0.0187988 0
0011011000 0.014473 0
0011011001 0.0274811 -3.14159
0011011010 0.00796509 0
0011011011 0.0177917 -3.14159
0011011100 0.00917053 -3.14159
0011011101 0.0188599 -3.14159
0011011110 0.00809479 0
0011011111 0.0629272 0
0011100000 0.00745392 0
0011100001 0.0267792 -3.14159
0011100010 0.012291 0
0011100011 0.0140076 -3.14159
0011100100 0.0378723 -3.14159
0011100101 0.00347328 0
0011100110 0.0220642 0
0011100111 0.0428467 0
0011101000 0.0489197 -3.14159
0011101001 0.0143738 0
0011101010 0.0228271 0
0011101011 0.021698 0
0011101100 0.0247192 -3.14159
0011101101 0.0245361 0
0011101110 0.0554199 -3.14159
0011101111 0.0142441 -3.14159
0011110000 0.0314941 -3.14159
0011110001 0.0262299 0
0011110010 0.0379639 0
0011110011 0.0285645 0
0011110100 0.0298157 -3.14159
0011110101 0.0428772 0
0011110110 0.0207672 -3.14159
0011110111 0.0352783 0
0011111000 0.00574875 -3.14159
0011111001 0.0450745 -3.14159
0011111010 0.00751877 0
0011111011 0.0508118 -3.14159
0011111100 0.0201721 -3.14159
0011111101 0.0145187 -3.14159
0011111110 0.0405273 0
0011111111 0.00521469 0
0100000000 0.00357819 -3.14159
0100000001 0.0133514 -3.14159
0100000010 0.0260315 -3.14159
0100000011 0.00970459 0
0100000100 0.0739136 -3.14159
0100000101 0.023468 0
0100000110 0.024292 0
0100000111 0.031311 -3.14159
0100001000 0.0248566 0
0100001001 0.00421143 0
0100001010 0.0256653 0
0100001011 0.0214691 -3.14159
0100001100 0.0121384 0
0100001101 0.0500488 -3.14159
0100001110 0.0153809 0
0100001111 0.00100231 -3.14159
0100010000 0.0338135 0
0100010001 0.0689087 -3.14159
0100010010 0.00922394 0
0100010011 0.0196228 -3.14159
0100010100 0.095459 -3.14159
0100010101 0.051178 -3.14159
0100010110 0.0257263 0
0100010111 0.0534973 -3.14159
0100011000 0.0438232 -3.14159
0100011001 0.0406494 0
0100011010 0.00637054 -3.14159
0100011011 0.0158844 0
0100011100 0.00399017 -3.14159
0100011101 0.0120392 -3.14159
0100011110 0.0173645 0
0100011111 0.0121994 0
0100100000 0.017395 0
0100100001 0.0748291 0
0100100010 0.0211029 -3.14159
0100100011 0.0395813 0
0100100100 0.00661469 0
0100100101 0.0153885 -3.14159
0100100110 0.0869141 0
0100100111 0.0238037 -3.14159
0100101000 0.0234375 0
0100101001 0.0422974 -3.14159
0100101010 0.00221443 0
0100101011 0.0551147 0
0100101100 0.0175171 -3.14159
0100101101 0.000168443 -3.14159
0100101110 0.0167999 -3.14159
0100101111 0.0355835 0
0100110000 0.039032 0
0100110001 0.0150375 0
0100110010 0.00154018 -3.14159
0100110011 0.0647583 -3.14159
0100110100 0.0417175 0
0100110101 0.0348511 0
0100110110 0.00893402 -3.14159
0100110111 0.0158691 0
0100111000 0.0250092 0
0100111001 0.014801 0
0100111010 0.0031395 -3.14159
0100111011 0.0138245 0
0100111100 0.0143738 -3.14159
0100111101 0.0305939 0
0100111110 0.0128479 0
0100111111 0.00163937 0
0101000000 1.20401e-05 -3.14159
0101000001 0.0266724 -3.14159
0101000010 0.0393677 -3.14159
0101000011 0.0230103 -3.14159
0101000100 0.00184917 0
0101000101 0.0484009 0
0101000110 0.0189667 -3.14159
0101000111 0.0224762 0
0101001000 0.0343018 -3.14159
0101001001 0.0476685 -3.14159
0101001010 0.00112629 -3.14159
0101001011 0.0151062 0
0101001100 0.00614166 -3.14159
0101001101 0.00643539 -3.14159
0101001110 0.0047226 0
0101001111 0.0155334 0
0101010000 0.00188446 -3.14159
0101010001 0.0303955 0
0101010010 0.018692 -3.14159
0101010011 0.0179596 -3.14159
0101010100 0.0322876 -3.14159
0101010101 0.0348511 0
0101010110 0.0283813 -3.14159
0101010111 0.0232391 0
0101011000 0.0309143 0
0101011001 0.0243835 0
0101011010 0.0167084 -3.14159
0101011011 0.0148773 -3.14159
0101011100 0.00037384 0
0101011101 0.0130997 0
0101011110 0.0215912 -3.14159
0101011111 0.0056839 -3.14159
0101100000 0.0598145 -3.14159
0101100001 0.0157318 -3.14159
0101100010 0.017395 0
0101100011 0.0413818 -3.14159
0101100100 0.0230713 -3.14159
0101100101 0.000165462 -3.14159
0101100110 0.0392761 -3.14159
0101100111 0.0160675 0
0101101000 0.0301819 0
0101101001 0.00506592 -3.14159
0101101010 0.0518494 -3.14159
0101101011 0.000617504 -3.14159
0101101100 0.0260468 0
0101101101 0.0354309 0
0101101110 0.0446472 -3.14159
0101101111 0.0465393 -3.14159
0101110000 0.0272217 0
0101110001 0.032135 -3.14159
0101110010 0.0430298 -3.14159
0101110011 0.00630569 0
0101110100 0.0104065 -3.14159
0101110101 0.00972748 -3.14159
0101110110 0.0368652 -3.14159
0101110111 0.0312805 0
0101111000 0.000450134 -3.14159
0101111001 0.00741577 0
0101111010 0.0161438 -3.14159
0101111011 0.00524521 0
0101111100 0.0189056 0
0101111101 0.0104523 -3.14159
0101111110 0.0138092 0
0101111111 0.0431824 0
0110000000 0.0240784 -3.14159
0110000001 0.0502319 -3.14159
0110000010 0.00769424 -3.14159
0110000011 0.0259399 0
0110000100 0.0130157 -3.14159
0110000101 0.00378227 -3.14159
0110000110 0.0161896 0
0110000111 0.0405273 -3.14159
0110001000 0.00892639 -3.14159
0110001001 0.0266724 0
0110001010 0.0410156 0
0110001011 0.0270233 -3.14159
0110001100 0.0189514 0
0110001101 0.0362244 -3.14159
0110001110 0.0160522 0
0110001111 0.00460434 -3.14159
0110010000 0.0430908 0
0110010001 0.0338745 -3.14159
0110010010 0.0587769 0
0110010011 0.0202179 0
0110010100 0.0092392 0
0110010101 0.058075 -3.14159
0110010110 0.0449219 0
0110010111 0.0392151 0
0110011000 0.0127869 -3.14159
0110011001 0.0772705 -3.14159
0110011010 0.00105572 -3.14159
0110011011 0.0189667 -3.14159
0110011100 0.0134354 0
0110011101 0.0340881 -3.14159
0110011110 0.00561523 0
0110011111 0.0509644 0
0110100000 0.0299377 0
0110100001 0.00175667 0
0110100010 0.00231743 -3.14159
0110100011 0.00974274 0
0110100100 0.00572205 0
0110100101 0.0483704 0
0110100110 0.0179901 -3.14159
0110100111 0.0604858 0
0110101000 0.0127792 -3.14159
0110101001 0.0226288 0
0110101010 0.026825 0
0110101011 0.0205536 0
0110101100 0.0419006 -3.14159
0110101101 0.00038147 -3.14159
0110101110 0.0281982 0
0110101111 0.0169678 -3.14159
0110110000 0.00434875 0
0110110001 0.0448608 0
0110110010 0.0168457 0
0110110011 0.016983 0
0110110100 0.00975037 -3.14159
0110110101 0.0426636 0
0110110110 0.0348511 0
0110110111 0.0272217 -3.14159
0110111000 0.0397339 -3.14159
0110111001 0.0337524 0
0110111010 0.00224686 -3.14159
0110111011 0.0803833 0
0110111100 0.0152054 -3.14159
0110111101 0.0551758 -3.14159
0110111110 0.0197296 0
0110111111 0.0172882 -3.14159
0111000000 0.00202942 0
0111000001 0.0121918 0
0111000010 0.00930023 0
0111000011 0.0227051 -3.14159
0111000100 0.0109787 -3.14159
0111000101 0.03479 -3.14159
0111000110 0.012085 -3.14159
0111000111 0.0554199 -3.14159
0111001000 0.0377502 0
0111001001 0.0232086 -3.14159
0111001010 0.0132828 0
0111001011 0.00796509 0
0111001100 0.011795 -3.14159
0111001101 0.0268402 -3.14159
0111001110 0.0422974 0
0111001111 0.00590515 -3.14159
0111010000 0.00575256 0
0111010001 0.00361061 0
0111010010 0.0614014 0
0111010011 0.0402527 0
0111010100 0.0100861 0
0111010101 0.00802612 0
0111010110 0.0436707 0
0111010111 0.0143814 0
0111011000 0.00432205 0
0111011001 0.00928497 -3.14159
0111011010 0.00476074 0
0111011011 0.0132294 -3.14159
0111011100 0.0151825 0
0111011101 0.00939178 -3.14159
0111011110 0.0485229 -3.14159
0111011111 0.00458145 0
0111100000 0.0332031 0
0111100001 0.00485611 0
0111100010 0.00235939 0
0111100011 0.018631 -3.14159
0111100100 0.0200806 -3.14159
0111100101 0.0166168 0
0111100110 0.0224457 -3.14159
0111100111 0.00730515 0
0111101000 0.0487671 -3.14159
0111101001 0.011116 0
0111101010 0.00281906 0
0111101011 0.00288391 0
0111101100 0.0267029 -3.14159
0111101101 0.0593872 -3.14159
0111101110 0.0180817 0
0111101111 0.0128479 0
0111110000 0.0119476 0
0111110001 0.00830078 -3.14159
0111110010 0.0381775 -3.14159
0111110011 0.0206757 -3.14159
0111110100 0.0580444 -3.14159
0111110101 0.0414429 -3.14159
0111110110 0.00901794 0
0111110111 0.0237427 -3.14159
0111111000 0.00826263 0
0111111001 0.0455933 0
0111111010 0.0712891 -3.14159
0111111011 0.0397644 -3.14159
0111111100 0.0301666 -3.14159
0111111101 0.00267029 0
0111111110 0.0273895 -3.14159
0111111111 0.0268707 0
1000000000 0.0158691 -3.14159
1000000001 0.0213318 -3.14159
1000000010 0.0118713 -3.14159
1000000011 0.0366516 0
1000000100 0.0116882 0
1000000101 0.0323181 -3.14159
1000000110 0.000873089 0
1000000111 0.0156555 0
1000001000 0.0324097 -3.14159
1000001001 0.0533752 0
1000001010 0.00255394 -3.14159
1000001011 0.0156174 0
1000001100 0.0375366 -3.14159
1000001101 0.0172424 -3.14159
1000001110 0.0350647 0
1000001111 0.0110931 -3.14159
1000010000 0.00448608 0
1000010001 0.00344467 -3.14159
1000010010 0.0393982 -3.14159
1000010011 0.00418854 -3.14159
1000010100 0.0379944 0
1000010101 0.0192413 -3.14159
1000010110 0.0339355 0
1000010111 0.0175629 0
1000011000 0.0513916 0
1000011001 0.0776367 -3.14159
1000011010 0.0154877 0
1000011011 0.0120926 0
1000011100 0.0176239 0
1000011101 0.0355835 0
1000011110 0.016983 0
1000011111 0.0116043 -3.14159
1000100000 0.0211792 -3.14159
1000100001 0.020462 0
1000100010 0.00830841 0
1000100011 0.0430298 0
1000100100 0.0323181 -3.14159
1000100101 0.034729 -3.14159
1000100110 0.0277557 -3.14159
1000100111 0.0289612 -3.14159
1000101000 0.00263214 0
1000101001 0.00991058 -3.14159
1000101010 0.0211487 0
1000101011 0.0341492 0
1000101100 0.0135345 -3.14159
1000101101 0.0480957 -3.14159
1000101110 0.0333252 -3.14159
1000101111 0.00719452 -3.14159
1000110000 0.00302505 -3.14159
1000110001 0.00395966 -3.14159
1000110010 0.014801 0
1000110011 0.00717545 -3.14159
1000110100 0.0119553 -3.14159
1000110101 0.0241241 0
1000110110 0.0126495 0
1000110111 0.0393982 0
1000111000 0.0593567 -3.14159
1000111001 0.0164795 0
1000111010 0.000695229 -3.14159
1000111011 0.0170593 0
1000111100 0.0302429 0
1000111101 0.0102005 0
1000111110 0.0350342 0
1000111111 0.0204926 0
1001000000 0.00265503 0
1001000001 0.00632858 -3.14159
1001000010 0.00328636 -3.14159
1001000011 0.00045681 -3.14159
1001000100 0.0178375 -3.14159
1001000101 0.0121155 0
1001000110 0.0220032 -3.14159
1001000111 0.0404358 -3.14159
1001001000 0.0500183 0
1001001001 0.0221405 -3.14159
1001001010 0.0199585 -3.14159
1001001011 0.00337791 0
1001001100 0.0244446 0
1001001101 0.00392151 -3.14159
1001001110 0.021225 0
1001001111 0.0541077 -3.14159
1001010000 0.0513306 0
1001010001 0.0216064 0
1001010010 0.0812378 -3.14159
1001010011 0.0427246 -3.14159
1001010100 0.0137177 0
1001010101 0.00906372 -3.14159
1001010110 0.00466537 0
1001010111 0.035675 0
1001011000 0.0533142 -3.14159
1001011001 0.00791168 0
1001011010 0.0142212 0
1001011011 0.00284386 -3.14159
1001011100 0.0159149 -3.14159
1001011101 0.0431213 0
1001011110 0.0342712 0
1001011111 0.00942993 -3.14159
1001100000 0.00912476 -3.14159
1001100001 0.0186615 0
1001100010 0.0105667 0
1001100011 0.0105438 -3.14159
1001100100 0.0330505 -3.14159
1001100101 0.0137787 0
1001100110 8.41022e-05 -3.14159
1001100111 0.0843506 0
1001101000 0.0433655 0
1001101001 0.0164185 -3.14159
1001101010 0.0215454 0
1001101011 7.45654e-05 0
1001101100 0.0080719 0
1001101101 0.0495605 0
1001101110 0.029541 0
1001101111 0.0772705 0
1001110000 0.0351562 0
1001110001 0.0426331 -3.14159
1001110010 0.00482559 0
1001110011 0.00894928 0
1001110100 0.0294342 -3.14159
1001110101 0.0232544 0
1001110110 0.0611877 0
1001110111 0.0196381 -3.14159
1001111000 0.0167236 0
1001111001 0.0178986 -3.14159
1001111010 0.0368347 0
1001111011 0.0383301 -3.14159
1001111100 0.00689316 0
1001111101 0.00660324 -3.14159
1001111110 0.032196 -3.14159
1001111111 0.0162964 -3.14159
1010000000 0.0106735 -3.14159
1010000001 0.0152893 -3.14159
1010000010 0.0209808 -3.14159
1010000011 0.0298767 -3.14159
1010000100 0.0094986 -3.14159
1010000101 0.048645 0
1010000110 0.0282898 0
1010000111 0.0352478 -3.14159
1010001000 0.0149078 -3.14159
1010001001 0.0849609 0
1010001010 0.0445251 -3.14159
1010001011 0.0242004 0
1010001100 0.026474 0
1010001101 0.0103607 0
1010001110 0.0126495 -3.14159
1010001111 0.00418854 0
1010010000 0.0328064 0
1010010001 0.033783 -3.14159
1010010010 0.00805664 -3.14159
1010010011 0.00742722 -3.14159
1010010100 0.0170593 -3.14159
1010010101 0.00193119 -3.14159
1010010110 0.0236816 -3.14159
1010010111 0.0139389 0
1010011000 0.00848389 0
1010011001 0.0785522 0
1010011010 0.011467 0
1010011011 0.00169659 0
1010011100 0.0127487 -3.14159
1010011101 0.0233917 0
1010011110 0.00855255 0
1010011111 0.00998688 0
1010100000 0.0258331 -3.14159
1010100001 0.0174408 0
1010100010 0.0123444 -3.14159
1010100011 0.0343018 -3.14159
1010100100 0.0394287 -3.14159
1010100101 0.0344543 0
1010100110 0.0231934 0
1010100111 0.0316162 0
1010101000 0.0251923 -3.14159
1010101001 0.000861645 -3.14159
1010101010 0.0126419 0
1010101011 0.0961304 0
1010101100 0.0212402 0
1010101101 0.00338745 -3.14159
1010101110 0.0130081 -3.14159
1010101111 0.0337219 -3.14159
1010110000 0.0610657 0
1010110001 0.0462036 -3.14159
1010110010 0.0295258 -3.14159
1010110011 0.00844574 0
1010110100 0.0110474 0
1010110101 0.00871277 0
1010110110 0.00430298 -3.14159
1010110111 0.00430298 0
1010111000 6.77109e-05 -3.14159
1010111001 0.0231934 0
1010111010 0.0446472 -3.14159
1010111011 0.0181274 0
1010111100 0.0229034 -3.14159
1010111101 0.0245819 0
1010111110 0.0510864 -3.14159
1010111111 0.0401306 -3.14159
1011000000 0.00695038 0
1011000001 0.0171051 -3.14159
1011000010 0.00415802 0
1011000011 0.00375938 -3.14159
1011000100 0.0328369 0
1011000101 0.0404358 0
1011000110 0.0429382 -3.14159
1011000111 0.00472641 -3.14159
1011001000 0.0700073 -3.14159
1011001001 0.00429916 0
1011001010 0.00288773 0
1011001011 0.00696945 0
1011001100 0.0179901 0
1011001101 0.036499 0
1011001110 0.0150452 -3.14159
1011001111 0.0295868 -3.14159
1011010000 0.000666618 0
1011010001 0.0466614 -3.14159
1011010010 0.016571 0
1011010011 0.0219574 -3.14159
1011010100 0.00604248 -3.14159
1011010101 0.0667725 -3.14159
1011010110 0.0219269 -3.14159
1011010111 0.0530396 -3.14159
1011011000 0.00852203 -3.14159
1011011001 0.0234985 0
1011011010 0.0247345 -3.14159
1011011011 0.0135956 -3.14159
1011011100 0.0269623 -3.14159
1011011101 0.0265503 0
1011011110 0.041626 -3.14159
1011011111 0.027832 -3.14159
1011100000 0.0140762 0
1011100001 0.00779343 -3.14159
1011100010 0.0153961 0
1011100011 0.0543823 0
1011100100 0.0697021 0
1011100101 0.0145798 0
1011100110 0.0041008 0
1011100111 0.0241089 0
1011101000 0.0414429 0
1011101001 0.0268555 -3.14159
1011101010 0.00445175 0
1011101011 0.00359917 -3.14159
1011101100 0.0337524 0
1011101101 0.0139313 -3.14159
1011101110 0.0371399 0
1011101111 0.100708 0
1011110000 0.00258064 0
1011110001 0.0133057 -3.14159
1011110010 0.00608063 0
1011110011 0.00539017 -3.14159
1011110100 0.0174713 -3.14159
1011110101 0.0361938 0
1011110110 0.05896 -3.14159
1011110111 0.0296936 -3.14159
1011111000 0.0337524 0
1011111001 0.0410461 -3.14159
1011111010 0.0114517 0
1011111011 0.00999451 -3.14159
1011111100 0.0761719 0
1011111101 0.0205231 0
1011111110 0.0547791 0
1011111111 0.0168915 0
1100000000 0.0188751 -3.14159
1100000001 0.0384521 0
1100000010 0.0113678 -3.14159
1100000011 0.00279427 0
1100000100 0.0230865 -3.14159
1100000101 0.00813293 0
1100000110 0.00854492 0
1100000111 0.0174561 0
1100001000 0.0047226 -3.14159
1100001001 0.00915527 -3.14159
1100001010 0.00547409 0
1100001011 0.00153446 0
1100001100 0.00971222 0
1100001101 0.0117645 -3.14159
1100001110 0.0227356 0
1100001111 0.000253916 -3.14159
1100010000 0.0692139 0
1100010001 0.0192719 0
1100010010 0.00200081 0
1100010011 0.0643921 -3.14159
1100010100 0.00324631 0
1100010101 0.0519409 -3.14159
1100010110 0.0210114 -3.14159
1100010111 0.0422974 0
1100011000 0.0454407 -3.14159
1100011001 0.00336647 -3.14159
1100011010 0.00125599 -3.14159
1100011011 0.00668716 0
1100011100 0.00978851 -3.14159
1100011101 0.0166168 0
1100011110 0.0226593 -3.14159
1100011111 0.0265808 -3.14159
1100100000 0.0156403 0
1100100001 0.0456238 -3.14159
1100100010 0.0228882 0
1100100011 0.00741577 0
1100100100 0.027298 0
1100100101 0.0640259 -3.14159
1100100110 0.0150681 0
1100100111 0.00998688 0
1100101000 0.030777 -3.14159
1100101001 0.0227051 0
1100101010 0.0294189 0
1100101011 0.0476379 0
1100101100 0.0409851 -3.14159
1100101101 0.026947 -3.14159
1100101110 0.0769043 0
1100101111 0.00779724 -3.14159
1100110000 0.00936127 0
1100110001 0.0120468 -3.14159
1100110010 0.0578613 0
1100110011 0.0257568 -3.14159
1100110100 0.00546646 0
1100110101 0.000176072 -3.14159
1100110110 0.0563354 0
1100110111 0.0175171 0
1100111000 0.0275574 -3.14159
1100111001 0.0138397 0
1100111010 0.00910187 -3.14159
1100111011 0.0403748 -3.14159
1100111100 0.0317993 -3.14159
1100111101 0.0294037 -3.14159
1100111110 0.0158539 -3.14159
1100111111 0.0326538 -3.14159
1101000000 0.0747681 0
1101000001 0.0230865 -3.14159
1101000010 0.0200043 -3.14159
1101000011 0.0288696 -3.14159
1101000100 0.03479 0
1101000101 0.0520325 0
1101000110 0.0261993 0
1101000111 0.0199127 -3.14159
1101001000 0.0755615 0
1101001001 0.00769424 0
1101001010 0.0056076 -3.14159
1101001011 0.0147858 0
1101001100 0.00139809 -3.14159
1101001101 0.0305023 0
1101001110 0.0024128 -3.14159
1101001111 0.0112991 0
1101010000 0.00104523 -3.14159
1101010001 0.00124741 -3.14159
1101010010 0.0180206 0
1101010011 0.0576782 0
1101010100 0.00396729 -3.14159
1101010101 0.0207977 0
1101010110 0.0163422 0
1101010111 0.0326538 0
1101011000 0.00748825 -3.14159
1101011001 0.0181274 0
1101011010 0.0350647 0
1101011011 0.00579834 -3.14159
1101011100 0.0143738 0
1101011101 0.0188904 0
1101011110 0.0219116 -3.14159
1101011111 0.0447693 -3.14159
1101100000 0.014328 0
1101100001 0.0124969 -3.14159
1101100010 0.0454712 -3.14159
1101100011 0.0184174 0
1101100100 0.034729 -3.14159
1101100101 0.0312805 -3.14159
1101100110 0.0141754 -3.14159
1101100111 0.0159149 0
1101101000 0.0206451 0
1101101001 0.0220795 0
1101101010 0.0193024 0
1101101011 0.00676346 0
1101101100 0.0327759 -3.14159
1101101101 0.00516129 0
1101101110 0.0301819 0
1101101111 0.0428467 -3.14159
1101110000 0.0149002 -3.14159
1101110001 0.0408325 0
1101110010 0.0134811 -3.14159
1101110011 0.0422668 -3.14159
1101110100 0.0124359 -3.14159
1101110101 0.0263977 0
1101110110 0.026123 -3.14159
1101110111 0.0427246 -3.14159
1101111000 0.0597229 -3.14159
1101111001 0.00648117 0
1101111010 0.00760269 0
1101111011 0.0171051 -3.14159
1101111100 0.0206757 0
1101111101 0.0360107 -3.14159
1101111110 0.0201874 0
1101111111 0.0257263 -3.14159
1110000000 0.00573349 -3.14159
1110000001 0.00124454 -3.14159
1110000010 0.0666504 0
1110000011 0.0297852 -3.14159
1110000100 0.0288849 -3.14159
1110000101 0.0217896 0
1110000110 0.0334778 -3.14159
1110000111 0.0418091 0
1110001000 0.00147629 -3.14159
1110001001 0.00473404 0
1110001010 0.0153885 0
1110001011 0.0139771 0
1110001100 0.00881195 -3.14159
1110001101 0.0591736 0
1110001110 0.0275574 0
1110001111 0.0357666 0
1110010000 0.0131683 -3.14159
1110010001 0.0178223 0
1110010010 0.0104904 -3.14159
1110010011 0.045929 0
1110010100 0.0193481 -3.14159
1110010101 0.0336914 -3.14159
1110010110 0.0429993 0
1110010111 0.0326233 -3.14159
1110011000 0.00952911 0
1110011001 0.00155163 0
1110011010 0.00818634 0
1110011011 0.034668 -3.14159
1110011100 0.026474 0
1110011101 0.0151672 -3.14159
1110011110 0.0174255 -3.14159
1110011111 0.0740967 0
1110100000 0.0299072 0
1110100001 0.00869751 -3.14159
1110100010 0.042572 -3.14159
1110100011 0.00129509 0
1110100100 0.00735092 -3.14159
1110100101 0.0441284 0
1110100110 0.0361633 -3.14159
1110100111 0.0129242 0
1110101000 0.0108261 -3.14159
1110101001 0.0344238 0
1110101010 0.0273743 0
1110101011 0.00591278 0
1110101100 0.0327454 0
1110101101 0.000272989 -3.14159
1110101110 0.00912476 0
1110101111 0.00508499 0
1110110000 0.0386353 0
1110110001 0.0167999 -3.14159
1110110010 0.0247345 -3.14159
1110110011 0.0671387 -3.14159
1110110100 0.0102081 -3.14159
1110110101 0.0754395 -3.14159
1110110110 0.0195007 0
1110110111 0.0305786 -3.14159
1110111000 0.0214691 -3.14159
1110111001 0.110046 -3.14159
1110111010 0.0469666 -3.14159
1110111011 0.0265656 0
1110111100 0.0279388 -3.14159
1110111101 0.0113754 0
1110111110 0.00777435 -3.14159
1110111111 0.0411682 -3.14159
1111000000 0.0401306 0
1111000001 0.052948 -3.14159
1111000010 0.0538635 0
1111000011 0.0115967 -3.14159
1111000100 0.0423279 -3.14159
1111000101 0.0257874 -3.14159
1111000110 0.0367737 0
1111000111 0.0180359 -3.14159
1111001000 0.00497818 -3.14159
1111001001 0.0475159 -3.14159
1111001010 0.00540161 0
1111001011 0.0282593 0
1111001100 0.0247345 -3.14159
1111001101 0.0173035 -3.14159
1111001110 0.0109024 0
1111001111 0.0994873 0
1111010000 0.0047493 0
1111010001 0.0342102 -3.14159
1111010010 0.0090332 -3.14159
1111010011 0.0104828 0
1111010100 0.0145798 0
1111010101 0.00313187 -3.14159
1111010110 0.0172119 0
1111010111 0.0293884 0
1111011000 0.02034 0
1111011001 0.009758 -3.14159
1111011010 0.0452576 -3.14159
1111011011 0.0202332 0
1111011100 0.0101624 0
1111011101 0.0175781 -3.14159
1111011110 0.0211487 -3.14159
1111011111 0.0173187 -3.14159
1111100000 0.0312347 0
1111100001 0.0120544 -3.14159
1111100010 0.00333595 -3.14159
1111100011 0.0689697 -3.14159
1111100100 0.00506973 0
1111100101 0.0172119 -3.14159
1111100110 0.0544128 0
1111100111 0.00156403 0
1111101000 0.0105057 0
1111101001 0.0113754 0
1111101010 0.0481873 -3.14159
1111101011 0.0414734 -3.14159
1111101100 0.0761719 0
1111101101 0.0445557 -3.14159
1111101110 0.0461121 0
1111101111 0.0509949 0
1111110000 0.0369568 -3.14159
1111110001 0.0637817 0
1111110010 0.00874329 0
1111110011 0.032196 -3.14159
1111110100 0.0463257 -3.14159
1111110101 0.040802 0
1111110110 0.0577393 -3.14159
1111110111 0.0274658 0
1111111000 0.0615845 -3.14159
1111111001 0.0302429 -3.14159
1111111010 0.0212402 -3.14159
1111111011 0.0130997 -3.14159
1111111100 0.0228271 0
1111111101 0.0162354 0
1111111110 0.0355835 0
1111111111 0.0205994 0
