0000000000 0.025238 -3.14159
0000000001 0.00891113 -3.14159
0000000010 0.0153656 0
0000000011 0.00972748 0
0000000100 0.0225372 -3.14159
0000000101 0.0341187 0
0000000110 0.0140686 -3.14159
0000000111 0.0504761 -3.14159
0000001000 0.0109406 0
0000001001 0.0464783 0
0000001010 0.00717926 0
0000001011 0.0337219 -3.14159
0000001100 0.00352859 0
0000001101 0.0241394 -3.14159
0000001110 0.0248871 0
0000001111 0.00265121 -3.14159
0000010000 0.00708008 -3.14159
0000010001 0.0252686 0
0000010010 0.045105 -3.14159
0000010011 0.0288544 -3.14159
0000010100 0.0248718 -3.14159
0000010101 0.0691528 -3.14159
0000010110 0.0502014 -3.14159
0000010111 0.00156212 -3.14159
0000011000 0.0110016 -3.14159
0000011001 0.0100937 0
0000011010 9.39369e-05 -3.14159
0000011011 0.0444641 0
0000011100 0.0055275 0
0000011101 0.012413 -3.14159
0000011110 0.0633545 -3.14159
0000011111 0.06073 0
0000100000 0.0873413 -3.14159
0000100001 0.0237732 -3.14159
0000100010 0.0786133 -3.14159
0000100011 0.0152359 0
0000100100 0.0135345 -3.14159
0000100101 0.0191956 0
0000100110 0.0182648 0
0000100111 0.0037384 -3.14159
0000101000 0.0139084 0
0000101001 0.0583801 0
0000101010 0.020752 -3.14159
0000101011 0.0743408 0
0000101100 0.0317078 0
0000101101 0.01091 0
0000101110 0.00947571 -3.14159
0000101111 0.00862122 0
0000110000 0.0396729 0
0000110001 0.0102844 0
0000110010 0.015007 0
0000110011 0.010437 0
0000110100 0.0534973 -3.14159
0000110101 0.0179291 0
0000110110 0.0286407 0
0000110111 0.00264359 0
0000111000 0.0174561 0
0000111001 0.046814 -3.14159
0000111010 0.000607967 -3.14159
0000111011 0.00230217 0
0000111100 0.00254631 -3.14159
0000111101 0.0472412 0
0000111110 0.0157928 0
0000111111 0.00287819 0
0001000000 0.0120468 0
0001000001 0.0286407 -3.14159
0001000010 0.0382996 -3.14159
0001000011 0.0029583 0
0001000100 0.00330925 0
0001000101 0.0094986 0
0001000110 0.0072403 -3.14159
0001000111 0.00898743 0
0001001000 0.0747681 -3.14159
0001001001 0.00683212 -3.14159
0001001010 0.000193715 -3.14159
0001001011 0.0301514 -3.14159
0001001100 0.0123672 0
0001001101 0.0433044 -3.14159
0001001110 0.0225983 0
0001001111 0.0159912 0
0001010000 0.0376892 0
0001010001 9.0301e-05 0
0001010010 0.0784912 0
0001010011 0.00862885 -3.14159
0001010100 0.0300903 -3.14159
0001010101 0.0147171 0
0001010110 0.00712204 -3.14159
0001010111 0.0338135 -3.14159
0001011000 0.0495911 0
0001011001 0.0603638 0
0001011010 0.0150909 -3.14159
0001011011 0.0758057 -3.14159
0001011100 0.0337219 0
0001011101 1.93119e-05 0
0001011110 0.048584 -3.14159
0001011111 0.000371218 0
0001100000 0.0795288 -3.14159
0001100001 0.0140152 0
0001100010 0.0305176 -3.14159
0001100011 0.0155106 -3.14159
0001100100 0.0239105 0
0001100101 0.0310822 -3.14159
0001100110 0.0150452 0
0001100111 0.114746 0
0001101000 0.0208893 0
0001101001 0.00947571 0
0001101010 0.00716019 -3.14159
0001101011 0.00901031 -3.14159
0001101100 0.0323792 -3.14159
0001101101 0.00985718 -3.14159
0001101110 0.0493469 0
0001101111 0.020813 -3.14159
0001110000 0.057373 -3.14159
0001110001 0.0175323 0
0001110010 0.0376282 -3.14159
0001110011 0.0199127 0
0001110100 0.0136414 0
0001110101 0.0110168 -3.14159
0001110110 0.0332947 -3.14159
0001110111 0.0131836 -3.14159
0001111000 0.017807 -3.14159
0001111001 0.0190125 -3.14159
0001111010 0.00933838 -3.14159
0001111011 0.0265198 0
0001111100 0.0144119 -3.14159
0001111101 0.0553589 0
0001111110 0.000498772 0
0001111111 0.000252485 0
0010000000 0.004673 -3.14159
0010000001 0.0092926 0
0010000010 0.0203705 -3.14159
0010000011 0.0105896 -3.14159
0010000100 0.0297546 -3.14159
0010000101 0.00309944 0
0010000110 0.0249786 -3.14159
0010000111 0.0299835 -3.14159
0010001000 0.0086441 0
0010001001 0.0143814 -3.14159
0010001010 0.00909424 0
0010001011 0.019516 -3.14159
0010001100 0.00442886 -3.14159
0010001101 0.0234528 -3.14159
0010001110 0.0341797 0
0010001111 0.00132084 -3.14159
0010010000 0.0987549 -3.14159
0010010001 0.0269623 -3.14159
0010010010 0.0354004 -3.14159
0010010011 0.0225067 -3.14159
0010010100 0.0579529 -3.14159
0010010101 0.021759 -3.14159
0010010110 0.0366516 0
0010010111 0.0186462 0
0010011000 0.000401974 -3.14159
0010011001 0.0357361 -3.14159
0010011010 0.00679398 0
0010011011 0.0403748 0
0010011100 0.0126724 0
0010011101 0.0407104 0
0010011110 0.0224915 0
0010011111 0.0135574 -3.14159
0010100000 0.00915527 -3.14159
0010100001 0.0076561 -3.14159
0010100010 0.0551758 -3.14159
0010100011 0.0226593 -3.14159
0010100100 0.0119705 -3.14159
0010100101 0.00492477 -3.14159
0010100110 0.030838 0
0010100111 0.0681763 0
0010101000 0.00915527 0
0010101001 0.00434875 0
0010101010 0.0260162 -3.14159
0010101011 0.00200844 -3.14159
0010101100 0.0240479 -3.14159
0010101101 0.0671387 0
0010101110 0.0308685 0
0010101111 0.0246277 0
0010110000 0.00056982 -3.14159
0010110001 0.0127792 -3.14159
0010110010 0.0370178 0
0010110011 0.00889587 -3.14159
0010110100 0.0166168 0
0010110101 0.0275269 0
0010110110 0.0109253 -3.14159
0010110111 0.0218506 -3.14159
0010111000 0.0246887 0
0010111001 0.0117035 -3.14159
0010111010 0.0301819 -3.14159
0010111011 0.000704288 0
0010111100 0.0112915 -3.14159
0010111101 0.0149384 -3.14159
0010111110 0.00312233 0
0010111111 0.000648499 -3.14159
0011000000 0.000184417 0
0011000001 0.0201263 0
0011000010 0.0270081 0
0011000011 0.0148773 0
0011000100 0.00216103 -3.14159
0011000101 0.0131912 0
0011000110 0.00743103 -3.14159
0011000111 0.0122604 0
0011001000 0.0387573 0
0011001001 0.028717 0
0011001010 0.0605164 0
0011001011 0.0221252 -3.14159
0011001100 0.0113831 -3.14159
0011001101 0.0322876 -3.14159
0011001110 0.105286 0
0011001111 0.00111294 0
0011010000 0.00315857 -3.14159
0011010001 0.0349426 0
0011010010 0.0232544 -3.14159
0011010011 0.0265808 -3.14159
0011010100 0.0332336 -3.14159
0011010101 0.0223846 -3.14159
0011010110 0.0201721 -3.14159
0011010111 0.0106277 0
0011011000 0.00818634 -3.14159
0011011001 0.0104904 -3.14159
0011011010 0.00139618 -3.14159
0011011011 0.0276031 -3.14159
0011011100 0.0118408 0
0011011101 0.00110912 0
0011011110 0.0105286 0
0011011111 0.055603 0
0011100000 0.0322876 0
0011100001 0.00761032 -3.14159
0011100010 0.000519276 -3.14159
0011100011 0.00403595 0
0011100100 0.00330734 0
0011100101 0.0422363 0
0011100110 0.0269928 0
0011100111 0.0330811 0
0011101000 0.0473022 -3.14159
0011101001 0.00239944 0
0011101010 0.0167542 0
0011101011 0.0332336 0
0011101100 0.0030098 -3.14159
0011101101 0.0196686 -3.14159
0011101110 0.0239258 -3.14159
0011101111 0.0146942 0
0011110000 0.0243683 0
0011110001 0.0474548 0
0011110010 0.0124741 0
0011110011 0.028183 0
0011110100 0.0381775 -3.14159
0011110101 0.0189819 0
0011110110 0.053894 -3.14159
0011110111 0.033844 0
0011111000 0.0201569 0
0011111001 0.0209045 -3.14159
0011111010 0.00104523 0
0011111011 0.037262 -3.14159
0011111100 0.0141373 -3.14159
0011111101 0.0141449 -3.14159
0011111110 0.0426025 0
0011111111 0.0133972 -3.14159
0100000000 0.00746918 0
0100000001 0.00331116 -3.14159
0100000010 0.0013485 0
0100000011 0.0152283 0
0100000100 0.0649414 -3.14159
0100000101 0.0233917 0
0100000110 0.0789795 0
0100000111 0.0343628 -3.14159
0100001000 0.0106735 0
0100001001 0.024826 0
0100001010 0.00465012 0
0100001011 0.0163727 -3.14159
0100001100 0.0304718 0
0100001101 0.021286 -3.14159
0100001110 0.0223999 0
0100001111 0.00432205 0
0100010000 0.0308228 0
0100010001 0.0773926 -3.14159
0100010010 0.00616455 0
0100010011 0.0431213 0
0100010100 0.0675659 -3.14159
0100010101 0.0610352 -3.14159
0100010110 0.0392761 0
0100010111 0.0369873 -3.14159
0100011000 0.00226021 -3.14159
0100011001 0.0204468 0
0100011010 0.0157471 -3.14159
0100011011 0.0135117 0
0100011100 0.0151443 -3.14159
0100011101 0.0274963 -3.14159
0100011110 0.0345154 0
0100011111 0.00588608 -3.14159
0100100000 0.00660324 -3.14159
0100100001 0.0344238 0
0100100010 0.000383854 -3.14159
0100100011 0.0233612 0
0100100100 0.0139618 0
0100100101 0.0107803 -3.14159
0100100110 0.105042 0
0100100111 0.0182495 -3.14159
0100101000 0.0224304 0
0100101001 0.0335083 -3.14159
0100101010 0.00775909 0
0100101011 0.030014 0
0100101100 0.0344543 -3.14159
0100101101 0.00426483 -3.14159
0100101110 0.0102005 -3.14159
0100101111 0.0262604 0
0100110000 0.0301208 0
0100110001 0.00676346 0
0100110010 0.0278015 0
0100110011 0.0462646 -3.14159
0100110100 0.0305023 0
0100110101 0.000394344 0
0100110110 0.0162964 0
0100110111 0.0402527 0
0100111000 0.00536346 -3.14159
0100111001 0.00540161 0
0100111010 0.019043 0
0100111011 0.00667191 0
0100111100 0.0151672 -3.14159
0100111101 0.0127106 0
0100111110 0.0210266 0
0100111111 0.00685501 0
0101000000 0.0111389 0
0101000001 0.0138245 -3.14159
0101000010 0.0383911 -3.14159
0101000011 0.0308075 -3.14159
0101000100 0.038208 0
0101000101 0.065918 0
0101000110 0.000120401 -3.14159
0101000111 0.0328369 0
0101001000 0.0131073 -3.14159
0101001001 0.0609436 -3.14159
0101001010 0.0256805 0
0101001011 0.00980377 0
0101001100 0.0230408 -3.14159
0101001101 0.00733185 0
0101001110 0.0036602 -3.14159
0101001111 0.026001 0
0101010000 0.00756454 0
0101010001 0.01371 0
0101010010 0.0264587 -3.14159
0101010011 0.0177002 -3.14159
0101010100 0.00154972 -3.14159
0101010101 0.00310898 0
0101010110 0.0121689 -3.14159
0101010111 0.0325317 0
0101011000 0.0125809 0
0101011001 0.0179138 0
0101011010 0.0271149 0
0101011011 0.00758743 -3.14159
0101011100 0.00725555 -3.14159
0101011101 0.00662994 -3.14159
0101011110 0.0506897 -3.14159
0101011111 0.0152206 0
0101100000 0.0379639 -3.14159
0101100001 0.0067215 -3.14159
0101100010 0.000565052 -3.14159
0101100011 0.0155411 -3.14159
0101100100 0.0155487 -3.14159
0101100101 0.0171051 0
0101100110 0.0427246 -3.14159
0101100111 0.0148468 0
0101101000 0.00144577 -3.14159
0101101001 0.0171509 -3.14159
0101101010 0.0665283 -3.14159
0101101011 0.0232849 -3.14159
0101101100 0.00698853 0
0101101101 0.0310974 0
0101101110 0.0092926 -3.14159
0101101111 0.0363159 -3.14159
0101110000 0.0279541 0
0101110001 0.0437012 -3.14159
0101110010 0.0376587 -3.14159
0101110011 0.0392456 0
0101110100 0.0101242 -3.14159
0101110101 0.0180969 -3.14159
0101110110 0.00239944 -3.14159
0101110111 0.0082016 0
0101111000 0.026886 -3.14159
0101111001 0.00787354 0
0101111010 0.00576019 0
0101111011 0.0148239 -3.14159
0101111100 0.00327682 -3.14159
0101111101 0.00150871 -3.14159
0101111110 0.0214233 0
0101111111 0.0403137 0
0110000000 0.0383301 -3.14159
0110000001 0.0389099 -3.14159
0110000010 0.0029335 -3.14159
0110000011 0.038208 0
0110000100 0.0394287 -3.14159
0110000101 0.0146179 0
0110000110 0.011467 -3.14159
0110000111 0.0818481 -3.14159
0110001000 0.00208855 0
0110001001 0.0284729 0
0110001010 0.0289154 0
0110001011 0.0478821 -3.14159
0110001100 0.021637 0
0110001101 0.055481 -3.14159
0110001110 0.0160828 -3.14159
0110001111 0.051178 0
0110010000 0.0269165 0
0110010001 0.00376701 -3.14159
0110010010 0.0101852 0
0110010011 0.00990295 0
0110010100 0.0302277 -3.14159
0110010101 0.0709229 -3.14159
0110010110 0.0186005 0
0110010111 0.00199318 0
0110011000 0.00745773 -3.14159
0110011001 0.11145 -3.14159
0110011010 0.00533295 0
0110011011 0.0123825 -3.14159
0110011100 0.0115128 0
0110011101 0.00456619 -3.14159
0110011110 0.0172882 -3.14159
0110011111 0.0363464 0
0110100000 0.0221863 0
0110100001 0.0140152 -3.14159
0110100010 0.0301514 0
0110100011 0.0281219 0
0110100100 0.00363541 0
0110100101 0.0932007 0
0110100110 0.0237274 0
0110100111 0.0696411 0
0110101000 0.009552 0
0110101001 0.0232391 0
0110101010 0.0262146 0
0110101011 0.0575256 0
0110101100 0.0552063 -3.14159
0110101101 0.0119934 0
0110101110 0.0351868 0
0110101111 0.0174713 -3.14159
0110110000 0.0112686 -3.14159
0110110001 0.0584412 0
0110110010 0.0133743 0
0110110011 0.014679 0
0110110100 0.0175934 0
0110110101 0.0654297 0
0110110110 0.00492477 0
0110110111 0.0316772 -3.14159
0110111000 0.0820923 -3.14159
0110111001 0.00914001 0
0110111010 0.0070076 -3.14159
0110111011 0.106689 0
0110111100 0.0287628 -3.14159
0110111101 0.0511475 -3.14159
0110111110 0.0205994 0
0110111111 0.0202942 0
0111000000 0.00391006 0
0111000001 0.0118408 -3.14159
0111000010 0.0515442 0
0111000011 0.0263062 -3.14159
0111000100 0.030014 0
0111000101 0.0704956 -3.14159
0111000110 0.0264587 0
0111000111 0.0328674 -3.14159
0111001000 0.042572 0
0111001001 0.0104828 -3.14159
0111001010 0.036377 0
0111001011 0.00926971 0
0111001100 0.0082016 -3.14159
0111001101 0.0703125 -3.14159
0111001110 0.00414658 0
0111001111 0.0252686 0
0111010000 0.0138702 -3.14159
0111010001 0.0169678 -3.14159
0111010010 0.0689087 0
0111010011 0.0365601 0
0111010100 0.0606689 -3.14159
0111010101 0.0261078 0
0111010110 0.0893555 0
0111010111 0.00391006 0
0111011000 0.000667095 0
0111011001 0.00997162 -3.14159
0111011010 0.0187378 0
0111011011 0.0105362 -3.14159
0111011100 0.0209045 0
0111011101 0.00453186 0
0111011110 0.0521851 -3.14159
0111011111 4.52399e-05 -3.14159
0111100000 0.0402527 0
0111100001 0.0056076 -3.14159
0111100010 0.0120697 0
0111100011 0.00075388 0
0111100100 0.00597763 -3.14159
0111100101 0.0588684 0
0111100110 0.0132675 -3.14159
0111100111 0.000246048 0
0111101000 0.0286102 -3.14159
0111101001 0.0241394 0
0111101010 0.0231781 0
0111101011 0.00964355 0
0111101100 0.0144348 0
0111101101 0.0440063 -3.14159
0111101110 0.0394897 0
0111101111 0.032135 0
0111110000 0.0094223 -3.14159
0111110001 0.0294037 0
0111110010 0.0228119 -3.14159
0111110011 0.00371933 0
0111110100 0.00540924 -3.14159
0111110101 0.0347595 -3.14159
0111110110 0.0100174 -3.14159
0111110111 0.00528336 0
0111111000 0.0144043 0
0111111001 0.06427 0
0111111010 0.0467834 -3.14159
0111111011 0.0525513 -3.14159
0111111100 0.0108032 -3.14159
0111111101 0.0155106 0
0111111110 0.0273285 -3.14159
0111111111 0.0140686 -3.14159
1000000000 0.0112152 -3.14159
1000000001 0.0180664 -3.14159
1000000010 0.00217056 0
1000000011 0.0119324 0
1000000100 0.0606689 0
1000000101 0.0197449 -3.14159
1000000110 0.00542068 -3.14159
1000000111 8.24332e-05 -3.14159
1000001000 0.00682068 0
1000001001 0.00666809 -3.14159
1000001010 0.019455 -3.14159
1000001011 0.00995636 -3.14159
1000001100 0.0332642 -3.14159
1000001101 0.0419922 -3.14159
1000001110 0.00366211 0
1000001111 0.00425339 -3.14159
1000010000 0.00628281 0
1000010001 0.00561523 0
1000010010 0.00273323 0
1000010011 0.0371704 -3.14159
1000010100 0.0455933 0
1000010101 0.000393867 -3.14159
1000010110 0.00348091 0
1000010111 0.0267029 0
1000011000 0.0355225 0
1000011001 0.0147018 -3.14159
1000011010 0.0430603 0
1000011011 0.00688171 0
1000011100 0.0104828 0
1000011101 0.0267487 0
1000011110 0.0175629 0
1000011111 0.00640488 -3.14159
1000100000 0.0231171 -3.14159
1000100001 0.00861359 0
1000100010 0.0105209 0
1000100011 0.00969696 0
1000100100 0.0328064 -3.14159
1000100101 0.0196075 -3.14159
1000100110 0.0259857 -3.14159
1000100111 0.0204163 -3.14159
1000101000 0.0139084 -3.14159
1000101001 0.0368652 0
1000101010 0.0133896 0
1000101011 0.00524139 -3.14159
1000101100 0.028244 -3.14159
1000101101 0.0319214 -3.14159
1000101110 0.0467834 -3.14159
1000101111 0.00056982 0
1000110000 0.0328674 -3.14159
1000110001 0.00217438 0
1000110010 0.0212402 0
1000110011 0.00803375 0
1000110100 0.0235138 -3.14159
1000110101 0.000579834 0
1000110110 0.0192108 0
1000110111 0.0205994 0
1000111000 0.0411377 -3.14159
1000111001 0.0146942 0
1000111010 0.0196075 -3.14159
1000111011 0.00074482 -3.14159
1000111100 0.0158691 0
1000111101 0.0203094 0
1000111110 0.00823212 0
1000111111 0.00729752 -3.14159
1001000000 0.0124969 -3.14159
1001000001 0.00644684 -3.14159
1001000010 0.00769043 0
1001000011 0.0109177 0
1001000100 0.00827026 -3.14159
1001000101 0.00872803 -3.14159
1001000110 0.017746 0
1001000111 0.0308075 -3.14159
1001001000 0.0572205 0
1001001001 0.0110321 0
1001001010 0.0280762 0
1001001011 0.000548363 0
1001001100 0.0326538 0
1001001101 0.00249481 0
1001001110 0.0154877 0
1001001111 0.017334 -3.14159
1001010000 0.0352478 0
1001010001 0.015358 0
1001010010 0.00932312 -3.14159
1001010011 0.0434875 -3.14159
1001010100 0.00902557 0
1001010101 0.0146942 -3.14159
1001010110 0.00543213 -3.14159
1001010111 0.0203857 0
1001011000 0.0214996 -3.14159
1001011001 0.00197029 0
1001011010 0.00208282 -3.14159
1001011011 0.0105896 -3.14159
1001011100 0.0233459 0
1001011101 0.0222321 0
1001011110 0.00892639 0
1001011111 0.00332451 -3.14159
1001100000 0.0270081 -3.14159
1001100001 0.00760269 0
1001100010 0.0233307 -3.14159
1001100011 0.00299263 0
1001100100 0.028244 -3.14159
1001100101 0.0251465 0
1001100110 0.0156555 -3.14159
1001100111 0.0991211 0
1001101000 0.00260544 -3.14159
1001101001 0.0250397 -3.14159
1001101010 0.0297546 0
1001101011 0.0223999 -3.14159
1001101100 0.00664139 0
1001101101 0.0674438 0
1001101110 0.00641632 0
1001101111 0.0626831 0
1001110000 0.0154572 0
1001110001 0.0284271 -3.14159
1001110010 0.0128403 -3.14159
1001110011 0.0275879 0
1001110100 0.00542831 -3.14159
1001110101 0.0506897 0
1001110110 0.0125504 0
1001110111 0.00839996 0
1001111000 0.0110092 0
1001111001 0.0233459 0
1001111010 0.00562286 -3.14159
1001111011 0.0301819 -3.14159
1001111100 0.00746918 0
1001111101 0.0319214 -3.14159
1001111110 0.0174866 -3.14159
1001111111 0.00985718 -3.14159
1010000000 0.00116348 0
1010000001 0.020813 -3.14159
1010000010 0.0272217 -3.14159
1010000011 0.0182648 -3.14159
1010000100 0.00816345 -3.14159
1010000101 0.0580139 0
1010000110 0.045166 0
1010000111 0.0535889 -3.14159
1010001000 0.0330505 -3.14159
1010001001 0.0435791 0
1010001010 0.041687 -3.14159
1010001011 0.0381165 0
1010001100 0.00769424 0
1010001101 0.0229187 0
1010001110 0.0188446 -3.14159
1010001111 0.0111389 -3.14159
1010010000 0.0270538 0
1010010001 0.00108528 -3.14159
1010010010 0.0700073 -3.14159
1010010011 0.0106583 -3.14159
1010010100 0.0480957 -3.14159
1010010101 0.00643539 -3.14159
1010010110 0.0193634 -3.14159
1010010111 0.0300903 0
1010011000 0.0140381 0
1010011001 0.0286407 0
1010011010 0.000245094 -3.14159
1010011011 0.00894928 -3.14159
1010011100 0.0219269 -3.14159
1010011101 0.0497742 0
1010011110 0.0592957 0
1010011111 0.00194073 0
1010100000 0.00437927 -3.14159
1010100001 0.00534439 0
1010100010 0.0335999 -3.14159
1010100011 0.0426331 -3.14159
1010100100 0.000839233 -3.14159
1010100101 0.0178986 0
1010100110 0.0526428 0
1010100111 0.0294037 0
1010101000 0.00169468 -3.14159
1010101001 0.00786591 0
1010101010 0.0271606 0
1010101011 0.13147 0
1010101100 0.02211 0
1010101101 0.00337791 0
1010101110 0.00627136 -3.14159
1010101111 0.00591278 -3.14159
1010110000 0.0474243 0
1010110001 0.0561218 -3.14159
1010110010 0.0231781 -3.14159
1010110011 0.033783 0
1010110100 0.0141678 -3.14159
1010110101 0.00526428 0
1010110110 0.023468 -3.14159
1010110111 0.0209961 -3.14159
1010111000 0.0230408 0
1010111001 0.00583649 0
1010111010 0.0264893 -3.14159
1010111011 0.0151672 -3.14159
1010111100 0.0295105 -3.14159
1010111101 0.0455017 0
1010111110 0.00155926 0
1010111111 0.0391846 -3.14159
1011000000 0.0220795 0
1011000001 0.0270691 -3.14159
1011000010 0.0136261 0
1011000011 0.0153503 0
1011000100 0.00607681 -3.14159
1011000101 0.0201721 0
1011000110 0.00972748 -3.14159
1011000111 0.0185394 -3.14159
1011001000 0.06604 -3.14159
1011001001 0.00486374 0
1011001010 0.0130234 0
1011001011 0.00762558 -3.14159
1011001100 0.0393677 0
1011001101 0.00957489 0
1011001110 0.0367126 -3.14159
1011001111 0.00644302 0
1011010000 0.0132904 -3.14159
1011010001 0.0429382 -3.14159
1011010010 0.00304604 0
1011010011 0.0014534 0
1011010100 0.00709152 -3.14159
1011010101 0.067749 -3.14159
1011010110 0.0228729 -3.14159
1011010111 0.0340576 -3.14159
1011011000 0.0131531 0
1011011001 0.0111618 0
1011011010 0.00828552 -3.14159
1011011011 0.020874 -3.14159
1011011100 0.00167561 -3.14159
1011011101 0.0278625 0
1011011110 0.0352783 -3.14159
1011011111 0.0266724 -3.14159
1011100000 0.0166168 0
1011100001 0.00377274 0
1011100010 0.00463867 -3.14159
1011100011 0.074646 0
1011100100 0.0336914 0
1011100101 0.0172577 0
1011100110 0.00621796 0
1011100111 0.0249786 0
1011101000 0.060791 0
1011101001 0.0287628 -3.14159
1011101010 0.0192566 -3.14159
1011101011 0.0141602 -3.14159
1011101100 0.0331421 0
1011101101 0.015358 0
1011101110 0.0453796 0
1011101111 0.119873 0
1011110000 0.0187988 0
1011110001 0.0119095 0
1011110010 0.0174408 0
1011110011 0.0144043 -3.14159
1011110100 0.0070076 -3.14159
1011110101 0.0205688 0
1011110110 0.0689087 -3.14159
1011110111 0.0376282 -3.14159
1011111000 0.0177917 0
1011111001 0.0155411 -3.14159
1011111010 0.000751495 -3.14159
1011111011 0.0317993 0
1011111100 0.0569763 0
1011111101 0.028656 0
1011111110 0.074707 0
1011111111 0.0246582 0
1100000000 0.0255585 -3.14159
1100000001 0.0154877 0
1100000010 0.019928 0
1100000011 0.0304108 -3.14159
1100000100 0.0362549 -3.14159
1100000101 0.0105743 -3.14159
1100000110 0.00524139 -3.14159
1100000111 0.00240517 -3.14159
1100001000 0.0135574 0
1100001001 0.0152283 0
1100001010 0.0108719 0
1100001011 0.0104523 0
1100001100 0.00751114 0
1100001101 0.00360107 -3.14159
1100001110 0.0259857 0
1100001111 0.0130539 0
1100010000 0.0689087 0
1100010001 0.0130997 -3.14159
1100010010 0.00130558 0
1100010011 0.0693359 -3.14159
1100010100 0.0161743 -3.14159
1100010101 0.0376587 -3.14159
1100010110 0.00094986 0
1100010111 0.0492554 0
1100011000 0.0243378 -3.14159
1100011001 0.0229187 -3.14159
1100011010 0.000656128 0
1100011011 0.0541382 0
1100011100 0.0192413 -3.14159
1100011101 0.0379944 0
1100011110 0.00671387 -3.14159
1100011111 0.0309753 -3.14159
1100100000 0.0326843 0
1100100001 0.0340271 -3.14159
1100100010 0.0185547 -3.14159
1100100011 0.0166931 0
1100100100 0.00850677 0
1100100101 0.0509644 -3.14159
1100100110 0.00583649 0
1100100111 0.00196075 -3.14159
1100101000 0.0183716 -3.14159
1100101001 0.0196228 0
1100101010 0.00772858 0
1100101011 0.054657 0
1100101100 0.0294952 -3.14159
1100101101 0.0250549 -3.14159
1100101110 0.0912476 0
1100101111 0.0157928 0
1100110000 0.0030632 0
1100110001 0.0435486 -3.14159
1100110010 0.0306702 0
1100110011 0.00646973 0
1100110100 0.039093 0
1100110101 0.0289307 -3.14159
1100110110 0.0216827 0
1100110111 0.0252991 0
1100111000 0.0177765 0
1100111001 0.00992584 0
1100111010 0.00287247 0
1100111011 0.04245 -3.14159
1100111100 0.0381775 -3.14159
1100111101 0.0119934 -3.14159
1100111110 0.0307617 -3.14159
1100111111 0.025528 -3.14159
1101000000 0.058136 0
1101000001 0.018631 -3.14159
1101000010 0.0115128 -3.14159
1101000011 0.0202942 -3.14159
1101000100 0.0387573 0
1101000101 0.0551758 0
1101000110 0.0220795 0
1101000111 0.00614548 0
1101001000 0.0513916 0
1101001001 0.00450516 -3.14159
1101001010 0.00613785 -3.14159
1101001011 0.0103378 0
1101001100 0.0180664 0
1101001101 0.0217285 0
1101001110 0.00471497 -3.14159
1101001111 0.00374222 0
1101010000 0.0136566 0
1101010001 0.00836182 0
1101010010 0.016571 0
1101010011 0.0451965 0
1101010100 0.0137177 0
1101010101 0.0186615 0
1101010110 0.0438538 0
1101010111 0.027359 0
1101011000 0.00952911 -3.14159
1101011001 0.0139618 -3.14159
1101011010 0.0522156 0
1101011011 0.000346661 0
1101011100 0.00454712 -3.14159
1101011101 0.0301819 0
1101011110 0.0335083 -3.14159
1101011111 0.0517883 -3.14159
1101100000 0.0249329 0
1101100001 0.00965118 -3.14159
1101100010 0.00111103 0
1101100011 0.0340881 0
1101100100 0.0270081 -3.14159
1101100101 0.0240173 -3.14159
1101100110 0.0307312 -3.14159
1101100111 0.0200653 0
1101101000 0.0395813 0
1101101001 0.00757599 0
1101101010 0.0484619 0
1101101011 0.0167999 0
1101101100 0.00378036 0
1101101101 0.0214386 0
1101101110 0.025589 0
1101101111 0.0770874 -3.14159
1101110000 0.0254822 -3.14159
1101110001 0.0333252 0
1101110010 0.00408936 -3.14159
1101110011 0.0370178 -3.14159
1101110100 0.018219 -3.14159
1101110101 0.0330811 0
1101110110 0.0237122 -3.14159
1101110111 0.0353699 -3.14159
1101111000 0.0344543 -3.14159
1101111001 0.000695229 0
1101111010 0.0124741 -3.14159
1101111011 0.022644 -3.14159
1101111100 0.0646973 0
1101111101 0.0186005 -3.14159
1101111110 0.00289917 -3.14159
1101111111 0.00579453 -3.14159
1110000000 0.0065918 -3.14159
1110000001 0.0244751 0
1110000010 0.0831299 0
1110000011 0.00346184 0
1110000100 0.024292 -3.14159
1110000101 0.0173187 0
1110000110 0.0319519 -3.14159
1110000111 0.0488281 0
1110001000 0.0122757 0
1110001001 0.000901699 -3.14159
1110001010 0.0241241 0
1110001011 0.0240326 -3.14159
1110001100 0.00449371 0
1110001101 0.0714722 0
1110001110 0.0189056 0
1110001111 0.00323868 -3.14159
1110010000 0.0171356 -3.14159
1110010001 0.0107803 0
1110010010 0.00617981 -3.14159
1110010011 0.0380249 0
1110010100 0.045929 -3.14159
1110010101 0.0206604 -3.14159
1110010110 0.0456543 0
1110010111 0.0201874 -3.14159
1110011000 0.00327682 -3.14159
1110011001 0.046814 -3.14159
1110011010 0.0124435 0
1110011011 0.041626 -3.14159
1110011100 0.046051 0
1110011101 0.0071106 -3.14159
1110011110 0.00616455 -3.14159
1110011111 0.0460205 0
1110100000 0.0121536 0
1110100001 0.00997925 0
1110100010 0.0599365 -3.14159
1110100011 0.00425339 0
1110100100 0.0022831 0
1110100101 0.0523071 0
1110100110 0.012764 -3.14159
1110100111 0.0161438 0
1110101000 0.00335693 -3.14159
1110101001 0.00141811 0
1110101010 0.0208588 0
1110101011 0.0299377 0
1110101100 0.0073204 0
1110101101 0.0325623 0
1110101110 0.0161438 0
1110101111 0.000183225 0
1110110000 0.00590515 0
1110110001 0.0143814 -3.14159
1110110010 0.0295105 -3.14159
1110110011 0.076416 -3.14159
1110110100 0.000757694 -3.14159
1110110101 0.0453186 -3.14159
1110110110 0.00895691 0
1110110111 0.00495911 -3.14159
1110111000 0.0169373 0
1110111001 0.0548401 -3.14159
1110111010 0.0455933 -3.14159
1110111011 0.00268364 -3.14159
1110111100 0.0214081 -3.14159
1110111101 0.0222931 0
1110111110 0.0192413 -3.14159
1110111111 0.028717 -3.14159
1111000000 0.0122375 0
1111000001 0.0211792 -3.14159
1111000010 0.0349731 0
1111000011 0.00886536 -3.14159
1111000100 0.0267487 -3.14159
1111000101 0.0177917 -3.14159
1111000110 0.00409317 -3.14159
1111000111 0.0145874 0
1111001000 0.000190377 0
1111001001 0.00850677 0
1111001010 0.00319672 0
1111001011 0.0606689 0
1111001100 0.0278015 -3.14159
1111001101 0.0215149 -3.14159
1111001110 0.0138397 0
1111001111 0.0823975 0
1111010000 0.00920105 0
1111010001 0.0277863 -3.14159
1111010010 0.0157166 -3.14159
1111010011 0.00452042 0
1111010100 0.0176544 0
1111010101 0.00336266 0
1111010110 0.0394897 0
1111010111 0.00182152 -3.14159
1111011000 0.0445862 0
1111011001 0.0193481 -3.14159
1111011010 0.0523987 -3.14159
1111011011 0.0208588 0
1111011100 0.00769043 0
1111011101 0.0332642 -3.14159
1111011110 0.00667572 0
1111011111 0.0170593 -3.14159
1111100000 0.024353 0
1111100001 0.0206451 -3.14159
1111100010 0.00733948 0
1111100011 0.0640869 -3.14159
1111100100 0.0130005 0
1111100101 0.0119858 -3.14159
1111100110 0.030304 0
1111100111 0.00830841 0
1111101000 0.016449 -3.14159
1111101001 0.0127258 0
1111101010 0.0205536 -3.14159
1111101011 0.0522156 -3.14159
1111101100 0.0882568 0
1111101101 0.0258026 -3.14159
1111101110 0.0621643 0
1111101111 0.0453186 0
1111110000 0.0426636 -3.14159
1111110001 0.0449219 0
1111110010 0.0400085 -3.14159
1111110011 0.040802 -3.14159
1111110100 0.0422974 -3.14159
1111110101 0.0125122 -3.14159
1111110110 0.0580139 -3.14159
1111110111 0.0105896 0
1111111000 0.0310974 -3.14159
1111111001 0.0750732 -3.14159
1111111010 0.0252533 -3.14159
1111111011 0.00881195 0
1111111100 0.0230408 0
1111111101 0.0318909 0
1111111110 0.0557861 0
1111111111 0.0231781 0
