0000000000 0.00743866 0
0000000001 0.050293 0
0000000010 0.0330505 0
0000000011 0.0066185 -3.14159
0000000100 0.0444031 -3.14159
0000000101 0.0169067 0
0000000110 0.0164032 -3.14159
0000000111 0.031189 -3.14159
0000001000 0.0052948 -3.14159
0000001001 0.00818634 -3.14159
0000001010 0.00291443 -3.14159
0000001011 0.0218658 -3.14159
0000001100 0.00278282 -3.14159
0000001101 0.0327454 -3.14159
0000001110 0.0319824 0
0000001111 0.00113297 -3.14159
0000010000 0.0456543 0
0000010001 0.0169525 -3.14159
0000010010 0.0250244 -3.14159
0000010011 0.00124359 0
0000010100 0.026413 -3.14159
0000010101 0.0360718 -3.14159
0000010110 0.0202942 -3.14159
0000010111 0.0117569 -3.14159
0000011000 0.028244 -3.14159
0000011001 0.0141144 0
0000011010 0.00514603 -3.14159
0000011011 0.017395 0
0000011100 0.00450897 -3.14159
0000011101 0.00947571 0
0000011110 0.0480957 -3.14159
0000011111 0.0704346 0
0000100000 0.0671997 -3.14159
0000100001 0.0166321 -3.14159
0000100010 0.062439 -3.14159
0000100011 0.0411682 0
0000100100 0.0238342 -3.14159
0000100101 0.0201874 0
0000100110 0.0248413 0
0000100111 0.0222473 0
0000101000 0.00056839 -3.14159
0000101001 3.55244e-05 -3.14159
0000101010 0.00687408 -3.14159
0000101011 0.0881958 0
0000101100 0.0197144 0
0000101101 0.0162201 -3.14159
0000101110 0.0111694 -3.14159
0000101111 0.0187378 0
0000110000 0.0138397 0
0000110001 0.00235176 -3.14159
0000110010 0.025528 0
0000110011 0.023407 0
0000110100 0.0523987 -3.14159
0000110101 0.0179138 0
0000110110 0.02948 0
0000110111 0.00400543 -3.14159
0000111000 0.00414276 0
0000111001 0.0221558 -3.14159
0000111010 0.0230255 -3.14159
0000111011 0.00817108 -3.14159
0000111100 0.0121155 -3.14159
0000111101 0.0290222 0
0000111110 0.0333862 -3.14159
0000111111 0.0102539 -3.14159
0001000000 0.036377 0
0001000001 0.0384521 -3.14159
0001000010 0.0455933 -3.14159
0001000011 0.00490952 -3.14159
0001000100 0.00804138 -3.14159
0001000101 0.00942993 0
0001000110 0.0185394 0
0001000111 0.0177307 -3.14159
0001001000 0.097168 -3.14159
0001001001 0.0112686 -3.14159
0001001010 0.0270081 -3.14159
0001001011 0.013504 -3.14159
0001001100 0.0113373 0
0001001101 0.0425415 -3.14159
0001001110 0.0222931 0
0001001111 0.0239563 0
0001010000 0.0223083 0
0001010001 0.0119705 -3.14159
0001010010 0.0714722 0
0001010011 0.000182748 0
0001010100 8.15392e-05 -3.14159
0001010101 0.00757217 -3.14159
0001010110 0.00708389 -3.14159
0001010111 0.0435486 -3.14159
0001011000 0.0150833 0
0001011001 0.0138474 0
0001011010 0.00145054 -3.14159
0001011011 0.0647583 -3.14159
0001011100 0.0397644 0
0001011101 0.0144806 -3.14159
0001011110 0.0260468 -3.14159
0001011111 0.0104523 -3.14159
0001100000 0.053833 -3.14159
0001100001 0.0166779 0
0001100010 0.0487061 -3.14159
0001100011 0.019928 -3.14159
0001100100 0.0157928 0
0001100101 0.0189972 0
0001100110 0.00875092 -3.14159
0001100111 0.0853882 0
0001101000 0.0336609 0
0001101001 0.00590134 -3.14159
0001101010 0.0181122 -3.14159
0001101011 0.0349121 -3.14159
0001101100 0.0288239 -3.14159
0001101101 0.0473938 -3.14159
0001101110 0.04776 0
0001101111 0.0106125 0
0001110000 0.0388794 -3.14159
0001110001 0.0154114 0
0001110010 0.027298 -3.14159
0001110011 0.0182037 0
0001110100 0.00337601 -3.14159
0001110101 0.00156689 -3.14159
0001110110 0.0273438 -3.14159
0001110111 0.00930023 -3.14159
0001111000 0.00528336 0
0001111001 0.0395508 -3.14159
0001111010 0.0297546 0
0001111011 0.0254059 0
0001111100 0.0358276 -3.14159
0001111101 0.0440979 0
0001111110 0.00572586 0
0001111111 0.0346069 0
0010000000 0.0126038 0
0010000001 0.0144119 0
0010000010 0.00253296 0
0010000011 0.0123901 -3.14159
0010000100 0.0458069 -3.14159
0010000101 0.0317078 -3.14159
0010000110 0.020462 -3.14159
0010000111 0.0911865 -3.14159
0010001000 0.0291443 -3.14159
0010001001 0.00352287 0
0010001010 0.0144424 -3.14159
0010001011 0.0267181 -3.14159
0010001100 0.0231018 -3.14159
0010001101 0.0287933 -3.14159
0010001110 0.0155563 0
0010001111 0.00595856 -3.14159
0010010000 0.0705566 -3.14159
0010010001 0.0273438 -3.14159
0010010010 0.0230255 -3.14159
0010010011 0.019043 -3.14159
0010010100 0.0341187 -3.14159
0010010101 0.0224152 -3.14159
0010010110 0.0146942 0
0010010111 0.00473785 0
0010011000 0.0324402 0
0010011001 0.0549927 -3.14159
0010011010 0.00642395 0
0010011011 0.0401917 0
0010011100 0.017334 0
0010011101 0.0491638 0
0010011110 0.0134506 -3.14159
0010011111 0.0158539 0
0010100000 0.0214844 -3.14159
0010100001 0.00541306 0
0010100010 0.0799561 -3.14159
0010100011 0.00990295 -3.14159
0010100100 0.0194244 -3.14159
0010100101 0.0192108 -3.14159
0010100110 0.0220947 0
0010100111 0.0101852 0
0010101000 0.00839996 0
0010101001 0.0051918 -3.14159
0010101010 0.0320435 -3.14159
0010101011 0.0204773 -3.14159
0010101100 0.0418091 -3.14159
0010101101 0.0474243 0
0010101110 0.0093689 -3.14159
0010101111 0.00239372 0
0010110000 0.000343084 0
0010110001 0.0157318 -3.14159
0010110010 0.014473 0
0010110011 0.016037 -3.14159
0010110100 0.00699615 0
0010110101 0.00357056 0
0010110110 0.0252686 0
0010110111 0.00136471 0
0010111000 0.00549316 0
0010111001 0.00170326 0
0010111010 0.0110016 -3.14159
0010111011 0.0438843 0
0010111100 0.0227814 -3.14159
0010111101 0.0230713 -3.14159
0010111110 0.0288849 0
0010111111 0.00161362 -3.14159
0011000000 0.0389709 -3.14159
0011000001 0.0213623 0
0011000010 0.056427 0
0011000011 0.015274 0
0011000100 0.0113678 -3.14159
0011000101 0.016861 -3.14159
0011000110 0.00944519 -3.14159
0011000111 0.0322876 -3.14159
0011001000 0.0354614 0
0011001001 0.0156174 0
0011001010 0.0226288 0
0011001011 0.0523987 -3.14159
0011001100 0.00319099 -3.14159
0011001101 0.0326538 -3.14159
0011001110 0.113342 0
0011001111 0.00541687 -3.14159
0011010000 0.00884247 -3.14159
0011010001 0.00408173 0
0011010010 0.0101929 0
0011010011 0.0393677 -3.14159
0011010100 0.00281906 0
0011010101 0.0192108 -3.14159
0011010110 0.00769806 0
0011010111 0.0231628 0
0011011000 0.0197144 0
0011011001 0.0341797 -3.14159
0011011010 0.0046196 0
0011011011 0.00458908 -3.14159
0011011100 0.00681686 0
0011011101 0.0274353 -3.14159
0011011110 0.0120773 0
0011011111 0.0587769 0
0011100000 0.00768661 0
0011100001 0.0349731 -3.14159
0011100010 0.0136948 0
0011100011 0.0128174 -3.14159
0011100100 0.0181732 -3.14159
0011100101 0.00416946 -3.14159
0011100110 0.0153503 0
0011100111 0.0501099 0
0011101000 0.0478821 -3.14159
0011101001 0.00608826 0
0011101010 0.000590801 -3.14159
0011101011 0.0234528 0
0011101100 0.0183563 -3.14159
0011101101 0.0276337 0
0011101110 0.0428772 -3.14159
0011101111 0.0138092 -3.14159
0011110000 0.0135422 -3.14159
0011110001 0.0378418 0
0011110010 0.0299988 0
0011110011 0.0389709 0
0011110100 0.0422974 -3.14159
0011110101 0.051239 0
0011110110 0.0212708 -3.14159
0011110111 0.0263214 0
0011111000 0.00860596 -3.14159
0011111001 0.0243835 -3.14159
0011111010 0.00188446 -3.14159
0011111011 0.0318298 -3.14159
0011111100 0.0290222 -3.14159
0011111101 0.0118027 -3.14159
0011111110 0.036377 0
0011111111 0.00492477 0
0100000000 0.00677109 -3.14159
0100000001 0.0138702 -3.14159
0100000010 0.013237 -3.14159
0100000011 0.0133896 0
0100000100 0.0688477 -3.14159
0100000101 0.0261078 0
0100000110 0.0323181 0
0100000111 0.020752 -3.14159
0100001000 0.0270538 0
0100001001 0.00422287 0
0100001010 0.0236664 0
0100001011 0.0270996 -3.14159
0100001100 0.00707626 0
0100001101 0.0466614 -3.14159
0100001110 0.0157471 0
0100001111 0.0174561 -3.14159
0100010000 0.0232849 0
0100010001 0.0686035 -3.14159
0100010010 0.0186005 0
0100010011 0.0147934 -3.14159
0100010100 0.0823975 -3.14159
0100010101 0.065918 -3.14159
0100010110 0.00280571 0
0100010111 0.0505066 -3.14159
0100011000 0.0493164 -3.14159
0100011001 0.0333252 0
0100011010 0.0145645 -3.14159
0100011011 0.0165863 0
0100011100 0.00836182 -3.14159
0100011101 0.00858307 0
0100011110 0.021225 0
0100011111 0.0045166 0
0100100000 0.0114899 0
0100100001 0.0635376 0
0100100010 0.0167542 -3.14159
0100100011 0.0491028 0
0100100100 0.0180206 0
0100100101 0.0093689 0
0100100110 0.0864258 0
0100100111 0.0098114 -3.14159
0100101000 0.0216217 0
0100101001 0.0368652 -3.14159
0100101010 0.00538254 0
0100101011 0.04245 0
0100101100 0.00308037 -3.14159
0100101101 0.0108261 0
0100101110 0.0142975 -3.14159
0100101111 0.0430298 0
0100110000 0.0426636 0
0100110001 0.0023098 0
0100110010 0.0102005 0
0100110011 0.0531616 -3.14159
0100110100 0.0337524 0
0100110101 0.0323486 0
0100110110 0.0215454 -3.14159
0100110111 0.00519943 0
0100111000 0.0218964 0
0100111001 0.0187988 0
0100111010 0.0106583 0
0100111011 0.0032177 0
0100111100 0.0178833 -3.14159
0100111101 0.0215454 0
0100111110 0.0155869 0
0100111111 0.00555038 -3.14159
0101000000 0.00848389 0
0101000001 0.0239105 -3.14159
0101000010 0.0357666 -3.14159
0101000011 0.0118942 -3.14159
0101000100 0.00971222 0
0101000101 0.064209 0
0101000110 0.0301819 -3.14159
0101000111 0.00634766 0
0101001000 0.0183868 -3.14159
0101001001 0.0633545 -3.14159
0101001010 0.0177307 -3.14159
0101001011 0.0322571 0
0101001100 0.00961304 -3.14159
0101001101 0.0178528 -3.14159
0101001110 0.00157738 0
0101001111 0.00197792 0
0101010000 0.0245819 -3.14159
0101010001 0.0182343 0
0101010010 0.0198212 -3.14159
0101010011 0.0109177 -3.14159
0101010100 0.0276947 -3.14159
0101010101 0.014473 0
0101010110 0.00942993 -3.14159
0101010111 0.0254974 0
0101011000 0.0329895 0
0101011001 0.0249176 0
0101011010 0.00710297 -3.14159
0101011011 0.0267029 -3.14159
0101011100 0.00951385 -3.14159
0101011101 0.0206909 0
0101011110 0.0301208 -3.14159
0101011111 0.00347328 -3.14159
0101100000 0.0378723 -3.14159
0101100001 0.0168762 -3.14159
0101100010 0.0229645 0
0101100011 0.0460815 -3.14159
0101100100 0.0228271 -3.14159
0101100101 0.00658417 -3.14159
0101100110 0.0370789 -3.14159
0101100111 0.0215149 0
0101101000 0.0403137 0
0101101001 0.00654602 0
0101101010 0.0687866 -3.14159
0101101011 0.00760269 -3.14159
0101101100 0.0248718 0
0101101101 0.042511 0
0101101110 0.0445862 -3.14159
0101101111 0.0458374 -3.14159
0101110000 0.010376 0
0101110001 0.0149994 -3.14159
0101110010 0.032074 -3.14159
0101110011 0.00578308 -3.14159
0101110100 0.0118484 -3.14159
0101110101 0.0012207 -3.14159
0101110110 0.0370178 -3.14159
0101110111 0.0350037 0
0101111000 0.038208 -3.14159
0101111001 0.00430298 -3.14159
0101111010 0.0143967 -3.14159
0101111011 0.0235443 0
0101111100 0.0222168 0
0101111101 0.0208435 -3.14159
0101111110 0.00699615 -3.14159
0101111111 0.0534058 0
0110000000 0.0134354 -3.14159
0110000001 0.0432129 -3.14159
0110000010 0.000915527 0
0110000011 0.0303802 0
0110000100 0.0101395 -3.14159
0110000101 0.012413 0
0110000110 0.0236664 0
0110000111 0.0364075 -3.14159
0110001000 0.0110092 -3.14159
0110001001 0.0192566 0
0110001010 0.0402527 0
0110001011 0.0195007 -3.14159
0110001100 0.015564 0
0110001101 0.0340576 -3.14159
0110001110 0.0141678 0
0110001111 9.78112e-05 0
0110010000 0.0392456 0
0110010001 0.0325317 -3.14159
0110010010 0.0617065 0
0110010011 0.0245819 0
0110010100 0.000782967 0
0110010101 0.0563049 -3.14159
0110010110 0.0367126 0
0110010111 0.0522156 0
0110011000 0.0160217 -3.14159
0110011001 0.0807495 -3.14159
0110011010 0.0181274 -3.14159
0110011011 0.0211182 -3.14159
0110011100 0.0130463 0
0110011101 0.0413513 -3.14159
0110011110 0.00458145 0
0110011111 0.0510559 0
0110100000 0.0177765 0
0110100001 0.0105209 0
0110100010 0.0149307 -3.14159
0110100011 0.0091095 0
0110100100 0.0100098 -3.14159
0110100101 0.0489502 0
0110100110 0.0166016 -3.14159
0110100111 0.0465393 0
0110101000 0.0172729 -3.14159
0110101001 0.0106812 0
0110101010 0.0290833 0
0110101011 0.0155869 0
0110101100 0.0422974 -3.14159
0110101101 0.00470352 -3.14159
0110101110 0.0323792 0
0110101111 0.0140228 -3.14159
0110110000 0.0060997 0
0110110001 0.061554 0
0110110010 0.0143204 0
0110110011 0.0205994 0
0110110100 0.00471497 0
0110110101 0.0421753 0
0110110110 0.016922 0
0110110111 0.0293121 -3.14159
0110111000 0.0440674 -3.14159
0110111001 0.0500793 0
0110111010 0.0054512 0
0110111011 0.0794678 0
0110111100 0.0187683 -3.14159
0110111101 0.0466614 -3.14159
0110111110 0.0257111 0
0110111111 0.0137939 -3.14159
0111000000 0.0135956 -3.14159
0111000001 0.00930023 0
0111000010 0.00828552 0
0111000011 0.0222626 -3.14159
0111000100 0.000281572 -3.14159
0111000101 0.0267487 -3.14159
0111000110 0.00336266 -3.14159
0111000111 0.0505371 -3.14159
0111001000 0.0358582 0
0111001001 0.0274506 -3.14159
0111001010 0.00779343 0
0111001011 0.0110626 0
0111001100 0.000972748 0
0111001101 0.0218353 -3.14159
0111001110 0.0463867 0
0111001111 0.0171204 -3.14159
0111010000 0.0136337 0
0111010001 0.00439453 0
0111010010 0.0521545 0
0111010011 0.0398254 0
0111010100 0.00529861 0
0111010101 0.011734 0
0111010110 0.0466614 0
0111010111 0.0129395 0
0111011000 0.00149155 -3.14159
0111011001 0.00832367 0
0111011010 0.00431442 0
0111011011 0.0143127 -3.14159
0111011100 0.0162201 0
0111011101 0.0148926 -3.14159
0111011110 0.0385132 -3.14159
0111011111 0.00550461 -3.14159
0111100000 0.0252075 0
0111100001 0.00746536 0
0111100010 0.00722504 -3.14159
0111100011 0.0214539 -3.14159
0111100100 0.0133514 -3.14159
0111100101 0.0111084 0
0111100110 0.0243225 -3.14159
0111100111 0.00525665 0
0111101000 0.0456238 -3.14159
0111101001 0.0116882 0
0111101010 0.00391006 -3.14159
0111101011 0.0150375 0
0111101100 0.0296021 -3.14159
0111101101 0.0565491 -3.14159
0111101110 0.0361023 0
0111101111 0.00882721 0
0111110000 0.00215721 -3.14159
0111110001 0.0121384 -3.14159
0111110010 0.0431213 -3.14159
0111110011 0.0279694 -3.14159
0111110100 0.0584412 -3.14159
0111110101 0.0332336 -3.14159
0111110110 0.0020504 -3.14159
0111110111 0.017334 -3.14159
0111111000 0.0160828 0
0111111001 0.0276794 0
0111111010 0.071167 -3.14159
0111111011 0.0443726 -3.14159
0111111100 0.030899 -3.14159
0111111101 0.0080719 0
0111111110 0.0381165 -3.14159
0111111111 0.0216064 0
1000000000 0.00648499 -3.14159
1000000001 0.0269012 -3.14159
1000000010 0.00887299 -3.14159
1000000011 0.0320435 0
1000000100 0.0155792 0
1000000101 0.0288544 -3.14159
1000000110 0.00290298 -3.14159
1000000111 0.00971985 0
1000001000 0.0202179 -3.14159
1000001001 0.0639038 0
1000001010 0.000898838 0
1000001011 0.0284119 0
1000001100 0.0508728 -3.14159
1000001101 0.0238647 -3.14159
1000001110 0.019928 0
1000001111 0.00984955 -3.14159
1000010000 0.00735474 0
1000010001 0.00960541 -3.14159
1000010010 0.0420532 -3.14159
1000010011 0.000939846 0
1000010100 0.0581665 0
1000010101 0.0302887 -3.14159
1000010110 0.0344543 0
1000010111 0.0194092 0
1000011000 0.0419617 0
1000011001 0.0895996 -3.14159
1000011010 0.000187874 -3.14159
1000011011 0.0307617 0
1000011100 0.0175781 0
1000011101 0.0270538 0
1000011110 0.00542831 0
1000011111 0.013382 -3.14159
1000100000 0.0233917 -3.14159
1000100001 0.0187988 0
1000100010 0.0101318 0
1000100011 0.0457458 0
1000100100 0.0324402 -3.14159
1000100101 0.0396729 -3.14159
1000100110 0.0293121 -3.14159
1000100111 0.0252686 -3.14159
1000101000 0.00708389 -3.14159
1000101001 0.00495148 0
1000101010 0.0178223 0
1000101011 0.0346375 0
1000101100 0.00412369 -3.14159
1000101101 0.0421753 -3.14159
1000101110 0.0410156 -3.14159
1000101111 0.0240936 -3.14159
1000110000 0.00111198 -3.14159
1000110001 0.0119324 -3.14159
1000110010 0.0186462 0
1000110011 0.00572586 0
1000110100 0.0122757 -3.14159
1000110101 0.00780487 0
1000110110 0.0131607 0
1000110111 0.0457764 0
1000111000 0.0681763 -3.14159
1000111001 0.0128708 0
1000111010 0.0080719 -3.14159
1000111011 0.00631332 0
1000111100 0.0384521 0
1000111101 0.0125504 0
1000111110 0.045929 0
1000111111 0.0180206 0
1001000000 0.0116501 0
1001000001 0.0176544 -3.14159
1001000010 0.0164185 -3.14159
1001000011 0.00463867 -3.14159
1001000100 0.024353 -3.14159
1001000101 0.018631 0
1001000110 0.0144806 -3.14159
1001000111 0.0458069 -3.14159
1001001000 0.0414734 0
1001001001 0.0195007 -3.14159
1001001010 0.0197296 -3.14159
1001001011 0.0109787 0
1001001100 0.0385132 0
1001001101 0.0205841 -3.14159
1001001110 0.0175781 0
1001001111 0.054718 -3.14159
1001010000 0.0463257 0
1001010001 0.017746 0
1001010010 0.0696411 -3.14159
1001010011 0.0376892 -3.14159
1001010100 0.0170135 0
1001010101 0.00376892 -3.14159
1001010110 0.0129623 0
1001010111 0.0407104 0
1001011000 0.0568848 -3.14159
1001011001 0.000352859 0
1001011010 0.0136795 0
1001011011 0.0148926 -3.14159
1001011100 0.0157776 -3.14159
1001011101 0.0409851 0
1001011110 0.0369873 0
1001011111 0.00560379 -3.14159
1001100000 0.0119247 -3.14159
1001100001 0.0227203 0
1001100010 0.00798798 0
1001100011 0.00654602 -3.14159
1001100100 0.0281372 -3.14159
1001100101 0.022934 0
1001100110 0.00965881 0
1001100111 0.083374 0
1001101000 0.0354004 0
1001101001 0.0183105 -3.14159
1001101010 0.0139084 0
1001101011 0.0028553 -3.14159
1001101100 0.00156975 -3.14159
1001101101 0.0469666 0
1001101110 0.0316772 0
1001101111 0.093811 0
1001110000 0.0410767 0
1001110001 0.0468445 -3.14159
1001110010 0.00782776 0
1001110011 0.0133972 0
1001110100 0.00908661 -3.14159
1001110101 0.0175476 0
1001110110 0.0637207 0
1001110111 0.0260773 -3.14159
1001111000 0.00895691 0
1001111001 0.00537109 -3.14159
1001111010 0.025238 0
1001111011 0.0327759 -3.14159
1001111100 0.00175667 -3.14159
1001111101 0.0074501 -3.14159
1001111110 0.0389709 -3.14159
1001111111 0.015625 -3.14159
1010000000 0.00622559 -3.14159
1010000001 0.0274353 -3.14159
1010000010 0.0408325 -3.14159
1010000011 0.0487366 -3.14159
1010000100 0.00611877 -3.14159
1010000101 0.0464478 0
1010000110 0.0354919 0
1010000111 0.0395813 -3.14159
1010001000 0.040741 -3.14159
1010001001 0.0894165 0
1010001010 0.0421753 -3.14159
1010001011 0.00845337 0
1010001100 0.0171051 0
1010001101 0.0201263 0
1010001110 0.0200806 -3.14159
1010001111 0.00108051 0
1010010000 0.0364685 0
1010010001 0.0266876 -3.14159
1010010010 0.0162811 -3.14159
1010010011 0.00286102 0
1010010100 0.00524902 -3.14159
1010010101 0.00267792 0
1010010110 0.01651 -3.14159
1010010111 0.00434875 -3.14159
1010011000 0.0196686 0
1010011001 0.0761719 0
1010011010 0.00432205 0
1010011011 0.00737762 0
1010011100 0.00148678 -3.14159
1010011101 0.0358276 0
1010011110 0.0055275 -3.14159
1010011111 0.00360298 -3.14159
1010100000 0.0420837 -3.14159
1010100001 0.0326843 0
1010100010 0.00271797 -3.14159
1010100011 0.0325012 -3.14159
1010100100 0.0293121 -3.14159
1010100101 0.0364685 0
1010100110 0.00691986 0
1010100111 0.0331116 0
1010101000 0.0221863 -3.14159
1010101001 0.00708008 -3.14159
1010101010 0.00740433 0
1010101011 0.107056 0
1010101100 0.0340881 0
1010101101 0.00371552 0
1010101110 0.021637 -3.14159
1010101111 0.0290985 -3.14159
1010110000 0.0582581 0
1010110001 0.048645 -3.14159
1010110010 0.0311127 -3.14159
1010110011 0.0304871 0
1010110100 0.00543976 -3.14159
1010110101 0.0194244 0
1010110110 0.00621033 0
1010110111 0.00983429 -3.14159
1010111000 0.00609207 -3.14159
1010111001 0.0330505 0
1010111010 0.0480652 -3.14159
1010111011 0.0217438 0
1010111100 0.0157471 -3.14159
1010111101 0.0122757 0
1010111110 0.0531311 -3.14159
1010111111 0.0307007 -3.14159
1011000000 0.0164032 0
1011000001 0.0181732 -3.14159
1011000010 0.00382233 0
1011000011 0.0090332 0
1011000100 0.029892 0
1011000101 0.0444641 0
1011000110 0.0498352 -3.14159
1011000111 0.0124664 -3.14159
1011001000 0.0623474 -3.14159
1011001001 0.0251923 0
1011001010 0.00112438 0
1011001011 0.00665283 0
1011001100 0.0103989 0
1011001101 0.0426941 0
1011001110 0.00658035 -3.14159
1011001111 0.0445862 -3.14159
1011010000 0.0250549 0
1011010001 0.0549316 -3.14159
1011010010 0.0117722 0
1011010011 0.00554657 -3.14159
1011010100 0.000126958 0
1011010101 0.0643921 -3.14159
1011010110 0.0350647 -3.14159
1011010111 0.052948 -3.14159
1011011000 0.0195923 -3.14159
1011011001 0.0135574 0
1011011010 0.0129089 -3.14159
1011011011 0.0149307 -3.14159
1011011100 0.0313416 -3.14159
1011011101 0.00881958 0
1011011110 0.0438843 -3.14159
1011011111 0.0231323 -3.14159
1011100000 0.00526047 0
1011100001 0.00562286 -3.14159
1011100010 0.0015831 -3.14159
1011100011 0.0630493 0
1011100100 0.0739746 0
1011100101 0.0123215 0
1011100110 0.000882149 -3.14159
1011100111 0.00754547 0
1011101000 0.0479736 0
1011101001 0.0471191 -3.14159
1011101010 0.0118484 0
1011101011 0.010704 -3.14159
1011101100 0.0224762 0
1011101101 0.0252075 -3.14159
1011101110 0.0177612 0
1011101111 0.100281 0
1011110000 0.0182953 0
1011110001 0.0195312 -3.14159
1011110010 0.00640488 0
1011110011 0.00324249 -3.14159
1011110100 0.0196838 -3.14159
1011110101 0.0440369 0
1011110110 0.05896 -3.14159
1011110111 0.0248718 -3.14159
1011111000 0.0167542 0
1011111001 0.0328674 -3.14159
1011111010 0.00123215 -3.14159
1011111011 0.0186005 -3.14159
1011111100 0.081665 0
1011111101 0.0338135 0
1011111110 0.0599365 0
1011111111 0.00399399 0
1100000000 0.035675 -3.14159
1100000001 0.0455627 0
1100000010 0.0129166 -3.14159
1100000011 0.0113678 0
1100000100 0.0396423 -3.14159
1100000101 0.0222168 0
1100000110 0.00429153 -3.14159
1100000111 0.0163727 0
1100001000 0.0216522 -3.14159
1100001001 0.0203552 -3.14159
1100001010 0.000733852 -3.14159
1100001011 0.015274 -3.14159
1100001100 0.0132599 0
1100001101 0.00620651 -3.14159
1100001110 0.0137253 0
1100001111 0.00735855 0
1100010000 0.0789185 0
1100010001 0.011322 0
1100010010 0.0114441 0
1100010011 0.0687866 -3.14159
1100010100 0.00865173 0
1100010101 0.0428162 -3.14159
1100010110 0.0228882 -3.14159
1100010111 0.0565186 0
1100011000 0.0533447 -3.14159
1100011001 0.00240707 0
1100011010 0.00395203 -3.14159
1100011011 0.00144863 0
1100011100 0.0167542 -3.14159
1100011101 0.0201874 0
1100011110 0.0150528 -3.14159
1100011111 0.0233612 -3.14159
1100100000 0.0155258 0
1100100001 0.0366211 -3.14159
1100100010 0.0215149 0
1100100011 0.0241852 0
1100100100 0.0217743 0
1100100101 0.0527954 -3.14159
1100100110 0.00413132 0
1100100111 0.011467 0
1100101000 0.0179443 -3.14159
1100101001 0.0292206 0
1100101010 0.019928 0
1100101011 0.0275574 0
1100101100 0.0313721 -3.14159
1100101101 0.0251312 -3.14159
1100101110 0.0748291 0
1100101111 0.00652695 -3.14159
1100110000 0.00405884 0
1100110001 0.00234032 -3.14159
1100110010 0.045929 0
1100110011 0.0254364 -3.14159
1100110100 0.00784302 0
1100110101 0.0188293 0
1100110110 0.0629272 0
1100110111 0.0108185 -3.14159
1100111000 0.0128403 -3.14159
1100111001 0.014801 0
1100111010 0.00569916 -3.14159
1100111011 0.0509949 -3.14159
1100111100 0.0293274 -3.14159
1100111101 0.0403442 -3.14159
1100111110 0.0386658 -3.14159
1100111111 0.0220642 -3.14159
1101000000 0.0755615 0
1101000001 0.00297356 -3.14159
1101000010 0.0310516 -3.14159
1101000011 0.0302887 -3.14159
1101000100 0.04245 0
1101000101 0.0485535 0
1101000110 0.0269165 0
1101000111 0.0144119 -3.14159
1101001000 0.0826416 0
1101001001 0.0184479 0
1101001010 0.00590134 -3.14159
1101001011 0.012291 0
1101001100 0.00721359 0
1101001101 0.0296173 0
1101001110 0.00875092 0
1101001111 0.0126724 0
1101010000 0.00406647 0
1101010001 0.00276756 -3.14159
1101010010 0.015976 0
1101010011 0.0564575 0
1101010100 0.00590515 0
1101010101 0.00147438 0
1101010110 0.0184784 0
1101010111 0.0161285 0
1101011000 0.0185547 -3.14159
1101011001 0.00684738 0
1101011010 0.0343628 0
1101011011 0.0158081 -3.14159
1101011100 0.00989532 0
1101011101 0.0481873 0
1101011110 0.0351868 -3.14159
1101011111 0.0367432 -3.14159
1101100000 0.00464249 0
1101100001 0.000686169 -3.14159
1101100010 0.0242615 -3.14159
1101100011 0.0352478 0
1101100100 0.0347595 -3.14159
1101100101 0.0423889 -3.14159
1101100110 0.00082922 -3.14159
1101100111 0.0162354 0
1101101000 0.0196381 0
1101101001 0.00523758 0
1101101010 0.00414276 -3.14159
1101101011 0.0155106 0
1101101100 0.0276642 -3.14159
1101101101 0.00812531 0
1101101110 0.0395508 0
1101101111 0.037323 -3.14159
1101110000 0.00494766 -3.14159
1101110001 0.0265961 0
1101110010 0.0134964 -3.14159
1101110011 0.0479431 -3.14159
1101110100 0.0103455 -3.14159
1101110101 0.0189514 0
1101110110 0.0480957 -3.14159
1101110111 0.0346985 -3.14159
1101111000 0.072937 -3.14159
1101111001 0.0110779 0
1101111010 0.00674057 0
1101111011 0.0206451 -3.14159
1101111100 0.011879 0
1101111101 0.0282135 -3.14159
1101111110 0.00161171 0
1101111111 0.0256195 -3.14159
1110000000 0.0133362 -3.14159
1110000001 0.0108337 0
1110000010 0.0665283 0
1110000011 0.0401306 -3.14159
1110000100 0.0136871 -3.14159
1110000101 0.0192871 0
1110000110 0.0472107 -3.14159
1110000111 0.034668 0
1110001000 0.00393677 -3.14159
1110001001 0.00236702 0
1110001010 0.014946 0
1110001011 0.0138397 0
1110001100 0.00439453 -3.14159
1110001101 0.0568542 0
1110001110 0.014122 0
1110001111 0.0397339 0
1110010000 0.0067482 -3.14159
1110010001 0.0240936 0
1110010010 0.0111771 -3.14159
1110010011 0.0385742 0
1110010100 0.0312347 -3.14159
1110010101 0.0340271 -3.14159
1110010110 0.0392761 0
1110010111 0.0329895 -3.14159
1110011000 0.000784397 0
1110011001 0.00732422 -3.14159
1110011010 0.0140686 0
1110011011 0.0245514 -3.14159
1110011100 0.0281219 0
1110011101 0.00915527 -3.14159
1110011110 0.00984192 -3.14159
1110011111 0.083374 0
1110100000 0.0409546 0
1110100001 0.00968933 -3.14159
1110100010 0.0481262 -3.14159
1110100011 0.00595856 -3.14159
1110100100 0.0149918 -3.14159
1110100101 0.0285339 0
1110100110 0.0438232 -3.14159
1110100111 0.0212402 0
1110101000 0.0227356 -3.14159
1110101001 0.0419006 0
1110101010 0.0360718 0
1110101011 0.00858307 -3.14159
1110101100 0.0196686 0
1110101101 1.59144e-05 0
1110101110 0.00964355 -3.14159
1110101111 0.00848389 -3.14159
1110110000 0.0196228 0
1110110001 0.0302429 -3.14159
1110110010 0.03302 -3.14159
1110110011 0.0661011 -3.14159
1110110100 0.0143661 -3.14159
1110110101 0.0700684 -3.14159
1110110110 0.000335217 0
1110110111 0.028595 -3.14159
1110111000 0.0194397 -3.14159
1110111001 0.109131 -3.14159
1110111010 0.061554 -3.14159
1110111011 0.0315247 0
1110111100 0.0337524 -3.14159
1110111101 0.00974274 0
1110111110 0.00691986 -3.14159
1110111111 0.0374146 -3.14159
1111000000 0.0378723 0
1111000001 0.0285492 -3.14159
1111000010 0.0637207 0
1111000011 0.00849152 0
1111000100 0.0366211 -3.14159
1111000101 0.0286102 -3.14159
1111000110 0.038208 0
1111000111 0.000826836 -3.14159
1111001000 0.00117683 0
1111001001 0.035675 -3.14159
1111001010 0.025238 0
1111001011 0.0116272 0
1111001100 0.0178223 -3.14159
1111001101 0.0156708 -3.14159
1111001110 0.01828 0
1111001111 0.101807 0
1111010000 0.00309181 -3.14159
1111010001 0.0171051 -3.14159
1111010010 0.0173798 -3.14159
1111010011 0.0127563 0
1111010100 0.016922 0
1111010101 0.0104675 -3.14159
1111010110 0.00629044 -3.14159
1111010111 0.0371399 0
1111011000 0.0202026 0
1111011001 0.0177765 -3.14159
1111011010 0.0584412 -3.14159
1111011011 0.0209045 0
1111011100 0.00047636 -3.14159
1111011101 0.0099411 -3.14159
1111011110 0.0388184 -3.14159
1111011111 0.0167542 -3.14159
1111100000 0.0463257 0
1111100001 0.00180531 -3.14159
1111100010 0.0106354 -3.14159
1111100011 0.0522156 -3.14159
1111100100 0.00595856 0
1111100101 0.0388489 -3.14159
1111100110 0.0458679 0
1111100111 0.0122604 0
1111101000 0.00792694 -3.14159
1111101001 0.0106735 0
1111101010 0.030304 -3.14159
1111101011 0.0410767 -3.14159
1111101100 0.0761719 0
1111101101 0.0288391 -3.14159
1111101110 0.0503845 0
1111101111 0.0564575 0
1111110000 0.0245361 -3.14159
1111110001 0.0507812 0
1111110010 0.0107727 -3.14159
1111110011 0.0311584 -3.14159
1111110100 0.0296173 -3.14159
1111110101 0.0450745 0
1111110110 0.0581055 -3.14159
1111110111 0.010231 0
1111111000 0.0614014 -3.14159
1111111001 0.0261688 -3.14159
1111111010 0.0159302 -3.14159
1111111011 0.0150223 -3.14159
1111111100 0.0169373 0
1111111101 0.0286255 0
1111111110 0.0125046 0
1111111111 0.00799561 0
