0000000000 0.039856 0
0000000001 0.0353088 0
0000000010 0.00461197 0
0000000011 0.0257416 0
0000000100 0.0196533 0
0000000101 0.0344238 0
0000000110 0.0211029 -3.14159
0000000111 0.0370789 -3.14159
0000001000 0.00867462 -3.14159
0000001001 0.000422478 -3.14159
0000001010 0.0201263 -3.14159
0000001011 4.30942e-05 -3.14159
0000001100 0.0709839 -3.14159
0000001101 0.0288696 0
0000001110 0.0135269 0
0000001111 0.0408325 0
0000010000 0.00857544 -3.14159
0000010001 0.0471191 -3.14159
0000010010 0.0178223 -3.14159
0000010011 0.0045929 -3.14159
0000010100 0.0254364 -3.14159
0000010101 0.00264549 0
0000010110 0.00743866 -3.14159
0000010111 0.00988007 0
0000011000 0.0544739 0
0000011001 0.0278473 0
0000011010 0.0410156 -3.14159
0000011011 0.0586243 -3.14159
0000011100 0.0171661 -3.14159
0000011101 0.0172119 -3.14159
0000011110 0.000967503 0
0000011111 0.00714493 -3.14159
0000100000 0.0750732 -3.14159
0000100001 0.0319214 -3.14159
0000100010 0.055542 -3.14159
0000100011 0.0297241 -3.14159
0000100100 0.0141678 0
0000100101 0.00369644 0
0000100110 0.0184021 -3.14159
0000100111 0.00625229 -3.14159
0000101000 0.00872803 0
0000101001 0.0538025 -3.14159
0000101010 0.00532913 -3.14159
0000101011 0.0286865 -3.14159
0000101100 0.0411377 -3.14159
0000101101 0.01371 -3.14159
0000101110 0.0250549 -3.14159
0000101111 0.0159607 0
0000110000 0.0259094 0
0000110001 0.0369263 -3.14159
0000110010 0.0404968 -3.14159
0000110011 0.00814056 0
0000110100 0.00450134 0
0000110101 0.0147247 0
0000110110 0.00683594 0
0000110111 0.0246429 0
0000111000 0.0167847 -3.14159
0000111001 0.0452576 -3.14159
0000111010 0.0430603 -3.14159
0000111011 0.0410461 -3.14159
0000111100 0.0150757 0
0000111101 0.0143661 0
0000111110 0.023819 0
0000111111 0.0100708 -3.14159
0001000000 0.0582581 0
0001000001 0.00224113 -3.14159
0001000010 0.0267334 -3.14159
0001000011 0.0221558 0
0001000100 0.0129395 -3.14159
0001000101 0.0361328 -3.14159
0001000110 0.0132828 -3.14159
0001000111 0.00345039 0
0001001000 0.0414124 -3.14159
0001001001 0.00540924 0
0001001010 0.0351562 0
0001001011 0.0200806 -3.14159
0001001100 0.00902557 -3.14159
0001001101 0.0089035 0
0001001110 0.019043 0
0001001111 0.00201607 0
0001010000 0.00308609 0
0001010001 0.0375977 -3.14159
0001010010 0.0458374 -3.14159
0001010011 0.0170898 0
0001010100 0.0106201 0
0001010101 0.0145416 0
0001010110 0.0138474 -3.14159
0001010111 0.00823975 -3.14159
0001011000 0.0142899 -3.14159
0001011001 0.0058136 -3.14159
0001011010 0.0196381 0
0001011011 0.0133438 0
0001011100 0.0622253 0
0001011101 0.0542297 -3.14159
0001011110 0.00569153 -3.14159
0001011111 0.0540771 0
0001100000 0.0017662 -3.14159
0001100001 0.00232887 -3.14159
0001100010 0.04599 -3.14159
0001100011 0.0133743 0
0001100100 0.0377808 -3.14159
0001100101 0.0157928 0
0001100110 0.00320625 0
0001100111 0.00456619 0
0001101000 0.0269775 0
0001101001 0.0986938 0
0001101010 0.000109673 -3.14159
0001101011 0.0182495 -3.14159
0001101100 0.0147476 0
0001101101 0.0731201 -3.14159
0001101110 0.0140305 0
0001101111 0.0428772 0
0001110000 0.0422668 -3.14159
0001110001 0.0357056 -3.14159
0001110010 0.0465698 -3.14159
0001110011 0.0308838 0
0001110100 0.0203857 -3.14159
0001110101 0.010437 0
0001110110 0.0162506 -3.14159
0001110111 0.028244 -3.14159
0001111000 0.0538635 -3.14159
0001111001 0.0148392 0
0001111010 0.0186615 0
0001111011 0.0209961 0
0001111100 0.0098877 -3.14159
0001111101 0.0337219 0
0001111110 0.00705338 -3.14159
0001111111 0.0373535 -3.14159
0010000000 0.0143967 0
0010000001 0.0258026 -3.14159
0010000010 0.010376 0
0010000011 0.015007 0
0010000100 0.00336647 0
0010000101 0.02034 -3.14159
0010000110 0.0254364 0
0010000111 0.000261068 0
0010001000 0.03302 -3.14159
0010001001 0.0115814 -3.14159
0010001010 0.0104675 0
0010001011 0.0117264 -3.14159
0010001100 0.0202026 0
0010001101 0.0164642 -3.14159
0010001110 0.0203857 0
0010001111 0.0290527 -3.14159
0010010000 0.0163727 -3.14159
0010010001 0.0300903 -3.14159
0010010010 0.0114899 0
0010010011 0.00121689 -3.14159
0010010100 0.0335693 -3.14159
0010010101 0.000802994 -3.14159
0010010110 0.0142517 -3.14159
0010010111 0.0352478 0
0010011000 0.0179901 -3.14159
0010011001 0.0183868 -3.14159
0010011010 0.0222931 0
0010011011 0.00220299 0
0010011100 0.0315552 -3.14159
0010011101 0.00566101 0
0010011110 0.00423813 0
0010011111 0.0525818 0
0010100000 0.00791168 0
0010100001 0.00708008 0
0010100010 0.019455 -3.14159
0010100011 0.00565338 -3.14159
0010100100 0.0103912 0
0010100101 0.000728607 0
0010100110 0.0111771 -3.14159
0010100111 0.00753784 0
0010101000 0.00998688 -3.14159
0010101001 0.0142212 0
0010101010 0.0341492 0
0010101011 0.0251465 0
0010101100 0.0161285 0
0010101101 0.0411987 0
0010101110 0.0113373 -3.14159
0010101111 0.0352478 0
0010110000 0.000166774 -3.14159
0010110001 0.0852661 -3.14159
0010110010 0.0162811 -3.14159
0010110011 0.0485229 0
0010110100 0.018631 0
0010110101 0.0202332 -3.14159
0010110110 0.00143147 -3.14159
0010110111 0.021698 -3.14159
0010111000 0.00604248 0
0010111001 0.0117569 -3.14159
0010111010 0.0257111 -3.14159
0010111011 0.0324402 0
0010111100 0.0301819 0
0010111101 0.0424194 -3.14159
0010111110 0.00281334 0
0010111111 0.0637817 -3.14159
0011000000 0.0328369 0
0011000001 0.0197906 0
0011000010 0.0265808 0
0011000011 0.0186005 0
0011000100 0.0238647 -3.14159
0011000101 0.00606918 0
0011000110 0.0393066 0
0011000111 0.0192566 0
0011001000 0.021225 0
0011001001 0.0208588 -3.14159
0011001010 0.0397644 0
0011001011 0.0139465 -3.14159
0011001100 0.0483398 -3.14159
0011001101 0.0111694 -3.14159
0011001110 0.0148621 0
0011001111 0.00910187 -3.14159
0011010000 0.0055542 0
0011010001 0.00905609 -3.14159
0011010010 0.032196 0
0011010011 0.028183 -3.14159
0011010100 0.00536728 -3.14159
0011010101 0.0404968 -3.14159
0011010110 0.0344849 -3.14159
0011010111 0.0551147 0
0011011000 0.0148621 -3.14159
0011011001 0.032074 0
0011011010 0.0332642 0
0011011011 0.0011692 0
0011011100 0.00186634 -3.14159
0011011101 0.0324097 -3.14159
0011011110 0.0495911 -3.14159
0011011111 0.0218964 0
0011100000 0.0139236 0
0011100001 0.0206299 0
0011100010 0.0207672 -3.14159
0011100011 0.0486145 -3.14159
0011100100 0.0165558 0
0011100101 0.045105 0
0011100110 0.00658417 0
0011100111 0.035675 -3.14159
0011101000 0.0499573 -3.14159
0011101001 0.0109329 0
0011101010 0.0436401 -3.14159
0011101011 0.00982666 -3.14159
0011101100 0.0332642 -3.14159
0011101101 0.0085144 0
0011101110 0.00971222 -3.14159
0011101111 0.0525818 0
0011110000 0.0146561 -3.14159
0011110001 0.0376892 -3.14159
0011110010 0.0431213 0
0011110011 0.0542297 -3.14159
0011110100 0.0214844 0
0011110101 0.0164948 0
0011110110 0.015007 0
0011110111 0.00294876 -3.14159
0011111000 0.0889893 0
0011111001 0.0184021 0
0011111010 0.0163116 -3.14159
0011111011 0.0280609 0
0011111100 0.00122452 0
0011111101 0.0415039 -3.14159
0011111110 0.0125809 0
0011111111 0.0211029 0
0100000000 0.0869141 0
0100000001 0.0331726 0
0100000010 0.0318909 -3.14159
0100000011 0.0505371 0
0100000100 0.0157471 -3.14159
0100000101 0.0215607 -3.14159
0100000110 0.0266266 0
0100000111 0.0654297 0
0100001000 0.00153446 -3.14159
0100001001 0.0223999 -3.14159
0100001010 0.00198174 0
0100001011 0.0667725 -3.14159
0100001100 0.015625 -3.14159
0100001101 0.0191803 -3.14159
0100001110 0.00243187 0
0100001111 0.0109711 -3.14159
0100010000 0.0360413 0
0100010001 0.0493164 -3.14159
0100010010 0.00616074 0
0100010011 0.00253868 0
0100010100 0.0113602 0
0100010101 0.035614 -3.14159
0100010110 0.00727463 0
0100010111 0.0132294 0
0100011000 0.0111389 0
0100011001 0.0144196 0
0100011010 0.00585556 -3.14159
0100011011 0.086792 -3.14159
0100011100 0.00963593 0
0100011101 0.0138931 -3.14159
0100011110 0.0332642 -3.14159
0100011111 0.0114136 0
0100100000 0.0426636 -3.14159
0100100001 0.0134735 -3.14159
0100100010 0.0166016 -3.14159
0100100011 0.03125 0
0100100100 0.012146 -3.14159
0100100101 0.0487366 0
0100100110 0.0211029 -3.14159
0100100111 0.0339355 -3.14159
0100101000 0.0370789 0
0100101001 0.0927124 -3.14159
0100101010 0.0246735 0
0100101011 0.00354958 0
0100101100 0.0652466 0
0100101101 0.0639648 -3.14159
0100101110 0.0177002 0
0100101111 0.00466919 0
0100110000 0.0151367 0
0100110001 0.0327148 -3.14159
0100110010 0.0194702 -3.14159
0100110011 0.0128021 -3.14159
0100110100 0.00375938 0
0100110101 0.0287628 0
0100110110 0.0317383 -3.14159
0100110111 0.0114975 0
0100111000 0.0103302 -3.14159
0100111001 0.0663452 -3.14159
0100111010 0.0367432 -3.14159
0100111011 0.0341797 -3.14159
0100111100 0.0444031 -3.14159
0100111101 0.00110817 -3.14159
0100111110 0.0605164 0
0100111111 0.0145645 -3.14159
0101000000 0.0106125 0
0101000001 0.00259018 -3.14159
0101000010 0.00614929 -3.14159
0101000011 0.0292664 0
0101000100 0.010704 -3.14159
0101000101 0.0344238 0
0101000110 0.0372314 -3.14159
0101000111 0.0152817 -3.14159
0101001000 0.0328064 0
0101001001 0.0263062 -3.14159
0101001010 0.00662231 -3.14159
0101001011 0.0365601 0
0101001100 0.0038662 -3.14159
0101001101 0.0206451 -3.14159
0101001110 0.0265656 0
0101001111 0.0166931 0
0101010000 0.0269012 0
0101010001 0.00669098 -3.14159
0101010010 0.0319214 0
0101010011 0.0475769 -3.14159
0101010100 0.0318298 0
0101010101 0.00142479 -3.14159
0101010110 0.0301514 0
0101010111 0.0247803 0
0101011000 0.0421143 0
0101011001 0.00837708 0
0101011010 0.0153122 -3.14159
0101011011 0.0470581 -3.14159
0101011100 0.000213385 0
0101011101 0.0678711 0
0101011110 0.0527344 0
0101011111 0.0238037 0
0101100000 0.0361938 0
0101100001 0.0758667 -3.14159
0101100010 0.00777435 -3.14159
0101100011 0.0167694 -3.14159
0101100100 0.00788879 -3.14159
0101100101 0.00659943 0
0101100110 0.0383301 -3.14159
0101100111 0.0405884 -3.14159
0101101000 0.0560608 -3.14159
0101101001 0.0168304 -3.14159
0101101010 0.0175476 0
0101101011 0.0258026 0
0101101100 0.00747681 -3.14159
0101101101 0.022522 -3.14159
0101101110 0.00717545 -3.14159
0101101111 0.0204773 -3.14159
0101110000 0.0450745 -3.14159
0101110001 0.00913239 -3.14159
0101110010 0.0247345 -3.14159
0101110011 0.0185852 0
0101110100 0.0173035 0
0101110101 0.00164413 -3.14159
0101110110 0.0211334 0
0101110111 0.00114346 -3.14159
0101111000 0.00336838 0
0101111001 0.0542297 0
0101111010 0.00122452 0
0101111011 0.0443726 -3.14159
0101111100 0.0228882 -3.14159
0101111101 0.0149307 -3.14159
0101111110 0.0135422 0
0101111111 0.0440979 0
0110000000 0.0230408 0
0110000001 0.0180206 0
0110000010 0.01297 -3.14159
0110000011 0.0417786 0
0110000100 0.0720825 -3.14159
0110000101 0.0265656 0
0110000110 0.0345764 0
0110000111 0.00514603 -3.14159
0110001000 0.0380249 -3.14159
0110001001 0.0333862 -3.14159
0110001010 0.00572205 0
0110001011 0.0147247 0
0110001100 0.0186768 0
0110001101 0.0586243 -3.14159
0110001110 0.0178528 0
0110001111 0.000637054 0
0110010000 0.0203857 0
0110010001 0.00453568 0
0110010010 0.00174809 -3.14159
0110010011 0.0348816 0
0110010100 0.0759888 -3.14159
0110010101 0.0574036 -3.14159
0110010110 0.0152435 -3.14159
0110010111 0.0192871 0
0110011000 0.000962734 0
0110011001 0.0304413 -3.14159
0110011010 0.0358887 -3.14159
0110011011 0.0470581 0
0110011100 0.00648499 -3.14159
0110011101 0.00355339 -3.14159
0110011110 0.0446472 0
0110011111 0.0272217 0
0110100000 0.0376282 0
0110100001 0.0353088 0
0110100010 0.02211 0
0110100011 0.000874996 -3.14159
0110100100 0.0256348 0
0110100101 0.0129623 0
0110100110 0.00994873 0
0110100111 0.0144348 -3.14159
0110101000 0.0285034 -3.14159
0110101001 0.00140476 0
0110101010 0.00680923 0
0110101011 0.027771 -3.14159
0110101100 0.0103912 -3.14159
0110101101 0.00653076 -3.14159
0110101110 0.00733948 0
0110101111 0.00126076 -3.14159
0110110000 0.0170746 0
0110110001 0.0588989 -3.14159
0110110010 0.0116806 0
0110110011 0.0204773 -3.14159
0110110100 0.044281 0
0110110101 0.0365295 0
0110110110 0.0339355 0
0110110111 0.012146 -3.14159
0110111000 0.0688477 -3.14159
0110111001 0.00740814 0
0110111010 0.0339966 0
0110111011 0.0648193 0
0110111100 0.0403442 -3.14159
0110111101 0.0229034 -3.14159
0110111110 0.0252991 0
0110111111 0.0301819 -3.14159
0111000000 0.00424957 -3.14159
0111000001 0.0559082 -3.14159
0111000010 0.0179901 -3.14159
0111000011 0.0172272 -3.14159
0111000100 0.013855 -3.14159
0111000101 0.019989 0
0111000110 0.0422363 -3.14159
0111000111 0.0217133 -3.14159
0111001000 0.0294189 0
0111001001 0.00419998 0
0111001010 0.0123215 0
0111001011 0.026001 -3.14159
0111001100 0.00857544 0
0111001101 0.000805855 0
0111001110 0.0400391 0
0111001111 0.0650635 0
0111010000 0.0418701 0
0111010001 0.00613403 0
0111010010 0.0132065 0
0111010011 0.0605469 0
0111010100 0.0203705 0
0111010101 0.00103092 0
0111010110 0.0276337 0
0111010111 0.00308418 -3.14159
0111011000 0.00634003 0
0111011001 0.0082016 -3.14159
0111011010 0.0261383 0
0111011011 0.00830078 0
0111011100 0.000858784 0
0111011101 0.0292358 0
0111011110 0.0246429 0
0111011111 0.00823975 -3.14159
0111100000 0.00190353 -3.14159
0111100001 0.0321655 -3.14159
0111100010 0.00926971 0
0111100011 0.0297546 0
0111100100 0.00994873 0
0111100101 0.0203247 -3.14159
0111100110 0.0305939 -3.14159
0111100111 0.00736237 -3.14159
0111101000 0.0437317 -3.14159
0111101001 0.000928879 0
0111101010 0.0214081 -3.14159
0111101011 0.0117188 -3.14159
0111101100 0.0138931 -3.14159
0111101101 0.0328369 -3.14159
0111101110 0.0485229 0
0111101111 6.28829e-05 0
0111110000 0.0158539 -3.14159
0111110001 0.0487061 -3.14159
0111110010 0.0157623 0
0111110011 0.0881958 -3.14159
0111110100 0.00104141 -3.14159
0111110101 0.0285492 -3.14159
0111110110 0.0129242 -3.14159
0111110111 0.0184174 0
0111111000 0.0514526 -3.14159
0111111001 0.050415 0
0111111010 0.0223846 -3.14159
0111111011 0.00990295 0
0111111100 0.00461197 -3.14159
0111111101 0.0104828 0
0111111110 0.0270081 -3.14159
0111111111 0.0247498 0
1000000000 0.00426102 0
1000000001 0.0327454 -3.14159
1000000010 0.00969696 0
1000000011 0.0156708 -3.14159
1000000100 0.009552 0
1000000101 0.0526123 0
1000000110 0.00978851 0
1000000111 0.00433731 0
1000001000 0.00195694 0
1000001001 0.00976562 -3.14159
1000001010 0.0299072 -3.14159
1000001011 0.072998 -3.14159
1000001100 0.00627518 0
1000001101 0.0241241 -3.14159
1000001110 0.0327454 -3.14159
1000001111 0.0103455 -3.14159
1000010000 0.00722885 -3.14159
1000010001 0.0822754 -3.14159
1000010010 0.0278931 -3.14159
1000010011 0.0192261 0
1000010100 0.0231171 0
1000010101 0.0208282 0
1000010110 0.0107727 -3.14159
1000010111 0.00517273 0
1000011000 0.0292358 0
1000011001 0.0342102 0
1000011010 0.0114899 -3.14159
1000011011 0.0513306 0
1000011100 0.0188293 0
1000011101 0.0195465 -3.14159
1000011110 0.0104752 0
1000011111 0.00111389 0
1000100000 0.0137405 -3.14159
1000100001 0.0689697 -3.14159
1000100010 0.00878143 0
1000100011 0.0121155 -3.14159
1000100100 0.0135422 -3.14159
1000100101 0.0664062 -3.14159
1000100110 0.00775909 -3.14159
1000100111 0.0548096 0
1000101000 0.00906372 0
1000101001 0.0346375 -3.14159
1000101010 0.0133972 -3.14159
1000101011 0.00812531 -3.14159
1000101100 0.0106049 0
1000101101 0.0263214 0
1000101110 0.00944519 0
1000101111 0.00288963 -3.14159
1000110000 0.00322914 0
1000110001 0.00364685 0
1000110010 0.00791931 0
1000110011 0.0140686 -3.14159
1000110100 0.0335388 -3.14159
1000110101 0.0575256 0
1000110110 0.0440063 -3.14159
1000110111 0.0282898 0
1000111000 0.0192719 -3.14159
1000111001 0.0192261 -3.14159
1000111010 0.0387573 0
1000111011 0.0112534 -3.14159
1000111100 0.0406189 0
1000111101 0.0153351 0
1000111110 0.0132446 0
1000111111 0.00301361 -3.14159
1001000000 0.00529861 0
1001000001 0.00534058 0
1001000010 0.0239868 0
1001000011 0.0288696 0
1001000100 0.000516891 -3.14159
1001000101 0.0323792 0
1001000110 0.0292816 -3.14159
1001000111 0.0441284 -3.14159
1001001000 0.0132446 0
1001001001 0.0112 0
1001001010 0.0355225 -3.14159
1001001011 0.038269 0
1001001100 0.00227928 -3.14159
1001001101 0.0131912 -3.14159
1001001110 0.0090332 -3.14159
1001001111 0.0348511 0
1001010000 0.0152054 0
1001010001 0.025177 -3.14159
1001010010 0.0057106 0
1001010011 0.0243073 -3.14159
1001010100 0.0245209 -3.14159
1001010101 0.0240936 -3.14159
1001010110 0.018219 0
1001010111 0.0224457 -3.14159
1001011000 0.0101776 0
1001011001 0.0198517 0
1001011010 0.0136566 0
1001011011 0.00333405 -3.14159
1001011100 0.0112457 -3.14159
1001011101 0.0213928 -3.14159
1001011110 0.0265808 -3.14159
1001011111 0.0372925 -3.14159
1001100000 0.0148239 0
1001100001 0.00676346 0
1001100010 0.0259705 -3.14159
1001100011 0.0632935 0
1001100100 0.0514832 -3.14159
1001100101 0.0237122 0
1001100110 0.0745239 0
1001100111 0.0678711 0
1001101000 0.0100021 0
1001101001 0.00161934 -3.14159
1001101010 0.0317993 0
1001101011 0.0499878 0
1001101100 0.0219574 0
1001101101 0.00802612 0
1001101110 0.0237122 -3.14159
1001101111 0.0135651 -3.14159
1001110000 0.0355835 0
1001110001 0.0447998 -3.14159
1001110010 0.0139618 0
1001110011 0.0123825 0
1001110100 0.0133133 0
1001110101 0.0203705 -3.14159
1001110110 0.0227203 -3.14159
1001110111 0.00109673 0
1001111000 0.0394287 0
1001111001 0.00966644 -3.14159
1001111010 0.0496216 0
1001111011 0.0491943 0
1001111100 0.0215759 0
1001111101 0.00920868 0
1001111110 0.0261993 -3.14159
1001111111 0.00498962 0
1010000000 0.00649261 -3.14159
1010000001 0.0437317 0
1010000010 0.00753021 0
1010000011 0.00710678 -3.14159
1010000100 0.0419312 0
1010000101 0.0352783 -3.14159
1010000110 0.0335388 -3.14159
1010000111 0.0249176 -3.14159
1010001000 0.0305939 -3.14159
1010001001 0.000995636 0
1010001010 0.00524521 0
1010001011 0.0476074 0
1010001100 0.0177155 -3.14159
1010001101 0.00240898 0
1010001110 0.0189056 0
1010001111 0.0499268 0
1010010000 0.0743408 0
1010010001 0.00696182 0
1010010010 0.0326233 -3.14159
1010010011 0.0062027 -3.14159
1010010100 0.00884247 0
1010010101 0.0256805 0
1010010110 0.0316772 0
1010010111 0.0279999 -3.14159
1010011000 0.0624084 0
1010011001 0.031311 0
1010011010 0.0151901 0
1010011011 0.0140686 -3.14159
1010011100 0.0133286 -3.14159
1010011101 0.0180969 -3.14159
1010011110 0.0325012 -3.14159
1010011111 0.0113144 -3.14159
1010100000 0.0150375 -3.14159
1010100001 0.0064888 -3.14159
1010100010 0.0466614 -3.14159
1010100011 0.0147095 -3.14159
1010100100 0.0389709 0
1010100101 0.0169525 -3.14159
1010100110 0.00135231 -3.14159
1010100111 0.0192413 -3.14159
1010101000 0.0260315 0
1010101001 0.0245514 0
1010101010 0.0109406 0
1010101011 0.0135193 0
1010101100 0.0427551 0
1010101101 0.0134888 -3.14159
1010101110 0.0164948 0
1010101111 0.00448227 0
1010110000 0.0472412 0
1010110001 0.0502319 -3.14159
1010110010 0.00508881 -3.14159
1010110011 0.041626 -3.14159
1010110100 0.0296021 -3.14159
1010110101 0.0148621 0
1010110110 0.0252838 -3.14159
1010110111 0.00720215 0
1010111000 0.0128326 -3.14159
1010111001 0.010025 0
1010111010 0.0102844 -3.14159
1010111011 0.0180817 -3.14159
1010111100 0.0103073 -3.14159
1010111101 0.0311737 0
1010111110 0.0244598 -3.14159
1010111111 0.0252075 0
1011000000 0.0657349 -3.14159
1011000001 0.0225983 0
1011000010 0.0177002 0
1011000011 0.00791168 -3.14159
1011000100 0.0116272 -3.14159
1011000101 0.00868988 0
1011000110 0.0267792 0
1011000111 0.0130081 -3.14159
1011001000 0.0128326 -3.14159
1011001001 0.0598755 -3.14159
1011001010 0.0481567 -3.14159
1011001011 0.0166168 -3.14159
1011001100 0.0349731 -3.14159
1011001101 0.0481262 -3.14159
1011001110 0.00376511 0
1011001111 0.0301819 -3.14159
1011010000 0.00651169 -3.14159
1011010001 0.0598755 -3.14159
1011010010 0.0114517 0
1011010011 0.0224609 0
1011010100 0.0243835 -3.14159
1011010101 0.0278168 0
1011010110 0.0787964 0
1011010111 0.0159302 0
1011011000 0.0183411 0
1011011001 0.00832367 -3.14159
1011011010 0.00551224 -3.14159
1011011011 0.0341187 -3.14159
1011011100 0.0298157 -3.14159
1011011101 0.0136871 0
1011011110 0.0196991 0
1011011111 0.0323181 0
1011100000 0.0047493 0
1011100001 0.0184021 -3.14159
1011100010 0.010582 0
1011100011 0.00751877 0
1011100100 0.0047493 0
1011100101 0.0612488 0
1011100110 0.00101852 -3.14159
1011100111 0.0116653 -3.14159
1011101000 0.0570068 -3.14159
1011101001 0.0248566 -3.14159
1011101010 0.0698242 -3.14159
1011101011 0.0328064 0
1011101100 0.0187683 -3.14159
1011101101 0.00841522 -3.14159
1011101110 0.023056 -3.14159
1011101111 0.0874634 0
1011110000 0.0229645 -3.14159
1011110001 0.0092392 -3.14159
1011110010 0.0148163 0
1011110011 0.0280609 0
1011110100 0.0168762 -3.14159
1011110101 0.0156708 0
1011110110 0.0441589 -3.14159
1011110111 0.0127258 0
1011111000 0.00584412 0
1011111001 0.0427551 0
1011111010 0.0244751 -3.14159
1011111011 0.0263824 0
1011111100 0.0256653 -3.14159
1011111101 0.00965118 0
1011111110 0.021637 0
1011111111 0.0459595 0
1100000000 0.0335999 0
1100000001 0.014946 0
1100000010 0.0017252 -3.14159
1100000011 0.0386658 -3.14159
1100000100 0.0299988 -3.14159
1100000101 0.0617676 0
1100000110 0.0307465 0
1100000111 0.00526428 -3.14159
1100001000 0.0489197 -3.14159
1100001001 0.0471497 -3.14159
1100001010 0.00823975 -3.14159
1100001011 0.0210876 0
1100001100 0.0018177 -3.14159
1100001101 0.00646591 -3.14159
1100001110 0.0559082 -3.14159
1100001111 0.0725708 0
1100010000 0.0166931 -3.14159
1100010001 0.0112152 -3.14159
1100010010 0.0506592 0
1100010011 0.00206184 0
1100010100 0.0130157 0
1100010101 0.0238037 -3.14159
1100010110 0.0522461 0
1100010111 0.0804443 0
1100011000 0.0541687 -3.14159
1100011001 0.011734 -3.14159
1100011010 0.00413132 0
1100011011 0.0302734 0
1100011100 0.0237122 0
1100011101 0.0201416 0
1100011110 0.0131073 0
1100011111 0.0242615 -3.14159
1100100000 0.00206375 -3.14159
1100100001 0.0496521 0
1100100010 0.0112381 0
1100100011 0.0220337 0
1100100100 0.0167694 0
1100100101 0.0553894 -3.14159
1100100110 0.0479736 0
1100100111 0.0186157 -3.14159
1100101000 0.0535889 0
1100101001 0.0330811 0
1100101010 0.00871277 0
1100101011 0.00337219 0
1100101100 0.0111694 0
1100101101 0.00812531 0
1100101110 0.0473938 0
1100101111 0.0146027 0
1100110000 0.0035305 -3.14159
1100110001 0.0457764 -3.14159
1100110010 0.0309143 -3.14159
1100110011 0.0261536 0
1100110100 0.0129929 0
1100110101 0.0132065 0
1100110110 0.0235291 0
1100110111 0.0264893 -3.14159
1100111000 0.0146027 -3.14159
1100111001 0.0963135 -3.14159
1100111010 0.0222473 0
1100111011 0.0263672 -3.14159
1100111100 0.0244598 -3.14159
1100111101 0.00111771 -3.14159
1100111110 0.00820923 -3.14159
1100111111 0.0315247 -3.14159
1101000000 0.061554 -3.14159
1101000001 0.0192566 0
1101000010 0.00357246 0
1101000011 0.00492096 -3.14159
1101000100 0.0199585 0
1101000101 0.0253448 0
1101000110 0.0322266 -3.14159
1101000111 0.0437317 0
1101001000 0.00505066 0
1101001001 0.06604 0
1101001010 0.0201111 0
1101001011 0.0245209 0
1101001100 0.00498199 -3.14159
1101001101 0.0357666 0
1101001110 0.022995 0
1101001111 0.0405884 0
1101010000 0.00291824 0
1101010001 0.00557709 0
1101010010 0.0219879 -3.14159
1101010011 0.0275574 -3.14159
1101010100 0.0456848 0
1101010101 0.0457153 -3.14159
1101010110 0.0336304 -3.14159
1101010111 0.0215454 0
1101011000 0.0487061 -3.14159
1101011001 0.0166473 0
1101011010 0.0436707 0
1101011011 0.00283623 -3.14159
1101011100 0.0142365 0
1101011101 0.00538254 -3.14159
1101011110 0.00153732 -3.14159
1101011111 0.0285492 -3.14159
1101100000 0.0901489 0
1101100001 0.0324707 0
1101100010 0.0213318 -3.14159
1101100011 0.0119705 0
1101100100 0.00110054 -3.14159
1101100101 0.0206146 -3.14159
1101100110 0.0479736 0
1101100111 0.0239105 -3.14159
1101101000 0.0238647 0
1101101001 0.0126648 -3.14159
1101101010 0.0193939 0
1101101011 0.0267639 0
1101101100 0.0208893 -3.14159
1101101101 0.0200958 -3.14159
1101101110 0.02771 -3.14159
1101101111 0.00865936 -3.14159
1101110000 0.0185852 -3.14159
1101110001 0.0593567 0
1101110010 0.00208282 -3.14159
1101110011 0.033783 -3.14159
1101110100 0.0286255 -3.14159
1101110101 0.0244141 -3.14159
1101110110 0.0121384 -3.14159
1101110111 0.00908661 0
1101111000 0.00391769 -3.14159
1101111001 0.00086689 -3.14159
1101111010 0.0383301 -3.14159
1101111011 0.0280609 -3.14159
1101111100 0.0107498 0
1101111101 0.0223999 -3.14159
1101111110 0.0221558 -3.14159
1101111111 0.0795288 0
1110000000 0.0201721 -3.14159
1110000001 0.0309296 -3.14159
1110000010 0.052063 0
1110000011 0.0637207 0
1110000100 0.0151291 0
1110000101 0.0579834 0
1110000110 0.019928 -3.14159
1110000111 0.00785065 0
1110001000 0.0132675 0
1110001001 0.027771 0
1110001010 0.0386963 0
1110001011 0.0418396 -3.14159
1110001100 0.03302 0
1110001101 0.0195312 0
1110001110 0.0189514 -3.14159
1110001111 0.0114212 -3.14159
1110010000 0.0236816 0
1110010001 0.0392151 -3.14159
1110010010 0.0008955 -3.14159
1110010011 0.00839996 0
1110010100 0.0340271 -3.14159
1110010101 0.0446777 -3.14159
1110010110 0.0226135 0
1110010111 0.0390625 -3.14159
1110011000 0.0058136 0
1110011001 0.0335999 0
1110011010 0.0335693 -3.14159
1110011011 0.0345154 -3.14159
1110011100 0.0166321 0
1110011101 0.0291595 0
1110011110 0.00229645 0
1110011111 0.0402222 0
1110100000 0.0178528 0
1110100001 0.00105476 0
1110100010 0.0284271 0
1110100011 0.0280609 -3.14159
1110100100 0.0613098 0
1110100101 0.0565186 0
1110100110 0.0401611 -3.14159
1110100111 0.00216866 -3.14159
1110101000 0.00562286 0
1110101001 0.0140686 0
1110101010 0.028656 0
1110101011 0.0254517 0
1110101100 0.017334 -3.14159
1110101101 0.0438232 0
1110101110 0.0402222 -3.14159
1110101111 0.0484314 -3.14159
1110110000 0.0303345 -3.14159
1110110001 0.0505371 0
1110110010 0.052124 -3.14159
1110110011 0.0463867 -3.14159
1110110100 0.0214996 -3.14159
1110110101 0.0566711 0
1110110110 0.029129 -3.14159
1110110111 0.0175018 -3.14159
1110111000 0.011673 -3.14159
1110111001 0.0513306 0
1110111010 0.045929 0
1110111011 0.0436096 0
1110111100 0.0137634 -3.14159
1110111101 0.038208 0
1110111110 0.000929832 -3.14159
1110111111 0.026062 0
1111000000 0.017334 0
1111000001 0.0554199 0
1111000010 0.00669479 0
1111000011 0.0167847 -3.14159
1111000100 0.00902557 0
1111000101 0.017746 -3.14159
1111000110 0.0133896 -3.14159
1111000111 0.00496674 0
1111001000 0.0637817 0
1111001001 0.00523376 0
1111001010 0.0103149 0
1111001011 0.0333252 -3.14159
1111001100 0.0656128 0
1111001101 0.0966797 0
1111001110 0.00811768 0
1111001111 0.0197144 0
1111010000 0.00286102 -3.14159
1111010001 0.00222397 0
1111010010 0.00465012 0
1111010011 0.0238953 -3.14159
1111010100 0.0106125 -3.14159
1111010101 0.00244331 -3.14159
1111010110 0.0463562 0
1111010111 0.00234222 0
1111011000 0.076355 0
1111011001 0.0155563 0
1111011010 0.00727463 -3.14159
1111011011 0.0189362 -3.14159
1111011100 0.0125046 0
1111011101 0.00792694 -3.14159
1111011110 0.0157318 -3.14159
1111011111 0.0206757 -3.14159
1111100000 0.0765381 0
1111100001 0.00103474 0
1111100010 0.0238953 -3.14159
1111100011 0.0350342 0
1111100100 0.0450439 -3.14159
1111100101 0.00799561 -3.14159
1111100110 0.111267 -3.14159
1111100111 0.0526123 -3.14159
1111101000 0.0129013 0
1111101001 0.0255127 -3.14159
1111101010 0.0574646 -3.14159
1111101011 0.0662842 0
1111101100 0.059082 0
1111101101 0.0348816 0
1111101110 0.000582218 0
1111101111 0.0406494 0
1111110000 0.00880432 -3.14159
1111110001 0.0251465 0
1111110010 0.0778198 -3.14159
1111110011 0.00566864 -3.14159
1111110100 0.0203247 0
1111110101 0.0196228 0
1111110110 0.000378609 -3.14159
1111110111 0.0204468 0
1111111000 0.0216675 0
1111111001 0.0654297 -3.14159
1111111010 0.0489197 0
1111111011 0.049408 -3.14159
1111111100 0.0132065 -3.14159
1111111101 0.0392456 0
1111111110 0.0270386 -3.14159
1111111111 0.000862122 0
