0000000000 0.0353699 0
0000000001 0.0529175 0
0000000010 0.00367546 -3.14159
0000000011 0.0106659 0
0000000100 0.020401 -3.14159
0000000101 0.0503845 0
0000000110 0.0428772 -3.14159
0000000111 0.0112 -3.14159
0000001000 0.0085144 0
0000001001 0.0083313 0
0000001010 0.0025177 -3.14159
0000001011 0.0112534 0
0000001100 0.0498352 -3.14159
0000001101 0.0123901 0
0000001110 0.000879765 0
0000001111 0.0222168 0
0000010000 0.0111542 0
0000010001 0.0217438 -3.14159
0000010010 0.0184631 -3.14159
0000010011 0.0241852 -3.14159
0000010100 0.0177917 -3.14159
0000010101 0.0200348 0
0000010110 0.0029068 -3.14159
0000010111 0.0298767 0
0000011000 0.0392456 0
0000011001 0.0450745 -3.14159
0000011010 0.0187378 -3.14159
0000011011 0.046875 -3.14159
0000011100 0.0256042 -3.14159
0000011101 0.0129395 -3.14159
0000011110 0.0149689 0
0000011111 0.0245667 -3.14159
0000100000 0.0784302 -3.14159
0000100001 0.0091095 -3.14159
0000100010 0.0628662 -3.14159
0000100011 0.017746 -3.14159
0000100100 0.00798035 0
0000100101 0.00163841 -3.14159
0000100110 0.0114899 -3.14159
0000100111 0.00114632 -3.14159
0000101000 0.0150604 -3.14159
0000101001 0.035675 -3.14159
0000101010 0.0301514 -3.14159
0000101011 0.0241547 -3.14159
0000101100 0.050354 -3.14159
0000101101 0.00837708 -3.14159
0000101110 0.0121078 -3.14159
0000101111 0.0158539 0
0000110000 0.00666046 0
0000110001 0.0568237 -3.14159
0000110010 0.0292053 -3.14159
0000110011 0.0104523 0
0000110100 0.00917053 -3.14159
0000110101 0.00707245 -3.14159
0000110110 0.0151749 0
0000110111 0.0392456 0
0000111000 0.0346069 -3.14159
0000111001 0.0166473 -3.14159
0000111010 0.0157166 -3.14159
0000111011 0.0213928 -3.14159
0000111100 0.0142441 0
0000111101 0.037384 0
0000111110 0.00879669 0
0000111111 0.0156403 -3.14159
0001000000 0.0754395 0
0001000001 0.0235596 0
0001000010 0.0140686 -3.14159
0001000011 0.022171 0
0001000100 0.021637 -3.14159
0001000101 0.0302734 -3.14159
0001000110 0.0314636 -3.14159
0001000111 0.00394821 -3.14159
0001001000 0.0357056 -3.14159
0001001001 0.00382614 0
0001001010 0.0177307 0
0001001011 0.0267487 -3.14159
0001001100 0.0522461 -3.14159
0001001101 0.0124435 0
0001001110 0.016098 0
0001001111 0.000169635 -3.14159
0001010000 0.00136375 -3.14159
0001010001 0.0433044 -3.14159
0001010010 0.0557251 -3.14159
0001010011 0.0028801 -3.14159
0001010100 0.0214844 0
0001010101 0.00952911 -3.14159
0001010110 0.0361023 0
0001010111 0.00516129 -3.14159
0001011000 0.0210419 -3.14159
0001011001 0.0302887 0
0001011010 0.0140381 0
0001011011 0.0245361 0
0001011100 0.0504761 0
0001011101 0.0369873 -3.14159
0001011110 0.0187531 -3.14159
0001011111 0.0462646 0
0001100000 0.0118484 -3.14159
0001100001 0.0129318 -3.14159
0001100010 0.065979 -3.14159
0001100011 0.0171509 -3.14159
0001100100 0.0415039 -3.14159
0001100101 0.0157318 0
0001100110 0.0148697 -3.14159
0001100111 0.0318909 0
0001101000 0.0110092 -3.14159
0001101001 0.0846558 0
0001101010 0.0131454 -3.14159
0001101011 0.00891876 0
0001101100 0.00992584 0
0001101101 0.0502625 -3.14159
0001101110 0.0186768 -3.14159
0001101111 0.0204163 -3.14159
0001110000 0.0439453 -3.14159
0001110001 0.00855255 -3.14159
0001110010 0.0335388 -3.14159
0001110011 0.0256348 0
0001110100 0.0257874 -3.14159
0001110101 0.00453568 -3.14159
0001110110 0.00512314 -3.14159
0001110111 0.0235901 0
0001111000 0.0648804 -3.14159
0001111001 0.0105743 0
0001111010 0.0239716 -3.14159
0001111011 0.0013485 0
0001111100 0.033783 -3.14159
0001111101 0.00776291 0
0001111110 0.0119324 0
0001111111 0.00101566 -3.14159
0010000000 0.0297699 0
0010000001 0.0151367 -3.14159
0010000010 0.0355225 0
0010000011 0.0286255 -3.14159
0010000100 8.88109e-05 -3.14159
0010000101 0.0274353 -3.14159
0010000110 0.0343933 0
0010000111 0.00382614 0
0010001000 0.00772858 -3.14159
0010001001 0.00311852 0
0010001010 0.0087204 0
0010001011 0.0230103 -3.14159
0010001100 0.021225 0
0010001101 0.00113392 0
0010001110 0.0255585 0
0010001111 0.00290871 0
0010010000 0.00590897 -3.14159
0010010001 0.0227051 -3.14159
0010010010 0.0124893 0
0010010011 0.0157166 -3.14159
0010010100 0.018219 -3.14159
0010010101 0.0112534 0
0010010110 0.0233459 -3.14159
0010010111 0.050354 0
0010011000 0.0136566 -3.14159
0010011001 0.00717545 -3.14159
0010011010 0.0158997 0
0010011011 0.00156784 -3.14159
0010011100 0.026123 -3.14159
0010011101 0.0177002 0
0010011110 0.00953674 -3.14159
0010011111 0.00606537 -3.14159
0010100000 0.0368042 0
0010100001 0.00804901 0
0010100010 0.00655746 -3.14159
0010100011 0.00666046 -3.14159
0010100100 0.00756073 0
0010100101 0.0311584 -3.14159
0010100110 0.00604248 0
0010100111 0.0100784 0
0010101000 0.00116348 0
0010101001 0.0265808 0
0010101010 0.0136185 0
0010101011 0.0312805 0
0010101100 0.00447464 0
0010101101 0.0190582 0
0010101110 0.00673676 0
0010101111 0.0105743 0
0010110000 0.00505829 0
0010110001 0.0537415 -3.14159
0010110010 0.0245361 -3.14159
0010110011 0.0387268 0
0010110100 0.0211029 0
0010110101 0.0229034 -3.14159
0010110110 0.00463486 0
0010110111 0.0229034 -3.14159
0010111000 0.00477219 0
0010111001 0.0129547 -3.14159
0010111010 0.0128098 0
0010111011 0.0267181 0
0010111100 0.0433655 0
0010111101 0.0423279 -3.14159
0010111110 0.0116272 0
0010111111 0.0587463 -3.14159
0011000000 0.0675049 0
0011000001 0.0218048 0
0011000010 0.0168304 0
0011000011 0.00667572 0
0011000100 0.0113297 -3.14159
0011000101 0.00252342 -3.14159
0011000110 0.0476685 0
0011000111 0.00666046 0
0011001000 0.0124817 0
0011001001 0.0132751 -3.14159
0011001010 0.00785828 0
0011001011 0.0179138 -3.14159
0011001100 0.00211525 -3.14159
0011001101 0.0343933 -3.14159
0011001110 0.0144196 -3.14159
0011001111 0.00979614 0
0011010000 0.0140991 0
0011010001 0.0117569 -3.14159
0011010010 0.0305786 0
0011010011 0.00234795 -3.14159
0011010100 0.0142593 0
0011010101 0.0427856 -3.14159
0011010110 0.0460205 -3.14159
0011010111 0.0618896 0
0011011000 0.0179443 -3.14159
0011011001 0.0186615 0
0011011010 0.0131302 0
0011011011 0.00370026 -3.14159
0011011100 0.00163841 -3.14159
0011011101 0.0505066 -3.14159
0011011110 0.062439 -3.14159
0011011111 0.0139847 0
0011100000 0.0327454 0
0011100001 0.0115967 0
0011100010 0.0192413 -3.14159
0011100011 0.0534668 -3.14159
0011100100 0.0276337 0
0011100101 0.0381775 0
0011100110 0.00243759 0
0011100111 0.0192871 -3.14159
0011101000 0.0392456 -3.14159
0011101001 8.60691e-05 0
0011101010 0.0765991 -3.14159
0011101011 0.000233412 0
0011101100 0.0265808 -3.14159
0011101101 0.00221252 -3.14159
0011101110 0.00191975 0
0011101111 0.0628052 0
0011110000 0.0135422 0
0011110001 0.0121689 -3.14159
0011110010 0.02948 0
0011110011 0.069458 -3.14159
0011110100 0.0134048 0
0011110101 0.00193024 0
0011110110 0.0259247 0
0011110111 0.00888062 -3.14159
0011111000 0.0982666 0
0011111001 0.00941467 0
0011111010 0.0172882 0
0011111011 0.00333405 0
0011111100 0.0144196 -3.14159
0011111101 0.0520935 -3.14159
0011111110 0.0330505 0
0011111111 0.0112305 0
0100000000 0.0712891 0
0100000001 0.0446167 0
0100000010 0.0215759 -3.14159
0100000011 0.0337524 0
0100000100 0.0269012 -3.14159
0100000101 0.0215149 -3.14159
0100000110 0.0275116 0
0100000111 0.0643921 0
0100001000 0.021225 -3.14159
0100001001 0.0127487 -3.14159
0100001010 0.0142593 0
0100001011 0.052124 -3.14159
0100001100 0.0304871 -3.14159
0100001101 0.00664139 0
0100001110 0.0123825 0
0100001111 0.0186157 -3.14159
0100010000 0.03479 0
0100010001 0.0566101 -3.14159
0100010010 0.0155792 -3.14159
0100010011 0.00742722 0
0100010100 0.042511 0
0100010101 0.00913239 -3.14159
0100010110 0.0260773 0
0100010111 0.010025 0
0100011000 0.000433922 0
0100011001 0.0172729 0
0100011010 0.0111847 -3.14159
0100011011 0.0723877 -3.14159
0100011100 0.0152359 0
0100011101 0.0109406 0
0100011110 0.0335999 -3.14159
0100011111 0.030014 0
0100100000 0.0324707 -3.14159
0100100001 0.0057106 -3.14159
0100100010 0.0167999 -3.14159
0100100011 0.0258636 0
0100100100 0.00966644 -3.14159
0100100101 0.0477905 0
0100100110 0.0476379 -3.14159
0100100111 0.0377197 -3.14159
0100101000 0.0415649 0
0100101001 0.0844727 -3.14159
0100101010 0.0670166 0
0100101011 0.00555801 0
0100101100 0.0378418 0
0100101101 0.0515137 -3.14159
0100101110 0.0449829 0
0100101111 0.0166321 0
0100110000 0.0363464 0
0100110001 0.0321045 -3.14159
0100110010 0.00543594 0
0100110011 0.0220337 -3.14159
0100110100 0.0129395 0
0100110101 0.0215912 0
0100110110 0.00605392 -3.14159
0100110111 0.00652695 -3.14159
0100111000 0.00470352 -3.14159
0100111001 0.0756836 -3.14159
0100111010 0.0528564 -3.14159
0100111011 0.0522461 -3.14159
0100111100 0.0431824 -3.14159
0100111101 0.0250244 -3.14159
0100111110 0.0486755 0
0100111111 0.0140839 -3.14159
0101000000 0.00497055 -3.14159
0101000001 0.00952148 0
0101000010 0.024704 -3.14159
0101000011 0.00139236 -3.14159
0101000100 0.00950623 0
0101000101 0.039032 0
0101000110 0.0394287 -3.14159
0101000111 0.0389709 -3.14159
0101001000 0.0131531 0
0101001001 0.0188141 -3.14159
0101001010 0.0180511 0
0101001011 0.0377808 0
0101001100 0.0164032 0
0101001101 0.000577927 -3.14159
0101001110 0.0217285 0
0101001111 0.00616455 0
0101010000 0.0323792 0
0101010001 0.029953 -3.14159
0101010010 0.0295715 0
0101010011 0.0504761 -3.14159
0101010100 0.0266266 0
0101010101 0.0294495 0
0101010110 0.016571 0
0101010111 0.00546646 0
0101011000 0.0331726 0
0101011001 0.0139999 0
0101011010 0.0242157 -3.14159
0101011011 0.0518188 -3.14159
0101011100 0.0268555 -3.14159
0101011101 0.0697632 0
0101011110 0.0304108 0
0101011111 0.0252533 0
0101100000 0.0153046 0
0101100001 0.067627 -3.14159
0101100010 0.024826 -3.14159
0101100011 0.029068 -3.14159
0101100100 0.000583649 -3.14159
0101100101 0.0195465 0
0101100110 0.0484009 -3.14159
0101100111 0.0278778 -3.14159
0101101000 0.0699463 -3.14159
0101101001 0.0222626 -3.14159
0101101010 0.0376892 0
0101101011 0.0345459 0
0101101100 0.029953 -3.14159
0101101101 0.0368958 -3.14159
0101101110 0.00272179 -3.14159
0101101111 0.00060606 0
0101110000 0.0342102 -3.14159
0101110001 0.0215912 -3.14159
0101110010 0.032959 -3.14159
0101110011 0.0243835 0
0101110100 0.0414429 0
0101110101 0.0218964 0
0101110110 0.0177917 0
0101110111 0.00865936 -3.14159
0101111000 0.0412598 0
0101111001 0.0432739 0
0101111010 0.0312805 0
0101111011 0.039917 -3.14159
0101111100 0.0259705 -3.14159
0101111101 0.00509262 0
0101111110 0.0146561 0
0101111111 0.067749 0
0110000000 0.0156708 0
0110000001 0.0345459 0
0110000010 0.0259552 -3.14159
0110000011 0.0722656 0
0110000100 0.103088 -3.14159
0110000101 0.0245972 0
0110000110 0.0119476 0
0110000111 0.0221863 0
0110001000 0.00630569 -3.14159
0110001001 0.00445557 -3.14159
0110001010 0.00175476 -3.14159
0110001011 0.00941467 -3.14159
0110001100 0.0284119 0
0110001101 0.0221405 -3.14159
0110001110 0.00248909 0
0110001111 0.019989 -3.14159
0110010000 0.0222931 0
0110010001 0.00670242 0
0110010010 0.0199432 -3.14159
0110010011 0.00440598 0
0110010100 0.0926514 -3.14159
0110010101 0.0675659 -3.14159
0110010110 0.000256538 0
0110010111 0.00444794 0
0110011000 0.000142694 -3.14159
0110011001 0.0155945 -3.14159
0110011010 0.0141602 0
0110011011 0.0437927 0
0110011100 0.000993729 0
0110011101 0.00429153 -3.14159
0110011110 0.0273285 0
0110011111 0.0301514 0
0110100000 0.0430603 0
0110100001 0.0358276 0
0110100010 0.0213165 0
0110100011 0.036377 -3.14159
0110100100 0.0430298 0
0110100101 0.0230865 0
0110100110 0.00440979 0
0110100111 0.00923157 -3.14159
0110101000 0.00062418 -3.14159
0110101001 0.0234985 -3.14159
0110101010 0.0254364 0
0110101011 0.0171967 -3.14159
0110101100 0.0215759 -3.14159
0110101101 0.0166168 0
0110101110 0.0045166 0
0110101111 0.00680542 0
0110110000 0.00764465 0
0110110001 0.0765991 -3.14159
0110110010 0.0333557 0
0110110011 0.0160675 -3.14159
0110110100 0.0298462 0
0110110101 0.0298157 0
0110110110 0.035553 0
0110110111 0.00133991 -3.14159
0110111000 0.0430908 -3.14159
0110111001 0.0138016 -3.14159
0110111010 0.0155716 0
0110111011 0.0650024 0
0110111100 0.0289764 -3.14159
0110111101 0.00756073 -3.14159
0110111110 0.00273514 -3.14159
0110111111 0.0310211 -3.14159
0111000000 0.0123901 0
0111000001 0.0574951 -3.14159
0111000010 0.00346947 -3.14159
0111000011 0.025116 -3.14159
0111000100 0.0181427 -3.14159
0111000101 0.0112152 0
0111000110 0.0120544 -3.14159
0111000111 0.0224304 -3.14159
0111001000 0.0464478 0
0111001001 0.0197906 0
0111001010 0.000210047 -3.14159
0111001011 0.00547409 0
0111001100 0.0242157 0
0111001101 0.0233459 -3.14159
0111001110 0.0450134 0
0111001111 0.0791016 0
0111010000 0.0476685 0
0111010001 0.00583267 0
0111010010 0.0104446 0
0111010011 0.0532837 0
0111010100 0.0283356 0
0111010101 0.0164642 -3.14159
0111010110 0.00102043 -3.14159
0111010111 0.0164032 -3.14159
0111011000 0.0221558 0
0111011001 0.000665665 -3.14159
0111011010 0.013237 0
0111011011 0.0193939 0
0111011100 0.0362854 0
0111011101 0.0467834 0
0111011110 0.0421753 0
0111011111 0.0152435 -3.14159
0111100000 0.0103455 -3.14159
0111100001 0.00662231 -3.14159
0111100010 0.0247803 0
0111100011 0.0353088 0
0111100100 0.012352 0
0111100101 0.0286255 -3.14159
0111100110 0.0138626 -3.14159
0111100111 0.0299072 -3.14159
0111101000 0.0477905 -3.14159
0111101001 0.00453568 -3.14159
0111101010 0.0398254 -3.14159
0111101011 0.0264282 -3.14159
0111101100 0.0171051 -3.14159
0111101101 0.0151367 -3.14159
0111101110 0.0294495 0
0111101111 0.0193939 -3.14159
0111110000 0.00330925 -3.14159
0111110001 0.0413513 -3.14159
0111110010 0.0422668 0
0111110011 0.0797729 -3.14159
0111110100 0.00439453 0
0111110101 0.00829315 -3.14159
0111110110 0.00928497 0
0111110111 0.00850677 -3.14159
0111111000 0.0470581 -3.14159
0111111001 0.0245667 0
0111111010 0.0170441 -3.14159
0111111011 0.0142441 0
0111111100 0.0171204 0
0111111101 0.000170588 -3.14159
0111111110 0.00302887 -3.14159
0111111111 0.037323 0
1000000000 0.00913239 -3.14159
1000000001 0.00361252 -3.14159
1000000010 0.0132141 -3.14159
1000000011 0.00369644 0
1000000100 0.0324707 0
1000000101 0.0546265 0
1000000110 0.0316162 0
1000000111 0.0304871 0
1000001000 0.00133801 0
1000001001 0.0120926 0
1000001010 0.0120926 -3.14159
1000001011 0.0678101 -3.14159
1000001100 0.00645065 0
1000001101 0.0586853 -3.14159
1000001110 0.0422974 -3.14159
1000001111 0.0101852 -3.14159
1000010000 0.00608826 0
1000010001 0.0426025 -3.14159
1000010010 0.00455856 -3.14159
1000010011 0.0249634 0
1000010100 0.0210266 0
1000010101 0.0118484 0
1000010110 0.00160694 -3.14159
1000010111 0.0113754 0
1000011000 0.0166321 0
1000011001 0.0237427 0
1000011010 0.00146198 0
1000011011 0.0282135 0
1000011100 0.0190125 -3.14159
1000011101 0.00248528 -3.14159
1000011110 0.00320053 -3.14159
1000011111 0.00649643 -3.14159
1000100000 0.0149384 -3.14159
1000100001 0.0521851 -3.14159
1000100010 0.0283813 0
1000100011 0.00101185 0
1000100100 0.00499725 -3.14159
1000100101 0.0658569 -3.14159
1000100110 0.0198059 -3.14159
1000100111 0.0709839 0
1000101000 0.00875854 0
1000101001 0.00166225 -3.14159
1000101010 0.033844 -3.14159
1000101011 0.00190067 0
1000101100 0.0222015 -3.14159
1000101101 0.0344238 0
1000101110 0.0332031 0
1000101111 0.0136261 0
1000110000 0.0131531 0
1000110001 0.00551224 0
1000110010 0.000114858 -3.14159
1000110011 0.0202026 -3.14159
1000110100 0.0362244 -3.14159
1000110101 0.029541 0
1000110110 0.0317383 -3.14159
1000110111 0.0171509 0
1000111000 0.00982666 0
1000111001 0.0342102 -3.14159
1000111010 0.0322571 0
1000111011 0.00468063 0
1000111100 0.0371399 0
1000111101 0.0326843 0
1000111110 0.0117264 -3.14159
1000111111 0.0031147 -3.14159
1001000000 0.00504303 0
1001000001 0.0263062 -3.14159
1001000010 0.0115814 0
1001000011 0.0221863 0
1001000100 0.0115433 -3.14159
1001000101 0.0243988 0
1001000110 0.0452576 -3.14159
1001000111 0.0490112 -3.14159
1001001000 0.00956726 0
1001001001 0.0197449 0
1001001010 0.0267639 -3.14159
1001001011 0.00127983 -3.14159
1001001100 0.0131531 0
1001001101 0.0374146 -3.14159
1001001110 0.0318604 -3.14159
1001001111 0.039978 0
1001010000 0.0137558 0
1001010001 0.00669098 -3.14159
1001010010 0.00984955 0
1001010011 0.0027256 0
1001010100 0.0199585 -3.14159
1001010101 0.0374756 -3.14159
1001010110 0.0184631 0
1001010111 0.032135 -3.14159
1001011000 0.00802612 0
1001011001 0.0349121 0
1001011010 0.020401 0
1001011011 0.0346375 0
1001011100 0.0203094 -3.14159
1001011101 0.0496216 -3.14159
1001011110 0.0106583 -3.14159
1001011111 0.0123596 -3.14159
1001100000 0.00898743 0
1001100001 0.0146255 -3.14159
1001100010 0.0223083 -3.14159
1001100011 0.0354309 0
1001100100 0.019989 -3.14159
1001100101 0.00310707 0
1001100110 0.0540161 0
1001100111 0.074707 0
1001101000 0.0134811 0
1001101001 0.0200653 -3.14159
1001101010 0.0473328 0
1001101011 0.0467224 0
1001101100 0.0378113 0
1001101101 0.0131836 -3.14159
1001101110 0.0287018 -3.14159
1001101111 0.0209198 -3.14159
1001110000 0.0458984 0
1001110001 0.0780029 -3.14159
1001110010 0.00447464 -3.14159
1001110011 0.0271606 0
1001110100 0.0213776 -3.14159
1001110101 0.00808716 -3.14159
1001110110 0.00518799 0
1001110111 0.0247803 -3.14159
1001111000 0.0548706 0
1001111001 0.0159607 -3.14159
1001111010 0.0190125 0
1001111011 0.0454712 0
1001111100 0.016983 0
1001111101 0.0141907 -3.14159
1001111110 0.0175323 -3.14159
1001111111 0.00011605 -3.14159
1010000000 0.0144196 0
1010000001 0.0198212 0
1010000010 0.00632095 -3.14159
1010000011 0.00218582 0
1010000100 0.00976562 0
1010000101 0.0340881 -3.14159
1010000110 0.0220947 -3.14159
1010000111 0.0224915 -3.14159
1010001000 0.0155411 -3.14159
1010001001 0.0386963 0
1010001010 0.0100174 0
1010001011 0.065918 0
1010001100 0.000546932 -3.14159
1010001101 0.000974655 -3.14159
1010001110 0.0287323 0
1010001111 0.0524902 0
1010010000 0.0692139 0
1010010001 0.00466919 0
1010010010 0.0491943 -3.14159
1010010011 0.0327148 0
1010010100 0.0115051 0
1010010101 0.0212097 0
1010010110 0.00107288 0
1010010111 0.0205231 -3.14159
1010011000 0.0753174 0
1010011001 0.0144882 -3.14159
1010011010 0.00575638 0
1010011011 0.0272827 -3.14159
1010011100 0.0149536 0
1010011101 0.00181293 0
1010011110 0.0102463 -3.14159
1010011111 0.0166321 -3.14159
1010100000 0.0296783 -3.14159
1010100001 0.0125732 -3.14159
1010100010 0.0507507 -3.14159
1010100011 0.0152206 -3.14159
1010100100 0.0138702 0
1010100101 0.00902557 0
1010100110 0.0192871 -3.14159
1010100111 0.0296173 -3.14159
1010101000 0.0214386 0
1010101001 0.0231934 0
1010101010 0.00969696 -3.14159
1010101011 0.008461 -3.14159
1010101100 0.0417786 0
1010101101 0.0117645 -3.14159
1010101110 0.00279999 0
1010101111 0.0148239 0
1010110000 0.0368652 0
1010110001 0.0368652 -3.14159
1010110010 0.00575256 0
1010110011 0.0286255 -3.14159
1010110100 0.0189667 -3.14159
1010110101 0.0381165 0
1010110110 0.000124097 -3.14159
1010110111 0.00278473 0
1010111000 0.000576496 -3.14159
1010111001 0.0143585 -3.14159
1010111010 0.0359802 -3.14159
1010111011 0.00479126 -3.14159
1010111100 0.0208893 0
1010111101 0.0290375 0
1010111110 0.0218201 -3.14159
1010111111 0.0175323 0
1011000000 0.0379944 -3.14159
1011000001 0.0324402 0
1011000010 0.0229797 0
1011000011 0.0220947 -3.14159
1011000100 0.0201569 -3.14159
1011000101 0.0212708 0
1011000110 0.00811768 -3.14159
1011000111 0.00291252 -3.14159
1011001000 0.00338173 -3.14159
1011001001 0.0492859 -3.14159
1011001010 0.0361633 -3.14159
1011001011 0.0179138 -3.14159
1011001100 0.056427 -3.14159
1011001101 0.0216064 -3.14159
1011001110 0.027359 0
1011001111 0.0261688 -3.14159
1011010000 0.00145054 0
1011010001 0.0314331 -3.14159
1011010010 0.00252914 -3.14159
1011010011 0.0276642 0
1011010100 0.0163574 -3.14159
1011010101 0.0139008 0
1011010110 0.02948 0
1011010111 0.0200348 0
1011011000 0.00638199 0
1011011001 0.0167084 0
1011011010 0.00694275 -3.14159
1011011011 0.0241547 -3.14159
1011011100 0.00014329 -3.14159
1011011101 0.0247345 0
1011011110 1.44839e-05 -3.14159
1011011111 0.00914764 0
1011100000 0.0206604 -3.14159
1011100001 0.0430908 -3.14159
1011100010 0.0346069 0
1011100011 0.000621319 -3.14159
1011100100 0.0243683 0
1011100101 0.0308838 0
1011100110 0.00528336 0
1011100111 0.0260468 -3.14159
1011101000 0.0760498 -3.14159
1011101001 0.00871277 -3.14159
1011101010 0.0527344 -3.14159
1011101011 0.0196838 0
1011101100 0.00636673 0
1011101101 0.012558 0
1011101110 0.0239258 -3.14159
1011101111 0.052124 0
1011110000 0.0585632 -3.14159
1011110001 0.0114975 -3.14159
1011110010 0.00121403 -3.14159
1011110011 0.00914001 0
1011110100 0.0145874 -3.14159
1011110101 0.022644 0
1011110110 0.0206757 -3.14159
1011110111 0.0401917 0
1011111000 0.0159149 0
1011111001 0.00392151 0
1011111010 0.0409851 -3.14159
1011111011 0.0748901 0
1011111100 0.0134048 -3.14159
1011111101 0.00251007 0
1011111110 0.0610962 0
1011111111 0.0163727 0
1100000000 0.0142059 0
1100000001 0.0279388 0
1100000010 0.0371399 -3.14159
1100000011 0.0570679 -3.14159
1100000100 0.0290833 -3.14159
1100000101 0.0774536 0
1100000110 0.0056572 0
1100000111 0.00598907 0
1100001000 0.052002 -3.14159
1100001001 0.0214233 -3.14159
1100001010 0.00555801 0
1100001011 0.0166626 0
1100001100 0.00824738 -3.14159
1100001101 0.00281334 0
1100001110 0.0577393 -3.14159
1100001111 0.0632324 0
1100010000 0.0196991 -3.14159
1100010001 0.00286484 -3.14159
1100010010 0.0492249 0
1100010011 0.029068 -3.14159
1100010100 0.0362244 -3.14159
1100010101 0.00252151 0
1100010110 0.0177917 0
1100010111 0.0968628 0
1100011000 0.0925903 -3.14159
1100011001 0.0129242 0
1100011010 0.0175934 -3.14159
1100011011 0.0532532 0
1100011100 0.0367737 0
1100011101 0.0316162 0
1100011110 0.0158997 0
1100011111 0.0341797 -3.14159
1100100000 0.0474548 0
1100100001 0.0528259 0
1100100010 0.00381088 -3.14159
1100100011 0.0343933 0
1100100100 0.00290489 0
1100100101 0.0665283 -3.14159
1100100110 0.0328064 0
1100100111 0.0176849 -3.14159
1100101000 0.0416565 0
1100101001 0.0246429 0
1100101010 0.00804138 -3.14159
1100101011 0.00181961 -3.14159
1100101100 0.0044899 -3.14159
1100101101 0.00566483 0
1100101110 0.0534668 0
1100101111 0.0152206 0
1100110000 0.0109863 0
1100110001 0.0583496 -3.14159
1100110010 0.0303192 -3.14159
1100110011 0.0367126 0
1100110100 0.0236969 0
1100110101 0.00394058 0
1100110110 0.0221558 0
1100110111 0.0144882 -3.14159
1100111000 0.0241699 -3.14159
1100111001 0.0955811 -3.14159
1100111010 0.0114059 0
1100111011 0.0396118 -3.14159
1100111100 0.0297089 -3.14159
1100111101 0.0111008 0
1100111110 0.0230255 -3.14159
1100111111 0.0388489 -3.14159
1101000000 0.0772705 -3.14159
1101000001 0.0176544 0
1101000010 0.00732803 -3.14159
1101000011 0.00937653 -3.14159
1101000100 0.0517578 0
1101000101 0.00382233 0
1101000110 0.0314331 -3.14159
1101000111 0.0720825 0
1101001000 0.0166626 0
1101001001 0.0605774 0
1101001010 0.0274811 0
1101001011 0.0227203 0
1101001100 0.0243988 -3.14159
1101001101 0.0152588 0
1101001110 0.0488281 0
1101001111 0.0401001 0
1101010000 0.0203247 -3.14159
1101010001 0.0164642 -3.14159
1101010010 0.0189972 -3.14159
1101010011 0.0480347 -3.14159
1101010100 0.0382385 0
1101010101 0.00935364 -3.14159
1101010110 0.0499573 -3.14159
1101010111 0.0149231 0
1101011000 0.059021 -3.14159
1101011001 0.00277138 0
1101011010 0.0164032 0
1101011011 0.03479 -3.14159
1101011100 0.00969696 0
1101011101 0.0240326 -3.14159
1101011110 0.00499725 -3.14159
1101011111 0.0510559 -3.14159
1101100000 0.069397 0
1101100001 0.0291138 0
1101100010 0.0175476 -3.14159
1101100011 0.00486755 -3.14159
1101100100 0.00371361 -3.14159
1101100101 0.0346985 -3.14159
1101100110 0.00166416 -3.14159
1101100111 0.0242004 -3.14159
1101101000 0.00106144 -3.14159
1101101001 0.00308228 0
1101101010 0.0136642 0
1101101011 0.000652313 -3.14159
1101101100 0.0302734 -3.14159
1101101101 0.00725174 -3.14159
1101101110 0.0266266 -3.14159
1101101111 0.0110703 -3.14159
1101110000 0.0194092 0
1101110001 0.0393982 0
1101110010 0.00888824 -3.14159
1101110011 0.0395813 -3.14159
1101110100 0.00224113 -3.14159
1101110101 0.0333862 -3.14159
1101110110 0.0119324 -3.14159
1101110111 0.0114212 0
1101111000 0.0052948 0
1101111001 0.000133514 0
1101111010 0.0121689 0
1101111011 0.019165 -3.14159
1101111100 0.00926971 0
1101111101 0.0207214 -3.14159
1101111110 0.0316162 -3.14159
1101111111 0.06604 0
1110000000 0.0516357 -3.14159
1110000001 0.0127182 -3.14159
1110000010 0.058075 0
1110000011 0.0582275 0
1110000100 0.0502625 0
1110000101 0.0623169 0
1110000110 0.0262756 -3.14159
1110000111 0.0199127 0
1110001000 0.000588894 -3.14159
1110001001 0.0190887 0
1110001010 0.057251 0
1110001011 0.0536499 -3.14159
1110001100 0.00487137 0
1110001101 0.00176334 0
1110001110 0.00401306 0
1110001111 0.0113373 -3.14159
1110010000 0.0241241 0
1110010001 0.0570984 -3.14159
1110010010 0.0189819 -3.14159
1110010011 0.000650406 0
1110010100 0.0406799 -3.14159
1110010101 0.0345154 -3.14159
1110010110 0.0102615 0
1110010111 0.0668945 -3.14159
1110011000 0.0140915 0
1110011001 9.07779e-05 0
1110011010 0.0311432 -3.14159
1110011011 0.0241547 -3.14159
1110011100 0.0243073 0
1110011101 0.0233154 -3.14159
1110011110 0.0072937 0
1110011111 0.0127258 0
1110100000 0.000599384 -3.14159
1110100001 0.0135422 0
1110100010 0.0454407 0
1110100011 0.023407 -3.14159
1110100100 0.0537415 0
1110100101 0.046875 0
1110100110 0.0279388 -3.14159
1110100111 0.00568008 0
1110101000 0.0151596 -3.14159
1110101001 0.00348854 0
1110101010 0.00183773 -3.14159
1110101011 0.0214691 0
1110101100 0.031311 -3.14159
1110101101 0.0224915 0
1110101110 0.0357666 -3.14159
1110101111 0.0437927 -3.14159
1110110000 0.0162506 -3.14159
1110110001 0.00646591 0
1110110010 0.0552368 -3.14159
1110110011 0.0440369 -3.14159
1110110100 0.0216217 -3.14159
1110110101 0.0650024 0
1110110110 0.0107651 -3.14159
1110110111 0.0106735 0
1110111000 0.0155258 0
1110111001 0.0475464 0
1110111010 0.0494385 0
1110111011 0.0184937 0
1110111100 0.0116043 -3.14159
1110111101 0.00427628 -3.14159
1110111110 0.0140381 -3.14159
1110111111 0.0258484 0
1111000000 0.0118561 0
1111000001 0.0620422 0
1111000010 0.0422363 0
1111000011 0.0271149 -3.14159
1111000100 0.00688171 0
1111000101 0.0527344 -3.14159
1111000110 0.0111313 -3.14159
1111000111 0.00769424 0
1111001000 0.0454407 0
1111001001 0.0243988 0
1111001010 0.00180054 -3.14159
1111001011 0.0242615 -3.14159
1111001100 0.0582886 0
1111001101 0.0836792 0
1111001110 0.0212097 -3.14159
1111001111 0.00785065 0
1111010000 0.00307465 -3.14159
1111010001 0.00103283 -3.14159
1111010010 0.00646591 -3.14159
1111010011 0.0233459 -3.14159
1111010100 0.0152359 -3.14159
1111010101 0.00058651 -3.14159
1111010110 0.0700684 0
1111010111 0.0155411 0
1111011000 0.0389404 0
1111011001 0.0118256 -3.14159
1111011010 0.00596619 0
1111011011 0.0109787 0
1111011100 0.00814819 -3.14159
1111011101 0.0274506 0
1111011110 0.00311089 0
1111011111 0.00307465 -3.14159
1111100000 0.0685425 0
1111100001 0.0276489 -3.14159
1111100010 0.0190125 -3.14159
1111100011 0.0338135 0
1111100100 0.0702515 -3.14159
1111100101 0.00403976 -3.14159
1111100110 0.0934448 -3.14159
1111100111 0.0456543 -3.14159
1111101000 0.000901222 -3.14159
1111101001 0.0337524 -3.14159
1111101010 0.0571899 -3.14159
1111101011 0.0899048 0
1111101100 0.0665283 0
1111101101 0.00704956 -3.14159
1111101110 0.0163727 0
1111101111 0.024826 0
1111110000 0.010994 0
1111110001 0.00889587 0
1111110010 0.059021 -3.14159
1111110011 0.00194645 -3.14159
1111110100 0.0148697 0
1111110101 0.0135269 0
1111110110 0.0203857 0
1111110111 0.0213013 0
1111111000 0.00488281 0
1111111001 0.0558472 -3.14159
1111111010 0.00460434 0
1111111011 0.0406799 -3.14159
1111111100 0.00571442 -3.14159
1111111101 0.0304413 0
1111111110 0.0125656 -3.14159
1111111111 0.0233307 -3.14159
