0000000000 0.0311737 0
0000000001 0.0323486 0
0000000010 0.00716019 -3.14159
0000000011 0.00445175 -3.14159
0000000100 0.0214386 0
0000000101 0.00984955 0
0000000110 0.0342712 -3.14159
0000000111 0.0309753 -3.14159
0000001000 0.0276489 0
0000001001 0.0287933 0
0000001010 0.0155869 -3.14159
0000001011 0.0375977 0
0000001100 0.0128174 -3.14159
0000001101 0.0231628 0
0000001110 0.000315905 0
0000001111 0.0348511 0
0000010000 0.0106201 0
0000010001 0.0268555 -3.14159
0000010010 0.0132294 -3.14159
0000010011 0.000187993 -3.14159
0000010100 0.0343628 -3.14159
0000010101 0.044281 0
0000010110 0.0202332 -3.14159
0000010111 0.0400696 0
0000011000 0.0324707 0
0000011001 0.050415 -3.14159
0000011010 0.018219 -3.14159
0000011011 0.0274963 -3.14159
0000011100 0.0386047 -3.14159
0000011101 0.00475693 -3.14159
0000011110 0.00823975 0
0000011111 0.00551605 -3.14159
0000100000 0.0714111 -3.14159
0000100001 0.0285034 -3.14159
0000100010 0.0535278 -3.14159
0000100011 0.0347595 -3.14159
0000100100 0.0203857 0
0000100101 0.0234222 -3.14159
0000100110 0.00271416 -3.14159
0000100111 0.0201721 -3.14159
0000101000 0.00288963 -3.14159
0000101001 0.00511932 -3.14159
0000101010 0.0297699 -3.14159
0000101011 0.00418472 0
0000101100 0.0627441 -3.14159
0000101101 0.00944519 0
0000101110 0.0346069 -3.14159
0000101111 0.0203705 -3.14159
0000110000 0.0336914 0
0000110001 0.0748901 -3.14159
0000110010 0.0499573 -3.14159
0000110011 0.00396729 0
0000110100 0.0218964 -3.14159
0000110101 0.0258179 -3.14159
0000110110 0.0111694 -3.14159
0000110111 0.040741 0
0000111000 0.0261383 -3.14159
0000111001 0.0134277 0
0000111010 0.0141983 -3.14159
0000111011 0.0485535 -3.14159
0000111100 0.0318298 0
0000111101 0.0113144 0
0000111110 0.0111542 0
0000111111 0.00624084 0
0001000000 0.0609436 0
0001000001 0.0324707 0
0001000010 0.0171661 -3.14159
0001000011 0.000454426 -3.14159
0001000100 0.019516 -3.14159
0001000101 0.0221863 -3.14159
0001000110 0.00784302 -3.14159
0001000111 0.00119591 0
0001001000 0.0337524 -3.14159
0001001001 0.0178986 0
0001001010 0.0052948 -3.14159
0001001011 0.00531006 -3.14159
0001001100 0.0291443 -3.14159
0001001101 0.00426102 0
0001001110 0.0176239 0
0001001111 0.00232506 0
0001010000 0.00806427 -3.14159
0001010001 0.0585632 -3.14159
0001010010 0.0310364 -3.14159
0001010011 0.00888062 0
0001010100 0.00662231 -3.14159
0001010101 0.0131226 -3.14159
0001010110 0.0299225 0
0001010111 0.00598145 0
0001011000 0.00487518 -3.14159
0001011001 0.0294342 0
0001011010 0.0177155 0
0001011011 0.0133438 0
0001011100 0.0526733 0
0001011101 0.0147552 -3.14159
0001011110 0.0174103 -3.14159
0001011111 0.0240173 0
0001100000 0.0438843 -3.14159
0001100001 0.0330505 -3.14159
0001100010 0.0464478 -3.14159
0001100011 0.00449371 0
0001100100 0.0437317 -3.14159
0001100101 0.0108719 0
0001100110 0.0487671 -3.14159
0001100111 0.0074501 0
0001101000 0.00801086 -3.14159
0001101001 0.0935059 0
0001101010 0.0261993 -3.14159
0001101011 0.00576401 -3.14159
0001101100 0.0194244 0
0001101101 0.0392456 -3.14159
0001101110 0.0234375 0
0001101111 0.0204315 -3.14159
0001110000 0.0465088 -3.14159
0001110001 0.0180817 -3.14159
0001110010 0.0497742 -3.14159
0001110011 0.0151825 0
0001110100 0.00593567 0
0001110101 0.0244293 0
0001110110 0.00282669 0
0001110111 0.0132904 -3.14159
0001111000 0.0599365 -3.14159
0001111001 0.016098 0
0001111010 0.036377 -3.14159
0001111011 0.0379944 -3.14159
0001111100 0.00110054 -3.14159
0001111101 0.0118179 0
0001111110 0.0196075 0
0001111111 0.0128021 -3.14159
0010000000 0.0155029 0
0010000001 0.0277405 -3.14159
0010000010 0.00771332 0
0010000011 0.0348816 -3.14159
0010000100 0.0052948 -3.14159
0010000101 0.012886 -3.14159
0010000110 0.0405579 0
0010000111 0.0174713 -3.14159
0010001000 0.0211334 0
0010001001 0.0290375 0
0010001010 0.0290375 0
0010001011 0.0138855 0
0010001100 0.026001 0
0010001101 0.00431442 0
0010001110 0.0308533 0
0010001111 0.0182037 -3.14159
0010010000 0.0198364 -3.14159
0010010001 0.0146332 -3.14159
0010010010 0.000576973 0
0010010011 0.0190582 -3.14159
0010010100 0.00269699 -3.14159
0010010101 0.0469971 0
0010010110 0.00634384 0
0010010111 0.0386963 0
0010011000 0.0175781 0
0010011001 0.000345707 0
0010011010 0.00592041 -3.14159
0010011011 0.00174713 0
0010011100 0.0493774 -3.14159
0010011101 0.0264893 0
0010011110 0.0410461 -3.14159
0010011111 0.000822544 0
0010100000 0.00539017 -3.14159
0010100001 0.046814 -3.14159
0010100010 0.043335 0
0010100011 0.00361824 0
0010100100 0.00474548 -3.14159
0010100101 0.0311279 -3.14159
0010100110 0.014473 -3.14159
0010100111 0.0197906 0
0010101000 0.0075798 0
0010101001 0.0572815 0
0010101010 0.0257568 0
0010101011 0.0172729 0
0010101100 0.0104675 -3.14159
0010101101 0.0342102 0
0010101110 0.013649 0
0010101111 0.0209045 0
0010110000 0.00443649 0
0010110001 0.0349121 -3.14159
0010110010 0.0041275 -3.14159
0010110011 0.0565186 0
0010110100 0.0565491 0
0010110101 0.0327454 -3.14159
0010110110 0.0181274 0
0010110111 0.0193634 -3.14159
0010111000 0.0184631 0
0010111001 0.0433655 -3.14159
0010111010 0.00319672 -3.14159
0010111011 0.0306854 0
0010111100 0.0553894 0
0010111101 0.0261383 -3.14159
0010111110 0.0150833 -3.14159
0010111111 0.0716553 -3.14159
0011000000 0.0118866 0
0011000001 0.012001 -3.14159
0011000010 0.0130463 0
0011000011 0.00349236 0
0011000100 0.0307312 0
0011000101 0.00133801 -3.14159
0011000110 0.00452423 0
0011000111 0.00733566 -3.14159
0011001000 0.00315094 0
0011001001 0.0175171 -3.14159
0011001010 0.00878143 -3.14159
0011001011 0.00281906 0
0011001100 0.0270233 -3.14159
0011001101 0.0258179 -3.14159
0011001110 0.00973511 0
0011001111 0.026947 0
0011010000 0.020813 0
0011010001 0.00304794 0
0011010010 0.0109787 0
0011010011 0.0166473 -3.14159
0011010100 0.0092926 -3.14159
0011010101 0.0111008 -3.14159
0011010110 0.0509033 -3.14159
0011010111 0.0487366 0
0011011000 0.00126648 0
0011011001 0.0441895 0
0011011010 0.0280609 0
0011011011 0.0266876 -3.14159
0011011100 0.0436401 -3.14159
0011011101 0.029953 -3.14159
0011011110 0.0550232 -3.14159
0011011111 0.0223389 0
0011100000 0.0249481 0
0011100001 0.0226288 0
0011100010 0.00701523 0
0011100011 0.0331726 -3.14159
0011100100 0.00716782 0
0011100101 0.00337791 -3.14159
0011100110 0.0135498 -3.14159
0011100111 0.0221863 -3.14159
0011101000 0.0354919 -3.14159
0011101001 0.000929832 -3.14159
0011101010 0.0510254 -3.14159
0011101011 0.00447845 -3.14159
0011101100 0.0183258 -3.14159
0011101101 0.0302734 -3.14159
0011101110 0.002388 0
0011101111 0.0897827 0
0011110000 0.0141144 0
0011110001 0.011673 0
0011110010 0.0392456 0
0011110011 0.0379333 -3.14159
0011110100 0.0148239 -3.14159
0011110101 0.000501156 -3.14159
0011110110 0.00731659 -3.14159
0011110111 0.00424957 0
0011111000 0.076416 0
0011111001 0.0201721 0
0011111010 0.0292358 -3.14159
0011111011 0.00209045 0
0011111100 0.0203857 -3.14159
0011111101 0.0141907 0
0011111110 0.00342751 0
0011111111 0.0358582 0
0100000000 0.0737305 0
0100000001 0.0324402 0
0100000010 0.00213242 -3.14159
0100000011 0.0312805 0
0100000100 0.0434875 -3.14159
0100000101 0.031311 -3.14159
0100000110 0.0262451 0
0100000111 0.0164795 0
0100001000 0.00830078 -3.14159
0100001001 0.0359802 -3.14159
0100001010 0.00322151 0
0100001011 0.0338135 -3.14159
0100001100 0.0267639 -3.14159
0100001101 0.00548553 0
0100001110 0.00186539 -3.14159
0100001111 0.000801563 -3.14159
0100010000 0.0172272 0
0100010001 0.0461426 -3.14159
0100010010 0.00938416 -3.14159
0100010011 0.0176086 -3.14159
0100010100 0.0100861 0
0100010101 0.0192108 -3.14159
0100010110 0.00898743 0
0100010111 0.0215607 -3.14159
0100011000 0.00169373 -3.14159
0100011001 0.0145721 0
0100011010 0.00978088 -3.14159
0100011011 0.0682373 -3.14159
0100011100 0.00598526 -3.14159
0100011101 0.0370178 0
0100011110 0.0378418 -3.14159
0100011111 0.0134125 0
0100100000 0.00888062 -3.14159
0100100001 0.0190582 -3.14159
0100100010 0.0331421 0
0100100011 0.0131683 0
0100100100 0.00341606 -3.14159
0100100101 0.0431213 0
0100100110 0.0395508 -3.14159
0100100111 0.0196228 -3.14159
0100101000 0.0258026 0
0100101001 0.0491333 -3.14159
0100101010 0.0657959 0
0100101011 0.032074 -3.14159
0100101100 0.0340881 0
0100101101 0.0586243 -3.14159
0100101110 0.041626 0
0100101111 0.0144501 -3.14159
0100110000 0.0339966 0
0100110001 0.0265656 -3.14159
0100110010 0.015625 -3.14159
0100110011 0.0223389 -3.14159
0100110100 0.00670242 0
0100110101 0.0351562 0
0100110110 0.00313377 -3.14159
0100110111 0.00714874 0
0100111000 0.033905 -3.14159
0100111001 0.0682373 -3.14159
0100111010 0.0585632 -3.14159
0100111011 0.0288696 -3.14159
0100111100 0.0181427 -3.14159
0100111101 0.0258179 -3.14159
0100111110 0.055481 0
0100111111 0.011467 0
0101000000 0.0101013 -3.14159
0101000001 0.0103683 0
0101000010 0.0405579 -3.14159
0101000011 0.00875092 -3.14159
0101000100 0.00769424 -3.14159
0101000101 0.0340881 0
0101000110 0.000646114 -3.14159
0101000111 0.00833893 -3.14159
0101001000 0.0126801 0
0101001001 0.0452576 -3.14159
0101001010 0.00484467 0
0101001011 0.0520325 0
0101001100 0.00205612 0
0101001101 0.00645447 0
0101001110 0.00855255 0
0101001111 0.0203094 0
0101010000 0.0260468 0
0101010001 0.0207672 0
0101010010 0.0440369 0
0101010011 0.0681152 -3.14159
0101010100 0.0222473 0
0101010101 0.0460815 0
0101010110 0.00663376 0
0101010111 0.0199738 0
0101011000 0.0141373 0
0101011001 0.0112152 -3.14159
0101011010 0.0340271 -3.14159
0101011011 0.0525818 -3.14159
0101011100 0.0275116 -3.14159
0101011101 0.0314636 0
0101011110 0.00447845 0
0101011111 0.0331421 0
0101100000 0.0100784 0
0101100001 0.0440063 -3.14159
0101100010 0.00885773 -3.14159
0101100011 0.02388 -3.14159
0101100100 0.0131607 -3.14159
0101100101 0.0121307 -3.14159
0101100110 0.032074 -3.14159
0101100111 0.01091 -3.14159
0101101000 0.0569153 -3.14159
0101101001 0.0116425 -3.14159
0101101010 0.0464172 0
0101101011 0.04422 0
0101101100 0.00374603 -3.14159
0101101101 0.0223083 -3.14159
0101101110 0.0117416 -3.14159
0101101111 0.0180817 0
0101110000 0.0490112 -3.14159
0101110001 0.0316772 -3.14159
0101110010 0.00379181 -3.14159
0101110011 0.0300903 0
0101110100 0.0540466 0
0101110101 0.0346069 0
0101110110 0.0241852 0
0101110111 0.0151367 -3.14159
0101111000 0.0324097 0
0101111001 0.0325623 0
0101111010 0.0288696 0
0101111011 0.0308838 -3.14159
0101111100 0.0565186 -3.14159
0101111101 0.0190887 0
0101111110 0.0338135 0
0101111111 0.0605469 0
0110000000 0.00687408 -3.14159
0110000001 0.0262451 0
0110000010 0.0469055 -3.14159
0110000011 0.0503235 0
0110000100 0.0925293 -3.14159
0110000101 0.00188732 0
0110000110 0.0270844 0
0110000111 0.0243225 0
0110001000 0.0161591 -3.14159
0110001001 0.0157318 -3.14159
0110001010 0.00880432 -3.14159
0110001011 0.0121994 -3.14159
0110001100 0.00329018 -3.14159
0110001101 0.0286713 -3.14159
0110001110 0.0496216 0
0110001111 0.00458527 0
0110010000 0.0458679 0
0110010001 0.0308533 -3.14159
0110010010 0.0214539 -3.14159
0110010011 0.0217285 0
0110010100 0.0525818 -3.14159
0110010101 0.059845 -3.14159
0110010110 0.00376892 0
0110010111 0.0523376 0
0110011000 0.0184326 0
0110011001 0.0618591 -3.14159
0110011010 0.0024128 0
0110011011 0.0484009 0
0110011100 2.67625e-05 -3.14159
0110011101 0.00319099 0
0110011110 0.0130463 0
0110011111 0.000343323 0
0110100000 0.0529785 0
0110100001 0.013504 -3.14159
0110100010 0.0344238 0
0110100011 0.0139465 -3.14159
0110100100 0.0218658 0
0110100101 0.0333252 0
0110100110 0.0202332 0
0110100111 0.0137939 -3.14159
0110101000 0.0157776 -3.14159
0110101001 0.02388 -3.14159
0110101010 0.00137424 0
0110101011 0.0367432 -3.14159
0110101100 0.0331421 -3.14159
0110101101 0.0167999 0
0110101110 0.0258942 -3.14159
0110101111 0.00892639 0
0110110000 0.0166779 0
0110110001 0.0471191 -3.14159
0110110010 0.0494995 0
0110110011 0.0315247 -3.14159
0110110100 0.0328369 0
0110110101 0.0230713 0
0110110110 0.0265656 0
0110110111 0.0286713 0
0110111000 0.0145416 -3.14159
0110111001 0.000417233 0
0110111010 0.0025959 0
0110111011 0.0579834 0
0110111100 0.0102463 -3.14159
0110111101 0.00973511 -3.14159
0110111110 0.0402222 -3.14159
0110111111 0.0122757 -3.14159
0111000000 0.00471115 0
0111000001 0.0587158 -3.14159
0111000010 0.0211639 0
0111000011 0.0207977 -3.14159
0111000100 0.00274658 -3.14159
0111000101 0.00807953 0
0111000110 0.000401258 0
0111000111 0.00705719 -3.14159
0111001000 0.0273438 0
0111001001 0.0575867 0
0111001010 0.0116196 0
0111001011 0.0114441 0
0111001100 0.0326538 -3.14159
0111001101 0.0371399 -3.14159
0111001110 0.0718994 0
0111001111 0.0448608 0
0111010000 0.0509644 0
0111010001 0.0458679 0
0111010010 0.0147934 -3.14159
0111010011 0.0457764 0
0111010100 0.0054512 -3.14159
0111010101 0.0168457 -3.14159
0111010110 0.00476456 -3.14159
0111010111 0.0198059 -3.14159
0111011000 0.0222168 0
0111011001 0.00716782 -3.14159
0111011010 0.00590134 -3.14159
0111011011 0.00667572 -3.14159
0111011100 0.0228882 0
0111011101 0.0479126 0
0111011110 0.00650024 -3.14159
0111011111 0.0248108 -3.14159
0111100000 0.00396347 0
0111100001 0.00933075 0
0111100010 0.0118484 0
0111100011 0.0244141 0
0111100100 0.0318298 0
0111100101 0.0311737 -3.14159
0111100110 0.0376892 -3.14159
0111100111 0.0396423 -3.14159
0111101000 0.0588684 -3.14159
0111101001 0.0066452 -3.14159
0111101010 0.0176239 -3.14159
0111101011 0.037384 -3.14159
0111101100 0.0211182 -3.14159
0111101101 0.00953674 -3.14159
0111101110 0.000908852 0
0111101111 0.0166626 0
0111110000 0.00255394 -3.14159
0111110001 0.0258942 -3.14159
0111110010 0.0470886 0
0111110011 0.0345459 -3.14159
0111110100 0.0312042 0
0111110101 0.00876617 0
0111110110 0.0333862 -3.14159
0111110111 0.0206757 0
0111111000 0.0577393 -3.14159
0111111001 0.0295868 0
0111111010 0.00692368 -3.14159
0111111011 0.00614548 0
0111111100 0.0274658 -3.14159
0111111101 0.0157166 0
0111111110 0.02005 -3.14159
0111111111 0.0223083 0
1000000000 0.00843048 -3.14159
1000000001 0.0444946 -3.14159
1000000010 0.0325317 -3.14159
1000000011 0.0187225 0
1000000100 0.0317688 0
1000000101 0.0336609 0
1000000110 0.014679 0
1000000111 0.000930309 0
1000001000 0.0100555 -3.14159
1000001001 0.0040741 0
1000001010 0.0104523 0
1000001011 0.0654907 -3.14159
1000001100 0.0136261 -3.14159
1000001101 0.0561218 -3.14159
1000001110 0.0369568 -3.14159
1000001111 0.0102386 -3.14159
1000010000 0.00378036 0
1000010001 0.0480042 -3.14159
1000010010 0.0118103 0
1000010011 0.0196075 0
1000010100 0.00444412 -3.14159
1000010101 0.00244522 -3.14159
1000010110 0.0369568 0
1000010111 0.0120239 0
1000011000 0.0375977 0
1000011001 0.0513916 0
1000011010 0.0491333 -3.14159
1000011011 0.0231781 0
1000011100 0.0108795 0
1000011101 0.00418091 0
1000011110 0.0237732 0
1000011111 0.0127869 -3.14159
1000100000 0.0501404 -3.14159
1000100001 0.0261993 -3.14159
1000100010 0.027771 0
1000100011 0.00402451 -3.14159
1000100100 0.0134277 0
1000100101 0.0336914 -3.14159
1000100110 0.0136032 0
1000100111 0.0419006 0
1000101000 0.00113869 0
1000101001 0.0149384 -3.14159
1000101010 0.0160828 -3.14159
1000101011 0.0235596 -3.14159
1000101100 0.00554276 -3.14159
1000101101 0.00958252 0
1000101110 0.0418396 0
1000101111 0.0490417 0
1000110000 0.000626564 -3.14159
1000110001 0.0198669 0
1000110010 0.00880432 -3.14159
1000110011 0.0083847 -3.14159
1000110100 0.0424805 -3.14159
1000110101 0.038147 0
1000110110 0.0793457 -3.14159
1000110111 0.015976 0
1000111000 0.0093689 0
1000111001 0.0338745 -3.14159
1000111010 0.056427 0
1000111011 0.00143242 0
1000111100 0.00164604 0
1000111101 0.0333252 0
1000111110 0.017868 -3.14159
1000111111 0.00251961 0
1001000000 0.022995 0
1001000001 0.000634193 0
1001000010 0.0110703 0
1001000011 0.00948334 -3.14159
1001000100 0.000914574 -3.14159
1001000101 0.0131454 0
1001000110 0.0433655 -3.14159
1001000111 0.0444336 -3.14159
1001001000 0.00569534 -3.14159
1001001001 0.0134048 0
1001001010 0.0158691 -3.14159
1001001011 0.0129395 0
1001001100 0.0129013 0
1001001101 0.0179138 -3.14159
1001001110 0.015976 -3.14159
1001001111 0.0283508 0
1001010000 0.023056 0
1001010001 0.0243683 -3.14159
1001010010 0.0237122 -3.14159
1001010011 0.00100327 -3.14159
1001010100 0.0171814 -3.14159
1001010101 0.0509033 -3.14159
1001010110 0.0335388 0
1001010111 0.0276489 -3.14159
1001011000 0.000384808 -3.14159
1001011001 0.0426941 0
1001011010 0.0273438 -3.14159
1001011011 0.0379639 0
1001011100 0.0256348 -3.14159
1001011101 0.0421143 -3.14159
1001011110 0.0585632 -3.14159
1001011111 0.00662231 0
1001100000 0.0211334 0
1001100001 0.017334 0
1001100010 0.0394897 -3.14159
1001100011 0.01828 0
1001100100 0.0396423 -3.14159
1001100101 0.00231934 -3.14159
1001100110 0.074707 0
1001100111 0.065918 0
1001101000 0.0221558 -3.14159
1001101001 0.00725555 -3.14159
1001101010 0.02742 0
1001101011 0.0379944 0
1001101100 0.0435486 0
1001101101 0.00301933 -3.14159
1001101110 0.0212097 -3.14159
1001101111 0.0241852 -3.14159
1001110000 0.0635986 0
1001110001 0.0433655 -3.14159
1001110010 0.0205536 0
1001110011 0.0232697 0
1001110100 0.0258179 -3.14159
1001110101 0.0297699 -3.14159
1001110110 0.037323 -3.14159
1001110111 0.0113754 0
1001111000 0.0527344 0
1001111001 0.0143509 0
1001111010 0.0280609 0
1001111011 0.0369263 0
1001111100 0.0129013 -3.14159
1001111101 0.00172806 0
1001111110 0.0411682 -3.14159
1001111111 0.00826263 0
1010000000 0.0203705 0
1010000001 0.00537491 -3.14159
1010000010 0.0312042 0
1010000011 0.0130081 -3.14159
1010000100 0.034729 0
1010000101 0.00811005 -3.14159
1010000110 0.0374451 -3.14159
1010000111 0.037323 -3.14159
1010001000 0.0130005 -3.14159
1010001001 0.00919342 -3.14159
1010001010 0.00926208 0
1010001011 0.0122604 0
1010001100 0.0300446 0
1010001101 0.0104523 -3.14159
1010001110 0.0216217 0
1010001111 0.040863 0
1010010000 0.0515137 0
1010010001 0.0152817 -3.14159
1010010010 0.0490112 -3.14159
1010010011 0.0336914 0
1010010100 0.0175018 -3.14159
1010010101 0.00919342 0
1010010110 0.0020504 -3.14159
1010010111 0.0365906 -3.14159
1010011000 0.057251 0
1010011001 0.0230713 -3.14159
1010011010 0.00875854 -3.14159
1010011011 0.0230713 -3.14159
1010011100 0.012146 0
1010011101 0.0189362 -3.14159
1010011110 0.0121002 0
1010011111 0.00378609 0
1010100000 0.0227814 -3.14159
1010100001 0.0201263 -3.14159
1010100010 0.032074 -3.14159
1010100011 0.0313416 -3.14159
1010100100 0.0010128 0
1010100101 0.00550079 -3.14159
1010100110 0.00104141 -3.14159
1010100111 0.0318604 -3.14159
1010101000 0.0146408 0
1010101001 0.0409546 0
1010101010 0.0426636 -3.14159
1010101011 0.0176239 0
1010101100 0.0267334 0
1010101101 0.0110245 -3.14159
1010101110 0.0235596 0
1010101111 0.0208588 0
1010110000 0.0510254 0
1010110001 0.0515137 -3.14159
1010110010 0.0272064 0
1010110011 0.040802 -3.14159
1010110100 0.0196838 -3.14159
1010110101 0.0114594 0
1010110110 0.00324059 -3.14159
1010110111 0.0242615 0
1010111000 0.0183868 0
1010111001 0.042572 -3.14159
1010111010 0.0349426 -3.14159
1010111011 0.0432434 -3.14159
1010111100 0.00857544 -3.14159
1010111101 0.0254517 0
1010111110 0.0714722 -3.14159
1010111111 0.0301971 0
1011000000 0.065918 -3.14159
1011000001 0.0577393 0
1011000010 0.0236206 0
1011000011 0.0303345 -3.14159
1011000100 0.0198517 -3.14159
1011000101 0.013504 0
1011000110 0.061615 0
1011000111 0.001441 -3.14159
1011001000 0.00576401 -3.14159
1011001001 0.0585327 -3.14159
1011001010 0.041748 -3.14159
1011001011 0.0529175 -3.14159
1011001100 0.0271454 -3.14159
1011001101 0.0304871 -3.14159
1011001110 0.0139084 0
1011001111 0.0462341 -3.14159
1011010000 0.0153427 -3.14159
1011010001 0.0171509 -3.14159
1011010010 0.0143127 -3.14159
1011010011 0.0208282 0
1011010100 0.0128174 -3.14159
1011010101 0.0118332 0
1011010110 0.0523376 0
1011010111 0.0375366 0
1011011000 0.00235367 -3.14159
1011011001 0.0194855 0
1011011010 0.0207367 0
1011011011 0.00566864 -3.14159
1011011100 0.0153046 -3.14159
1011011101 0.0523376 0
1011011110 0.014473 0
1011011111 0.00567627 0
1011100000 0.0132828 -3.14159
1011100001 0.02742 -3.14159
1011100010 0.0531616 0
1011100011 0.0357666 0
1011100100 0.0218811 0
1011100101 0.071106 0
1011100110 0.000693321 0
1011100111 0.0174713 -3.14159
1011101000 0.0665894 -3.14159
1011101001 0.00495148 -3.14159
1011101010 0.0678101 -3.14159
1011101011 0.0114441 0
1011101100 0.00482559 -3.14159
1011101101 0.0231476 0
1011101110 0.0438843 -3.14159
1011101111 0.0500183 0
1011110000 0.0858154 -3.14159
1011110001 0.0172272 -3.14159
1011110010 0.0131226 0
1011110011 0.0155258 0
1011110100 0.0162201 -3.14159
1011110101 0.00593948 0
1011110110 0.013588 0
1011110111 0.0245667 0
1011111000 0.0175323 0
1011111001 0.0146713 0
1011111010 0.00963593 0
1011111011 0.0401001 0
1011111100 0.016449 0
1011111101 0.00519943 -3.14159
1011111110 0.00917053 0
1011111111 0.0151596 0
1100000000 0.0545959 0
1100000001 0.0140381 0
1100000010 0.022522 -3.14159
1100000011 0.0754395 -3.14159
1100000100 0.0280762 -3.14159
1100000101 0.0641479 0
1100000110 0.0177765 -3.14159
1100000111 0.015419 -3.14159
1100001000 0.0292358 -3.14159
1100001001 0.0390625 -3.14159
1100001010 0.00933838 -3.14159
1100001011 0.0236206 -3.14159
1100001100 0.00786591 0
1100001101 0.00774384 0
1100001110 0.0461426 -3.14159
1100001111 0.0317688 0
1100010000 0.027832 -3.14159
1100010001 0.00947571 -3.14159
1100010010 0.0183563 0
1100010011 0.0296478 -3.14159
1100010100 0.0109863 0
1100010101 0.00321007 -3.14159
1100010110 0.00246239 -3.14159
1100010111 0.0576782 0
1100011000 0.0544434 -3.14159
1100011001 0.014534 0
1100011010 0.0182343 -3.14159
1100011011 0.0249481 0
1100011100 0.0272064 0
1100011101 0.026123 0
1100011110 0.000361919 0
1100011111 0.0382996 -3.14159
1100100000 0.0606689 0
1100100001 0.071167 0
1100100010 0.0147552 0
1100100011 0.00346756 -3.14159
1100100100 0.00387001 -3.14159
1100100101 0.0306854 -3.14159
1100100110 0.00344276 0
1100100111 0.0160522 -3.14159
1100101000 0.0512695 0
1100101001 0.0350037 0
1100101010 0.0127258 -3.14159
1100101011 0.0159149 0
1100101100 0.00155735 0
1100101101 0.00535583 -3.14159
1100101110 0.0436401 0
1100101111 0.0479736 0
1100110000 0.00148678 0
1100110001 0.0558777 -3.14159
1100110010 0.0378418 -3.14159
1100110011 0.0334473 0
1100110100 0.0223694 0
1100110101 0.00725555 0
1100110110 0.0113754 0
1100110111 0.00935364 0
1100111000 0.0505066 -3.14159
1100111001 0.102234 -3.14159
1100111010 0.0211029 0
1100111011 0.0217896 -3.14159
1100111100 0.0233154 -3.14159
1100111101 0.0153656 0
1100111110 0.0316467 -3.14159
1100111111 0.0537109 -3.14159
1101000000 0.060791 -3.14159
1101000001 0.00439453 0
1101000010 0.0177612 -3.14159
1101000011 0.000246525 -3.14159
1101000100 0.0595093 0
1101000101 0.0044632 0
1101000110 0.0103531 -3.14159
1101000111 0.0350342 0
1101001000 0.0261688 -3.14159
1101001001 0.0535278 0
1101001010 0.0114059 0
1101001011 0.0276184 0
1101001100 0.0415955 -3.14159
1101001101 0.0136871 0
1101001110 0.00181007 0
1101001111 0.0244904 0
1101010000 0.00772476 -3.14159
1101010001 0.00670242 -3.14159
1101010010 0.00948334 -3.14159
1101010011 0.0369568 -3.14159
1101010100 0.025238 0
1101010101 0.0217743 -3.14159
1101010110 0.0692139 -3.14159
1101010111 0.00904846 -3.14159
1101011000 0.02388 -3.14159
1101011001 0.0238037 0
1101011010 0.0170898 0
1101011011 0.0394287 -3.14159
1101011100 0.0223694 0
1101011101 0.0175323 -3.14159
1101011110 0.00962067 0
1101011111 0.0391541 -3.14159
1101100000 0.0682373 0
1101100001 0.0610352 0
1101100010 0.000432968 0
1101100011 0.0100784 0
1101100100 0.0250092 -3.14159
1101100101 0.000856876 0
1101100110 0.0207367 -3.14159
1101100111 0.00611115 -3.14159
1101101000 0.0388184 -3.14159
1101101001 0.0180817 0
1101101010 0.00785065 0
1101101011 0.0170746 -3.14159
1101101100 0.00593567 -3.14159
1101101101 0.0151596 -3.14159
1101101110 0.024292 -3.14159
1101101111 0.0202332 -3.14159
1101110000 0.0265808 -3.14159
1101110001 0.0528259 0
1101110010 0.0106354 -3.14159
1101110011 0.0158386 -3.14159
1101110100 0.000885963 -3.14159
1101110101 0.0184937 -3.14159
1101110110 0.0031662 -3.14159
1101110111 0.022995 0
1101111000 0.0222473 -3.14159
1101111001 0.0010519 0
1101111010 0.000465155 0
1101111011 0.00639343 -3.14159
1101111100 0.0326843 0
1101111101 0.0671387 -3.14159
1101111110 0.0355225 -3.14159
1101111111 0.0889893 0
1110000000 0.015625 -3.14159
1110000001 0.0316162 -3.14159
1110000010 0.0490112 0
1110000011 0.0251923 0
1110000100 0.0102463 0
1110000101 0.0508118 0
1110000110 0.0340881 -3.14159
1110000111 0.0185699 -3.14159
1110001000 0.000767708 0
1110001001 0.015976 0
1110001010 0.0579834 0
1110001011 0.0369568 -3.14159
1110001100 0.0296783 0
1110001101 0.00906372 -3.14159
1110001110 0.0216827 -3.14159
1110001111 0.0007267 0
1110010000 0.0193634 0
1110010001 0.0439758 -3.14159
1110010010 0.0226135 -3.14159
1110010011 0.000751972 0
1110010100 0.0272217 -3.14159
1110010101 0.0503845 -3.14159
1110010110 0.00625992 0
1110010111 0.050415 -3.14159
1110011000 0.0290833 0
1110011001 0.0132446 0
1110011010 0.0346985 -3.14159
1110011011 0.0156555 -3.14159
1110011100 0.0350647 0
1110011101 0.0257263 -3.14159
1110011110 0.0201569 0
1110011111 0.0336609 0
1110100000 0.0147629 -3.14159
1110100001 0.0299225 0
1110100010 0.0314636 0
1110100011 0.0354614 -3.14159
1110100100 0.0426941 0
1110100101 0.0289001 0
1110100110 0.0272217 -3.14159
1110100111 0.0193024 0
1110101000 0.0140533 -3.14159
1110101001 0.00775909 0
1110101010 0.0279083 0
1110101011 0.0205841 -3.14159
1110101100 0.0245972 -3.14159
1110101101 0.028183 0
1110101110 0.000931263 0
1110101111 0.0232697 -3.14159
1110110000 0.00804138 -3.14159
1110110001 0.0113678 0
1110110010 0.0265656 -3.14159
1110110011 0.040802 -3.14159
1110110100 0.0285034 -3.14159
1110110101 0.042572 0
1110110110 0.0174866 -3.14159
1110110111 0.0190582 -3.14159
1110111000 0.00067997 -3.14159
1110111001 0.0357056 0
1110111010 0.0559082 0
1110111011 0.0331726 0
1110111100 0.0149231 0
1110111101 0.0453491 -3.14159
1110111110 0.0302734 0
1110111111 0.00684738 0
1111000000 0.0106506 -3.14159
1111000001 0.0863037 0
1111000010 0.0492554 0
1111000011 0.0423584 -3.14159
1111000100 0.000506878 0
1111000101 0.0354309 -3.14159
1111000110 0.0291595 -3.14159
1111000111 0.00968933 0
1111001000 0.0104065 0
1111001001 0.0253296 0
1111001010 0.00991821 -3.14159
1111001011 0.0266418 -3.14159
1111001100 0.0167389 0
1111001101 0.0814819 0
1111001110 0.0696411 -3.14159
1111001111 0.0133896 0
1111010000 0.0426636 -3.14159
1111010001 0.0196228 -3.14159
1111010010 0.00765991 -3.14159
1111010011 0.0300751 -3.14159
1111010100 0.0362244 0
1111010101 0.0225525 -3.14159
1111010110 0.040802 0
1111010111 0.0185394 0
1111011000 0.0407715 0
1111011001 0.00782013 -3.14159
1111011010 0.0021553 -3.14159
1111011011 0.00156498 0
1111011100 0.0430298 -3.14159
1111011101 0.0116119 -3.14159
1111011110 0.0214539 0
1111011111 0.0061264 -3.14159
1111100000 0.0767212 0
1111100001 0.0289154 -3.14159
1111100010 0.00891876 0
1111100011 0.00748062 0
1111100100 0.047821 -3.14159
1111100101 0.0162506 -3.14159
1111100110 0.138306 -3.14159
1111100111 0.0573425 -3.14159
1111101000 5.25713e-05 -3.14159
1111101001 0.0138474 -3.14159
1111101010 0.0731812 -3.14159
1111101011 0.100281 0
1111101100 0.0556335 0
1111101101 0.00886536 -3.14159
1111101110 0.0276489 0
1111101111 0.0164337 0
1111110000 0.000801086 0
1111110001 0.016037 0
1111110010 0.0590515 -3.14159
1111110011 3.38554e-05 -3.14159
1111110100 0.029068 0
1111110101 0.0102005 0
1111110110 0.0282135 0
1111110111 0.0357666 0
1111111000 0.0141983 0
1111111001 0.0383911 -3.14159
1111111010 0.0106354 0
1111111011 0.0531616 -3.14159
1111111100 0.00471497 0
1111111101 0.0566711 0
1111111110 0.0101013 0
1111111111 0.0205688 -3.14159
