0000000000 0.0165253 0
0000000001 0.051178 0
0000000010 0.0268097 0
0000000011 0.0026226 -3.14159
0000000100 0.0264587 -3.14159
0000000101 0.0152054 0
0000000110 0.0222778 -3.14159
0000000111 0.039856 -3.14159
0000001000 0.00511169 -3.14159
0000001001 0.00605392 -3.14159
0000001010 0.00477219 -3.14159
0000001011 0.0270081 -3.14159
0000001100 0.00229645 -3.14159
0000001101 0.0270538 -3.14159
0000001110 0.0213318 0
0000001111 0.0105057 -3.14159
0000010000 0.0361023 0
0000010001 0.02211 -3.14159
0000010010 0.0149536 -3.14159
0000010011 0.00849152 0
0000010100 0.0293884 -3.14159
0000010101 0.0350037 -3.14159
0000010110 0.0200043 -3.14159
0000010111 0.00779343 -3.14159
0000011000 0.0354004 -3.14159
0000011001 0.0120087 0
0000011010 0.00209427 -3.14159
0000011011 0.0108185 0
0000011100 0.00384521 -3.14159
0000011101 0.0197601 0
0000011110 0.0503235 -3.14159
0000011111 0.0666504 0
0000100000 0.0651245 -3.14159
0000100001 0.0201874 -3.14159
0000100010 0.0606384 -3.14159
0000100011 0.0342102 0
0000100100 0.0260162 -3.14159
0000100101 0.014267 0
0000100110 0.0108719 0
0000100111 0.0230408 0
0000101000 0.00100803 0
0000101001 0.000538826 -3.14159
0000101010 0.0156708 -3.14159
0000101011 0.0915527 0
0000101100 0.0182037 0
0000101101 0.0140991 -3.14159
0000101110 0.0063591 -3.14159
0000101111 0.0181427 0
0000110000 0.0142441 0
0000110001 0.00308228 0
0000110010 0.0248566 0
0000110011 0.0279388 0
0000110100 0.0601807 -3.14159
0000110101 0.0164948 0
0000110110 0.0245209 0
0000110111 0.00382614 -3.14159
0000111000 0.00895691 0
0000111001 0.0147324 -3.14159
0000111010 0.0211182 -3.14159
0000111011 0.00582886 -3.14159
0000111100 0.00717926 -3.14159
0000111101 0.0276947 0
0000111110 0.0281372 -3.14159
0000111111 0.0136337 -3.14159
0001000000 0.0361938 0
0001000001 0.0401001 -3.14159
0001000010 0.0442505 -3.14159
0001000011 0.00572968 -3.14159
0001000100 0.00941467 -3.14159
0001000101 0.00500107 0
0001000110 0.0202637 0
0001000111 0.0248718 -3.14159
0001001000 0.0927124 -3.14159
0001001001 0.00798035 -3.14159
0001001010 0.0277863 -3.14159
0001001011 0.014389 -3.14159
0001001100 0.0109634 0
0001001101 0.0483093 -3.14159
0001001110 0.0305328 0
0001001111 0.0205994 0
0001010000 0.0260162 0
0001010001 0.010437 -3.14159
0001010010 0.0658569 0
0001010011 0.00429916 -3.14159
0001010100 0.00783539 -3.14159
0001010101 0.0154648 -3.14159
0001010110 0.0092926 -3.14159
0001010111 0.0457764 -3.14159
0001011000 0.0202179 0
0001011001 0.00182247 0
0001011010 0.0121994 0
0001011011 0.0634766 -3.14159
0001011100 0.0426636 0
0001011101 0.0197601 -3.14159
0001011110 0.0184784 -3.14159
0001011111 0.0144196 -3.14159
0001100000 0.049408 -3.14159
0001100001 0.0245972 0
0001100010 0.0528564 -3.14159
0001100011 0.0182648 -3.14159
0001100100 0.0188904 0
0001100101 0.0139008 0
0001100110 0.0105286 -3.14159
0001100111 0.0942993 0
0001101000 0.0357666 0
0001101001 0.00263214 0
0001101010 0.016983 -3.14159
0001101011 0.0438538 -3.14159
0001101100 0.0321045 -3.14159
0001101101 0.0483704 -3.14159
0001101110 0.049469 0
0001101111 0.0255432 0
0001110000 0.0464478 -3.14159
0001110001 0.0103378 0
0001110010 0.0249634 -3.14159
0001110011 0.0261078 0
0001110100 0.00295258 -3.14159
0001110101 0.0068512 -3.14159
0001110110 0.024292 -3.14159
0001110111 0.0140152 -3.14159
0001111000 0.00407028 0
0001111001 0.0449219 -3.14159
0001111010 0.0315552 0
0001111011 0.0241547 0
0001111100 0.0401917 -3.14159
0001111101 0.0448608 0
0001111110 0.00879669 0
0001111111 0.0375977 0
0010000000 0.0153503 0
0010000001 0.013176 0
0010000010 0.00126839 0
0010000011 0.0119934 -3.14159
0010000100 0.0491333 -3.14159
0010000101 0.0362244 -3.14159
0010000110 0.0236359 -3.14159
0010000111 0.0834961 -3.14159
0010001000 0.0300293 -3.14159
0010001001 0.00683975 0
0010001010 0.00807953 -3.14159
0010001011 0.0203857 -3.14159
0010001100 0.0306702 -3.14159
0010001101 0.0528259 -3.14159
0010001110 0.013916 0
0010001111 0.0112762 -3.14159
0010010000 0.0671387 -3.14159
0010010001 0.0242004 -3.14159
0010010010 0.0119629 -3.14159
0010010011 0.0137558 -3.14159
0010010100 0.0345764 -3.14159
0010010101 0.0235748 -3.14159
0010010110 0.0153046 0
0010010111 0.00256348 0
0010011000 0.0239258 0
0010011001 0.0457764 -3.14159
0010011010 0.00854492 0
0010011011 0.0406799 0
0010011100 0.00928497 0
0010011101 0.0468445 0
0010011110 0.00979614 -3.14159
0010011111 0.0179443 0
0010100000 0.0274811 -3.14159
0010100001 0.00232697 -3.14159
0010100010 0.0683594 -3.14159
0010100011 0.0114288 -3.14159
0010100100 0.0187531 -3.14159
0010100101 0.00402069 -3.14159
0010100110 0.0261993 0
0010100111 0.00086832 -3.14159
0010101000 0.00843811 0
0010101001 0.00385094 -3.14159
0010101010 0.0304565 -3.14159
0010101011 0.0231476 -3.14159
0010101100 0.0419312 -3.14159
0010101101 0.0333252 0
0010101110 0.00712967 -3.14159
0010101111 0.00214005 0
0010110000 0.00248146 0
0010110001 0.0145187 -3.14159
0010110010 0.0139313 0
0010110011 0.00786591 -3.14159
0010110100 0.0112381 0
0010110101 0.00123596 0
0010110110 0.0196228 0
0010110111 0.00368309 -3.14159
0010111000 0.00457001 0
0010111001 0.00250435 -3.14159
0010111010 0.00162601 -3.14159
0010111011 0.0395508 0
0010111100 0.0161438 -3.14159
0010111101 0.0208893 -3.14159
0010111110 0.0257263 0
0010111111 0.00514221 -3.14159
0011000000 0.0417175 -3.14159
0011000001 0.0183411 0
0011000010 0.0489807 0
0011000011 0.0106735 0
0011000100 0.0182648 -3.14159
0011000101 0.0099411 -3.14159
0011000110 0.00502777 -3.14159
0011000111 0.032074 -3.14159
0011001000 0.0333557 0
0011001001 0.0123291 0
0011001010 0.0190887 0
0011001011 0.0510254 -3.14159
0011001100 0.00158787 0
0011001101 0.0349426 -3.14159
0011001110 0.111328 0
0011001111 0.0113373 -3.14159
0011010000 0.0172577 -3.14159
0011010001 0.0148315 0
0011010010 0.0117874 0
0011010011 0.0429382 -3.14159
0011010100 0.000553608 0
0011010101 0.0190582 -3.14159
0011010110 0.00295448 -3.14159
0011010111 0.0278168 0
0011011000 0.0200958 0
0011011001 0.0460205 -3.14159
0011011010 0.00197411 0
0011011011 0.00604248 -3.14159
0011011100 0.0071907 -3.14159
0011011101 0.0211487 -3.14159
0011011110 0.0198517 0
0011011111 0.0484314 0
0011100000 0.000929356 -3.14159
0011100001 0.0296783 -3.14159
0011100010 0.019989 0
0011100011 0.0104218 -3.14159
0011100100 0.0167999 -3.14159
0011100101 0.00419617 -3.14159
0011100110 0.0205231 0
0011100111 0.0501709 0
0011101000 0.0451965 -3.14159
0011101001 0.00988007 0
0011101010 0.00335121 0
0011101011 0.0286255 0
0011101100 0.0224762 -3.14159
0011101101 0.0286255 0
0011101110 0.0310364 -3.14159
0011101111 0.016098 -3.14159
0011110000 0.0112 -3.14159
0011110001 0.0301361 0
0011110010 0.0233765 0
0011110011 0.045166 0
0011110100 0.0359802 -3.14159
0011110101 0.056427 0
0011110110 0.0264587 -3.14159
0011110111 0.0323792 0
0011111000 0.0043869 -3.14159
0011111001 0.0201721 -3.14159
0011111010 0.0021553 -3.14159
0011111011 0.0338135 -3.14159
0011111100 0.0227051 -3.14159
0011111101 0.0125351 -3.14159
0011111110 0.0352173 0
0011111111 0.00499344 0
0100000000 0.00652695 -3.14159
0100000001 0.0180969 -3.14159
0100000010 0.00865173 -3.14159
0100000011 0.0171356 0
0100000100 0.0618896 -3.14159
0100000101 0.0264893 0
0100000110 0.0264893 0
0100000111 0.0225372 -3.14159
0100001000 0.023941 0
0100001001 0.00222778 0
0100001010 0.0201416 0
0100001011 0.0274506 -3.14159
0100001100 0.0191345 0
0100001101 0.0456238 -3.14159
0100001110 0.0316772 0
0100001111 0.0135269 -3.14159
0100010000 0.0263672 0
0100010001 0.0668945 -3.14159
0100010010 0.0243683 0
0100010011 0.0157166 -3.14159
0100010100 0.0703125 -3.14159
0100010101 0.0747681 -3.14159
0100010110 0.0122147 0
0100010111 0.0548401 -3.14159
0100011000 0.0506592 -3.14159
0100011001 0.0394592 0
0100011010 0.00618744 -3.14159
0100011011 0.0143204 0
0100011100 0.00862122 -3.14159
0100011101 0.008255 0
0100011110 0.0182953 0
0100011111 0.00666428 0
0100100000 0.00883484 0
0100100001 0.0618286 0
0100100010 0.0142365 -3.14159
0100100011 0.0433044 0
0100100100 0.023407 0
0100100101 0.00503922 0
0100100110 0.0842896 0
0100100111 0.0134201 -3.14159
0100101000 0.0101089 0
0100101001 0.0282135 -3.14159
0100101010 0.00311852 -3.14159
0100101011 0.0484314 0
0100101100 0.00741959 0
0100101101 0.0110092 0
0100101110 0.0141907 -3.14159
0100101111 0.0398865 0
0100110000 0.0505066 0
0100110001 0.00791168 0
0100110010 0.0131531 -3.14159
0100110011 0.0561218 -3.14159
0100110100 0.0302124 0
0100110101 0.0360718 0
0100110110 0.0249329 -3.14159
0100110111 0.0157623 0
0100111000 0.0225067 0
0100111001 0.0131226 0
0100111010 0.0134201 0
0100111011 0.00961304 0
0100111100 0.0203094 -3.14159
0100111101 0.019928 0
0100111110 0.0193481 0
0100111111 0.0056572 0
0101000000 0.00950623 0
0101000001 0.0233002 -3.14159
0101000010 0.035675 -3.14159
0101000011 0.00586319 -3.14159
0101000100 0.00595093 0
0101000101 0.0646973 0
0101000110 0.0228882 -3.14159
0101000111 0.0121231 0
0101001000 0.0143356 -3.14159
0101001001 0.0624084 -3.14159
0101001010 0.0230713 -3.14159
0101001011 0.0384827 0
0101001100 0.00946045 -3.14159
0101001101 0.0181732 -3.14159
0101001110 0.00795746 0
0101001111 0.000158787 -3.14159
0101010000 0.016861 -3.14159
0101010001 0.0218048 0
0101010010 0.0163574 -3.14159
0101010011 0.00509644 -3.14159
0101010100 0.032074 -3.14159
0101010101 0.0125275 0
0101010110 0.012886 -3.14159
0101010111 0.0371704 0
0101011000 0.0290985 0
0101011001 0.0279541 0
0101011010 0.00237465 0
0101011011 0.026886 -3.14159
0101011100 0.00843048 -3.14159
0101011101 0.0252533 0
0101011110 0.0309296 -3.14159
0101011111 0.00557709 0
0101100000 0.0396729 -3.14159
0101100001 0.0186005 -3.14159
0101100010 0.0203094 0
0101100011 0.0514832 -3.14159
0101100100 0.0240784 -3.14159
0101100101 0.00712967 -3.14159
0101100110 0.0392761 -3.14159
0101100111 0.0154114 0
0101101000 0.0472412 0
0101101001 0.0012598 -3.14159
0101101010 0.0542908 -3.14159
0101101011 0.0195923 -3.14159
0101101100 0.0246429 0
0101101101 0.0363159 0
0101101110 0.0430908 -3.14159
0101101111 0.0458069 -3.14159
0101110000 0.00432587 0
0101110001 0.0145874 -3.14159
0101110010 0.0272522 -3.14159
0101110011 0.0055275 -3.14159
0101110100 0.0267944 -3.14159
0101110101 0.000656605 -3.14159
0101110110 0.0361328 -3.14159
0101110111 0.0323181 0
0101111000 0.0351562 -3.14159
0101111001 0.00510406 -3.14159
0101111010 0.0147171 -3.14159
0101111011 0.0205383 0
0101111100 0.0202637 0
0101111101 0.00914001 -3.14159
0101111110 0.000927925 0
0101111111 0.0502625 0
0110000000 0.0202026 -3.14159
0110000001 0.0413208 -3.14159
0110000010 0.00111771 -3.14159
0110000011 0.0258789 0
0110000100 0.00237656 -3.14159
0110000101 0.00720978 0
0110000110 0.0281525 0
0110000111 0.0429382 -3.14159
0110001000 0.00653458 -3.14159
0110001001 0.0206146 0
0110001010 0.0419617 0
0110001011 0.0166168 -3.14159
0110001100 0.0106125 0
0110001101 0.0414734 -3.14159
0110001110 0.0147095 0
0110001111 0.00466537 -3.14159
0110010000 0.0411072 0
0110010001 0.0329895 -3.14159
0110010010 0.0604858 0
0110010011 0.020401 0
0110010100 0.000554085 0
0110010101 0.0562439 -3.14159
0110010110 0.041687 0
0110010111 0.0622559 0
0110011000 0.010643 -3.14159
0110011001 0.0733032 -3.14159
0110011010 0.0230713 -3.14159
0110011011 0.0143204 -3.14159
0110011100 0.0169525 0
0110011101 0.0345154 -3.14159
0110011110 0.015358 0
0110011111 0.0484314 0
0110100000 0.0139847 0
0110100001 0.0115662 0
0110100010 0.0109711 -3.14159
0110100011 0.0121231 0
0110100100 0.00515366 -3.14159
0110100101 0.0497742 0
0110100110 0.00939941 -3.14159
0110100111 0.052002 0
0110101000 0.0208282 -3.14159
0110101001 0.0162048 0
0110101010 0.0255432 0
0110101011 0.00650024 0
0110101100 0.0342712 -3.14159
0110101101 0.00895691 -3.14159
0110101110 0.0371094 0
0110101111 0.0121994 -3.14159
0110110000 0.00790405 0
0110110001 0.0493469 0
0110110010 0.00675583 0
0110110011 0.0166016 0
0110110100 0.00471497 -3.14159
0110110101 0.0415955 0
0110110110 0.0196533 0
0110110111 0.0213928 -3.14159
0110111000 0.0560913 -3.14159
0110111001 0.0576477 0
0110111010 0.00792694 0
0110111011 0.0769653 0
0110111100 0.0223541 -3.14159
0110111101 0.0472717 -3.14159
0110111110 0.0302124 0
0110111111 0.0114288 -3.14159
0111000000 0.00658417 -3.14159
0111000001 0.00055027 0
0111000010 0.000964642 -3.14159
0111000011 0.0312042 -3.14159
0111000100 0.000708103 -3.14159
0111000101 0.0255737 -3.14159
0111000110 0.0155029 -3.14159
0111000111 0.0521545 -3.14159
0111001000 0.0354309 0
0111001001 0.0236511 -3.14159
0111001010 0.0118103 0
0111001011 0.00395966 0
0111001100 0.00519943 0
0111001101 0.0264893 -3.14159
0111001110 0.0542908 0
0111001111 0.021637 -3.14159
0111010000 0.0118942 0
0111010001 0.00261116 0
0111010010 0.0405273 0
0111010011 0.043335 0
0111010100 0.00680542 0
0111010101 0.00873566 0
0111010110 0.04599 0
0111010111 0.0113449 0
0111011000 0.00564957 -3.14159
0111011001 0.00221634 0
0111011010 0.00844574 0
0111011011 0.0142441 -3.14159
0111011100 0.0120316 0
0111011101 0.0147171 -3.14159
0111011110 0.0367432 -3.14159
0111011111 0.0103455 -3.14159
0111100000 0.0349731 0
0111100001 0.00605392 0
0111100010 0.00260544 -3.14159
0111100011 0.0248413 -3.14159
0111100100 0.0156174 -3.14159
0111100101 0.0219879 0
0111100110 0.0261078 -3.14159
0111100111 0.00740814 0
0111101000 0.0539246 -3.14159
0111101001 0.00573349 0
0111101010 0.00201416 0
0111101011 0.0164185 0
0111101100 0.0245361 -3.14159
0111101101 0.0661011 -3.14159
0111101110 0.033905 0
0111101111 0.0163116 0
0111110000 0.0109329 -3.14159
0111110001 0.0153732 -3.14159
0111110010 0.0387878 -3.14159
0111110011 0.0291138 -3.14159
0111110100 0.0558777 -3.14159
0111110101 0.032959 -3.14159
0111110110 0.000263453 0
0111110111 0.0030098 -3.14159
0111111000 0.0202332 0
0111111001 0.0337524 0
0111111010 0.0830688 -3.14159
0111111011 0.0368652 -3.14159
0111111100 0.0324097 -3.14159
0111111101 0.00868988 0
0111111110 0.0453186 -3.14159
0111111111 0.0241547 0
1000000000 0.0125275 -3.14159
1000000001 0.0218964 -3.14159
1000000010 0.0179749 -3.14159
1000000011 0.0349121 0
1000000100 0.0187378 0
1000000101 0.0285797 -3.14159
1000000110 0.00299454 -3.14159
1000000111 0.0147552 0
1000001000 0.023407 -3.14159
1000001001 0.0598145 0
1000001010 0.0038166 0
1000001011 0.0254211 0
1000001100 0.0464478 -3.14159
1000001101 0.0234985 -3.14159
1000001110 0.0312805 0
1000001111 0.00984192 -3.14159
1000010000 0.00447845 0
1000010001 0.0144882 -3.14159
1000010010 0.052002 -3.14159
1000010011 0.00276375 -3.14159
1000010100 0.0608521 0
1000010101 0.0367737 -3.14159
1000010110 0.0255432 0
1000010111 0.018692 0
1000011000 0.040741 0
1000011001 0.0869751 -3.14159
1000011010 0.00801849 0
1000011011 0.0214386 0
1000011100 0.0137634 0
1000011101 0.0284882 0
1000011110 0.0130386 0
1000011111 0.0179901 -3.14159
1000100000 0.0146103 -3.14159
1000100001 0.00445175 -3.14159
1000100010 0.00884247 0
1000100011 0.0398254 0
1000100100 0.0380249 -3.14159
1000100101 0.0447693 -3.14159
1000100110 0.0232239 -3.14159
1000100111 0.0348511 -3.14159
1000101000 0.00643539 -3.14159
1000101001 0.0032692 0
1000101010 0.00181484 0
1000101011 0.0335999 0
1000101100 0.004879 -3.14159
1000101101 0.0386047 -3.14159
1000101110 0.0403137 -3.14159
1000101111 0.0214233 -3.14159
1000110000 6.9797e-05 0
1000110001 0.0118942 -3.14159
1000110010 0.0195312 0
1000110011 0.00178623 0
1000110100 0.0122147 -3.14159
1000110101 0.00340843 0
1000110110 0.0136948 0
1000110111 0.0523682 0
1000111000 0.0664062 -3.14159
1000111001 0.0162659 0
1000111010 0.0154572 -3.14159
1000111011 0.00992584 0
1000111100 0.0354919 0
1000111101 0.0106583 0
1000111110 0.0502014 0
1000111111 0.012619 0
1001000000 0.0128098 0
1001000001 0.0156021 -3.14159
1001000010 0.00448227 -3.14159
1001000011 0.00696182 0
1001000100 0.0250244 -3.14159
1001000101 0.0255432 0
1001000110 0.0171967 -3.14159
1001000111 0.0507812 -3.14159
1001001000 0.0484924 0
1001001001 0.0173492 -3.14159
1001001010 0.0174103 -3.14159
1001001011 0.0133667 0
1001001100 0.0368958 0
1001001101 0.0124512 -3.14159
1001001110 0.0198212 0
1001001111 0.0539856 -3.14159
1001010000 0.0499268 0
1001010001 0.00441742 0
1001010010 0.0692749 -3.14159
1001010011 0.0388489 -3.14159
1001010100 0.0180054 0
1001010101 0.00292206 0
1001010110 0.013588 0
1001010111 0.0362854 0
1001011000 0.0563354 -3.14159
1001011001 0.00271034 0
1001011010 0.0180511 0
1001011011 0.015976 -3.14159
1001011100 0.0114975 -3.14159
1001011101 0.0479431 0
1001011110 0.0437622 0
1001011111 0.00550461 -3.14159
1001100000 0.0151062 -3.14159
1001100001 0.021286 0
1001100010 0.00363541 0
1001100011 0.0111923 -3.14159
1001100100 0.0317078 -3.14159
1001100101 0.0271606 0
1001100110 0.00458527 0
1001100111 0.0805664 0
1001101000 0.0354004 0
1001101001 0.0169678 -3.14159
1001101010 0.00547409 0
1001101011 0.00596619 -3.14159
1001101100 0.00109386 0
1001101101 0.0418091 0
1001101110 0.0343018 0
1001101111 0.0997314 0
1001110000 0.0374756 0
1001110001 0.0478821 -3.14159
1001110010 0.00094223 0
1001110011 0.018692 0
1001110100 0.0018177 0
1001110101 0.0147705 0
1001110110 0.0626831 0
1001110111 0.0297852 -3.14159
1001111000 0.0056839 0
1001111001 0.0110245 -3.14159
1001111010 0.0388489 0
1001111011 0.032196 -3.14159
1001111100 0.000693798 -3.14159
1001111101 0.0135117 -3.14159
1001111110 0.0355225 -3.14159
1001111111 0.0110168 -3.14159
1010000000 0.0100555 -3.14159
1010000001 0.0258942 -3.14159
1010000010 0.0396729 -3.14159
1010000011 0.0394592 -3.14159
1010000100 0.0146561 -3.14159
1010000101 0.0555725 0
1010000110 0.0303192 0
1010000111 0.0465698 -3.14159
1010001000 0.046051 -3.14159
1010001001 0.0813599 0
1010001010 0.035614 -3.14159
1010001011 0.0119095 0
1010001100 0.0150604 0
1010001101 0.0176086 0
1010001110 0.0262604 -3.14159
1010001111 0.00575638 0
1010010000 0.0318909 0
1010010001 0.0368042 -3.14159
1010010010 0.0176544 -3.14159
1010010011 0.00517273 0
1010010100 0.00778198 -3.14159
1010010101 0.000799179 -3.14159
1010010110 0.0129395 -3.14159
1010010111 0.00281906 -3.14159
1010011000 0.0171356 0
1010011001 0.0725708 0
1010011010 0.0055275 0
1010011011 0.0139236 0
1010011100 0.00626373 -3.14159
1010011101 0.02771 0
1010011110 0.0180664 -3.14159
1010011111 0.0124969 0
1010100000 0.036499 -3.14159
1010100001 0.0328674 0
1010100010 0.0104523 -3.14159
1010100011 0.0372009 -3.14159
1010100100 0.0293579 -3.14159
1010100101 0.0483093 0
1010100110 0.0106735 0
1010100111 0.0293884 0
1010101000 0.0151291 -3.14159
1010101001 0.00696182 -3.14159
1010101010 0.00669479 0
1010101011 0.0970459 0
1010101100 0.0340271 0
1010101101 0.0025959 0
1010101110 0.029541 -3.14159
1010101111 0.0232391 -3.14159
1010110000 0.0602722 0
1010110001 0.053009 -3.14159
1010110010 0.0265961 -3.14159
1010110011 0.0254669 0
1010110100 0.00182056 0
1010110101 0.000284672 0
1010110110 0.00973511 0
1010110111 0.00928497 -3.14159
1010111000 0.011116 -3.14159
1010111001 0.034729 0
1010111010 0.0456543 -3.14159
1010111011 0.0209656 0
1010111100 0.0171814 -3.14159
1010111101 0.00423813 -3.14159
1010111110 0.0393982 -3.14159
1010111111 0.0302582 -3.14159
1011000000 0.0214386 0
1011000001 0.026001 -3.14159
1011000010 0.00460052 -3.14159
1011000011 0.00645447 0
1011000100 0.0328064 0
1011000101 0.0379333 0
1011000110 0.0494995 -3.14159
1011000111 0.0110245 -3.14159
1011001000 0.0489807 -3.14159
1011001001 0.0294495 0
1011001010 0.0037384 0
1011001011 0.00548172 0
1011001100 0.0162506 0
1011001101 0.035675 0
1011001110 0.0240784 -3.14159
1011001111 0.0411987 -3.14159
1011010000 0.0251312 0
1011010001 0.0428772 -3.14159
1011010010 0.0213165 0
1011010011 0.00730133 -3.14159
1011010100 0.00078392 0
1011010101 0.067627 -3.14159
1011010110 0.029541 -3.14159
1011010111 0.0488281 -3.14159
1011011000 0.021286 -3.14159
1011011001 0.00940704 0
1011011010 0.0263214 -3.14159
1011011011 0.020752 -3.14159
1011011100 0.0345764 -3.14159
1011011101 0.0178528 0
1011011110 0.0408936 -3.14159
1011011111 0.0162506 -3.14159
1011100000 0.00133038 -3.14159
1011100001 0.00654984 -3.14159
1011100010 0.00129509 0
1011100011 0.0588684 0
1011100100 0.0765991 0
1011100101 0.0179749 0
1011100110 0.00349617 -3.14159
1011100111 0.00782013 0
1011101000 0.0435486 0
1011101001 0.0358887 -3.14159
1011101010 0.0101471 0
1011101011 0.0216827 -3.14159
1011101100 0.0270691 0
1011101101 0.0231323 -3.14159
1011101110 0.0121841 0
1011101111 0.0991211 0
1011110000 0.0141068 0
1011110001 0.0192261 -3.14159
1011110010 0.00804901 0
1011110011 0.00791931 -3.14159
1011110100 0.0249939 -3.14159
1011110101 0.0488281 0
1011110110 0.0611572 -3.14159
1011110111 0.0252533 -3.14159
1011111000 0.0100555 0
1011111001 0.0288849 -3.14159
1011111010 3.02196e-05 0
1011111011 0.0209045 -3.14159
1011111100 0.0802002 0
1011111101 0.0405884 0
1011111110 0.0613403 0
1011111111 0.00667191 0
1100000000 0.0299988 -3.14159
1100000001 0.0394592 0
1100000010 0.00769424 -3.14159
1100000011 0.0123367 0
1100000100 0.0423889 -3.14159
1100000101 0.0138168 0
1100000110 0.000813007 -3.14159
1100000111 0.0180664 0
1100001000 0.0113678 -3.14159
1100001001 0.0176849 -3.14159
1100001010 0.00141716 0
1100001011 0.015419 -3.14159
1100001100 0.0113144 0
1100001101 0.00581741 -3.14159
1100001110 0.0219727 0
1100001111 0.0063591 0
1100010000 0.0783691 0
1100010001 0.0161285 0
1100010010 0.00991821 0
1100010011 0.0749512 -3.14159
1100010100 0.0181427 0
1100010101 0.0312805 -3.14159
1100010110 0.0343018 -3.14159
1100010111 0.0621948 0
1100011000 0.0502014 -3.14159
1100011001 0.00593185 -3.14159
1100011010 0.00258255 -3.14159
1100011011 0.0121078 0
1100011100 0.016037 -3.14159
1100011101 0.0108948 0
1100011110 0.017807 -3.14159
1100011111 0.0222015 -3.14159
1100100000 0.0162048 0
1100100001 0.042511 -3.14159
1100100010 0.0221252 0
1100100011 0.0199585 0
1100100100 0.0261078 0
1100100101 0.0613708 -3.14159
1100100110 0.0196991 -3.14159
1100100111 0.00575256 0
1100101000 0.0115738 -3.14159
1100101001 0.0314331 0
1100101010 0.0106201 0
1100101011 0.0237579 0
1100101100 0.0362244 -3.14159
1100101101 0.0282898 -3.14159
1100101110 0.0726318 0
1100101111 0.00717545 -3.14159
1100110000 0.00602341 0
1100110001 6.48499e-05 -3.14159
1100110010 0.0479126 0
1100110011 0.030365 -3.14159
1100110100 0.00243568 -3.14159
1100110101 0.0185699 0
1100110110 0.0648193 0
1100110111 0.021225 -3.14159
1100111000 0.0083313 -3.14159
1100111001 0.0144882 0
1100111010 0.0051384 -3.14159
1100111011 0.0509644 -3.14159
1100111100 0.0213623 -3.14159
1100111101 0.0363159 -3.14159
1100111110 0.025528 -3.14159
1100111111 0.0266113 -3.14159
1101000000 0.0679932 0
1101000001 0.0103912 -3.14159
1101000010 0.0223389 -3.14159
1101000011 0.0263214 -3.14159
1101000100 0.027832 0
1101000101 0.0499573 0
1101000110 0.0327759 0
1101000111 0.0226288 -3.14159
1101001000 0.0844727 0
1101001001 0.0241394 0
1101001010 0.0051918 -3.14159
1101001011 0.0166473 0
1101001100 0.0110474 0
1101001101 0.0395508 0
1101001110 0.0057869 0
1101001111 0.0158691 0
1101010000 0.0166321 0
1101010001 0.00553513 0
1101010010 0.0209961 0
1101010011 0.052887 0
1101010100 0.00639343 0
1101010101 0.00703812 -3.14159
1101010110 0.0218964 0
1101010111 0.0126266 0
1101011000 0.0170746 -3.14159
1101011001 0.00509262 0
1101011010 0.0461426 0
1101011011 0.0124435 -3.14159
1101011100 0.0131683 0
1101011101 0.0418091 0
1101011110 0.0320435 -3.14159
1101011111 0.0396118 -3.14159
1101100000 0.0106506 0
1101100001 0.00813293 -3.14159
1101100010 0.0310669 -3.14159
1101100011 0.0297241 0
1101100100 0.0300751 -3.14159
1101100101 0.0480957 -3.14159
1101100110 0.00957489 0
1101100111 0.011055 0
1101101000 0.0212402 0
1101101001 0.00889587 0
1101101010 0.000610352 -3.14159
1101101011 0.0131302 0
1101101100 0.0276184 -3.14159
1101101101 0.0149307 0
1101101110 0.038147 0
1101101111 0.037262 -3.14159
1101110000 0.00229836 0
1101110001 0.0212097 0
1101110010 0.00796509 -3.14159
1101110011 0.0349731 -3.14159
1101110100 0.0043602 -3.14159
1101110101 0.0218506 0
1101110110 0.045105 -3.14159
1101110111 0.0440979 -3.14159
1101111000 0.0708618 -3.14159
1101111001 0.00772858 0
1101111010 0.0192566 0
1101111011 0.0208435 -3.14159
1101111100 0.0160065 0
1101111101 0.0305634 -3.14159
1101111110 0.00127125 -3.14159
1101111111 0.01828 -3.14159
1110000000 0.00447083 -3.14159
1110000001 0.00910187 0
1110000010 0.0648193 0
1110000011 0.0386047 -3.14159
1110000100 0.0156708 -3.14159
1110000101 0.0289764 0
1110000110 0.0469666 -3.14159
1110000111 0.0325623 0
1110001000 0.00140476 -3.14159
1110001001 0.00310707 -3.14159
1110001010 0.0276337 0
1110001011 0.0116348 0
1110001100 0.00923157 -3.14159
1110001101 0.055603 0
1110001110 0.0112839 0
1110001111 0.0348511 0
1110010000 0.0134506 -3.14159
1110010001 0.0189362 0
1110010010 0.0143509 -3.14159
1110010011 0.0522461 0
1110010100 0.031311 -3.14159
1110010101 0.033844 -3.14159
1110010110 0.0491028 0
1110010111 0.0304718 -3.14159
1110011000 0.00398636 -3.14159
1110011001 0.00881958 -3.14159
1110011010 0.0164337 0
1110011011 0.0241852 -3.14159
1110011100 0.0149841 0
1110011101 0.0124359 -3.14159
1110011110 0.0110397 -3.14159
1110011111 0.088562 0
1110100000 0.0361328 0
1110100001 0.0153275 -3.14159
1110100010 0.0346375 -3.14159
1110100011 0.00567627 -3.14159
1110100100 0.0192871 -3.14159
1110100101 0.030777 0
1110100110 0.0534058 -3.14159
1110100111 0.0142517 0
1110101000 0.0165253 -3.14159
1110101001 0.0370483 0
1110101010 0.0308838 0
1110101011 0.0115967 -3.14159
1110101100 0.0231171 0
1110101101 0.00116062 0
1110101110 0.00753021 -3.14159
1110101111 0.0158081 -3.14159
1110110000 0.0166931 0
1110110001 0.0160828 -3.14159
1110110010 0.0343933 -3.14159
1110110011 0.0638428 -3.14159
1110110100 0.0080719 -3.14159
1110110101 0.0666504 -3.14159
1110110110 0.00204849 0
1110110111 0.0385437 -3.14159
1110111000 0.0277405 -3.14159
1110111001 0.10553 -3.14159
1110111010 0.0657349 -3.14159
1110111011 0.0310974 0
1110111100 0.0295258 -3.14159
1110111101 0.00590134 0
1110111110 0.00769806 -3.14159
1110111111 0.046814 -3.14159
1111000000 0.0357056 0
1111000001 0.0208435 -3.14159
1111000010 0.0498047 0
1111000011 0.000141382 -3.14159
1111000100 0.0401306 -3.14159
1111000101 0.0299835 -3.14159
1111000110 0.0380249 0
1111000111 0.0122528 -3.14159
1111001000 0.00598526 0
1111001001 0.0343933 -3.14159
1111001010 0.0246735 0
1111001011 0.020752 0
1111001100 0.0190277 -3.14159
1111001101 0.0162811 -3.14159
1111001110 0.0191498 0
1111001111 0.102234 0
1111010000 0.0013237 0
1111010001 0.0218048 -3.14159
1111010010 0.0200043 -3.14159
1111010011 0.00959015 0
1111010100 0.0173035 0
1111010101 0.00588989 -3.14159
1111010110 0.00530243 -3.14159
1111010111 0.0394897 0
1111011000 0.0378723 0
1111011001 0.0175323 -3.14159
1111011010 0.0563354 -3.14159
1111011011 0.0202179 0
1111011100 0.00178432 0
1111011101 0.0144348 -3.14159
1111011110 0.0341492 -3.14159
1111011111 0.0195923 -3.14159
1111100000 0.0402222 0
1111100001 0.000916004 -3.14159
1111100010 0.00274849 0
1111100011 0.055603 -3.14159
1111100100 0.00511551 0
1111100101 0.0476074 -3.14159
1111100110 0.0437317 0
1111100111 0.00764465 0
1111101000 0.00481796 -3.14159
1111101001 0.0203094 0
1111101010 0.026001 -3.14159
1111101011 0.0351562 -3.14159
1111101100 0.0739136 0
1111101101 0.0352783 -3.14159
1111101110 0.0481873 0
1111101111 0.0586548 0
1111110000 0.0294952 -3.14159
1111110001 0.0541382 0
1111110010 0.00688171 -3.14159
1111110011 0.0299835 -3.14159
1111110100 0.0343628 -3.14159
1111110101 0.0447388 0
1111110110 0.0592346 -3.14159
1111110111 0.0285187 0
1111111000 0.0622559 -3.14159
1111111001 0.0266418 -3.14159
1111111010 0.00685501 -3.14159
1111111011 0.029068 -3.14159
1111111100 0.0254059 0
1111111101 0.0231171 0
1111111110 0.0122375 0
1111111111 0.00679016 0
