0000000000 0.00494766 0
0000000001 0.0762939 0
0000000010 0.0149612 0
0000000011 0.014595 -3.14159
0000000100 0.0127792 -3.14159
0000000101 0.012413 0
0000000110 0.00287628 -3.14159
0000000111 0.051239 -3.14159
0000001000 0.0149307 0
0000001001 0.00054884 -3.14159
0000001010 0.00930023 -3.14159
0000001011 0.0076828 -3.14159
0000001100 0.0133743 -3.14159
0000001101 0.030365 -3.14159
0000001110 0.0332031 0
0000001111 0.00348091 -3.14159
0000010000 0.049469 0
0000010001 0.00754929 -3.14159
0000010010 0.0381165 -3.14159
0000010011 0.0200195 -3.14159
0000010100 0.0411377 -3.14159
0000010101 0.0368652 -3.14159
0000010110 0.0239105 -3.14159
0000010111 0.0130081 -3.14159
0000011000 0.0430908 -3.14159
0000011001 0.00776291 -3.14159
0000011010 0.00468826 0
0000011011 0.0244293 0
0000011100 0.0201111 0
0000011101 0.0201111 0
0000011110 0.0667114 -3.14159
0000011111 0.0689087 0
0000100000 0.0632935 -3.14159
0000100001 0.00118542 -3.14159
0000100010 0.0608215 -3.14159
0000100011 0.0591431 0
0000100100 0.0316162 -3.14159
0000100101 0.00712204 0
0000100110 0.0145264 0
0000100111 0.0131912 0
0000101000 0.00370216 -3.14159
0000101001 0.00406265 0
0000101010 0.00882721 0
0000101011 0.0678101 0
0000101100 0.0104218 -3.14159
0000101101 0.0193481 0
0000101110 0.0221252 -3.14159
0000101111 0.0207672 0
0000110000 0.0205383 0
0000110001 0.0239716 -3.14159
0000110010 0.0183868 0
0000110011 0.0336914 0
0000110100 0.0563354 -3.14159
0000110101 0.0139771 -3.14159
0000110110 0.0404663 0
0000110111 0.0331421 -3.14159
0000111000 0.0235443 0
0000111001 0.0074501 -3.14159
0000111010 0.00188065 -3.14159
0000111011 0.0124054 -3.14159
0000111100 0.0314941 -3.14159
0000111101 0.0499268 0
0000111110 0.0240173 -3.14159
0000111111 0.0261383 -3.14159
0001000000 0.0361023 0
0001000001 0.0322876 -3.14159
0001000010 0.0365601 -3.14159
0001000011 0.00905609 -3.14159
0001000100 0.00596619 -3.14159
0001000101 0.000353813 -3.14159
0001000110 0.0032177 -3.14159
0001000111 0.0187378 -3.14159
0001001000 0.118835 -3.14159
0001001001 0.00898743 -3.14159
0001001010 0.017334 -3.14159
0001001011 0.00271225 0
0001001100 0.0198059 0
0001001101 0.0286102 -3.14159
0001001110 0.0370483 0
0001001111 0.0249786 0
0001010000 0.0172729 0
0001010001 0.0129547 -3.14159
0001010010 0.0628052 0
0001010011 0.00482941 -3.14159
0001010100 0.00473785 0
0001010101 0.00930786 -3.14159
0001010110 0.00734711 0
0001010111 0.0365906 -3.14159
0001011000 0.00627136 -3.14159
0001011001 0.0109634 0
0001011010 0.00878906 -3.14159
0001011011 0.0445862 -3.14159
0001011100 0.0258026 0
0001011101 0.0224762 -3.14159
0001011110 0.0365601 -3.14159
0001011111 0.0278625 -3.14159
0001100000 0.0514526 -3.14159
0001100001 0.00472641 0
0001100010 0.0378113 -3.14159
0001100011 0.00895691 -3.14159
0001100100 0.00666809 -3.14159
0001100101 0.00375175 -3.14159
0001100110 0.0311279 -3.14159
0001100111 0.0529175 0
0001101000 0.0437012 0
0001101001 0.00122452 -3.14159
0001101010 0.0177612 -3.14159
0001101011 0.0240784 -3.14159
0001101100 0.0261536 -3.14159
0001101101 0.043396 -3.14159
0001101110 0.0139694 0
0001101111 0.00716019 0
0001110000 0.0312805 -3.14159
0001110001 0.0201416 0
0001110010 0.0329285 -3.14159
0001110011 0.0215149 0
0001110100 0.0134354 0
0001110101 0.0276642 -3.14159
0001110110 0.0355835 -3.14159
0001110111 0.0273285 -3.14159
0001111000 0.001091 -3.14159
0001111001 0.0304718 -3.14159
0001111010 0.0342102 0
0001111011 0.0178223 0
0001111100 0.0413513 -3.14159
0001111101 0.0342712 0
0001111110 0.00956726 -3.14159
0001111111 0.0268555 0
0010000000 0.000182629 0
0010000001 0.0319214 0
0010000010 0.000788212 -3.14159
0010000011 0.0184174 -3.14159
0010000100 0.0400696 -3.14159
0010000101 0.0601501 -3.14159
0010000110 0.0254974 -3.14159
0010000111 0.0774536 -3.14159
0010001000 0.00350189 0
0010001001 0.0127869 0
0010001010 0.00731277 0
0010001011 0.0134964 -3.14159
0010001100 0.026413 -3.14159
0010001101 0.0362244 -3.14159
0010001110 0.0337219 0
0010001111 0.00531769 -3.14159
0010010000 0.0803223 -3.14159
0010010001 0.0213318 -3.14159
0010010010 0.00756073 -3.14159
0010010011 9.93609e-05 0
0010010100 0.0292969 -3.14159
0010010101 0.0135498 -3.14159
0010010110 0.0266876 0
0010010111 0.00517654 -3.14159
0010011000 0.0378113 0
0010011001 0.0526428 -3.14159
0010011010 0.00946808 -3.14159
0010011011 0.0388184 0
0010011100 0.0270844 0
0010011101 0.0483398 0
0010011110 0.0119705 -3.14159
0010011111 0.00299454 0
0010100000 0.0227509 -3.14159
0010100001 0.000293016 -3.14159
0010100010 0.0723877 -3.14159
0010100011 0.0129547 -3.14159
0010100100 0.00704193 -3.14159
0010100101 0.00832367 -3.14159
0010100110 0.0351257 0
0010100111 0.0138397 0
0010101000 0.0311127 0
0010101001 0.00229073 -3.14159
0010101010 0.0470581 -3.14159
0010101011 0.0206757 -3.14159
0010101100 0.0568542 -3.14159
0010101101 0.0872803 0
0010101110 0.011261 -3.14159
0010101111 0.0147324 0
0010110000 0.00179577 -3.14159
0010110001 0.00604248 -3.14159
0010110010 0.0153503 0
0010110011 0.0293579 -3.14159
0010110100 0.000550747 0
0010110101 0.00287437 0
0010110110 0.0265808 0
0010110111 0.0065918 0
0010111000 0.0012455 0
0010111001 0.00226212 0
0010111010 0.00663757 -3.14159
0010111011 0.0382996 0
0010111100 0.0246124 -3.14159
0010111101 0.0208893 -3.14159
0010111110 0.060791 0
0010111111 0.00500107 -3.14159
0011000000 0.0369873 -3.14159
0011000001 0.0183258 0
0011000010 0.0560303 0
0011000011 0.0275421 0
0011000100 0.0119858 -3.14159
0011000101 9.11951e-05 -3.14159
0011000110 0.0051384 0
0011000111 0.0440674 -3.14159
0011001000 0.0240173 0
0011001001 0.0110931 -3.14159
0011001010 0.00415421 -3.14159
0011001011 0.0648804 -3.14159
0011001100 0.00792694 -3.14159
0011001101 0.0325317 -3.14159
0011001110 0.101135 0
0011001111 0.00796509 -3.14159
0011010000 0.0240936 -3.14159
0011010001 0.0130615 -3.14159
0011010010 0.0115433 0
0011010011 0.0282288 -3.14159
0011010100 0.0115585 0
0011010101 0.0254364 -3.14159
0011010110 0.0199585 0
0011010111 0.0190582 0
0011011000 0.0232697 0
0011011001 0.0335083 -3.14159
0011011010 0.0208893 -3.14159
0011011011 0.0126114 -3.14159
0011011100 0.00281334 0
0011011101 0.0330505 -3.14159
0011011110 0.00443649 0
0011011111 0.0410767 0
0011100000 0.023056 0
0011100001 0.00291061 -3.14159
0011100010 0.0108261 0
0011100011 0.0147629 -3.14159
0011100100 0.0190277 -3.14159
0011100101 0.00745773 0
0011100110 0.0245209 0
0011100111 0.0297546 0
0011101000 0.0396118 -3.14159
0011101001 0.010231 0
0011101010 0.0072403 -3.14159
0011101011 0.012886 0
0011101100 0.0231934 -3.14159
0011101101 0.03302 0
0011101110 0.0401611 -3.14159
0011101111 0.018158 -3.14159
0011110000 0.0510864 -3.14159
0011110001 0.019989 0
0011110010 0.0466309 0
0011110011 0.0171051 0
0011110100 0.0339966 -3.14159
0011110101 0.039978 0
0011110110 0.0160828 -3.14159
0011110111 0.0361633 0
0011111000 0.00295639 -3.14159
0011111001 0.0390625 -3.14159
0011111010 0.0278625 0
0011111011 0.0281677 -3.14159
0011111100 0.0214386 -3.14159
0011111101 0.0185394 -3.14159
0011111110 0.0375366 0
0011111111 0.00484848 -3.14159
0100000000 0.00347328 0
0100000001 0.00317574 -3.14159
0100000010 0.0236511 -3.14159
0100000011 0.00907135 0
0100000100 0.039978 -3.14159
0100000101 0.0203552 0
0100000110 0.0138092 0
0100000111 0.0142212 -3.14159
0100001000 0.0530701 0
0100001001 0.0253601 0
0100001010 0.0213318 0
0100001011 0.0197906 -3.14159
0100001100 0.0429688 0
0100001101 0.0314331 -3.14159
0100001110 0.0202332 -3.14159
0100001111 0.0159912 -3.14159
0100010000 0.00997925 0
0100010001 0.0675049 -3.14159
0100010010 0.0153427 -3.14159
0100010011 0.0235138 -3.14159
0100010100 0.0621033 -3.14159
0100010101 0.0680542 -3.14159
0100010110 0.00442123 -3.14159
0100010111 0.0540466 -3.14159
0100011000 0.0340576 -3.14159
0100011001 0.0458984 0
0100011010 0.0168457 -3.14159
0100011011 0.00370407 -3.14159
0100011100 0.0101166 0
0100011101 0.00850677 -3.14159
0100011110 0.0456543 0
0100011111 0.00886536 -3.14159
0100100000 0.00636292 -3.14159
0100100001 0.0490112 0
0100100010 0.0319519 -3.14159
0100100011 0.036499 0
0100100100 0.0285034 0
0100100101 0.0131912 -3.14159
0100100110 0.0858154 0
0100100111 0.0170593 -3.14159
0100101000 0.020874 0
0100101001 0.0428772 -3.14159
0100101010 0.0245819 0
0100101011 0.0636597 0
0100101100 0.0157166 -3.14159
0100101101 0.00356865 0
0100101110 0.0274048 -3.14159
0100101111 0.0345459 0
0100110000 0.0120087 0
0100110001 0.00266647 0
0100110010 0.0256348 -3.14159
0100110011 0.0386963 -3.14159
0100110100 0.00630569 0
0100110101 0.0136642 0
0100110110 0.0107422 -3.14159
0100110111 0.0137253 0
0100111000 0.0103989 0
0100111001 0.00949097 0
0100111010 0.00951385 0
0100111011 0.0196075 0
0100111100 0.0177917 -3.14159
0100111101 0.0257416 0
0100111110 0.00392532 0
0100111111 0.0158844 0
0101000000 0.00702667 0
0101000001 0.0361023 -3.14159
0101000010 0.0417786 -3.14159
0101000011 0.0249329 -3.14159
0101000100 0.0163727 -3.14159
0101000101 0.0417786 0
0101000110 0.00432205 -3.14159
0101000111 0.011055 0
0101001000 0.0298004 -3.14159
0101001001 0.0562744 -3.14159
0101001010 0.0151291 -3.14159
0101001011 0.00139427 0
0101001100 0.00211143 0
0101001101 0.013588 -3.14159
0101001110 0.00756073 -3.14159
0101001111 0.0202484 0
0101010000 0.0108719 -3.14159
0101010001 0.00368881 0
0101010010 0.0215912 -3.14159
0101010011 0.00539398 0
0101010100 0.0288696 -3.14159
0101010101 0.0341187 0
0101010110 0.0215454 -3.14159
0101010111 0.0340576 0
0101011000 0.0116959 0
0101011001 0.0333252 0
0101011010 0.0213013 0
0101011011 0.0174713 -3.14159
0101011100 0.0164032 0
0101011101 0.0245667 0
0101011110 0.0193024 -3.14159
0101011111 0.010376 -3.14159
0101100000 0.0436096 -3.14159
0101100001 0.000538349 -3.14159
0101100010 0.018158 0
0101100011 0.0531006 -3.14159
0101100100 0.0487061 -3.14159
0101100101 0.000586033 0
0101100110 0.0452271 -3.14159
0101100111 0.0177917 0
0101101000 0.0198059 0
0101101001 0.00524521 -3.14159
0101101010 0.0628052 -3.14159
0101101011 0.00888824 0
0101101100 0.00758362 0
0101101101 0.0403442 0
0101101110 0.0447998 -3.14159
0101101111 0.0548706 -3.14159
0101110000 0.0454712 0
0101110001 0.00741196 -3.14159
0101110010 0.0352173 -3.14159
0101110011 0.00282288 -3.14159
0101110100 0.0237274 -3.14159
0101110101 0.0206909 -3.14159
0101110110 0.0121765 -3.14159
0101110111 0.0137863 0
0101111000 0.0103912 -3.14159
0101111001 0.0109634 0
0101111010 0.0193939 -3.14159
0101111011 0.0397644 0
0101111100 0.0111618 0
0101111101 0.0182037 -3.14159
0101111110 0.015358 0
0101111111 0.0435181 0
0110000000 0.00853729 -3.14159
0110000001 0.0454407 -3.14159
0110000010 0.00550079 -3.14159
0110000011 0.0166626 0
0110000100 0.0171051 0
0110000101 0.000701427 -3.14159
0110000110 0.0313416 0
0110000111 0.0223083 -3.14159
0110001000 0.00678635 -3.14159
0110001001 0.0166931 0
0110001010 0.0315247 0
0110001011 0.00537109 0
0110001100 0.0262451 0
0110001101 0.0196228 -3.14159
0110001110 0.0300751 0
0110001111 0.0209808 -3.14159
0110010000 0.0218811 0
0110010001 0.0224152 -3.14159
0110010010 0.0708618 0
0110010011 0.0379333 0
0110010100 0.00737 -3.14159
0110010101 0.0534363 -3.14159
0110010110 0.0495605 0
0110010111 0.0129471 0
0110011000 0.0176697 -3.14159
0110011001 0.0881348 -3.14159
0110011010 0.00418472 -3.14159
0110011011 0.0177612 -3.14159
0110011100 0.0280457 0
0110011101 0.040802 -3.14159
0110011110 0.00124359 -3.14159
0110011111 0.032135 0
0110100000 0.020401 0
0110100001 0.00476456 0
0110100010 0.00662613 -3.14159
0110100011 0.00878143 0
0110100100 0.00224686 0
0110100101 0.0390015 0
0110100110 0.0291443 -3.14159
0110100111 0.0296021 0
0110101000 0.0179596 -3.14159
0110101001 0.0023098 0
0110101010 0.0193176 0
0110101011 0.0335999 0
0110101100 0.0486145 -3.14159
0110101101 0.0190887 0
0110101110 0.00740814 0
0110101111 0.0240479 -3.14159
0110110000 0.0066452 -3.14159
0110110001 0.0646973 0
0110110010 0.0177307 0
0110110011 0.0420227 0
0110110100 0.00216866 -3.14159
0110110101 0.0335999 0
0110110110 0.0236359 0
0110110111 0.0241394 -3.14159
0110111000 0.0180817 -3.14159
0110111001 0.0586243 0
0110111010 0.00312996 -3.14159
0110111011 0.0745239 0
0110111100 0.00919342 0
0110111101 0.0406799 -3.14159
0110111110 0.000739098 -3.14159
0110111111 0.0180511 -3.14159
0111000000 0.0156708 -3.14159
0111000001 0.0120316 0
0111000010 0.012291 0
0111000011 0.019989 -3.14159
0111000100 0.0214081 -3.14159
0111000101 0.0324097 -3.14159
0111000110 0.00648117 -3.14159
0111000111 0.0398865 -3.14159
0111001000 0.0242157 0
0111001001 0.0259399 -3.14159
0111001010 0.0109634 0
0111001011 0.0017004 0
0111001100 0.00551605 -3.14159
0111001101 0.0204468 -3.14159
0111001110 0.0493469 0
0111001111 0.0152588 -3.14159
0111010000 0.021698 0
0111010001 0.00262833 0
0111010010 0.0454407 0
0111010011 0.0534363 0
0111010100 0.00302124 0
0111010101 0.0078125 0
0111010110 0.0302277 0
0111010111 0.00323868 0
0111011000 0.00174713 -3.14159
0111011001 0.0153885 -3.14159
0111011010 0.00021553 0
0111011011 0.0138702 -3.14159
0111011100 0.0242615 0
0111011101 0.0105057 -3.14159
0111011110 0.0487976 -3.14159
0111011111 0.0166168 -3.14159
0111100000 0.00783539 0
0111100001 0.0198212 0
0111100010 0.0096817 0
0111100011 0.0305328 -3.14159
0111100100 0.0343628 -3.14159
0111100101 0.00580597 -3.14159
0111100110 0.0261078 -3.14159
0111100111 0.019516 -3.14159
0111101000 0.0549622 -3.14159
0111101001 0.00905609 0
0111101010 0.00765991 -3.14159
0111101011 0.00353432 0
0111101100 0.0187225 -3.14159
0111101101 0.0703125 -3.14159
0111101110 0.0217438 0
0111101111 0.0143127 0
0111110000 0.0121841 0
0111110001 0.0181427 -3.14159
0111110010 0.0602722 -3.14159
0111110011 0.00511169 0
0111110100 0.048645 -3.14159
0111110101 0.026535 -3.14159
0111110110 0.011673 0
0111110111 0.0301361 -3.14159
0111111000 0.010582 0
0111111001 0.0195312 0
0111111010 0.0450745 -3.14159
0111111011 0.0205688 -3.14159
0111111100 0.00579453 -3.14159
0111111101 0.00479126 0
0111111110 0.0339355 -3.14159
0111111111 0.0517578 0
1000000000 0.000905514 0
1000000001 0.0310516 -3.14159
1000000010 0.000216961 -3.14159
1000000011 0.0417786 0
1000000100 0.00843811 -3.14159
1000000101 0.0410156 -3.14159
1000000110 0.0068779 -3.14159
1000000111 0.0130768 0
1000001000 0.0463867 -3.14159
1000001001 0.0600586 0
1000001010 0.00447464 -3.14159
1000001011 0.00167656 0
1000001100 0.0422058 -3.14159
1000001101 0.0149918 -3.14159
1000001110 0.0128098 0
1000001111 0.00632095 -3.14159
1000010000 0.0102463 -3.14159
1000010001 0.00725937 -3.14159
1000010010 0.0358582 -3.14159
1000010011 0.0110855 -3.14159
1000010100 0.0428467 0
1000010101 0.0202789 -3.14159
1000010110 0.0328369 0
1000010111 0.0203247 0
1000011000 0.0428162 0
1000011001 0.0840454 -3.14159
1000011010 0.0216217 0
1000011011 0.0179443 0
1000011100 0.0306396 0
1000011101 0.0289612 0
1000011110 0.00122261 -3.14159
1000011111 0.00492096 -3.14159
1000100000 0.0215302 -3.14159
1000100001 0.0303345 0
1000100010 0.0243225 0
1000100011 0.0498657 0
1000100100 0.0307007 -3.14159
1000100101 0.032959 -3.14159
1000100110 0.0224762 -3.14159
1000100111 0.0277252 -3.14159
1000101000 0.0183716 0
1000101001 0.00307083 -3.14159
1000101010 0.0265808 0
1000101011 0.0290375 0
1000101100 0.024826 -3.14159
1000101101 0.0471802 -3.14159
1000101110 0.0520325 -3.14159
1000101111 0.0223236 -3.14159
1000110000 0.0261688 -3.14159
1000110001 0.00423431 0
1000110010 0.0195618 0
1000110011 0.000871658 0
1000110100 0.0270844 -3.14159
1000110101 0.00737381 0
1000110110 0.0323181 0
1000110111 0.0471191 0
1000111000 0.0693359 -3.14159
1000111001 0.03125 0
1000111010 0.00303078 -3.14159
1000111011 0.00131607 0
1000111100 0.00340843 0
1000111101 0.0199585 0
1000111110 0.0250092 0
1000111111 0.0397644 0
1001000000 0.0128098 0
1001000001 0.0111008 -3.14159
1001000010 0.00694275 0
1001000011 0.0178986 -3.14159
1001000100 0.011116 -3.14159
1001000101 0.016861 0
1001000110 0.0328064 -3.14159
1001000111 0.0431824 -3.14159
1001001000 0.0280151 0
1001001001 0.0269165 -3.14159
1001001010 0.00487137 0
1001001011 0.0180359 0
1001001100 0.0448303 0
1001001101 0.0126114 -3.14159
1001001110 0.0100327 -3.14159
1001001111 0.0406799 -3.14159
1001010000 0.0480957 0
1001010001 0.024826 0
1001010010 0.0795898 -3.14159
1001010011 0.0298309 -3.14159
1001010100 0.0172577 0
1001010101 0.0159912 -3.14159
1001010110 0.00341415 0
1001010111 0.0697632 0
1001011000 0.0495605 -3.14159
1001011001 0.0185394 0
1001011010 0.01297 0
1001011011 1.61529e-05 0
1001011100 0.0266571 -3.14159
1001011101 0.0351868 0
1001011110 0.0234528 0
1001011111 0.0100403 0
1001100000 0.0191956 -3.14159
1001100001 0.0303955 0
1001100010 0.0172577 0
1001100011 0.0112534 -3.14159
1001100100 0.0370483 -3.14159
1001100101 0.0269012 0
1001100110 0.00447464 0
1001100111 0.0822144 0
1001101000 0.0198822 0
1001101001 0.0336609 -3.14159
1001101010 0.0247498 0
1001101011 0.0107346 0
1001101100 0.00497055 -3.14159
1001101101 0.0472107 0
1001101110 0.00624466 0
1001101111 0.0618591 0
1001110000 0.0411987 0
1001110001 0.0291138 -3.14159
1001110010 0.0107574 0
1001110011 0.0377502 0
1001110100 0.0367126 -3.14159
1001110101 0.0372314 0
1001110110 0.0849609 0
1001110111 0.0408936 -3.14159
1001111000 0.00952911 0
1001111001 0.0085144 -3.14159
1001111010 0.0280151 0
1001111011 0.0286713 -3.14159
1001111100 0.00814819 -3.14159
1001111101 0.00547028 -3.14159
1001111110 0.0600586 -3.14159
1001111111 0.0077095 -3.14159
1010000000 0.00114155 0
1010000001 0.00909424 -3.14159
1010000010 0.0169525 -3.14159
1010000011 0.0158234 -3.14159
1010000100 0.0050087 -3.14159
1010000101 0.0361328 0
1010000110 0.0451355 0
1010000111 0.0349731 -3.14159
1010001000 0.0297089 -3.14159
1010001001 0.0779419 0
1010001010 0.0585022 -3.14159
1010001011 0.0350952 0
1010001100 0.015007 0
1010001101 0.040863 0
1010001110 0.0173492 -3.14159
1010001111 0.0133286 0
1010010000 0.0275879 0
1010010001 0.0201416 -3.14159
1010010010 0.0102768 -3.14159
1010010011 0.00885773 -3.14159
1010010100 0.00789642 -3.14159
1010010101 0.00708389 -3.14159
1010010110 0.00283432 -3.14159
1010010111 0.0162659 0
1010011000 0.0108109 0
1010011001 0.0780029 0
1010011010 0.000170827 -3.14159
1010011011 0.0106888 0
1010011100 0.0209351 -3.14159
1010011101 0.0348511 0
1010011110 0.00729752 0
1010011111 0.00549316 0
1010100000 0.0203552 -3.14159
1010100001 0.00688553 0
1010100010 0.00954437 0
1010100011 0.0420532 -3.14159
1010100100 0.0229034 -3.14159
1010100101 0.0246735 0
1010100110 0.00837708 0
1010100111 0.022934 0
1010101000 0.0455933 -3.14159
1010101001 0.0137711 -3.14159
1010101010 0.00339317 -3.14159
1010101011 0.10376 0
1010101100 0.02211 0
1010101101 0.00821686 -3.14159
1010101110 0.0216827 -3.14159
1010101111 0.0149841 -3.14159
1010110000 0.0528564 0
1010110001 0.0464783 -3.14159
1010110010 0.0279541 -3.14159
1010110011 0.00720596 0
1010110100 0.0168915 -3.14159
1010110101 0.0158234 0
1010110110 0.00889587 0
1010110111 0.0230865 -3.14159
1010111000 0.00279236 0
1010111001 0.0176239 0
1010111010 0.0415955 -3.14159
1010111011 0.0176392 0
1010111100 0.0323181 -3.14159
1010111101 0.0331726 0
1010111110 0.0534058 -3.14159
1010111111 0.00889587 -3.14159
1011000000 0.00470734 0
1011000001 0.0226593 -3.14159
1011000010 0.0116425 0
1011000011 0.0135345 -3.14159
1011000100 0.0112686 0
1011000101 0.0645142 0
1011000110 0.00834656 -3.14159
1011000111 6.4373e-05 0
1011001000 0.0654297 -3.14159
1011001001 0.0306091 0
1011001010 0.0185547 0
1011001011 0.00117874 -3.14159
1011001100 0.00199127 0
1011001101 0.0678711 0
1011001110 0.0154648 -3.14159
1011001111 0.0249023 -3.14159
1011010000 0.0201569 -3.14159
1011010001 0.0620422 -3.14159
1011010010 0.0195618 0
1011010011 0.00901031 -3.14159
1011010100 0.00836945 -3.14159
1011010101 0.0528259 -3.14159
1011010110 0.00523376 0
1011010111 0.0251617 -3.14159
1011011000 0.00530243 -3.14159
1011011001 0.0366211 0
1011011010 0.00894928 -3.14159
1011011011 0.036438 -3.14159
1011011100 0.0384827 -3.14159
1011011101 0.0131607 0
1011011110 0.0405273 -3.14159
1011011111 0.0179291 -3.14159
1011100000 0.0159302 0
1011100001 0.0101395 -3.14159
1011100010 0.00282097 0
1011100011 0.0662231 0
1011100100 0.0689697 0
1011100101 0.00444794 0
1011100110 0.0205688 0
1011100111 0.00333405 -3.14159
1011101000 0.0452576 0
1011101001 0.0549011 -3.14159
1011101010 0.00182343 -3.14159
1011101011 0.0160217 -3.14159
1011101100 0.0294037 0
1011101101 0.0307007 -3.14159
1011101110 0.013176 0
1011101111 0.108154 0
1011110000 0.00598526 0
1011110001 0.0187225 -3.14159
1011110010 0.00601578 -3.14159
1011110011 0.00444412 0
1011110100 0.014679 -3.14159
1011110101 0.0413818 0
1011110110 0.0444031 -3.14159
1011110111 0.0100784 -3.14159
1011111000 0.0241394 0
1011111001 0.0535583 -3.14159
1011111010 0.00870514 -3.14159
1011111011 0.00608826 -3.14159
1011111100 0.0918579 0
1011111101 0.0341797 0
1011111110 0.0380554 0
1011111111 0.00839996 0
1100000000 0.049469 -3.14159
1100000001 0.0354614 0
1100000010 0.0153122 -3.14159
1100000011 0.0266418 0
1100000100 0.0337524 -3.14159
1100000101 0.0309448 0
1100000110 0.0107117 0
1100000111 0.0311432 0
1100001000 0.0193024 -3.14159
1100001001 0.00868988 -3.14159
1100001010 0.00701141 0
1100001011 0.00702286 -3.14159
1100001100 0.0120316 0
1100001101 0.0020771 0
1100001110 0.0245819 0
1100001111 0.0135498 -3.14159
1100010000 0.0791016 0
1100010001 0.0107117 0
1100010010 0.0210266 -3.14159
1100010011 0.0529785 -3.14159
1100010100 0.00853729 0
1100010101 0.0247192 -3.14159
1100010110 0.00954437 0
1100010111 0.0572815 0
1100011000 0.0787354 -3.14159
1100011001 0.00640106 0
1100011010 0.00133514 -3.14159
1100011011 0.0193634 0
1100011100 0.0067215 -3.14159
1100011101 0.0144958 0
1100011110 0.0343628 -3.14159
1100011111 0.0393677 -3.14159
1100100000 0.0259552 0
1100100001 0.0444946 -3.14159
1100100010 0.00716782 0
1100100011 0.018631 0
1100100100 0.0187683 0
1100100101 0.0603333 -3.14159
1100100110 0.0115585 0
1100100111 0.00391769 0
1100101000 0.0393372 -3.14159
1100101001 0.0343933 0
1100101010 0.0428467 0
1100101011 0.0264435 0
1100101100 0.016098 -3.14159
1100101101 0.0130768 -3.14159
1100101110 0.0736694 0
1100101111 0.0228271 -3.14159
1100110000 0.00642395 0
1100110001 0.00764847 -3.14159
1100110010 0.0612183 0
1100110011 0.0317078 -3.14159
1100110100 0.0192413 -3.14159
1100110101 0.0261688 0
1100110110 0.0737915 0
1100110111 0.032074 0
1100111000 0.00992584 0
1100111001 0.0184937 0
1100111010 0.0131073 0
1100111011 0.0359497 -3.14159
1100111100 0.0343628 -3.14159
1100111101 0.0348511 -3.14159
1100111110 0.033783 -3.14159
1100111111 0.0234985 -3.14159
1101000000 0.0467529 0
1101000001 0.00968933 -3.14159
1101000010 0.0105438 -3.14159
1101000011 0.0286102 -3.14159
1101000100 0.0353088 0
1101000101 0.0455322 0
1101000110 0.0343628 0
1101000111 0.0255432 -3.14159
1101001000 0.0631104 0
1101001001 0.00746155 0
1101001010 0.00598145 0
1101001011 0.0157776 0
1101001100 0.0212097 0
1101001101 0.00124645 0
1101001110 0.0153732 -3.14159
1101001111 0.0202332 0
1101010000 0.0241547 0
1101010001 0.00281906 0
1101010010 0.00109673 0
1101010011 0.0557251 0
1101010100 0.0102692 0
1101010101 0.0250549 0
1101010110 0.0276642 0
1101010111 0.0254669 0
1101011000 0.00655365 0
1101011001 0.0102692 0
1101011010 0.0285492 0
1101011011 0.00962067 -3.14159
1101011100 0.0169983 0
1101011101 0.0558777 0
1101011110 0.0338745 -3.14159
1101011111 0.0352173 -3.14159
1101100000 0.00160885 -3.14159
1101100001 0.0138321 -3.14159
1101100010 0.0290375 -3.14159
1101100011 0.0421143 0
1101100100 0.014595 -3.14159
1101100101 0.058197 -3.14159
1101100110 0.0297699 -3.14159
1101100111 0.0021553 0
1101101000 0.0104218 0
1101101001 0.0119781 0
1101101010 0.0211639 0
1101101011 0.00462341 0
1101101100 0.0165253 -3.14159
1101101101 0.00416183 0
1101101110 0.0361938 0
1101101111 0.0325317 -3.14159
1101110000 0.00927734 0
1101110001 0.0310516 0
1101110010 0.0121841 -3.14159
1101110011 0.0247955 -3.14159
1101110100 0.00311852 -3.14159
1101110101 0.0203552 0
1101110110 0.0240631 -3.14159
1101110111 0.0353088 -3.14159
1101111000 0.072876 -3.14159
1101111001 0.0178223 0
1101111010 0.0234222 0
1101111011 0.00128078 -3.14159
1101111100 0.0159607 0
1101111101 0.0165863 -3.14159
1101111110 0.0146027 0
1101111111 0.0393677 -3.14159
1110000000 0.0352173 -3.14159
1110000001 0.00530243 0
1110000010 0.0644531 0
1110000011 0.0300446 -3.14159
1110000100 0.0355835 -3.14159
1110000101 0.0117645 0
1110000110 0.0253601 -3.14159
1110000111 0.0410156 0
1110001000 0.00708008 -3.14159
1110001001 0.0170898 -3.14159
1110001010 0.00419998 0
1110001011 0.0188446 0
1110001100 0.0032444 0
1110001101 0.0673828 0
1110001110 0.00812531 0
1110001111 0.0331116 0
1110010000 0.018158 -3.14159
1110010001 0.0285645 0
1110010010 0.00372505 -3.14159
1110010011 0.0465393 0
1110010100 0.0354614 -3.14159
1110010101 0.0541687 -3.14159
1110010110 0.0431213 0
1110010111 0.0282745 -3.14159
1110011000 0.0109558 0
1110011001 0.0125656 0
1110011010 0.020813 0
1110011011 0.029068 -3.14159
1110011100 0.00265884 0
1110011101 0.0261993 -3.14159
1110011110 0.0330811 -3.14159
1110011111 0.0513306 0
1110100000 0.0252686 0
1110100001 0.0171814 -3.14159
1110100010 0.0372925 -3.14159
1110100011 0.00393677 -3.14159
1110100100 0.0122375 -3.14159
1110100101 0.0533752 0
1110100110 0.0149155 -3.14159
1110100111 0.00195122 0
1110101000 0.00846863 0
1110101001 0.0307007 0
1110101010 0.0300293 0
1110101011 0.0032711 0
1110101100 0.00809479 0
1110101101 0.000326157 0
1110101110 0.00460815 0
1110101111 0.00550079 0
1110110000 0.0533752 0
1110110001 0.0121613 -3.14159
1110110010 0.0423279 -3.14159
1110110011 0.0657959 -3.14159
1110110100 0.00601578 -3.14159
1110110101 0.0719604 -3.14159
1110110110 0.0131378 0
1110110111 0.00423813 0
1110111000 0.0242615 -3.14159
1110111001 0.117065 -3.14159
1110111010 0.0569763 -3.14159
1110111011 0.010849 0
1110111100 0.0151978 -3.14159
1110111101 0.0213776 0
1110111110 0.0263367 -3.14159
1110111111 0.0348511 -3.14159
1111000000 0.00608063 0
1111000001 0.0266113 -3.14159
1111000010 0.0647583 0
1111000011 0.00114822 -3.14159
1111000100 0.0383606 -3.14159
1111000101 0.0153885 -3.14159
1111000110 0.0280457 0
1111000111 0.0030632 0
1111001000 0.0090332 0
1111001001 0.0412292 -3.14159
1111001010 0.0159454 0
1111001011 0.0254517 0
1111001100 0.0328369 -3.14159
1111001101 0.0252533 -3.14159
1111001110 0.00823975 0
1111001111 0.0943604 0
1111010000 0.00376511 0
1111010001 0.0110397 -3.14159
1111010010 0.0143661 -3.14159
1111010011 0.00391388 0
1111010100 0.0298462 0
1111010101 0.0136871 0
1111010110 0.012558 0
1111010111 0.0106735 0
1111011000 0.0328064 0
1111011001 0.0288391 -3.14159
1111011010 0.0596924 -3.14159
1111011011 0.00780106 0
1111011100 0.0138321 0
1111011101 0.00898743 0
1111011110 0.0251312 -3.14159
1111011111 0.0227203 -3.14159
1111100000 0.029541 0
1111100001 0.00021863 -3.14159
1111100010 0.000981331 -3.14159
1111100011 0.0578613 -3.14159
1111100100 0.0233459 0
1111100101 0.0365906 -3.14159
1111100110 0.0567627 0
1111100111 0.0127869 -3.14159
1111101000 0.00346565 -3.14159
1111101001 0.00208092 -3.14159
1111101010 0.0304565 -3.14159
1111101011 0.019516 -3.14159
1111101100 0.0734863 0
1111101101 0.0501404 -3.14159
1111101110 0.0448914 0
1111101111 0.0542603 0
1111110000 0.0312195 -3.14159
1111110001 0.0406494 0
1111110010 0.0144043 0
1111110011 0.020752 -3.14159
1111110100 0.0266571 -3.14159
1111110101 0.0634766 0
1111110110 0.0603333 -3.14159
1111110111 0.00546265 0
1111111000 0.0421753 -3.14159
1111111001 0.0392456 -3.14159
1111111010 0.0498657 -3.14159
1111111011 0.0068512 -3.14159
1111111100 0.0141373 0
1111111101 0.0201721 0
1111111110 0.0286102 0
1111111111 0.00160122 0
