0000000000 0.0322266 0
0000000001 0.0227661 0
0000000010 0.0262451 -3.14159
0000000011 0.0288391 -3.14159
0000000100 0.0121918 0
0000000101 0.00574493 0
0000000110 0.0560913 -3.14159
0000000111 0.00555038 -3.14159
0000001000 0.00161934 0
0000001001 0.0114975 -3.14159
0000001010 0.00974274 -3.14159
0000001011 0.0121002 -3.14159
0000001100 0.00435638 -3.14159
0000001101 0.00836945 0
0000001110 0.0245209 0
0000001111 0.0239563 0
0000010000 0.00919342 0
0000010001 0.0251312 -3.14159
0000010010 0.0473938 -3.14159
0000010011 0.039093 -3.14159
0000010100 0.0310059 -3.14159
0000010101 0.00618744 0
0000010110 0.0092926 -3.14159
0000010111 0.0481567 0
0000011000 0.0380249 0
0000011001 0.0137024 -3.14159
0000011010 0.0484619 -3.14159
0000011011 0.0307007 -3.14159
0000011100 0.00339127 -3.14159
0000011101 0.00992584 -3.14159
0000011110 0.0127716 0
0000011111 0.0184631 -3.14159
0000100000 0.0674438 -3.14159
0000100001 0.00302315 -3.14159
0000100010 0.0527039 -3.14159
0000100011 0.0507812 -3.14159
0000100100 0.0110779 0
0000100101 0.00557327 -3.14159
0000100110 0.01548 -3.14159
0000100111 0.00711823 0
0000101000 0.0234375 -3.14159
0000101001 0.0107956 -3.14159
0000101010 0.0124512 -3.14159
0000101011 0.00820923 -3.14159
0000101100 0.0592346 -3.14159
0000101101 0.0292816 0
0000101110 0.000936508 -3.14159
0000101111 0.00311279 0
0000110000 0.0375671 0
0000110001 0.0287933 -3.14159
0000110010 0.0472717 -3.14159
0000110011 0.0165405 0
0000110100 0.0228424 -3.14159
0000110101 0.0205688 -3.14159
0000110110 0.00179195 -3.14159
0000110111 0.0224609 0
0000111000 0.0153885 0
0000111001 0.00512695 0
0000111010 0.0151596 -3.14159
0000111011 0.0230255 -3.14159
0000111100 0.0516052 0
0000111101 0.00300598 0
0000111110 0.0217438 0
0000111111 0.00753403 -3.14159
0001000000 0.0464478 0
0001000001 0.0259552 0
0001000010 0.0223694 -3.14159
0001000011 0.0254211 0
0001000100 0.0305786 -3.14159
0001000101 0.0461121 -3.14159
0001000110 0.0303192 -3.14159
0001000111 0.00358963 -3.14159
0001001000 0.0307312 -3.14159
0001001001 0.0299377 -3.14159
0001001010 0.0110474 0
0001001011 0.00621414 -3.14159
0001001100 0.0392151 -3.14159
0001001101 0.000691414 -3.14159
0001001110 0.0260315 0
0001001111 0.00137711 -3.14159
0001010000 0.00738907 0
0001010001 0.0390015 -3.14159
0001010010 0.0520935 -3.14159
0001010011 0.0028019 0
0001010100 0.0411072 0
0001010101 0.0172729 0
0001010110 0.00294685 -3.14159
0001010111 0.00202751 0
0001011000 0.0139008 0
0001011001 0.0415955 0
0001011010 0.000365973 0
0001011011 0.0144043 0
0001011100 0.0253601 0
0001011101 0.0193329 -3.14159
0001011110 0.0343628 -3.14159
0001011111 0.0207672 0
0001100000 0.00987244 -3.14159
0001100001 0.0174408 -3.14159
0001100010 0.0700684 -3.14159
0001100011 0.00993347 -3.14159
0001100100 0.0559387 -3.14159
0001100101 0.0193176 -3.14159
0001100110 0.0413513 -3.14159
0001100111 0.0250854 0
0001101000 0.00033021 -3.14159
0001101001 0.0896606 0
0001101010 0.0257111 -3.14159
0001101011 0.026825 0
0001101100 0.00910187 0
0001101101 0.0520935 -3.14159
0001101110 0.00315475 0
0001101111 0.0067482 -3.14159
0001110000 0.0649414 -3.14159
0001110001 0.0202789 -3.14159
0001110010 0.0845947 -3.14159
0001110011 0.00764084 0
0001110100 0.010437 -3.14159
0001110101 0.0282898 0
0001110110 0.00814819 -3.14159
0001110111 0.0590515 -3.14159
0001111000 0.0678101 -3.14159
0001111001 0.00803375 0
0001111010 0.0335693 -3.14159
0001111011 0.0118103 -3.14159
0001111100 0.0156555 -3.14159
0001111101 0.0247192 0
0001111110 0.0115356 0
0001111111 0.00401306 -3.14159
0010000000 0.0205078 0
0010000001 0.0550537 -3.14159
0010000010 0.0140152 0
0010000011 0.0178223 -3.14159
0010000100 0.020752 0
0010000101 0.0107193 -3.14159
0010000110 0.039093 0
0010000111 0.0107498 -3.14159
0010001000 0.0159912 -3.14159
0010001001 0.02034 -3.14159
0010001010 0.0401001 0
0010001011 0.0186005 -3.14159
0010001100 0.0253448 0
0010001101 0.0246735 0
0010001110 0.0517273 0
0010001111 0.00492477 -3.14159
0010010000 0.0174561 -3.14159
0010010001 0.013443 -3.14159
0010010010 0.0175629 -3.14159
0010010011 0.0254669 -3.14159
0010010100 0.021637 -3.14159
0010010101 0.0101852 0
0010010110 0.016098 -3.14159
0010010111 0.038208 0
0010011000 0.00680923 0
0010011001 0.0318298 -3.14159
0010011010 0.0070076 -3.14159
0010011011 0.0116577 -3.14159
0010011100 0.0114136 -3.14159
0010011101 0.0157776 0
0010011110 0.0276337 -3.14159
0010011111 0.00731277 -3.14159
0010100000 0.0218964 0
0010100001 0.012619 -3.14159
0010100010 0.00366974 -3.14159
0010100011 0.00981903 0
0010100100 0.01474 0
0010100101 0.00502396 -3.14159
0010100110 0.00920105 0
0010100111 0.0261078 0
0010101000 0.00803375 0
0010101001 0.032196 0
0010101010 0.0500488 0
0010101011 0.035675 0
0010101100 0.0167999 0
0010101101 0.00545502 0
0010101110 0.0164185 -3.14159
0010101111 0.0234985 0
0010110000 0.0157776 0
0010110001 0.0637207 -3.14159
0010110010 0.0366821 0
0010110011 0.0462036 0
0010110100 0.0336914 0
0010110101 0.0185852 -3.14159
0010110110 0.021698 0
0010110111 0.00685883 -3.14159
0010111000 0.00876617 0
0010111001 0.0393982 -3.14159
0010111010 0.0146179 0
0010111011 0.0263062 0
0010111100 0.0492859 0
0010111101 0.0344849 -3.14159
0010111110 0.0117035 0
0010111111 0.067627 -3.14159
0011000000 0.0502014 0
0011000001 0.0158539 0
0011000010 0.0160065 0
0011000011 0.0387573 0
0011000100 0.0180969 -3.14159
0011000101 0.00250816 -3.14159
0011000110 0.0116882 0
0011000111 0.00629425 -3.14159
0011001000 0.0283661 0
0011001001 0.0263672 -3.14159
0011001010 0.0292511 0
0011001011 0.0132217 -3.14159
0011001100 0.00856018 0
0011001101 0.0205688 -3.14159
0011001110 0.00798798 0
0011001111 0.00610733 0
0011010000 0.0188599 0
0011010001 0.0295258 -3.14159
0011010010 0.0228577 0
0011010011 0.00265884 -3.14159
0011010100 0.0167694 -3.14159
0011010101 0.00852203 -3.14159
0011010110 0.0554199 -3.14159
0011010111 0.0640259 0
0011011000 0.0104294 0
0011011001 0.0198364 0
0011011010 0.0179596 -3.14159
0011011011 0.0129929 -3.14159
0011011100 0.0190582 0
0011011101 0.0139999 -3.14159
0011011110 0.0478821 -3.14159
0011011111 0.0311584 0
0011100000 0.0395203 0
0011100001 0.0105057 0
0011100010 0.0279083 0
0011100011 0.0262451 -3.14159
0011100100 0.0262299 0
0011100101 0.0466919 0
0011100110 0.016037 -3.14159
0011100111 0.0100937 -3.14159
0011101000 0.0192566 -3.14159
0011101001 0.00279617 0
0011101010 0.0862427 -3.14159
0011101011 0.0172729 -3.14159
0011101100 0.0189056 -3.14159
0011101101 0.0348206 -3.14159
0011101110 0.0125198 0
0011101111 0.0824585 0
0011110000 0.0161133 -3.14159
0011110001 0.0112305 -3.14159
0011110010 1.93119e-05 0
0011110011 0.0352173 -3.14159
0011110100 0.0150375 0
0011110101 0.0104446 -3.14159
0011110110 0.0148392 0
0011110111 0.0214233 -3.14159
0011111000 0.086853 0
0011111001 0.0422974 0
0011111010 0.00379181 -3.14159
0011111011 0.00874329 0
0011111100 0.0111008 0
0011111101 0.00715256 -3.14159
0011111110 0.0267487 0
0011111111 0.0298462 0
0100000000 0.0511169 0
0100000001 0.0277557 0
0100000010 0.0116882 -3.14159
0100000011 0.0340576 0
0100000100 0.0396118 -3.14159
0100000101 0.0221558 -3.14159
0100000110 0.0252686 0
0100000111 0.0480347 0
0100001000 0.00550079 0
0100001001 0.0149231 0
0100001010 0.00455856 -3.14159
0100001011 0.00719833 -3.14159
0100001100 0.00974274 -3.14159
0100001101 0.00590515 -3.14159
0100001110 0.00142574 -3.14159
0100001111 0.0223541 -3.14159
0100010000 0.0360413 0
0100010001 0.0524597 -3.14159
0100010010 0.0115356 0
0100010011 0.0159302 -3.14159
0100010100 0.032959 0
0100010101 0.0299377 -3.14159
0100010110 0.0414734 0
0100010111 0.00243568 0
0100011000 0.0210114 0
0100011001 0.0267181 0
0100011010 0.00590897 -3.14159
0100011011 0.0878906 -3.14159
0100011100 0.0105209 -3.14159
0100011101 0.0144577 0
0100011110 0.032135 -3.14159
0100011111 0.0411377 0
0100100000 0.0195465 0
0100100001 0.00069046 -3.14159
0100100010 0.00253105 -3.14159
0100100011 0.0294037 -3.14159
0100100100 0.0385742 -3.14159
0100100101 0.00166798 0
0100100110 0.0425415 -3.14159
0100100111 0.0404053 -3.14159
0100101000 0.0639038 0
0100101001 0.0904541 -3.14159
0100101010 0.0641479 0
0100101011 0.0030899 -3.14159
0100101100 0.0420837 0
0100101101 0.0467529 -3.14159
0100101110 0.0466309 0
0100101111 0.00963593 0
0100110000 0.0266724 0
0100110001 0.0412292 -3.14159
0100110010 0.0200958 0
0100110011 0.0390625 -3.14159
0100110100 0.0184784 0
0100110101 0.025177 0
0100110110 0.0346985 -3.14159
0100110111 0.0136642 -3.14159
0100111000 0.0173187 -3.14159
0100111001 0.043335 -3.14159
0100111010 0.0337524 -3.14159
0100111011 0.0466309 -3.14159
0100111100 0.0466614 -3.14159
0100111101 0.0208435 0
0100111110 0.0281525 0
0100111111 0.0117798 -3.14159
0101000000 0.0185852 -3.14159
0101000001 0.0192871 0
0101000010 0.0206757 -3.14159
0101000011 0.0123978 0
0101000100 0.00223351 -3.14159
0101000101 0.0107651 0
0101000110 0.0235138 -3.14159
0101000111 0.0404968 -3.14159
0101001000 0.0018158 0
0101001001 0.0399475 -3.14159
0101001010 0.0134964 -3.14159
0101001011 0.0442505 0
0101001100 0.00881195 0
0101001101 0.015419 0
0101001110 0.0314331 0
0101001111 0.0150986 0
0101010000 0.0213165 0
0101010001 0.0114136 0
0101010010 0.0283661 0
0101010011 0.0414734 -3.14159
0101010100 0.0138626 0
0101010101 0.0464172 0
0101010110 0.00563812 0
0101010111 0.0101852 0
0101011000 0.0560608 0
0101011001 0.0260773 0
0101011010 0.00952148 -3.14159
0101011011 0.0472717 -3.14159
0101011100 0.0242004 -3.14159
0101011101 0.050354 0
0101011110 0.00323296 0
0101011111 0.0366211 0
0101100000 0.00666809 -3.14159
0101100001 0.0307007 -3.14159
0101100010 0.0034256 0
0101100011 0.0230255 -3.14159
0101100100 0.00203323 0
0101100101 0.00867462 -3.14159
0101100110 0.0220032 -3.14159
0101100111 0.0151443 -3.14159
0101101000 0.0854492 -3.14159
0101101001 0.00024581 -3.14159
0101101010 0.0379944 0
0101101011 0.0395813 0
0101101100 0.0220337 0
0101101101 0.0199127 -3.14159
0101101110 0.00608444 -3.14159
0101101111 0.0143814 0
0101110000 0.0180817 -3.14159
0101110001 0.00387192 -3.14159
0101110010 0.0364685 -3.14159
0101110011 0.00869751 0
0101110100 0.0370483 0
0101110101 0.00186348 -3.14159
0101110110 0.0177612 0
0101110111 0.00824738 0
0101111000 0.0150223 0
0101111001 0.0598755 0
0101111010 0.00558853 0
0101111011 0.0400391 -3.14159
0101111100 0.0165863 -3.14159
0101111101 0.0152054 -3.14159
0101111110 0.0209351 0
0101111111 0.081543 0
0110000000 0.00654602 0
0110000001 0.0486755 0
0110000010 0.0172577 -3.14159
0110000011 0.0463562 0
0110000100 0.0769043 -3.14159
0110000101 0.0283966 0
0110000110 0.0245819 0
0110000111 0.018631 0
0110001000 0.019043 -3.14159
0110001001 0.0177307 -3.14159
0110001010 0.00442505 -3.14159
0110001011 0.0104523 -3.14159
0110001100 0.011879 -3.14159
0110001101 0.0292816 -3.14159
0110001110 0.0142212 0
0110001111 0.0175323 -3.14159
0110010000 0.0337219 0
0110010001 0.0158081 0
0110010010 0.0112534 -3.14159
0110010011 0.0189972 0
0110010100 0.0911865 -3.14159
0110010101 0.0629272 -3.14159
0110010110 0.0117874 -3.14159
0110010111 0.0345764 0
0110011000 0.00298882 0
0110011001 0.0271301 -3.14159
0110011010 0.0201874 0
0110011011 0.0480042 0
0110011100 0.0127563 -3.14159
0110011101 0.0092926 0
0110011110 0.00118732 0
0110011111 0.0227203 0
0110100000 0.0163574 0
0110100001 0.0288849 0
0110100010 0.00856781 0
0110100011 0.0374451 -3.14159
0110100100 0.0628662 0
0110100101 0.00130844 0
0110100110 0.0127182 -3.14159
0110100111 0.0014677 -3.14159
0110101000 0.0317688 -3.14159
0110101001 0.0265198 -3.14159
0110101010 0.0327454 0
0110101011 0.0233154 -3.14159
0110101100 0.0284882 -3.14159
0110101101 0.0439453 0
0110101110 0.0219116 -3.14159
0110101111 0.00596237 0
0110110000 0.0210114 -3.14159
0110110001 0.0875854 -3.14159
0110110010 0.0254822 0
0110110011 0.0256653 -3.14159
0110110100 0.00510788 0
0110110101 0.0194397 0
0110110110 0.0444031 0
0110110111 0.0142975 0
0110111000 0.0290527 -3.14159
0110111001 0.0381775 -3.14159
0110111010 0.0193176 0
0110111011 0.0574646 0
0110111100 0.0306396 -3.14159
0110111101 0.0397034 -3.14159
0110111110 0.0389709 -3.14159
0110111111 0.0175629 -3.14159
0111000000 0.0164185 -3.14159
0111000001 0.0534973 -3.14159
0111000010 0.0387878 0
0111000011 0.017868 -3.14159
0111000100 0.00214005 0
0111000101 0.0119705 0
0111000110 0.00624084 0
0111000111 0.0224609 -3.14159
0111001000 0.0541687 0
0111001001 0.0424805 0
0111001010 0.00483704 -3.14159
0111001011 0.00946808 0
0111001100 0.0215759 -3.14159
0111001101 1.98483e-05 0
0111001110 0.0464783 0
0111001111 0.0543823 0
0111010000 0.0250244 0
0111010001 0.0283203 0
0111010010 0.0038662 0
0111010011 0.0522461 0
0111010100 0.0317383 0
0111010101 0.0114975 -3.14159
0111010110 0.0139236 -3.14159
0111010111 0.00816345 -3.14159
0111011000 0.0102463 0
0111011001 0.0177765 -3.14159
0111011010 0.0027771 0
0111011011 0.00429153 0
0111011100 0.0283966 0
0111011101 0.0275269 0
0111011110 0.019455 0
0111011111 0.0132828 -3.14159
0111100000 0.00878906 -3.14159
0111100001 0.0108719 0
0111100010 0.0106354 0
0111100011 0.016037 0
0111100100 0.0149078 -3.14159
0111100101 0.0220337 -3.14159
0111100110 0.0105286 0
0111100111 0.0250702 -3.14159
0111101000 0.0322876 -3.14159
0111101001 0.0187225 -3.14159
0111101010 0.0366821 -3.14159
0111101011 0.0144653 0
0111101100 0.00946808 -3.14159
0111101101 0.00153255 -3.14159
0111101110 0.0165558 0
0111101111 0.000697613 -3.14159
0111110000 0.00484848 0
0111110001 0.0458069 -3.14159
0111110010 0.0163422 -3.14159
0111110011 0.0743408 -3.14159
0111110100 0.0240784 0
0111110101 0.0110321 -3.14159
0111110110 0.0100555 -3.14159
0111110111 0.0156555 0
0111111000 0.0634155 -3.14159
0111111001 0.0461731 0
0111111010 0.0191956 -3.14159
0111111011 0.00143814 -3.14159
0111111100 0.000830173 0
0111111101 0.00226974 -3.14159
0111111110 0.000907898 0
0111111111 0.0214844 0
1000000000 0.0164032 0
1000000001 0.00180054 -3.14159
1000000010 0.00685883 -3.14159
1000000011 0.000758171 0
1000000100 0.0404358 0
1000000101 0.0275879 0
1000000110 0.0574646 0
1000000111 0.0188293 0
1000001000 0.0444946 -3.14159
1000001001 0.00782013 0
1000001010 0.00994873 0
1000001011 0.0811768 -3.14159
1000001100 0.00600815 0
1000001101 0.0112152 -3.14159
1000001110 0.069519 -3.14159
1000001111 0.0160675 -3.14159
1000010000 0.0293732 0
1000010001 0.0817871 -3.14159
1000010010 0.0551758 0
1000010011 0.0501404 0
1000010100 0.0261078 0
1000010101 0.0321655 0
1000010110 0.00078249 0
1000010111 0.0188141 0
1000011000 0.0226288 0
1000011001 0.011055 0
1000011010 0.00606537 -3.14159
1000011011 0.00811768 0
1000011100 0.00580978 -3.14159
1000011101 0.00770187 -3.14159
1000011110 0.00782013 -3.14159
1000011111 0.00999451 -3.14159
1000100000 0.0275116 -3.14159
1000100001 0.0374146 -3.14159
1000100010 0.0141449 0
1000100011 0.00750351 -3.14159
1000100100 0.0101089 -3.14159
1000100101 0.0547791 -3.14159
1000100110 0.0388489 -3.14159
1000100111 0.0703125 0
1000101000 0.00136185 0
1000101001 0.0388184 -3.14159
1000101010 0.0233765 -3.14159
1000101011 0.001297 0
1000101100 0.0104828 -3.14159
1000101101 0.00369644 -3.14159
1000101110 0.0118103 0
1000101111 0.0527344 0
1000110000 0.000139594 0
1000110001 0.0226746 0
1000110010 0.00463867 0
1000110011 0.0129395 -3.14159
1000110100 0.0310974 -3.14159
1000110101 0.016098 0
1000110110 0.0419006 -3.14159
1000110111 0.00748062 0
1000111000 0.0139847 -3.14159
1000111001 0.0149078 -3.14159
1000111010 0.0809326 0
1000111011 0.00625229 -3.14159
1000111100 0.0126724 0
1000111101 0.0153046 0
1000111110 0.000748158 0
1000111111 0.0124588 0
1001000000 0.00122833 0
1001000001 0.000264645 0
1001000010 0.0217743 0
1001000011 0.00157738 0
1001000100 0.0473938 -3.14159
1001000101 0.014183 0
1001000110 0.0440369 -3.14159
1001000111 0.0435486 -3.14159
1001001000 0.0408936 0
1001001001 0.0254211 0
1001001010 0.0274353 -3.14159
1001001011 0.00811768 -3.14159
1001001100 0.0231476 0
1001001101 0.00961304 -3.14159
1001001110 0.0749512 -3.14159
1001001111 0.0535889 0
1001010000 0.0103531 0
1001010001 0.00138092 -3.14159
1001010010 0.00310326 -3.14159
1001010011 0.0145416 -3.14159
1001010100 0.0286865 -3.14159
1001010101 0.0563049 -3.14159
1001010110 0.0146408 0
1001010111 0.0159149 -3.14159
1001011000 0.052948 0
1001011001 0.0196075 0
1001011010 0.0166168 0
1001011011 0.036438 0
1001011100 0.0151215 0
1001011101 0.0366211 -3.14159
1001011110 0.0592957 -3.14159
1001011111 0.00955963 -3.14159
1001100000 0.0260773 0
1001100001 0.000624657 -3.14159
1001100010 0.0205688 -3.14159
1001100011 0.0283661 0
1001100100 0.00194263 -3.14159
1001100101 0.000123143 -3.14159
1001100110 0.0504456 0
1001100111 0.0631104 0
1001101000 0.0068512 0
1001101001 0.0344238 -3.14159
1001101010 0.0656128 0
1001101011 0.0302887 0
1001101100 0.0491638 0
1001101101 0.00121784 0
1001101110 0.0361938 -3.14159
1001101111 0.0182037 -3.14159
1001110000 0.04599 0
1001110001 0.0412598 -3.14159
1001110010 0.000570774 -3.14159
1001110011 0.0293121 0
1001110100 0.0409546 -3.14159
1001110101 0.011467 0
1001110110 0.0223541 0
1001110111 0.0343628 -3.14159
1001111000 0.0695801 0
1001111001 0.0287323 0
1001111010 0.0250092 0
1001111011 0.036377 0
1001111100 0.024353 0
1001111101 0.01548 -3.14159
1001111110 0.00774002 -3.14159
1001111111 0.0120087 -3.14159
1010000000 0.00554657 0
1010000001 0.0076828 0
1010000010 0.00579453 0
1010000011 0.00402451 0
1010000100 0.00109005 -3.14159
1010000101 0.0566406 -3.14159
1010000110 0.00458908 0
1010000111 0.0355835 -3.14159
1010001000 0.00147057 0
1010001001 0.00312614 0
1010001010 0.00931549 0
1010001011 0.0290833 0
1010001100 0.0256042 0
1010001101 0.0215607 -3.14159
1010001110 0.033783 0
1010001111 0.0343323 0
1010010000 0.0411987 0
1010010001 0.0188293 0
1010010010 0.0384521 -3.14159
1010010011 0.0432739 0
1010010100 0.0301666 -3.14159
1010010101 0.0115204 -3.14159
1010010110 0.0173187 0
1010010111 0.00431442 -3.14159
1010011000 0.0385742 0
1010011001 0.0167847 -3.14159
1010011010 0.0053978 -3.14159
1010011011 0.0258789 -3.14159
1010011100 0.0126724 0
1010011101 0.00704956 -3.14159
1010011110 0.00232315 -3.14159
1010011111 0.0279999 -3.14159
1010100000 0.0245819 -3.14159
1010100001 0.0375061 -3.14159
1010100010 0.0251312 -3.14159
1010100011 0.0213165 -3.14159
1010100100 0.0167084 0
1010100101 0.00252342 -3.14159
1010100110 0.0222626 0
1010100111 0.0269623 -3.14159
1010101000 0.0128784 0
1010101001 0.0601807 0
1010101010 0.0232544 -3.14159
1010101011 0.00137901 0
1010101100 0.0394897 0
1010101101 0.0236206 -3.14159
1010101110 0.0231171 0
1010101111 0.00827789 0
1010110000 0.0369568 0
1010110001 0.0264435 -3.14159
1010110010 0.00933075 -3.14159
1010110011 0.0473938 -3.14159
1010110100 0.0249634 -3.14159
1010110101 0.0293579 0
1010110110 0.0150986 -3.14159
1010110111 0.017746 -3.14159
1010111000 0.0162964 0
1010111001 0.00532532 0
1010111010 0.0255127 -3.14159
1010111011 0.000153661 -3.14159
1010111100 0.03302 0
1010111101 0.0128937 0
1010111110 0.0103683 -3.14159
1010111111 0.028244 0
1011000000 0.0419617 -3.14159
1011000001 0.046051 0
1011000010 0.046814 0
1011000011 0.0261841 -3.14159
1011000100 0.0237885 -3.14159
1011000101 0.00287437 -3.14159
1011000110 0.0671387 0
1011000111 0.0063591 0
1011001000 0.0459595 -3.14159
1011001001 0.0405579 -3.14159
1011001010 0.0284424 -3.14159
1011001011 0.00958252 -3.14159
1011001100 0.0350647 -3.14159
1011001101 0.0248413 -3.14159
1011001110 0.000491142 0
1011001111 0.00461197 -3.14159
1011010000 0.0251007 -3.14159
1011010001 0.00900269 -3.14159
1011010010 0.0159149 -3.14159
1011010011 0.0190125 0
1011010100 0.00788879 -3.14159
1011010101 0.0362854 0
1011010110 0.0208893 0
1011010111 0.0101242 -3.14159
1011011000 0.0294037 0
1011011001 0.0327759 0
1011011010 0.00686264 0
1011011011 0.0319519 -3.14159
1011011100 0.00499725 -3.14159
1011011101 0.0353088 0
1011011110 0.00405121 0
1011011111 0.00516891 0
1011100000 0.0209351 -3.14159
1011100001 0.0368042 -3.14159
1011100010 0.0497437 0
1011100011 0.0142593 0
1011100100 0.0323181 0
1011100101 0.0733032 0
1011100110 0.0125122 -3.14159
1011100111 0.0484619 -3.14159
1011101000 0.0818481 -3.14159
1011101001 0.0361633 -3.14159
1011101010 0.0696411 -3.14159
1011101011 0.00339127 0
1011101100 0.00397873 -3.14159
1011101101 0.0130005 0
1011101110 0.00292778 -3.14159
1011101111 0.0606689 0
1011110000 0.0523682 -3.14159
1011110001 0.0140152 -3.14159
1011110010 0.0101242 0
1011110011 0.00405502 -3.14159
1011110100 0.0020752 0
1011110101 0.0414734 0
1011110110 0.0224304 -3.14159
1011110111 0.0297241 0
1011111000 0.00375938 -3.14159
1011111001 0.00275803 0
1011111010 0.0333557 -3.14159
1011111011 0.0814819 0
1011111100 0.0296173 0
1011111101 0.00882721 -3.14159
1011111110 0.0405579 0
1011111111 0.00489426 0
1100000000 0.0212097 0
1100000001 0.0151825 0
1100000010 0.0339966 -3.14159
1100000011 0.0445862 -3.14159
1100000100 0.0287628 -3.14159
1100000101 0.0688477 0
1100000110 0.0123672 0
1100000111 0.0315552 -3.14159
1100001000 0.032074 -3.14159
1100001001 0.0505676 -3.14159
1100001010 0.00491714 0
1100001011 0.0208893 -3.14159
1100001100 0.00364494 -3.14159
1100001101 0.00597 -3.14159
1100001110 0.0414429 -3.14159
1100001111 0.0343628 0
1100010000 0.0261536 -3.14159
1100010001 0.0289612 -3.14159
1100010010 0.0455933 0
1100010011 0.00827789 -3.14159
1100010100 0.0342407 -3.14159
1100010101 0.00283813 -3.14159
1100010110 0.0282745 0
1100010111 0.0348816 0
1100011000 0.0533447 -3.14159
1100011001 0.037323 0
1100011010 0.0380859 -3.14159
1100011011 0.0266876 0
1100011100 0.0121231 0
1100011101 0.0179901 0
1100011110 0.00662613 -3.14159
1100011111 0.0414429 -3.14159
1100100000 0.0360718 0
1100100001 0.0709839 0
1100100010 0.00372505 -3.14159
1100100011 0.0202789 0
1100100100 0.0141449 0
1100100101 0.0492859 -3.14159
1100100110 0.0228882 0
1100100111 0.0321045 -3.14159
1100101000 0.0208435 0
1100101001 0.0201263 0
1100101010 0.00836945 0
1100101011 0.00309753 0
1100101100 0.0112991 -3.14159
1100101101 0.0063858 -3.14159
1100101110 0.0467529 0
1100101111 0.0462646 0
1100110000 0.00830841 0
1100110001 0.0480347 -3.14159
1100110010 0.0318604 -3.14159
1100110011 0.00983429 0
1100110100 0.0392456 0
1100110101 0.000536919 0
1100110110 0.044281 0
1100110111 0.0192261 0
1100111000 0.010582 -3.14159
1100111001 0.100037 -3.14159
1100111010 0.0268402 0
1100111011 0.0201263 0
1100111100 0.0337524 -3.14159
1100111101 0.00319862 0
1100111110 0.0416565 -3.14159
1100111111 0.0376892 -3.14159
1101000000 0.0576172 -3.14159
1101000001 0.00444031 -3.14159
1101000010 0.0150223 -3.14159
1101000011 0.00808716 -3.14159
1101000100 0.0441895 0
1101000101 0.017746 0
1101000110 0.0556641 -3.14159
1101000111 0.0507812 0
1101001000 0.00136471 -3.14159
1101001001 0.0904541 0
1101001010 0.0374146 0
1101001011 0.0281219 0
1101001100 0.0193024 -3.14159
1101001101 0.030899 0
1101001110 0.0424194 0
1101001111 0.0148849 0
1101010000 0.0315247 -3.14159
1101010001 0.0375366 0
1101010010 0.022522 -3.14159
1101010011 0.023941 -3.14159
1101010100 0.0541382 0
1101010101 0.0230408 -3.14159
1101010110 0.0286865 -3.14159
1101010111 0.00511169 0
1101011000 0.0300751 -3.14159
1101011001 0.0127411 -3.14159
1101011010 0.00708008 0
1101011011 0.0322571 -3.14159
1101011100 0.00823212 0
1101011101 0.0194244 -3.14159
1101011110 0.00543594 0
1101011111 0.0317688 -3.14159
1101100000 0.0609741 0
1101100001 0.0324707 0
1101100010 0.0389404 -3.14159
1101100011 0.0077095 -3.14159
1101100100 0.0216675 -3.14159
1101100101 0.0281982 -3.14159
1101100110 0.0454712 -3.14159
1101100111 0.0559387 -3.14159
1101101000 0.0105591 -3.14159
1101101001 0.00608826 -3.14159
1101101010 0.00314331 -3.14159
1101101011 0.0130768 0
1101101100 0.0461121 -3.14159
1101101101 0.0244904 -3.14159
1101101110 0.0130997 -3.14159
1101101111 0.00252533 -3.14159
1101110000 0.000910282 0
1101110001 0.0650024 0
1101110010 0.00995636 -3.14159
1101110011 0.0429077 -3.14159
1101110100 0.0184784 -3.14159
1101110101 0.0795898 -3.14159
1101110110 0.0293121 0
1101110111 0.00498962 0
1101111000 0.0273132 0
1101111001 0.0167694 0
1101111010 0.0109558 0
1101111011 0.0203552 -3.14159
1101111100 0.0133362 0
1101111101 0.0584106 -3.14159
1101111110 0.0338135 -3.14159
1101111111 0.0477295 0
1110000000 0.0446777 -3.14159
1110000001 0.0137024 -3.14159
1110000010 0.0495605 0
1110000011 0.026886 0
1110000100 0.0276489 0
1110000101 0.0443726 0
1110000110 0.046875 -3.14159
1110000111 0.00874329 0
1110001000 0.00367546 0
1110001001 0.0378723 0
1110001010 0.0215302 0
1110001011 0.0224609 -3.14159
1110001100 0.0262451 0
1110001101 0.0226593 0
1110001110 0.0106201 -3.14159
1110001111 0.0284119 0
1110010000 0.0170593 0
1110010001 0.046936 -3.14159
1110010010 0.016571 -3.14159
1110010011 9.79304e-05 0
1110010100 0.0131226 -3.14159
1110010101 0.0484924 -3.14159
1110010110 0.012291 0
1110010111 0.0361633 -3.14159
1110011000 0.0024128 -3.14159
1110011001 0.0330811 0
1110011010 0.0543213 -3.14159
1110011011 0.0275574 -3.14159
1110011100 0.0413818 0
1110011101 0.0079422 -3.14159
1110011110 0.0147247 0
1110011111 0.00996399 0
1110100000 0.0156021 0
1110100001 0.012085 -3.14159
1110100010 0.0331116 0
1110100011 0.014679 0
1110100100 0.0632324 0
1110100101 0.0189056 0
1110100110 0.010788 -3.14159
1110100111 0.00224495 0
1110101000 0.0010891 -3.14159
1110101001 0.0316467 0
1110101010 0.00369072 -3.14159
1110101011 0.0105057 0
1110101100 0.0406189 -3.14159
1110101101 0.00882721 0
1110101110 0.0179901 -3.14159
1110101111 0.0463562 -3.14159
1110110000 0.0018158 0
1110110001 0.00153637 0
1110110010 0.021225 -3.14159
1110110011 0.0397339 -3.14159
1110110100 0.00195503 0
1110110101 0.061554 0
1110110110 0.0230408 -3.14159
1110110111 0.00934601 -3.14159
1110111000 0.0055809 0
1110111001 0.0378723 0
1110111010 0.0348206 0
1110111011 0.00732803 -3.14159
1110111100 0.0020504 0
1110111101 0.0298462 -3.14159
1110111110 0.0231323 0
1110111111 0.028717 0
1111000000 0.00725937 -3.14159
1111000001 0.101685 0
1111000010 0.0315857 0
1111000011 0.00682068 -3.14159
1111000100 0.0243835 0
1111000101 0.055542 -3.14159
1111000110 0.0235443 -3.14159
1111000111 0.0365906 0
1111001000 0.0613708 0
1111001001 0.00920105 0
1111001010 0.00878143 -3.14159
1111001011 0.0243225 -3.14159
1111001100 0.0279236 0
1111001101 0.054657 0
1111001110 0.0101395 -3.14159
1111001111 0.0231476 -3.14159
1111010000 0.00917053 -3.14159
1111010001 0.0218048 -3.14159
1111010010 0.0127563 0
1111010011 0.0299988 -3.14159
1111010100 0.00529099 -3.14159
1111010101 0.00286674 -3.14159
1111010110 0.0470886 0
1111010111 0.0205383 0
1111011000 0.0640259 0
1111011001 0.0072937 0
1111011010 0.0193329 -3.14159
1111011011 0.0183258 0
1111011100 0.0403748 0
1111011101 0.0209198 0
1111011110 0.0273285 0
1111011111 0.0123596 -3.14159
1111100000 0.0603333 0
1111100001 0.0087204 -3.14159
1111100010 0.00161743 0
1111100011 0.0115356 0
1111100100 0.0597839 -3.14159
1111100101 0.00437546 0
1111100110 0.0900269 -3.14159
1111100111 0.0198059 -3.14159
1111101000 0.00159931 -3.14159
1111101001 0.0320435 -3.14159
1111101010 0.0544128 -3.14159
1111101011 0.0812378 0
1111101100 0.0552673 0
1111101101 0.0187225 -3.14159
1111101110 0.0407104 0
1111101111 0.00508118 0
1111110000 0.0101471 0
1111110001 0.0275269 0
1111110010 0.0128632 -3.14159
1111110011 0.0192871 0
1111110100 0.0302582 0
1111110101 0.0180664 0
1111110110 0.0296936 0
1111110111 3.41535e-05 0
1111111000 0.00606537 0
1111111001 0.085144 -3.14159
1111111010 0.00906372 -3.14159
1111111011 0.0278015 -3.14159
1111111100 0.0038414 -3.14159
1111111101 0.00282669 -3.14159
1111111110 0.0211029 0
1111111111 0.0292358 0
