0000000000 0.0315247 0
0000000001 0.0470886 0
0000000010 0.00956726 0
0000000011 0.00932312 0
0000000100 0.00547409 -3.14159
0000000101 0.0190125 0
0000000110 0.0202026 -3.14159
0000000111 0.0178375 -3.14159
0000001000 0.0140457 0
0000001001 0.0101089 -3.14159
0000001010 0.0302887 -3.14159
0000001011 0.000309706 -3.14159
0000001100 0.02771 -3.14159
0000001101 0.0136261 0
0000001110 0.00340462 0
0000001111 0.0298615 0
0000010000 0.00321007 -3.14159
0000010001 0.0238953 -3.14159
0000010010 0.0418091 -3.14159
0000010011 0.0376587 -3.14159
0000010100 0.0333862 -3.14159
0000010101 0.0264587 0
0000010110 0.00195312 -3.14159
0000010111 0.0505981 0
0000011000 0.0840454 0
0000011001 0.000188112 -3.14159
0000011010 0.00219536 -3.14159
0000011011 0.0477905 -3.14159
0000011100 0.0194855 -3.14159
0000011101 0.0190735 -3.14159
0000011110 0.00535583 0
0000011111 0.018219 -3.14159
0000100000 0.0804443 -3.14159
0000100001 0.0210419 -3.14159
0000100010 0.0651245 -3.14159
0000100011 0.0141754 -3.14159
0000100100 0.00233078 0
0000100101 0.0026474 -3.14159
0000100110 0.0322571 -3.14159
0000100111 0.0101776 0
0000101000 0.0171967 -3.14159
0000101001 0.0471497 -3.14159
0000101010 0.0291595 -3.14159
0000101011 0.0161133 -3.14159
0000101100 0.042511 -3.14159
0000101101 0.00606918 0
0000101110 0.00408173 -3.14159
0000101111 0.0112152 0
0000110000 0.0386963 0
0000110001 0.0597229 -3.14159
0000110010 0.0329895 -3.14159
0000110011 0.0134277 0
0000110100 0.0225983 -3.14159
0000110101 0.0150452 0
0000110110 0.0136719 -3.14159
0000110111 0.039917 0
0000111000 0.0488586 -3.14159
0000111001 0.025589 -3.14159
0000111010 0.0217896 -3.14159
0000111011 0.0245361 -3.14159
0000111100 0.0151978 0
0000111101 0.0245056 0
0000111110 0.0192413 0
0000111111 0.00137997 0
0001000000 0.0578003 0
0001000001 0.0148315 0
0001000010 0.0149307 -3.14159
0001000011 0.0191193 0
0001000100 0.0103989 -3.14159
0001000101 0.0447693 -3.14159
0001000110 0.0488586 -3.14159
0001000111 0.00387001 0
0001001000 0.0288544 -3.14159
0001001001 0.00173473 -3.14159
0001001010 0.0251617 0
0001001011 0.0353088 -3.14159
0001001100 0.044342 -3.14159
0001001101 0.000850677 0
0001001110 0.0111389 0
0001001111 0.00235367 0
0001010000 0.00663376 0
0001010001 0.0372314 -3.14159
0001010010 0.0394592 -3.14159
0001010011 0.00792694 0
0001010100 0.0123444 0
0001010101 0.0016613 -3.14159
0001010110 0.00762939 0
0001010111 0.00710297 0
0001011000 0.000820637 -3.14159
0001011001 0.034729 0
0001011010 0.0245514 0
0001011011 0.0232086 0
0001011100 0.0439148 0
0001011101 0.0354919 -3.14159
0001011110 0.0303955 -3.14159
0001011111 0.0318298 0
0001100000 0.000748634 -3.14159
0001100001 0.0286102 -3.14159
0001100010 0.0516968 -3.14159
0001100011 0.0174408 -3.14159
0001100100 0.0457764 -3.14159
0001100101 0.0141373 0
0001100110 0.0264893 -3.14159
0001100111 0.00856781 0
0001101000 0.0130768 0
0001101001 0.0905762 0
0001101010 0.0161591 -3.14159
0001101011 0.0160675 -3.14159
0001101100 0.00106335 -3.14159
0001101101 0.0480042 -3.14159
0001101110 0.0133057 -3.14159
0001101111 0.0072403 -3.14159
0001110000 0.0445557 -3.14159
0001110001 0.0229034 -3.14159
0001110010 0.0397339 -3.14159
0001110011 0.0345154 0
0001110100 0.0138397 -3.14159
0001110101 0.00656891 0
0001110110 0.000780582 -3.14159
0001110111 0.0251923 -3.14159
0001111000 0.0516357 -3.14159
0001111001 0.00413132 0
0001111010 0.0122147 -3.14159
0001111011 0.00849152 0
0001111100 0.024353 -3.14159
0001111101 0.0240784 0
0001111110 0.00427246 -3.14159
0001111111 0.0283356 -3.14159
0010000000 0.0231171 0
0010000001 0.0115738 -3.14159
0010000010 0.0182343 0
0010000011 0.00143051 -3.14159
0010000100 0.0166321 0
0010000101 0.00743103 -3.14159
0010000110 0.0505066 0
0010000111 0.00356483 -3.14159
0010001000 0.014534 -3.14159
0010001001 0.0129623 -3.14159
0010001010 0.0108795 -3.14159
0010001011 0.0170593 -3.14159
0010001100 0.0153427 0
0010001101 0.00195122 -3.14159
0010001110 0.0413818 0
0010001111 0.00922394 -3.14159
0010010000 0.0193481 -3.14159
0010010001 0.0106277 -3.14159
0010010010 0.00271797 0
0010010011 0.0176544 -3.14159
0010010100 0.0186768 -3.14159
0010010101 0.00242996 0
0010010110 0.0200195 -3.14159
0010010111 0.056366 0
0010011000 0.013916 -3.14159
0010011001 0.0135422 -3.14159
0010011010 0.029068 0
0010011011 0.0172424 -3.14159
0010011100 0.00623322 -3.14159
0010011101 0.0133972 0
0010011110 0.0120773 -3.14159
0010011111 0.00335121 -3.14159
0010100000 0.00118446 -3.14159
0010100001 0.0200958 0
0010100010 0.00162315 -3.14159
0010100011 0.00490189 0
0010100100 0.00286865 0
0010100101 0.0139847 -3.14159
0010100110 0.00395584 0
0010100111 0.00992584 0
0010101000 0.00454712 0
0010101001 0.0214844 0
0010101010 0.00437546 -3.14159
0010101011 0.0160065 0
0010101100 0.0289612 0
0010101101 0.0403748 0
0010101110 0.00531769 -3.14159
0010101111 0.0126114 0
0010110000 0.00396729 0
0010110001 0.0628662 -3.14159
0010110010 0.0411987 -3.14159
0010110011 0.0508118 0
0010110100 0.0349731 0
0010110101 0.0053978 -3.14159
0010110110 0.00603104 0
0010110111 0.0101166 -3.14159
0010111000 0.00315857 -3.14159
0010111001 0.0190735 -3.14159
0010111010 0.00651169 0
0010111011 0.0180206 0
0010111100 0.0441895 0
0010111101 0.0415344 -3.14159
0010111110 0.0112457 0
0010111111 0.0455933 -3.14159
0011000000 0.044281 0
0011000001 0.0105362 0
0011000010 0.0176849 0
0011000011 0.00052309 0
0011000100 0.00662231 -3.14159
0011000101 0.00624466 0
0011000110 0.0280304 0
0011000111 0.00710678 -3.14159
0011001000 0.0335999 0
0011001001 0.00746536 -3.14159
0011001010 0.022644 0
0011001011 0.016571 -3.14159
0011001100 0.032074 -3.14159
0011001101 0.00234222 -3.14159
0011001110 0.00737381 0
0011001111 0.00754929 0
0011010000 0.0049057 0
0011010001 0.00795746 0
0011010010 0.0149918 0
0011010011 0.00534821 0
0011010100 0.00182533 0
0011010101 0.0211945 -3.14159
0011010110 0.0521545 -3.14159
0011010111 0.0689087 0
0011011000 0.00611115 -3.14159
0011011001 0.0287933 0
0011011010 0.00706863 0
0011011011 0.0047493 -3.14159
0011011100 0.00827026 0
0011011101 0.0444336 -3.14159
0011011110 0.032959 -3.14159
0011011111 0.0062561 0
0011100000 0.025177 0
0011100001 0.0211029 0
0011100010 0.0298309 -3.14159
0011100011 0.0439453 -3.14159
0011100100 0.0263214 0
0011100101 0.050354 0
0011100110 0.0140533 0
0011100111 0.0204163 -3.14159
0011101000 0.0293274 -3.14159
0011101001 0.0103531 0
0011101010 0.0644531 -3.14159
0011101011 0.00784302 -3.14159
0011101100 0.00937653 -3.14159
0011101101 0.0063858 -3.14159
0011101110 0.0116043 -3.14159
0011101111 0.0492554 0
0011110000 0.00455093 0
0011110001 0.0434265 -3.14159
0011110010 0.0350647 0
0011110011 0.0823975 -3.14159
0011110100 0.00947571 0
0011110101 0.0207062 0
0011110110 0.0260468 0
0011110111 0.00440598 0
0011111000 0.101196 0
0011111001 0.0353699 0
0011111010 0.0124512 0
0011111011 0.000912666 -3.14159
0011111100 0.00401688 -3.14159
0011111101 0.0240021 -3.14159
0011111110 0.0131912 0
0011111111 0.0202026 0
0100000000 0.0566101 0
0100000001 0.0276947 0
0100000010 0.0156708 -3.14159
0100000011 0.0318604 0
0100000100 0.0477905 -3.14159
0100000101 0.0120773 -3.14159
0100000110 0.0401611 0
0100000111 0.0548706 0
0100001000 0.0117035 -3.14159
0100001001 0.00341988 -3.14159
0100001010 0.00345421 -3.14159
0100001011 0.0429077 -3.14159
0100001100 0.00405121 -3.14159
0100001101 0.0258789 -3.14159
0100001110 0.0116577 0
0100001111 0.0301819 -3.14159
0100010000 0.0267639 0
0100010001 0.0589905 -3.14159
0100010010 0.0246887 -3.14159
0100010011 0.019043 0
0100010100 0.0529175 0
0100010101 0.0149307 -3.14159
0100010110 0.0166779 0
0100010111 0.00395203 0
0100011000 0.0060463 0
0100011001 0.0193481 0
0100011010 0.0115356 -3.14159
0100011011 0.0733032 -3.14159
0100011100 0.0049324 0
0100011101 0.00561142 0
0100011110 0.0235291 -3.14159
0100011111 0.0199127 0
0100100000 0.0423584 -3.14159
0100100001 0.00424194 0
0100100010 0.00536728 -3.14159
0100100011 0.0345459 0
0100100100 0.0226593 -3.14159
0100100101 0.0339355 0
0100100110 0.0496826 -3.14159
0100100111 0.0462036 -3.14159
0100101000 0.0450745 0
0100101001 0.0800171 -3.14159
0100101010 0.0633545 0
0100101011 0.0102997 -3.14159
0100101100 0.0222626 0
0100101101 0.0522766 -3.14159
0100101110 0.0289612 0
0100101111 0.00331688 -3.14159
0100110000 0.0306549 0
0100110001 0.0505371 -3.14159
0100110010 0.00318336 0
0100110011 0.026825 -3.14159
0100110100 0.000225663 -3.14159
0100110101 0.0376282 0
0100110110 0.0224304 -3.14159
0100110111 0.0102386 0
0100111000 0.0345154 -3.14159
0100111001 0.0571899 -3.14159
0100111010 0.0320435 -3.14159
0100111011 0.0361328 -3.14159
0100111100 0.0698853 -3.14159
0100111101 0.0168915 -3.14159
0100111110 0.0525513 0
0100111111 0.0107498 -3.14159
0101000000 0.0120926 0
0101000001 0.00394821 0
0101000010 0.0170898 -3.14159
0101000011 0.0156708 0
0101000100 0.0045166 -3.14159
0101000101 0.0441589 0
0101000110 0.0403137 -3.14159
0101000111 0.0244446 -3.14159
0101001000 0.00314903 -3.14159
0101001001 0.0106735 -3.14159
0101001010 0.02388 0
0101001011 0.0653076 0
0101001100 0.0209961 0
0101001101 0.0208588 0
0101001110 0.0249634 0
0101001111 0.00548935 -3.14159
0101010000 0.0295258 0
0101010001 0.00634766 0
0101010010 0.0301514 0
0101010011 0.0593262 -3.14159
0101010100 0.0106583 0
0101010101 0.00537872 -3.14159
0101010110 0.0338135 0
0101010111 0.018692 0
0101011000 0.0249023 0
0101011001 0.00946808 -3.14159
0101011010 0.00685883 -3.14159
0101011011 0.0633545 -3.14159
0101011100 0.0386963 -3.14159
0101011101 0.0645142 0
0101011110 0.024826 0
0101011111 0.0269318 0
0101100000 0.0308533 0
0101100001 0.0639038 -3.14159
0101100010 0.0108414 -3.14159
0101100011 0.0339966 -3.14159
0101100100 0.00269318 -3.14159
0101100101 0.0085907 0
0101100110 0.0365601 -3.14159
0101100111 0.046814 -3.14159
0101101000 0.0626831 -3.14159
0101101001 0.0015564 -3.14159
0101101010 0.0056076 0
0101101011 0.0244904 0
0101101100 0.0169678 -3.14159
0101101101 0.0224457 -3.14159
0101101110 0.00522995 -3.14159
0101101111 0.0109863 0
0101110000 0.0292053 -3.14159
0101110001 0.0017252 -3.14159
0101110010 0.0166473 -3.14159
0101110011 0.0143738 0
0101110100 0.0331421 0
0101110101 0.00392532 -3.14159
0101110110 0.0300903 0
0101110111 0.0130005 -3.14159
0101111000 0.033905 0
0101111001 0.0532227 0
0101111010 0.0200958 0
0101111011 0.0476685 -3.14159
0101111100 0.0413208 -3.14159
0101111101 0.0114288 -3.14159
0101111110 0.0245361 0
0101111111 0.0544128 0
0110000000 0.0314636 0
0110000001 0.0370789 0
0110000010 0.0332336 -3.14159
0110000011 0.0475769 0
0110000100 0.0756836 -3.14159
0110000101 0.0105286 -3.14159
0110000110 0.0270691 0
0110000111 0.032135 0
0110001000 0.0237274 -3.14159
0110001001 0.00723648 -3.14159
0110001010 0.0331726 -3.14159
0110001011 0.00400162 -3.14159
0110001100 0.0256042 0
0110001101 0.0408325 -3.14159
0110001110 0.0360413 0
0110001111 0.0101929 -3.14159
0110010000 0.0369873 0
0110010001 0.00622559 0
0110010010 0.0266571 -3.14159
0110010011 0.0348816 0
0110010100 0.0803223 -3.14159
0110010101 0.0636597 -3.14159
0110010110 0.0112915 0
0110010111 0.00627518 0
0110011000 0.00530624 0
0110011001 0.0211792 -3.14159
0110011010 0.0237732 -3.14159
0110011011 0.0482483 0
0110011100 0.00340843 -3.14159
0110011101 0.0159149 -3.14159
0110011110 0.0445862 0
0110011111 0.0179596 0
0110100000 0.0456238 0
0110100001 0.020462 0
0110100010 0.0260315 0
0110100011 0.0230713 -3.14159
0110100100 0.0355225 0
0110100101 0.0128098 0
0110100110 0.0133591 0
0110100111 0.00965118 -3.14159
0110101000 0.0298004 -3.14159
0110101001 0.0328064 -3.14159
0110101010 0.00191975 0
0110101011 0.0071907 -3.14159
0110101100 0.0201263 -3.14159
0110101101 0.024765 0
0110101110 0.00034833 0
0110101111 0.00180626 -3.14159
0110110000 0.0108719 0
0110110001 0.0629272 -3.14159
0110110010 0.0290985 0
0110110011 0.00178051 0
0110110100 0.00680542 0
0110110101 0.0317383 0
0110110110 0.0298309 0
0110110111 0.00474548 0
0110111000 0.0511475 -3.14159
0110111001 0.0112762 -3.14159
0110111010 0.0137329 0
0110111011 0.0645142 0
0110111100 0.0299835 -3.14159
0110111101 0.00935364 -3.14159
0110111110 0.0128555 0
0110111111 0.0334778 -3.14159
0111000000 0.00237465 -3.14159
0111000001 0.0603943 -3.14159
0111000010 0.000743866 0
0111000011 0.0289001 -3.14159
0111000100 0.0493774 -3.14159
0111000101 0.008461 0
0111000110 0.039917 -3.14159
0111000111 0.0220947 -3.14159
0111001000 0.0385132 0
0111001001 0.00286102 0
0111001010 0.00664139 -3.14159
0111001011 0.00201416 0
0111001100 0.0102005 0
0111001101 0.0274811 -3.14159
0111001110 0.0540466 0
0111001111 0.0656128 0
0111010000 0.0411987 0
0111010001 0.0364685 0
0111010010 0.00843811 0
0111010011 0.0502625 0
0111010100 0.0108414 0
0111010101 0.0135956 -3.14159
0111010110 0.0106277 0
0111010111 0.00664902 -3.14159
0111011000 0.0341187 0
0111011001 0.00118923 0
0111011010 0.0268555 0
0111011011 0.00894928 0
0111011100 0.0125656 0
0111011101 0.0279083 0
0111011110 0.0482178 0
0111011111 0.00494766 -3.14159
0111100000 0.00719833 -3.14159
0111100001 0.030365 -3.14159
0111100010 0.0139618 0
0111100011 0.03302 0
0111100100 0.0109024 0
0111100101 0.0388489 -3.14159
0111100110 0.0181274 -3.14159
0111100111 0.0177002 -3.14159
0111101000 0.0326233 -3.14159
0111101001 0.0343628 0
0111101010 0.0429077 -3.14159
0111101011 0.0184479 -3.14159
0111101100 0.00502777 0
0111101101 0.0243225 -3.14159
0111101110 0.0335388 0
0111101111 0.0259094 -3.14159
0111110000 0.0142975 -3.14159
0111110001 0.0335388 -3.14159
0111110010 0.0221558 0
0111110011 0.0848389 -3.14159
0111110100 0.018692 0
0111110101 0.0181122 -3.14159
0111110110 0.00514221 -3.14159
0111110111 0.00632477 0
0111111000 0.0534058 -3.14159
0111111001 0.0297241 0
0111111010 0.0013361 0
0111111011 0.0155792 0
0111111100 0.00282288 0
0111111101 0.0092926 -3.14159
0111111110 0.0207062 -3.14159
0111111111 0.0450439 0
1000000000 0.00308609 -3.14159
1000000001 0.00550842 -3.14159
1000000010 0.00218582 -3.14159
1000000011 0.0259705 -3.14159
1000000100 0.0101395 0
1000000101 0.0496521 0
1000000110 0.011795 0
1000000111 0.00572586 0
1000001000 0.00098896 -3.14159
1000001001 0.0226898 0
1000001010 0.00597 -3.14159
1000001011 0.0538025 -3.14159
1000001100 0.00257683 0
1000001101 0.0587158 -3.14159
1000001110 0.0574646 -3.14159
1000001111 0.0134048 -3.14159
1000010000 0.00362587 0
1000010001 0.0578613 -3.14159
1000010010 0.00970459 -3.14159
1000010011 0.0157623 0
1000010100 0.0270538 0
1000010101 0.0154572 0
1000010110 0.00782776 -3.14159
1000010111 0.0210114 0
1000011000 0.0263214 0
1000011001 0.0189362 0
1000011010 0.0032711 -3.14159
1000011011 0.0611267 0
1000011100 0.00901031 0
1000011101 0.00992584 -3.14159
1000011110 0.0132599 0
1000011111 0.00237846 -3.14159
1000100000 0.032074 -3.14159
1000100001 0.049408 -3.14159
1000100010 0.0251007 0
1000100011 0.0139923 -3.14159
1000100100 0.0139542 0
1000100101 0.0894775 -3.14159
1000100110 0.0152817 -3.14159
1000100111 0.0678711 0
1000101000 0.0134125 0
1000101001 0.0357056 -3.14159
1000101010 0.00504684 -3.14159
1000101011 0.0175476 -3.14159
1000101100 0.0339966 -3.14159
1000101101 0.0455627 0
1000101110 0.02388 0
1000101111 0.00145435 0
1000110000 0.008255 -3.14159
1000110001 0.0122986 0
1000110010 0.0223846 0
1000110011 0.0538025 -3.14159
1000110100 0.0330811 -3.14159
1000110101 0.046936 0
1000110110 0.0357971 -3.14159
1000110111 0.0200958 0
1000111000 0.0251465 -3.14159
1000111001 0.033783 -3.14159
1000111010 0.0392761 0
1000111011 0.00707245 -3.14159
1000111100 0.0236969 0
1000111101 0.00921631 0
1000111110 0.00211716 -3.14159
1000111111 0.00534821 -3.14159
1001000000 0.0193329 0
1001000001 0.0199432 -3.14159
1001000010 0.018158 0
1001000011 0.0125885 0
1001000100 0.0276031 -3.14159
1001000101 0.0126038 0
1001000110 0.0272522 -3.14159
1001000111 0.0519104 -3.14159
1001001000 0.00103855 0
1001001001 0.0128326 -3.14159
1001001010 0.00150681 0
1001001011 0.000861168 -3.14159
1001001100 0.00120544 0
1001001101 0.0343933 -3.14159
1001001110 0.0193329 -3.14159
1001001111 0.0216522 0
1001010000 0.0027523 -3.14159
1001010001 0.00268936 -3.14159
1001010010 0.0257874 0
1001010011 0.0120239 -3.14159
1001010100 0.0209808 -3.14159
1001010101 0.0502319 -3.14159
1001010110 0.0177765 0
1001010111 0.0276489 -3.14159
1001011000 0.00340652 0
1001011001 0.0119171 0
1001011010 0.0124664 0
1001011011 0.0237732 0
1001011100 0.0144348 -3.14159
1001011101 0.0455017 -3.14159
1001011110 0.00782013 -3.14159
1001011111 0.014534 -3.14159
1001100000 0.0251007 0
1001100001 0.0116959 0
1001100010 0.02211 -3.14159
1001100011 0.0254822 0
1001100100 0.0145035 -3.14159
1001100101 0.0137787 0
1001100110 0.0636597 0
1001100111 0.0760498 0
1001101000 0.00795746 0
1001101001 0.0180664 -3.14159
1001101010 0.0436401 0
1001101011 0.0341187 0
1001101100 0.0249786 0
1001101101 0.011734 0
1001101110 0.0411987 -3.14159
1001101111 0.00378609 -3.14159
1001110000 0.0367432 0
1001110001 0.0657959 -3.14159
1001110010 0.0144119 -3.14159
1001110011 0.014473 0
1001110100 0.0302887 -3.14159
1001110101 0.0190277 -3.14159
1001110110 0.0103531 -3.14159
1001110111 0.0183868 -3.14159
1001111000 0.0518494 0
1001111001 0.0118103 -3.14159
1001111010 0.0179749 0
1001111011 0.0371704 0
1001111100 0.0287933 0
1001111101 0.0187378 -3.14159
1001111110 0.0305176 -3.14159
1001111111 0.0132294 0
1010000000 0.00907135 0
1010000001 0.0108109 -3.14159
1010000010 0.00234222 -3.14159
1010000011 0.00498962 -3.14159
1010000100 0.00965118 0
1010000101 0.0298309 -3.14159
1010000110 0.0289612 -3.14159
1010000111 0.0229034 -3.14159
1010001000 0.0386353 -3.14159
1010001001 0.0289154 0
1010001010 0.00645065 0
1010001011 0.0567017 0
1010001100 0.0232086 -3.14159
1010001101 0.00806427 -3.14159
1010001110 0.0215302 0
1010001111 0.0532227 0
1010010000 0.0814819 0
1010010001 0.0151749 -3.14159
1010010010 0.0493164 -3.14159
1010010011 0.0187378 0
1010010100 0.00703049 0
1010010101 0.0059433 0
1010010110 0.00180244 0
1010010111 0.0252991 -3.14159
1010011000 0.0775757 0
1010011001 0.00616074 0
1010011010 0.00655746 0
1010011011 0.0419617 -3.14159
1010011100 0.0326843 0
1010011101 0.003479 -3.14159
1010011110 0.00888062 -3.14159
1010011111 0.00593948 -3.14159
1010100000 0.0213928 -3.14159
1010100001 0.0192108 -3.14159
1010100010 0.0496521 -3.14159
1010100011 0.0172729 -3.14159
1010100100 0.026886 0
1010100101 0.00190544 0
1010100110 0.00199318 -3.14159
1010100111 0.0303497 -3.14159
1010101000 0.016571 0
1010101001 0.0357666 0
1010101010 0.00559235 0
1010101011 0.00495148 0
1010101100 0.0326843 0
1010101101 0.00856018 -3.14159
1010101110 0.0119934 -3.14159
1010101111 0.00343323 0
1010110000 0.0580139 0
1010110001 0.0388794 -3.14159
1010110010 0.0219879 0
1010110011 0.0160675 -3.14159
1010110100 0.0587769 -3.14159
1010110101 0.0275116 0
1010110110 0.00194931 -3.14159
1010110111 0.00219345 -3.14159
1010111000 0.000473738 -3.14159
1010111001 0.00879669 0
1010111010 0.0350342 -3.14159
1010111011 0.0181427 -3.14159
1010111100 0.0246277 0
1010111101 0.0467529 0
1010111110 0.0309906 -3.14159
1010111111 0.0188141 0
1011000000 0.0363464 -3.14159
1011000001 0.0311432 0
1011000010 0.00664139 0
1011000011 0.0151138 -3.14159
1011000100 0.012085 0
1011000101 0.012764 0
1011000110 0.00475311 0
1011000111 0.00632477 0
1011001000 0.00132179 -3.14159
1011001001 0.0416565 -3.14159
1011001010 0.0134735 -3.14159
1011001011 0.0498352 -3.14159
1011001100 0.0431519 -3.14159
1011001101 0.026947 -3.14159
1011001110 0.0258026 0
1011001111 0.0141678 -3.14159
1011010000 0.00794983 0
1011010001 0.057251 -3.14159
1011010010 0.0121918 0
1011010011 0.0235748 0
1011010100 0.0276489 -3.14159
1011010101 0.00292778 0
1011010110 0.0500488 0
1011010111 0.00481033 0
1011011000 0.0233154 0
1011011001 0.00737381 0
1011011010 0.00639343 -3.14159
1011011011 0.029007 -3.14159
1011011100 0.00381851 0
1011011101 0.0226898 0
1011011110 0.00622559 0
1011011111 0.00272179 0
1011100000 0.0187531 -3.14159
1011100001 0.0322266 -3.14159
1011100010 0.0212097 0
1011100011 0.00147724 0
1011100100 0.0130844 0
1011100101 0.0435181 0
1011100110 0.013649 -3.14159
1011100111 0.0513306 -3.14159
1011101000 0.0782471 -3.14159
1011101001 0.00818634 -3.14159
1011101010 0.0671387 -3.14159
1011101011 0.0405273 0
1011101100 0.011322 0
1011101101 0.00563049 0
1011101110 0.0138702 0
1011101111 0.0652466 0
1011110000 0.0351868 -3.14159
1011110001 0.0102081 -3.14159
1011110010 0.0191193 -3.14159
1011110011 0.0277252 0
1011110100 0.00432205 -3.14159
1011110101 0.000292778 0
1011110110 0.0308838 -3.14159
1011110111 0.0310822 0
1011111000 0.0121384 0
1011111001 0.00266457 -3.14159
1011111010 0.0214844 -3.14159
1011111011 0.0608521 0
1011111100 0.00975037 -3.14159
1011111101 0.00596237 0
1011111110 0.0444336 0
1011111111 0.0154572 0
1100000000 0.0261536 0
1100000001 0.0117645 0
1100000010 0.0189514 -3.14159
1100000011 0.0440979 -3.14159
1100000100 0.0371399 -3.14159
1100000101 0.0680542 0
1100000110 0.01548 0
1100000111 0.0209808 -3.14159
1100001000 0.0478516 -3.14159
1100001001 0.052124 -3.14159
1100001010 0.00344849 0
1100001011 0.0251465 0
1100001100 0.00268173 0
1100001101 0.0151443 -3.14159
1100001110 0.0455627 -3.14159
1100001111 0.0499268 0
1100010000 0.0135345 -3.14159
1100010001 0.014122 -3.14159
1100010010 0.0369568 0
1100010011 0.00899506 -3.14159
1100010100 0.00942993 -3.14159
1100010101 0.00178146 -3.14159
1100010110 0.0328674 0
1100010111 0.085022 0
1100011000 0.074707 -3.14159
1100011001 0.0230865 0
1100011010 0.016449 -3.14159
1100011011 0.031311 0
1100011100 0.0400085 0
1100011101 0.000225067 0
1100011110 0.00483704 0
1100011111 0.0350647 -3.14159
1100100000 0.0307465 0
1100100001 0.0541077 0
1100100010 0.00253677 -3.14159
1100100011 0.0157013 0
1100100100 0.00989532 0
1100100101 0.04776 -3.14159
1100100110 0.049408 0
1100100111 0.019043 -3.14159
1100101000 0.0212708 0
1100101001 0.0297241 0
1100101010 0.0121841 0
1100101011 0.0257568 -3.14159
1100101100 0.00764847 0
1100101101 0.0012331 0
1100101110 0.0543213 0
1100101111 0.0190887 0
1100110000 0.0140076 0
1100110001 0.0622864 -3.14159
1100110010 0.00707245 -3.14159
1100110011 0.0237427 0
1100110100 0.0239716 0
1100110101 0.00050354 0
1100110110 0.0345459 0
1100110111 0.0179138 -3.14159
1100111000 0.0235138 -3.14159
1100111001 0.0831909 -3.14159
1100111010 0.0262756 0
1100111011 0.0415955 -3.14159
1100111100 0.0565796 -3.14159
1100111101 0.0163574 -3.14159
1100111110 0.0336609 -3.14159
1100111111 0.0455322 -3.14159
1101000000 0.101196 -3.14159
1101000001 0.0265961 0
1101000010 0.0133438 0
1101000011 0.0049057 -3.14159
1101000100 0.036377 0
1101000101 0.00505066 0
1101000110 0.0289307 -3.14159
1101000111 0.0714722 0
1101001000 0.01548 0
1101001001 0.0564575 0
1101001010 0.010994 0
1101001011 0.0349731 0
1101001100 0.0256805 -3.14159
1101001101 0.00297737 0
1101001110 0.0384827 0
1101001111 0.0461426 0
1101010000 0.0188751 -3.14159
1101010001 0.00827789 -3.14159
1101010010 0.0456543 -3.14159
1101010011 0.055603 -3.14159
1101010100 0.0521545 0
1101010101 0.0170898 -3.14159
1101010110 0.0275269 -3.14159
1101010111 0.0296326 0
1101011000 0.0518799 -3.14159
1101011001 0.0139465 0
1101011010 0.0188904 0
1101011011 0.0236053 -3.14159
1101011100 0.00327682 0
1101011101 0.0171204 -3.14159
1101011110 0.00437164 0
1101011111 0.0280762 -3.14159
1101100000 0.0772705 0
1101100001 0.0527344 0
1101100010 0.0193634 -3.14159
1101100011 0.0173645 -3.14159
1101100100 0.0010252 0
1101100101 0.00543976 -3.14159
1101100110 0.0151443 0
1101100111 0.0311584 -3.14159
1101101000 0.00583649 0
1101101001 0.00533295 0
1101101010 0.0127029 0
1101101011 0.0105896 0
1101101100 0.0260315 -3.14159
1101101101 0.00376892 -3.14159
1101101110 0.00137997 -3.14159
1101101111 0.013916 -3.14159
1101110000 0.0187988 -3.14159
1101110001 0.0695801 0
1101110010 0.0220032 0
1101110011 0.0389709 -3.14159
1101110100 0.00817871 -3.14159
1101110101 0.0224609 -3.14159
1101110110 0.0272064 -3.14159
1101110111 0.0346069 0
1101111000 0.0220184 0
1101111001 0.00791168 -3.14159
1101111010 0.01828 -3.14159
1101111011 0.0087204 -3.14159
1101111100 0.00528336 0
1101111101 0.0496521 -3.14159
1101111110 0.0328369 -3.14159
1101111111 0.0949707 0
1110000000 0.0509338 -3.14159
1110000001 0.0210419 -3.14159
1110000010 0.059906 0
1110000011 0.0609131 0
1110000100 0.033783 0
1110000101 0.0640869 0
1110000110 0.0258179 -3.14159
1110000111 0.00357056 -3.14159
1110001000 0.0118179 0
1110001001 0.0166626 0
1110001010 0.039978 0
1110001011 0.0413818 -3.14159
1110001100 0.00965118 -3.14159
1110001101 0.00276375 -3.14159
1110001110 0.00273132 0
1110001111 0.00413513 -3.14159
1110010000 0.00695801 -3.14159
1110010001 0.0556335 -3.14159
1110010010 0.0112305 -3.14159
1110010011 0.00762177 0
1110010100 0.0552673 -3.14159
1110010101 0.0509644 -3.14159
1110010110 0.014946 0
1110010111 0.0370178 -3.14159
1110011000 0.00485992 0
1110011001 0.0262299 0
1110011010 0.02388 -3.14159
1110011011 0.0320129 -3.14159
1110011100 0.019043 0
1110011101 0.013237 0
1110011110 0.016571 0
1110011111 0.0314026 0
1110100000 0.00878143 -3.14159
1110100001 0.0112457 0
1110100010 0.0531616 0
1110100011 0.0403137 -3.14159
1110100100 0.0658569 0
1110100101 0.0362244 0
1110100110 0.0394897 -3.14159
1110100111 0.0186768 -3.14159
1110101000 0.00821686 -3.14159
1110101001 0.011879 0
1110101010 0.0420532 0
1110101011 0.00839233 0
1110101100 0.0334167 -3.14159
1110101101 0.0487976 0
1110101110 0.0426025 -3.14159
1110101111 0.0527649 -3.14159
1110110000 0.0339661 -3.14159
1110110001 0.00217819 0
1110110010 0.0702515 -3.14159
1110110011 0.0422363 -3.14159
1110110100 0.0389404 -3.14159
1110110101 0.0652466 0
1110110110 0.0326843 -3.14159
1110110111 0.00310516 -3.14159
1110111000 0.0134735 -3.14159
1110111001 0.059967 0
1110111010 0.0569153 0
1110111011 0.0136032 0
1110111100 0.00390625 -3.14159
1110111101 0.0167542 -3.14159
1110111110 0.0167084 0
1110111111 0.0310516 0
1111000000 0.00668335 0
1111000001 0.0721436 0
1111000010 0.0263672 0
1111000011 0.00685883 -3.14159
1111000100 0.0104752 0
1111000101 0.0255432 -3.14159
1111000110 0.00716019 -3.14159
1111000111 0.0147171 0
1111001000 0.0467834 0
1111001001 0.0212097 0
1111001010 0.00155067 -3.14159
1111001011 0.0259857 -3.14159
1111001100 0.0351257 0
1111001101 0.0981445 0
1111001110 0.00933075 -3.14159
1111001111 0.00736618 0
1111010000 0.000116527 0
1111010001 0.00754929 0
1111010010 0.000997543 -3.14159
1111010011 0.0211792 -3.14159
1111010100 0.00186157 -3.14159
1111010101 0.018219 -3.14159
1111010110 0.0603638 0
1111010111 0.0190582 0
1111011000 0.0336914 0
1111011001 0.00415802 -3.14159
1111011010 0.00223351 0
1111011011 0.00994873 -3.14159
1111011100 0.012207 -3.14159
1111011101 0.00563431 0
1111011110 0.0195618 0
1111011111 0.0249786 -3.14159
1111100000 0.0927124 0
1111100001 0.00843811 -3.14159
1111100010 0.0171204 -3.14159
1111100011 0.00914001 0
1111100100 0.0603027 -3.14159
1111100101 0.00530243 0
1111100110 0.0980225 -3.14159
1111100111 0.0379944 -3.14159
1111101000 0.000406504 0
1111101001 0.00555038 -3.14159
1111101010 0.0490417 -3.14159
1111101011 0.09021 0
1111101100 0.0683594 0
1111101101 0.000322104 0
1111101110 0.0160217 0
1111101111 0.0105743 0
1111110000 0.0215302 0
1111110001 0.0258789 0
1111110010 0.0479736 -3.14159
1111110011 0.0145035 0
1111110100 0.0210114 0
1111110101 3.94583e-05 -3.14159
1111110110 0.0117569 0
1111110111 0.008255 0
1111111000 0.019516 0
1111111001 0.0546875 -3.14159
1111111010 0.00296593 -3.14159
1111111011 0.0294647 -3.14159
1111111100 0.0231476 -3.14159
1111111101 0.0389709 0
1111111110 0.00911713 -3.14159
1111111111 0.00878143 -3.14159
