0000000000 0.0155563 0
0000000001 0.0408936 0
0000000010 0.0001508 0
0000000011 0.000623226 0
0000000100 0.0102997 0
0000000101 0.0211639 0
0000000110 0.0388489 -3.14159
0000000111 0.0412598 -3.14159
0000001000 0.0143433 0
0000001001 0.00428772 0
0000001010 0.0246582 -3.14159
0000001011 0.026062 0
0000001100 0.0493164 -3.14159
0000001101 0.00780487 0
0000001110 0.00981903 -3.14159
0000001111 0.0415344 0
0000010000 0.00743484 -3.14159
0000010001 0.0159149 -3.14159
0000010010 0.0201111 -3.14159
0000010011 0.0194092 -3.14159
0000010100 0.0334473 -3.14159
0000010101 0.0452881 0
0000010110 0.0074501 -3.14159
0000010111 0.012291 -3.14159
0000011000 0.058136 0
0000011001 0.035614 -3.14159
0000011010 0.00617218 -3.14159
0000011011 0.0651855 -3.14159
0000011100 0.0509644 -3.14159
0000011101 0.000619888 -3.14159
0000011110 0.0237122 0
0000011111 0.0134735 -3.14159
0000100000 0.0817261 -3.14159
0000100001 0.0186005 -3.14159
0000100010 0.0628052 -3.14159
0000100011 0.0322571 -3.14159
0000100100 0.0302124 0
0000100101 0.00908661 -3.14159
0000100110 0.0214081 -3.14159
0000100111 0.0177307 -3.14159
0000101000 0.0154724 -3.14159
0000101001 0.0109177 -3.14159
0000101010 0.0314026 -3.14159
0000101011 4.05312e-06 0
0000101100 0.0637817 -3.14159
0000101101 0.0249023 0
0000101110 0.0334167 -3.14159
0000101111 0.013504 0
0000110000 0.0362854 0
0000110001 0.046051 -3.14159
0000110010 0.0565796 -3.14159
0000110011 0.0150375 0
0000110100 0.0251465 -3.14159
0000110101 0.00331879 -3.14159
0000110110 0.0104065 -3.14159
0000110111 0.0388184 0
0000111000 0.0369873 -3.14159
0000111001 0.0235138 -3.14159
0000111010 0.0209808 -3.14159
0000111011 0.032135 -3.14159
0000111100 0.0080719 0
0000111101 0.00696945 0
0000111110 0.000223875 -3.14159
0000111111 0.00528336 0
0001000000 0.085083 0
0001000001 0.0223083 0
0001000010 0.0134888 -3.14159
0001000011 0.0300446 0
0001000100 0.0328674 -3.14159
0001000101 0.0212097 -3.14159
0001000110 0.00761032 0
0001000111 0.00936127 0
0001001000 0.0273895 -3.14159
0001001001 0.0141144 0
0001001010 0.0362244 0
0001001011 0.0133209 -3.14159
0001001100 0.0155563 -3.14159
0001001101 0.0334778 0
0001001110 0.0188293 -3.14159
0001001111 0.0163269 -3.14159
0001010000 0.0222015 -3.14159
0001010001 0.0375671 -3.14159
0001010010 0.0184784 -3.14159
0001010011 0.00807953 -3.14159
0001010100 0.000549793 0
0001010101 0.00824738 0
0001010110 0.0362549 0
0001010111 0.00621033 0
0001011000 0.0174713 -3.14159
0001011001 0.0311432 0
0001011010 0.0314026 0
0001011011 0.00354004 0
0001011100 0.0693359 0
0001011101 0.0335999 -3.14159
0001011110 0.0270996 -3.14159
0001011111 0.0360718 0
0001100000 0.0192719 -3.14159
0001100001 0.0168457 -3.14159
0001100010 0.0384216 -3.14159
0001100011 0.029541 -3.14159
0001100100 0.0478516 -3.14159
0001100101 0.0087204 -3.14159
0001100110 0.0314026 -3.14159
0001100111 0.0288239 0
0001101000 0.012764 0
0001101001 0.0784302 0
0001101010 0.0188293 -3.14159
0001101011 0.00771332 0
0001101100 0.029541 0
0001101101 0.0332642 -3.14159
0001101110 0.0113525 -3.14159
0001101111 0.0119858 0
0001110000 0.0613403 -3.14159
0001110001 0.0123978 -3.14159
0001110010 0.0235596 -3.14159
0001110011 0.0120697 0
0001110100 0.0192108 -3.14159
0001110101 0.0157928 0
0001110110 0.0114517 0
0001110111 0.0275269 -3.14159
0001111000 0.0477295 -3.14159
0001111001 0.0194244 0
0001111010 0.0308838 -3.14159
0001111011 0.0145645 0
0001111100 0.0328674 -3.14159
0001111101 0.0235291 0
0001111110 0.0198822 -3.14159
0001111111 0.0117035 -3.14159
0010000000 0.0431519 0
0010000001 0.00819397 -3.14159
0010000010 0.0296021 0
0010000011 0.0417175 -3.14159
0010000100 0.00437164 0
0010000101 0.0180359 -3.14159
0010000110 0.0411682 0
0010000111 0.0109024 0
0010001000 0.00605011 -3.14159
0010001001 0.018631 0
0010001010 0.0225983 0
0010001011 0.0133133 0
0010001100 0.0331726 0
0010001101 0.0233002 0
0010001110 0.037262 0
0010001111 0.0245514 -3.14159
0010010000 0.0201874 -3.14159
0010010001 0.0252991 -3.14159
0010010010 0.022644 0
0010010011 0.0193329 -3.14159
0010010100 0.03479 -3.14159
0010010101 0.0162048 0
0010010110 0.0219421 -3.14159
0010010111 0.0456543 0
0010011000 0.0312805 -3.14159
0010011001 0.0137177 -3.14159
0010011010 0.0250397 0
0010011011 0.00291824 0
0010011100 0.00303078 -3.14159
0010011101 0.00559616 0
0010011110 0.0387878 -3.14159
0010011111 0.0197296 0
0010100000 0.00919342 0
0010100001 0.00830078 0
0010100010 0.0121002 -3.14159
0010100011 0.0228729 -3.14159
0010100100 0.00839233 0
0010100101 0.0290527 -3.14159
0010100110 0.00758743 0
0010100111 0.0155106 0
0010101000 0.0204773 0
0010101001 0.039032 0
0010101010 0.0129852 -3.14159
0010101011 0.0333557 0
0010101100 0.002388 -3.14159
0010101101 0.0263214 0
0010101110 0.0215302 -3.14159
0010101111 0.00443649 0
0010110000 0.00174713 -3.14159
0010110001 0.0482483 -3.14159
0010110010 0.0311737 -3.14159
0010110011 0.0566711 0
0010110100 0.0634766 0
0010110101 0.00758743 -3.14159
0010110110 0.030777 0
0010110111 0.00836945 -3.14159
0010111000 0.001894 -3.14159
0010111001 0.0336914 -3.14159
0010111010 0.00873566 0
0010111011 0.00513458 0
0010111100 0.0480042 0
0010111101 0.0379639 -3.14159
0010111110 0.020752 0
0010111111 0.0552063 -3.14159
0011000000 0.0587463 0
0011000001 0.00507355 -3.14159
0011000010 0.0101776 0
0011000011 0.0358582 0
0011000100 0.0153046 0
0011000101 0.0120239 0
0011000110 0.0476074 0
0011000111 0.0107498 0
0011001000 0.0270386 0
0011001001 0.0207214 -3.14159
0011001010 0.0431213 0
0011001011 0.0123215 -3.14159
0011001100 0.0378418 -3.14159
0011001101 0.0152512 -3.14159
0011001110 0.00370789 -3.14159
0011001111 0.00682449 0
0011010000 0.00028491 0
0011010001 0.00385666 0
0011010010 0.026825 0
0011010011 0.00617599 -3.14159
0011010100 0.0116959 0
0011010101 0.040802 -3.14159
0011010110 0.0390625 -3.14159
0011010111 0.0540771 0
0011011000 0.0227814 -3.14159
0011011001 0.021759 0
0011011010 0.00529099 -3.14159
0011011011 0.017868 -3.14159
0011011100 0.019577 0
0011011101 0.0271912 -3.14159
0011011110 0.0543213 -3.14159
0011011111 0.0325928 0
0011100000 0.0146866 0
0011100001 0.0267639 0
0011100010 0.0104294 -3.14159
0011100011 0.0204468 -3.14159
0011100100 0.0131836 0
0011100101 0.0510864 0
0011100110 0.0156708 -3.14159
0011100111 0.0151749 -3.14159
0011101000 0.052002 -3.14159
0011101001 0.0230255 0
0011101010 0.0673218 -3.14159
0011101011 0.0142441 0
0011101100 0.0368958 -3.14159
0011101101 0.00426483 0
0011101110 0.0053978 0
0011101111 0.0520325 0
0011110000 0.0104446 0
0011110001 0.00339508 0
0011110010 0.0337219 0
0011110011 0.0652466 -3.14159
0011110100 0.0082016 0
0011110101 0.0236206 -3.14159
0011110110 0.0256653 0
0011110111 0.0181427 0
0011111000 0.0680542 0
0011111001 0.0164795 0
0011111010 0.00175476 -3.14159
0011111011 0.00319481 -3.14159
0011111100 0.00158787 0
0011111101 0.0295715 -3.14159
0011111110 0.00537491 -3.14159
0011111111 0.0332031 0
0100000000 0.0802002 0
0100000001 0.0284271 0
0100000010 0.00392914 -3.14159
0100000011 0.0335083 0
0100000100 0.0304718 -3.14159
0100000101 0.00901794 0
0100000110 0.0335999 0
0100000111 0.0289307 0
0100001000 0.00236893 -3.14159
0100001001 0.0343628 -3.14159
0100001010 0.0424194 0
0100001011 0.0439758 -3.14159
0100001100 0.0156708 0
0100001101 0.00965881 -3.14159
0100001110 0.00399399 0
0100001111 0.00769424 -3.14159
0100010000 0.0254669 0
0100010001 0.0536499 -3.14159
0100010010 0.0196686 -3.14159
0100010011 0.00862122 0
0100010100 0.0169525 0
0100010101 0.0128098 -3.14159
0100010110 0.000988007 0
0100010111 0.0154037 -3.14159
0100011000 0.0107498 -3.14159
0100011001 0.0214386 0
0100011010 0.0180969 -3.14159
0100011011 0.0681152 -3.14159
0100011100 0.00756073 0
0100011101 0.00881958 0
0100011110 0.0215759 -3.14159
0100011111 0.0443726 0
0100100000 0.0277252 -3.14159
0100100001 0.00259972 -3.14159
0100100010 0.000276566 -3.14159
0100100011 0.00793457 0
0100100100 0.0109634 -3.14159
0100100101 0.0325317 0
0100100110 0.0287628 -3.14159
0100100111 0.0412903 -3.14159
0100101000 0.0523376 0
0100101001 0.0793457 -3.14159
0100101010 0.0309448 0
0100101011 0.0184784 -3.14159
0100101100 0.00571442 0
0100101101 0.0740967 -3.14159
0100101110 0.0366516 0
0100101111 0.023468 0
0100110000 0.0279236 0
0100110001 0.0239105 -3.14159
0100110010 0.00150299 -3.14159
0100110011 0.0296021 -3.14159
0100110100 0.0131302 0
0100110101 0.0315552 0
0100110110 0.0140915 -3.14159
0100110111 0.002491 0
0100111000 0.028595 -3.14159
0100111001 0.0565796 -3.14159
0100111010 0.0299988 -3.14159
0100111011 0.0505066 -3.14159
0100111100 0.0400696 -3.14159
0100111101 0.0214539 -3.14159
0100111110 0.0338135 0
0100111111 0.00171661 0
0101000000 0.00753403 0
0101000001 0.00731659 -3.14159
0101000010 0.00485229 -3.14159
0101000011 0.0105286 0
0101000100 7.06911e-05 -3.14159
0101000101 0.0326843 0
0101000110 0.0161896 -3.14159
0101000111 0.0213013 -3.14159
0101001000 0.0114822 -3.14159
0101001001 0.0292358 -3.14159
0101001010 0.0372009 0
0101001011 0.0380249 0
0101001100 0.00670242 0
0101001101 0.0116196 0
0101001110 0.00494385 -3.14159
0101001111 0.0120163 0
0101010000 0.0418396 0
0101010001 0.0239105 -3.14159
0101010010 0.0411987 0
0101010011 0.0610352 -3.14159
0101010100 0.0234833 0
0101010101 0.024826 0
0101010110 0.0231323 0
0101010111 0.0249939 0
0101011000 0.00048399 0
0101011001 0.0116425 0
0101011010 0.0211945 -3.14159
0101011011 0.0626221 -3.14159
0101011100 0.0317993 -3.14159
0101011101 0.0641479 0
0101011110 0.00910187 0
0101011111 0.0170746 0
0101100000 0.0135193 0
0101100001 0.03479 -3.14159
0101100010 0.00276375 -3.14159
0101100011 0.0403748 -3.14159
0101100100 0.00687408 -3.14159
0101100101 0.00690842 0
0101100110 0.0120697 -3.14159
0101100111 0.0465698 -3.14159
0101101000 0.0641479 -3.14159
0101101001 0.0245819 -3.14159
0101101010 0.0610962 0
0101101011 0.0167542 0
0101101100 0.0246277 -3.14159
0101101101 0.035614 -3.14159
0101101110 0.00337029 -3.14159
0101101111 0.00957489 0
0101110000 0.00395203 0
0101110001 0.0124435 -3.14159
0101110010 0.040863 -3.14159
0101110011 0.0278778 0
0101110100 0.0354919 0
0101110101 0.0043335 -3.14159
0101110110 0.0371704 0
0101110111 0.0102386 -3.14159
0101111000 0.0337219 0
0101111001 0.0386047 0
0101111010 0.0372925 0
0101111011 0.0215759 -3.14159
0101111100 0.038147 -3.14159
0101111101 0.00310135 -3.14159
0101111110 0.035614 0
0101111111 0.0480652 0
0110000000 0.00023365 -3.14159
0110000001 0.00693512 0
0110000010 0.0427246 -3.14159
0110000011 0.0352783 0
0110000100 0.0883179 -3.14159
0110000101 0.00257492 0
0110000110 0.0323792 0
0110000111 0.024353 0
0110001000 0.0013876 0
0110001001 0.0114594 -3.14159
0110001010 0.0123062 -3.14159
0110001011 0.0263214 -3.14159
0110001100 0.0239716 0
0110001101 0.0272675 -3.14159
0110001110 0.0270996 0
0110001111 0.00635147 -3.14159
0110010000 0.0497131 0
0110010001 0.019516 -3.14159
0110010010 0.00714111 -3.14159
0110010011 0.00818634 0
0110010100 0.069519 -3.14159
0110010101 0.0571289 -3.14159
0110010110 0.00917053 -3.14159
0110010111 0.000640869 -3.14159
0110011000 0.0314026 0
0110011001 0.0343628 -3.14159
0110011010 0.0138702 -3.14159
0110011011 0.0800781 0
0110011100 0.0100479 -3.14159
0110011101 0.00300407 -3.14159
0110011110 0.0374756 0
0110011111 0.0325928 0
0110100000 0.0632324 0
0110100001 0.022644 0
0110100010 0.0292358 0
0110100011 0.00878143 -3.14159
0110100100 0.0365601 0
0110100101 0.0360107 0
0110100110 0.0382385 0
0110100111 0.00689697 -3.14159
0110101000 0.0259857 -3.14159
0110101001 0.00385475 -3.14159
0110101010 0.00538635 0
0110101011 0.0370178 -3.14159
0110101100 0.0323181 -3.14159
0110101101 0.019516 0
0110101110 6.34789e-05 -3.14159
0110101111 0.00624466 -3.14159
0110110000 0.00147247 0
0110110001 0.0702515 -3.14159
0110110010 0.0533142 0
0110110011 0.017746 -3.14159
0110110100 0.034668 0
0110110101 0.0369568 0
0110110110 0.0365295 0
0110110111 0.0204773 0
0110111000 0.0566406 -3.14159
0110111001 0.00751114 0
0110111010 0.0111771 0
0110111011 0.069519 0
0110111100 0.0131149 -3.14159
0110111101 0.01828 -3.14159
0110111110 0.00437927 0
0110111111 0.0110703 -3.14159
0111000000 0.00283813 0
0111000001 0.0626831 -3.14159
0111000010 0.0107803 0
0111000011 0.0339966 -3.14159
0111000100 0.0275269 -3.14159
0111000101 0.0468445 -3.14159
0111000110 0.0182343 -3.14159
0111000111 0.0115204 -3.14159
0111001000 0.0341187 0
0111001001 0.0272827 0
0111001010 0.0131531 -3.14159
0111001011 0.00352097 -3.14159
0111001100 0.0134735 -3.14159
0111001101 0.0386658 -3.14159
0111001110 0.0542603 0
0111001111 0.0665894 0
0111010000 0.0344543 0
0111010001 0.0254364 0
0111010010 0.0155411 -3.14159
0111010011 0.035614 0
0111010100 0.00777817 0
0111010101 0.0175323 -3.14159
0111010110 0.00151443 -3.14159
0111010111 0.0402222 -3.14159
0111011000 0.00790405 0
0111011001 0.00964355 -3.14159
0111011010 0.00218582 0
0111011011 0.000402689 -3.14159
0111011100 0.0243988 0
0111011101 0.034729 0
0111011110 0.0490723 0
0111011111 0.00560379 -3.14159
0111100000 0.013176 -3.14159
0111100001 0.0070076 0
0111100010 0.0196228 0
0111100011 0.0175171 0
0111100100 0.0284271 0
0111100101 0.033844 -3.14159
0111100110 0.0474243 -3.14159
0111100111 0.0161285 -3.14159
0111101000 0.0554504 -3.14159
0111101001 0.00113106 0
0111101010 0.0331116 -3.14159
0111101011 0.0234375 -3.14159
0111101100 0.015625 -3.14159
0111101101 0.00315094 0
0111101110 0.0299072 0
0111101111 0.0099411 -3.14159
0111110000 0.0017767 -3.14159
0111110001 0.0322266 -3.14159
0111110010 0.0382996 0
0111110011 0.06604 -3.14159
0111110100 0.0158997 0
0111110101 0.00953674 -3.14159
0111110110 0.00567627 0
0111110111 0.0197296 -3.14159
0111111000 0.0589294 -3.14159
0111111001 0.0288849 0
0111111010 0.00119781 0
0111111011 0.023819 0
0111111100 0.00251007 0
0111111101 0.00784302 0
0111111110 0.0227966 -3.14159
0111111111 0.0513306 0
1000000000 0.00317383 -3.14159
1000000001 0.0195923 -3.14159
1000000010 0.0180054 -3.14159
1000000011 0.0116501 -3.14159
1000000100 0.00959015 0
1000000101 0.0453491 0
1000000110 0.0202026 0
1000000111 0.0112839 0
1000001000 0.000763416 -3.14159
1000001001 0.00253677 -3.14159
1000001010 0.0348206 -3.14159
1000001011 0.0654297 -3.14159
1000001100 0.00832367 0
1000001101 0.0551758 -3.14159
1000001110 0.0420227 -3.14159
1000001111 0.00327492 0
1000010000 0.000345707 0
1000010001 0.0363159 -3.14159
1000010010 0.0111084 -3.14159
1000010011 0.00667191 0
1000010100 0.0192719 0
1000010101 0.0299072 0
1000010110 0.00576019 0
1000010111 0.0210724 -3.14159
1000011000 0.0388794 0
1000011001 0.0390015 0
1000011010 0.00790405 -3.14159
1000011011 0.0247955 0
1000011100 0.00171375 0
1000011101 0.00739288 -3.14159
1000011110 0.0010643 0
1000011111 0.00348854 0
1000100000 0.0319519 -3.14159
1000100001 0.0409241 -3.14159
1000100010 0.00997162 0
1000100011 0.0014267 0
1000100100 0.00754166 -3.14159
1000100101 0.0558167 -3.14159
1000100110 0.0135269 -3.14159
1000100111 0.0583191 0
1000101000 0.0260468 0
1000101001 0.0293274 -3.14159
1000101010 0.00576401 -3.14159
1000101011 0.0254669 -3.14159
1000101100 0.0137939 -3.14159
1000101101 0.0365601 0
1000101110 0.0450134 0
1000101111 0.0169525 0
1000110000 0.0429077 -3.14159
1000110001 0.0038147 0
1000110010 0.00499344 0
1000110011 0.00124645 -3.14159
1000110100 0.0183868 -3.14159
1000110101 0.0426941 0
1000110110 0.0373535 -3.14159
1000110111 0.0306702 0
1000111000 0.00891113 -3.14159
1000111001 0.0392151 -3.14159
1000111010 0.0417786 0
1000111011 0.0141678 0
1000111100 0.017334 0
1000111101 0.0269012 0
1000111110 0.00639343 -3.14159
1000111111 0.0171051 0
1001000000 0.0259857 0
1001000001 0.0372009 -3.14159
1001000010 0.0101852 0
1001000011 0.00927734 -3.14159
1001000100 0.0394897 -3.14159
1001000101 0.00360298 -3.14159
1001000110 0.0542908 -3.14159
1001000111 0.04245 -3.14159
1001001000 0.0288849 0
1001001001 0.0133057 0
1001001010 0.00442123 -3.14159
1001001011 0.0111847 -3.14159
1001001100 0.00817871 0
1001001101 0.0451965 -3.14159
1001001110 0.0241394 -3.14159
1001001111 0.00405884 0
1001010000 0.0187988 0
1001010001 0.0201874 -3.14159
1001010010 0.00512314 -3.14159
1001010011 0.019577 -3.14159
1001010100 0.016098 -3.14159
1001010101 0.0426025 -3.14159
1001010110 0.00714874 0
1001010111 0.0265808 -3.14159
1001011000 0.00672913 -3.14159
1001011001 0.0387573 0
1001011010 0.00489426 0
1001011011 0.0153198 0
1001011100 0.0166779 -3.14159
1001011101 0.0447693 -3.14159
1001011110 0.00812531 -3.14159
1001011111 0.0303802 -3.14159
1001100000 0.0314331 0
1001100001 0.0021286 0
1001100010 0.0223389 -3.14159
1001100011 0.00122356 -3.14159
1001100100 0.0136642 -3.14159
1001100101 0.026474 0
1001100110 0.0665894 0
1001100111 0.0742188 0
1001101000 0.00650406 0
1001101001 0.0193634 -3.14159
1001101010 0.0474243 0
1001101011 0.040863 0
1001101100 0.0272827 0
1001101101 0.00297928 -3.14159
1001101110 0.0346985 -3.14159
1001101111 0.00290489 0
1001110000 0.0486145 0
1001110001 0.0684814 -3.14159
1001110010 0.0102921 -3.14159
1001110011 0.00494766 -3.14159
1001110100 0.0283508 -3.14159
1001110101 0.020752 -3.14159
1001110110 0.0360413 -3.14159
1001110111 0.00300789 -3.14159
1001111000 0.0401611 0
1001111001 0.0126572 0
1001111010 0.0404358 0
1001111011 0.0494995 0
1001111100 0.0141983 -3.14159
1001111101 0.00624466 0
1001111110 0.0248718 -3.14159
1001111111 0.0090332 0
1010000000 0.012352 0
1010000001 0.00896454 0
1010000010 0.00199509 0
1010000011 0.0106277 -3.14159
1010000100 0.0101318 0
1010000101 0.0264435 -3.14159
1010000110 0.0192413 -3.14159
1010000111 0.0275879 -3.14159
1010001000 0.0388794 -3.14159
1010001001 0.00192738 -3.14159
1010001010 0.0219421 0
1010001011 0.0492554 0
1010001100 0.0222168 -3.14159
1010001101 0.00424576 -3.14159
1010001110 0.0259094 0
1010001111 0.0449829 0
1010010000 0.0634766 0
1010010001 0.00271416 -3.14159
1010010010 0.040741 -3.14159
1010010011 0.0155411 0
1010010100 0.0148163 0
1010010101 0.0338135 0
1010010110 0.0213623 0
1010010111 0.0158691 -3.14159
1010011000 0.0869141 0
1010011001 0.00498581 -3.14159
1010011010 0.012001 0
1010011011 0.0257721 -3.14159
1010011100 0.0160828 0
1010011101 0.00450897 -3.14159
1010011110 0.024353 0
1010011111 0.0154572 -3.14159
1010100000 0.0408325 -3.14159
1010100001 0.0344849 -3.14159
1010100010 0.00915527 -3.14159
1010100011 0.0227814 -3.14159
1010100100 0.0192871 0
1010100101 0.00433731 0
1010100110 0.0120316 0
1010100111 0.0213013 -3.14159
1010101000 0.0426331 0
1010101001 0.0201416 0
1010101010 0.00663376 0
1010101011 0.0062027 0
1010101100 0.0322266 0
1010101101 0.0126495 0
1010101110 0.00157547 -3.14159
1010101111 0.0137405 0
1010110000 0.0606689 0
1010110001 0.0450439 -3.14159
1010110010 0.0206451 0
1010110011 0.0267029 -3.14159
1010110100 0.0470276 -3.14159
1010110101 0.0285492 0
1010110110 0.0204315 -3.14159
1010110111 0.00329399 0
1010111000 0.00224495 0
1010111001 0.00536728 -3.14159
1010111010 0.0247192 -3.14159
1010111011 0.0144501 -3.14159
1010111100 0.0217438 0
1010111101 0.0521545 0
1010111110 0.0325928 -3.14159
1010111111 0.0421448 0
1011000000 0.0496216 -3.14159
1011000001 0.03302 0
1011000010 0.0200958 0
1011000011 0.045929 -3.14159
1011000100 0.01371 -3.14159
1011000101 0.00915527 -3.14159
1011000110 0.0150681 0
1011000111 0.0111542 0
1011001000 0.0202789 -3.14159
1011001001 0.0484314 -3.14159
1011001010 0.0321045 -3.14159
1011001011 0.0210266 -3.14159
1011001100 0.0489502 -3.14159
1011001101 0.019577 -3.14159
1011001110 0.0264435 0
1011001111 0.0324097 -3.14159
1011010000 0.0133057 -3.14159
1011010001 0.0526733 -3.14159
1011010010 0.00909424 -3.14159
1011010011 0.0178223 0
1011010100 0.0284271 -3.14159
1011010101 0.0253906 0
1011010110 0.0492249 0
1011010111 0.0254669 0
1011011000 0.0230713 0
1011011001 0.0201569 0
1011011010 0.0167999 0
1011011011 0.0283203 -3.14159
1011011100 0.00597382 -3.14159
1011011101 0.0422058 0
1011011110 0.00971222 0
1011011111 0.0015316 0
1011100000 0.0103073 -3.14159
1011100001 0.0354004 -3.14159
1011100010 0.0332642 0
1011100011 0.00579834 0
1011100100 0.0124893 0
1011100101 0.0581055 0
1011100110 0.00661087 -3.14159
1011100111 0.0119019 -3.14159
1011101000 0.086731 -3.14159
1011101001 0.00382996 -3.14159
1011101010 0.0575256 -3.14159
1011101011 0.0227203 0
1011101100 0.0120773 0
1011101101 0.0283356 0
1011101110 0.0107956 -3.14159
1011101111 0.0603333 0
1011110000 0.0441589 -3.14159
1011110001 0.0150833 -3.14159
1011110010 0.00319672 -3.14159
1011110011 0.0184937 0
1011110100 0.00824738 -3.14159
1011110101 0.0162506 0
1011110110 0.0294952 -3.14159
1011110111 0.0349121 0
1011111000 0.00841522 0
1011111001 0.000171185 0
1011111010 0.0157776 -3.14159
1011111011 0.0488586 0
1011111100 0.00617218 -3.14159
1011111101 0.00276375 0
1011111110 0.0355225 0
1011111111 0.021637 0
1100000000 0.0282135 0
1100000001 0.0118561 0
1100000010 0.0283966 -3.14159
1100000011 0.0501404 -3.14159
1100000100 0.0469971 -3.14159
1100000101 0.0656128 0
1100000110 0.00472641 0
1100000111 0.0112686 -3.14159
1100001000 0.0397949 -3.14159
1100001001 0.0492249 -3.14159
1100001010 0.00874329 -3.14159
1100001011 0.000387907 0
1100001100 0.0183716 0
1100001101 0.0177307 -3.14159
1100001110 0.0484619 -3.14159
1100001111 0.0457458 0
1100010000 0.0143661 -3.14159
1100010001 0.00375557 -3.14159
1100010010 0.0301056 0
1100010011 0.0154037 -3.14159
1100010100 0.000380516 0
1100010101 0.0206909 -3.14159
1100010110 0.0161285 0
1100010111 0.0755005 0
1100011000 0.0701904 -3.14159
1100011001 0.0153046 0
1100011010 0.00232887 0
1100011011 0.0236206 0
1100011100 0.0475159 0
1100011101 0.0285645 0
1100011110 0.00665283 0
1100011111 0.0218201 -3.14159
1100100000 0.0447693 0
1100100001 0.0736084 0
1100100010 0.0215149 -3.14159
1100100011 0.0131226 0
1100100100 0.00629044 -3.14159
1100100101 0.0236053 -3.14159
1100100110 0.0366516 0
1100100111 0.00863647 -3.14159
1100101000 0.0512085 0
1100101001 0.0223541 0
1100101010 0.00232506 -3.14159
1100101011 0.0216675 -3.14159
1100101100 0.0192413 -3.14159
1100101101 0.00598907 -3.14159
1100101110 0.0516052 0
1100101111 0.0330811 0
1100110000 0.0162506 0
1100110001 0.0935059 -3.14159
1100110010 0.0230255 -3.14159
1100110011 0.0378418 0
1100110100 0.0153885 0
1100110101 0.00850677 0
1100110110 0.0223236 0
1100110111 0.00815582 -3.14159
1100111000 0.0300751 -3.14159
1100111001 0.0923462 -3.14159
1100111010 0.0199432 0
1100111011 0.057373 -3.14159
1100111100 0.0184784 -3.14159
1100111101 0.00543213 -3.14159
1100111110 0.0136337 -3.14159
1100111111 0.0476379 -3.14159
1101000000 0.0584412 -3.14159
1101000001 0.0253601 0
1101000010 0.00293922 0
1101000011 0.00767899 -3.14159
1101000100 0.0800781 0
1101000101 0.0266418 0
1101000110 0.0516968 -3.14159
1101000111 0.0607605 0
1101001000 0.0363159 -3.14159
1101001001 0.0472107 0
1101001010 0.0161591 0
1101001011 0.0231781 0
1101001100 0.00582123 -3.14159
1101001101 0.0163574 0
1101001110 0.0301361 0
1101001111 0.0429993 0
1101010000 0.0114746 0
1101010001 0.00708389 -3.14159
1101010010 0.0135117 -3.14159
1101010011 0.0654297 -3.14159
1101010100 0.0178528 0
1101010101 0.0162659 -3.14159
1101010110 0.0621033 -3.14159
1101010111 0.0309753 0
1101011000 0.0519409 -3.14159
1101011001 0.0108643 0
1101011010 0.0298767 0
1101011011 0.0112686 -3.14159
1101011100 0.0111008 0
1101011101 0.00857544 -3.14159
1101011110 0.00218773 0
1101011111 0.0252533 -3.14159
1101100000 0.0839233 0
1101100001 0.0566711 0
1101100010 0.00345421 0
1101100011 0.000965118 -3.14159
1101100100 0.00859833 -3.14159
1101100101 0.03302 -3.14159
1101100110 0.0144501 0
1101100111 0.0357361 -3.14159
1101101000 0.00948334 -3.14159
1101101001 0.0186768 0
1101101010 0.0359192 0
1101101011 0.00217819 -3.14159
1101101100 0.00779724 -3.14159
1101101101 0.0319519 -3.14159
1101101110 0.0325928 -3.14159
1101101111 0.000602722 -3.14159
1101110000 0.0164948 -3.14159
1101110001 0.0501099 0
1101110010 0.0039711 -3.14159
1101110011 0.0637817 -3.14159
1101110100 0.0327454 -3.14159
1101110101 0.0390015 -3.14159
1101110110 0.0136642 -3.14159
1101110111 0.00790405 0
1101111000 0.0178528 0
1101111001 0.0114517 0
1101111010 0.015274 -3.14159
1101111011 0.0107346 0
1101111100 0.0209198 0
1101111101 0.0427551 -3.14159
1101111110 0.0144806 -3.14159
1101111111 0.0770874 0
1110000000 0.0331726 -3.14159
1110000001 0.0384521 -3.14159
1110000010 0.0569458 0
1110000011 0.0507202 0
1110000100 0.0270081 0
1110000101 0.0574646 0
1110000110 0.00262642 -3.14159
1110000111 0.00310898 0
1110001000 0.00836182 0
1110001001 0.0293579 0
1110001010 0.0428162 0
1110001011 0.032074 -3.14159
1110001100 0.0092926 -3.14159
1110001101 0.00150013 -3.14159
1110001110 0.0269318 0
1110001111 0.0191956 -3.14159
1110010000 0.0350037 0
1110010001 0.0402222 -3.14159
1110010010 0.024765 -3.14159
1110010011 0.0118561 0
1110010100 0.042511 -3.14159
1110010101 0.0407104 -3.14159
1110010110 0.0279846 0
1110010111 0.0538025 -3.14159
1110011000 0.0123444 0
1110011001 0.00453949 0
1110011010 0.043457 -3.14159
1110011011 0.0210266 -3.14159
1110011100 0.0262909 0
1110011101 0.0380554 -3.14159
1110011110 0.0078125 -3.14159
1110011111 0.0105133 0
1110100000 0.0250397 -3.14159
1110100001 0.00341988 0
1110100010 0.0372925 0
1110100011 0.0378113 -3.14159
1110100100 0.0489197 0
1110100101 0.045105 0
1110100110 0.0327759 -3.14159
1110100111 0.0243988 -3.14159
1110101000 0.00423813 0
1110101001 0.00857544 -3.14159
1110101010 0.0223846 0
1110101011 0.0124664 0
1110101100 0.0115128 -3.14159
1110101101 0.0233917 0
1110101110 0.0218964 -3.14159
1110101111 0.0192719 -3.14159
1110110000 0.0160217 -3.14159
1110110001 0.0045166 -3.14159
1110110010 0.0690308 -3.14159
1110110011 0.045929 -3.14159
1110110100 0.0204926 -3.14159
1110110101 0.0501404 0
1110110110 0.0102386 -3.14159
1110110111 0.0118256 -3.14159
1110111000 0.025238 -3.14159
1110111001 0.0494995 0
1110111010 0.0567932 0
1110111011 0.0127029 -3.14159
1110111100 0.00320625 -3.14159
1110111101 0.0148468 -3.14159
1110111110 0.0136566 0
1110111111 0.0177612 0
1111000000 0.0035038 -3.14159
1111000001 0.0647583 0
1111000010 0.0270844 0
1111000011 0.0277863 -3.14159
1111000100 0.00166321 0
1111000101 0.0418396 -3.14159
1111000110 0.00458527 -3.14159
1111000111 0.0186768 0
1111001000 0.0354614 0
1111001001 0.0135345 0
1111001010 0.0199585 -3.14159
1111001011 0.0195465 -3.14159
1111001100 0.0522766 0
1111001101 0.0934448 0
1111001110 0.0378723 -3.14159
1111001111 0.026413 0
1111010000 0.00497055 -3.14159
1111010001 0.00912476 0
1111010010 0.000868797 0
1111010011 0.0091095 -3.14159
1111010100 0.00283241 -3.14159
1111010101 0.0123672 -3.14159
1111010110 0.055542 0
1111010111 0.0141373 0
1111011000 0.0350037 0
1111011001 0.0141373 -3.14159
1111011010 0.00234795 -3.14159
1111011011 0.00263023 0
1111011100 0.0112 -3.14159
1111011101 0.01371 0
1111011110 7.32541e-05 0
1111011111 0.00673294 0
1111100000 0.0640869 0
1111100001 0.0328674 -3.14159
1111100010 0.0171051 -3.14159
1111100011 0.0336914 0
1111100100 0.0557861 -3.14159
1111100101 0.0145111 0
1111100110 0.109192 -3.14159
1111100111 0.0529175 -3.14159
1111101000 0.00572205 0
1111101001 0.00164032 -3.14159
1111101010 0.0353699 -3.14159
1111101011 0.0889282 0
1111101100 0.0650635 0
1111101101 0.00184345 0
1111101110 0.0242157 0
1111101111 0.00989532 -3.14159
1111110000 0.0461121 0
1111110001 0.0125504 0
1111110010 0.0618286 -3.14159
1111110011 0.00801849 0
1111110100 0.0281219 0
1111110101 0.0320129 0
1111110110 0.02005 0
1111110111 0.0109634 0
1111111000 0.0117111 -3.14159
1111111001 0.0654907 -3.14159
1111111010 0.0250244 0
1111111011 0.0216522 -3.14159
1111111100 0.0209198 -3.14159
1111111101 0.0652466 0
1111111110 0.00801849 0
1111111111 0.0144958 -3.14159
