0000000000 0.00400162 0
0000000001 0.0258942 0
0000000010 0.0290833 0
0000000011 0.000823975 0
0000000100 0.0013628 0
0000000101 0.0332947 0
0000000110 0.0492859 -3.14159
0000000111 0.0194397 -3.14159
0000001000 0.014473 -3.14159
0000001001 0.00496292 0
0000001010 0.0323181 -3.14159
0000001011 0.0024128 0
0000001100 0.0424805 -3.14159
0000001101 0.0184631 0
0000001110 0.00532913 0
0000001111 0.0412292 0
0000010000 0.0187683 0
0000010001 0.0250397 -3.14159
0000010010 0.0198975 -3.14159
0000010011 0.033905 -3.14159
0000010100 0.0108566 -3.14159
0000010101 0.0322876 0
0000010110 0.0232239 -3.14159
0000010111 0.0163727 0
0000011000 0.0415039 0
0000011001 0.00852203 -3.14159
0000011010 0.00083828 -3.14159
0000011011 0.0822754 -3.14159
0000011100 0.0266571 -3.14159
0000011101 0.00048089 -3.14159
0000011110 0.0108032 0
0000011111 0.00872803 0
0000100000 0.0777588 -3.14159
0000100001 0.02742 -3.14159
0000100010 0.0618896 -3.14159
0000100011 0.00845337 -3.14159
0000100100 0.0183563 0
0000100101 0.00319862 0
0000100110 0.0158997 -3.14159
0000100111 0.0123978 -3.14159
0000101000 0.0069313 0
0000101001 0.0103073 -3.14159
0000101010 0.00993347 -3.14159
0000101011 0.0107651 -3.14159
0000101100 0.0588379 -3.14159
0000101101 0.0293732 -3.14159
0000101110 0.0115356 -3.14159
0000101111 0.0249329 -3.14159
0000110000 0.0570068 0
0000110001 0.0398254 -3.14159
0000110010 0.0393372 -3.14159
0000110011 0.0113297 -3.14159
0000110100 0.0200195 -3.14159
0000110101 0.000159383 0
0000110110 0.00965118 -3.14159
0000110111 0.0171509 0
0000111000 0.0374146 -3.14159
0000111001 0.0295105 -3.14159
0000111010 0.0158081 -3.14159
0000111011 0.0249176 -3.14159
0000111100 0.0525208 0
0000111101 0.00455093 -3.14159
0000111110 0.0209198 0
0000111111 0.00658417 0
0001000000 0.0653076 0
0001000001 0.0373535 0
0001000010 0.00640106 0
0001000011 0.0102921 -3.14159
0001000100 0.0105743 0
0001000101 0.0269928 -3.14159
0001000110 8.88705e-05 0
0001000111 0.0176239 0
0001001000 0.0451355 -3.14159
0001001001 0.00574875 0
0001001010 0.0283356 0
0001001011 0.00668335 0
0001001100 0.00764465 -3.14159
0001001101 0.00471497 0
0001001110 0.0127487 0
0001001111 0.00917053 -3.14159
0001010000 0.00123024 -3.14159
0001010001 0.0387878 -3.14159
0001010010 0.026535 -3.14159
0001010011 0.00643539 0
0001010100 0.0220032 0
0001010101 0.00336838 -3.14159
0001010110 0.0289459 0
0001010111 0.0254669 -3.14159
0001011000 0.0271912 -3.14159
0001011001 0.0450134 0
0001011010 0.00188541 0
0001011011 0.00657272 0
0001011100 0.0278625 0
0001011101 0.0292053 -3.14159
0001011110 0.0191193 -3.14159
0001011111 0.0479126 0
0001100000 0.0119019 0
0001100001 0.00124168 -3.14159
0001100010 0.0609436 -3.14159
0001100011 0.0151291 -3.14159
0001100100 0.0614624 -3.14159
0001100101 0.0214233 0
0001100110 0.00122356 0
0001100111 0.0510864 0
0001101000 0.0269318 -3.14159
0001101001 0.0754395 0
0001101010 0.000386 -3.14159
0001101011 0.0228424 -3.14159
0001101100 0.0146408 0
0001101101 0.0252838 -3.14159
0001101110 0.00939941 0
0001101111 0.00284576 -3.14159
0001110000 0.0322266 -3.14159
0001110001 0.0244446 -3.14159
0001110010 0.0305634 -3.14159
0001110011 0.0555115 0
0001110100 0.0106964 -3.14159
0001110101 0.00841522 0
0001110110 0.016983 0
0001110111 0.0231934 -3.14159
0001111000 0.0531616 -3.14159
0001111001 0.0214386 -3.14159
0001111010 0.0114136 -3.14159
0001111011 0.00543213 0
0001111100 0.00849915 -3.14159
0001111101 0.0134125 0
0001111110 0.00261116 -3.14159
0001111111 0.0260468 -3.14159
0010000000 0.031189 0
0010000001 0.0282898 -3.14159
0010000010 0.00780487 0
0010000011 0.026123 -3.14159
0010000100 0.0107727 0
0010000101 0.0176239 -3.14159
0010000110 0.00962067 0
0010000111 0.0043335 -3.14159
0010001000 0.0326843 -3.14159
0010001001 0.0138626 0
0010001010 0.0270233 -3.14159
0010001011 0.0200348 -3.14159
0010001100 0.0314941 0
0010001101 0.00546646 0
0010001110 0.0294189 0
0010001111 0.0227203 -3.14159
0010010000 0.032135 -3.14159
0010010001 0.0172577 -3.14159
0010010010 0.0116959 0
0010010011 0.0211334 -3.14159
0010010100 0.0170593 -3.14159
0010010101 0.00290298 -3.14159
0010010110 0.0230713 0
0010010111 0.0213776 0
0010011000 0.0262756 -3.14159
0010011001 0.0184479 0
0010011010 0.0200043 0
0010011011 0.0116196 -3.14159
0010011100 0.032135 -3.14159
0010011101 0.0106049 0
0010011110 0.0374146 -3.14159
0010011111 0.0265961 0
0010100000 0.0300903 0
0010100001 0.0232544 -3.14159
0010100010 0.0194092 -3.14159
0010100011 0.0123062 0
0010100100 6.16312e-05 -3.14159
0010100101 0.00432587 -3.14159
0010100110 0.00556946 -3.14159
0010100111 0.0282593 0
0010101000 0.00563812 0
0010101001 0.0193939 0
0010101010 0.0355835 0
0010101011 0.00867462 0
0010101100 0.0202484 0
0010101101 0.0140152 0
0010101110 0.0202332 0
0010101111 0.00137615 0
0010110000 0.0166626 0
0010110001 0.0294189 -3.14159
0010110010 0.0433655 -3.14159
0010110011 0.0382385 0
0010110100 0.0334473 0
0010110101 0.0398865 -3.14159
0010110110 0.000943661 -3.14159
0010110111 0.0286713 -3.14159
0010111000 0.0142517 0
0010111001 0.015976 -3.14159
0010111010 0.00435257 -3.14159
0010111011 0.00421524 0
0010111100 0.0402832 0
0010111101 0.0431519 -3.14159
0010111110 0.0283203 0
0010111111 0.0464172 -3.14159
0011000000 0.0241089 0
0011000001 0.0170593 0
0011000010 0.0171967 0
0011000011 0.00264931 0
0011000100 0.00580978 0
0011000101 0.00228119 0
0011000110 0.027771 0
0011000111 0.00514603 -3.14159
0011001000 0.0113449 -3.14159
0011001001 0.0250244 -3.14159
0011001010 0.0439453 0
0011001011 0.00187206 0
0011001100 0.00785065 -3.14159
0011001101 0.0373535 -3.14159
0011001110 0.0182953 0
0011001111 0.021759 0
0011010000 0.0162964 0
0011010001 0.0117264 0
0011010010 0.029892 0
0011010011 0.00813293 -3.14159
0011010100 0.0229645 0
0011010101 0.0176697 -3.14159
0011010110 0.018631 -3.14159
0011010111 0.0540466 0
0011011000 0.0234375 -3.14159
0011011001 0.0292816 0
0011011010 0.0227661 0
0011011011 0.00443268 0
0011011100 0.00699615 0
0011011101 0.0343628 -3.14159
0011011110 0.0458984 -3.14159
0011011111 0.00658417 0
0011100000 0.0223694 0
0011100001 0.0342712 0
0011100010 0.0112534 -3.14159
0011100011 0.0357056 -3.14159
0011100100 0.0397949 0
0011100101 0.0191193 0
0011100110 0.0156403 -3.14159
0011100111 3.11732e-05 -3.14159
0011101000 0.0627441 -3.14159
0011101001 0.012001 -3.14159
0011101010 0.0721436 -3.14159
0011101011 0.00497055 0
0011101100 0.0213165 -3.14159
0011101101 0.00310516 0
0011101110 0.00297928 -3.14159
0011101111 0.0420227 0
0011110000 0.0257721 0
0011110001 0.022644 -3.14159
0011110010 0.0436707 0
0011110011 0.0567932 -3.14159
0011110100 0.00490952 -3.14159
0011110101 0.00265694 0
0011110110 0.00619125 -3.14159
0011110111 0.0173035 -3.14159
0011111000 0.0942383 0
0011111001 0.0195007 0
0011111010 0.00421143 0
0011111011 0.00553131 0
0011111100 0.00266457 0
0011111101 0.00461197 -3.14159
0011111110 0.0018301 0
0011111111 0.0452576 0
0100000000 0.0613403 0
0100000001 0.00186443 0
0100000010 0.00611496 -3.14159
0100000011 0.00493622 0
0100000100 0.013031 -3.14159
0100000101 0.0328979 -3.14159
0100000110 0.0407104 0
0100000111 0.0486145 0
0100001000 0.0402222 -3.14159
0100001001 0.0568542 -3.14159
0100001010 0.0182648 -3.14159
0100001011 0.0395508 -3.14159
0100001100 0.0047226 -3.14159
0100001101 0.00484848 -3.14159
0100001110 0.0300903 0
0100001111 0.0213776 -3.14159
0100010000 0.00743103 0
0100010001 0.0522766 -3.14159
0100010010 0.00885773 0
0100010011 0.0110245 -3.14159
0100010100 0.0141068 0
0100010101 0.0180511 -3.14159
0100010110 0.0141983 0
0100010111 0.0105896 0
0100011000 0.00513077 -3.14159
0100011001 0.0226135 0
0100011010 0.0140915 -3.14159
0100011011 0.0672607 -3.14159
0100011100 0.00377846 0
0100011101 0.0509338 0
0100011110 0.059906 -3.14159
0100011111 0.00658417 0
0100100000 0.0193481 -3.14159
0100100001 0.0015955 -3.14159
0100100010 0.0212402 -3.14159
0100100011 0.0210266 0
0100100100 0.0246429 -3.14159
0100100101 0.0383301 0
0100100110 0.0300598 -3.14159
0100100111 0.0454407 -3.14159
0100101000 0.0253906 0
0100101001 0.0750122 -3.14159
0100101010 0.0483093 0
0100101011 0.0131302 0
0100101100 0.0622864 0
0100101101 0.0493774 -3.14159
0100101110 0.0364685 0
0100101111 0.00988007 0
0100110000 0.050354 0
0100110001 0.0448914 -3.14159
0100110010 0.0121994 -3.14159
0100110011 0.0273132 -3.14159
0100110100 0.0172424 0
0100110101 0.0352783 0
0100110110 0.00361824 -3.14159
0100110111 0.0278015 -3.14159
0100111000 0.0536499 -3.14159
0100111001 0.0157471 -3.14159
0100111010 0.0450745 -3.14159
0100111011 0.0368958 -3.14159
0100111100 0.0322571 -3.14159
0100111101 0.0254669 -3.14159
0100111110 0.0582275 0
0100111111 0.025528 0
0101000000 0.00292397 -3.14159
0101000001 0.0185547 0
0101000010 0.00888062 -3.14159
0101000011 0.0215454 0
0101000100 0.00984955 0
0101000101 0.0565186 0
0101000110 0.0573425 -3.14159
0101000111 0.0358887 -3.14159
0101001000 0.0142975 0
0101001001 0.0085144 -3.14159
0101001010 0.0239716 0
0101001011 0.0233307 0
0101001100 0.0169067 -3.14159
0101001101 0.0085144 -3.14159
0101001110 0.00518036 -3.14159
0101001111 0.00266838 0
0101010000 0.0457764 0
0101010001 0.022171 -3.14159
0101010010 0.0470276 0
0101010011 0.0226288 -3.14159
0101010100 0.0071907 0
0101010101 0.00983429 0
0101010110 0.0136108 0
0101010111 0.00276375 0
0101011000 0.0188751 0
0101011001 0.0133438 -3.14159
0101011010 0.0297546 -3.14159
0101011011 0.0792847 -3.14159
0101011100 0.00118923 0
0101011101 0.0651245 0
0101011110 0.00250626 0
0101011111 0.00569153 0
0101100000 0.0207367 0
0101100001 0.0454407 -3.14159
0101100010 0.00661087 0
0101100011 0.0420837 -3.14159
0101100100 0.00152016 -3.14159
0101100101 0.00845337 0
0101100110 0.0456238 -3.14159
0101100111 0.0280304 -3.14159
0101101000 0.0391235 -3.14159
0101101001 0.000826836 -3.14159
0101101010 0.0320129 0
0101101011 0.0149078 0
0101101100 0.0257721 -3.14159
0101101101 0.0352173 -3.14159
0101101110 0.0255585 -3.14159
0101101111 0.00193596 -3.14159
0101110000 0.0301666 -3.14159
0101110001 0.0281219 -3.14159
0101110010 0.00719452 -3.14159
0101110011 0.0233765 0
0101110100 0.0243225 0
0101110101 0.0397644 0
0101110110 0.0240173 0
0101110111 0.0104141 -3.14159
0101111000 0.0266724 0
0101111001 0.0291443 0
0101111010 0.0218658 0
0101111011 0.0387268 -3.14159
0101111100 0.0307007 -3.14159
0101111101 0.00538254 0
0101111110 0.0107422 0
0101111111 0.0646362 0
0110000000 0.0197449 0
0110000001 0.0575562 0
0110000010 0.0262604 -3.14159
0110000011 0.0340271 0
0110000100 0.0685425 -3.14159
0110000101 0.0562439 0
0110000110 0.0300293 0
0110000111 0.00743103 0
0110001000 0.0275421 -3.14159
0110001001 0.024231 -3.14159
0110001010 0.00532532 0
0110001011 0.0292053 -3.14159
0110001100 0.0205536 0
0110001101 0.0247955 -3.14159
0110001110 0.0129166 0
0110001111 0.00388908 -3.14159
0110010000 0.0346069 0
0110010001 0.0319824 -3.14159
0110010010 0.000346422 -3.14159
0110010011 0.013443 0
0110010100 0.059906 -3.14159
0110010101 0.0583496 -3.14159
0110010110 0.00535202 -3.14159
0110010111 0.0497131 0
0110011000 0.00804901 -3.14159
0110011001 0.0340576 -3.14159
0110011010 0.0282745 -3.14159
0110011011 0.0732422 0
0110011100 0.00100517 -3.14159
0110011101 0.0178528 0
0110011110 0.0710449 0
0110011111 0.0112991 0
0110100000 0.0534363 0
0110100001 0.0235443 0
0110100010 0.00969696 -3.14159
0110100011 0.0298615 -3.14159
0110100100 0.035553 0
0110100101 0.0480957 0
0110100110 0.0426025 0
0110100111 0.00666809 0
0110101000 0.0448914 -3.14159
0110101001 0.0248871 -3.14159
0110101010 0.0287781 0
0110101011 0.0262756 -3.14159
0110101100 0.0208893 -3.14159
0110101101 0.00600433 0
0110101110 0.0376892 0
0110101111 0.0150452 0
0110110000 0.00640488 -3.14159
0110110001 0.0724487 -3.14159
0110110010 0.0256805 0
0110110011 0.0103607 0
0110110100 0.0185394 0
0110110101 0.0280304 0
0110110110 0.0399475 0
0110110111 0.0419312 0
0110111000 0.0606689 -3.14159
0110111001 0.0116501 0
0110111010 0.0157776 0
0110111011 0.0662842 0
0110111100 0.0401917 -3.14159
0110111101 0.0116348 -3.14159
0110111110 0.00648499 0
0110111111 0.0263214 -3.14159
0111000000 0.00250244 0
0111000001 0.042511 -3.14159
0111000010 0.000711441 0
0111000011 0.0197144 -3.14159
0111000100 0.0266571 0
0111000101 0.0110931 0
0111000110 0.00763321 -3.14159
0111000111 0.0111694 -3.14159
0111001000 0.0188751 0
0111001001 0.00372314 -3.14159
0111001010 0.00169277 -3.14159
0111001011 0.00671005 -3.14159
0111001100 0.011261 0
0111001101 0.0147934 -3.14159
0111001110 0.0448608 0
0111001111 0.0545959 0
0111010000 0.0618896 0
0111010001 0.0496521 0
0111010010 0.0214996 0
0111010011 0.0472412 0
0111010100 0.0125809 0
0111010101 0.00805664 -3.14159
0111010110 0.00416183 -3.14159
0111010111 0.00252151 -3.14159
0111011000 0.00618744 0
0111011001 0.00527573 0
0111011010 0.00537491 0
0111011011 0.00880432 0
0111011100 0.0287323 0
0111011101 0.0280304 0
0111011110 0.0443115 0
0111011111 0.00171375 -3.14159
0111100000 0.00926971 -3.14159
0111100001 0.0279236 -3.14159
0111100010 0.00933075 0
0111100011 0.0265045 0
0111100100 0.0469971 0
0111100101 0.0364075 -3.14159
0111100110 0.0325317 -3.14159
0111100111 0.0015974 -3.14159
0111101000 0.0444946 -3.14159
0111101001 0.0317993 -3.14159
0111101010 0.0161591 -3.14159
0111101011 0.0424805 -3.14159
0111101100 0.0116653 -3.14159
0111101101 0.0089798 -3.14159
0111101110 0.0340271 0
0111101111 0.0214844 0
0111110000 0.0041008 -3.14159
0111110001 0.0546875 -3.14159
0111110010 0.0420227 0
0111110011 0.0913696 -3.14159
0111110100 0.00447464 0
0111110101 0.0214691 -3.14159
0111110110 0.00524902 -3.14159
0111110111 0.0129013 0
0111111000 0.0473633 -3.14159
0111111001 0.00955963 0
0111111010 0.00189972 -3.14159
0111111011 0.00132179 0
0111111100 0.0109558 -3.14159
0111111101 0.0153656 0
0111111110 0.0420532 -3.14159
0111111111 0.0278015 0
1000000000 0.0127335 0
1000000001 0.0281525 -3.14159
1000000010 0.0078125 0
1000000011 0.00534058 -3.14159
1000000100 0.0310516 0
1000000101 0.0377502 0
1000000110 0.0269318 0
1000000111 0.0145721 -3.14159
1000001000 0.00174904 0
1000001001 0.0102768 0
1000001010 0.0176544 0
1000001011 0.0289459 -3.14159
1000001100 0.0222168 -3.14159
1000001101 0.0446167 -3.14159
1000001110 0.0767212 -3.14159
1000001111 0.0221405 -3.14159
1000010000 0.00893402 -3.14159
1000010001 0.0413818 -3.14159
1000010010 0.0198975 -3.14159
1000010011 0.0314636 0
1000010100 0.055542 0
1000010101 0.0089035 0
1000010110 0.0166168 0
1000010111 0.0138626 -3.14159
1000011000 0.0292206 0
1000011001 0.0229187 0
1000011010 0.0102997 -3.14159
1000011011 0.0447083 0
1000011100 0.0089798 0
1000011101 0.00710678 0
1000011110 0.0108032 0
1000011111 0.00616455 0
1000100000 0.0466919 -3.14159
1000100001 0.0509949 -3.14159
1000100010 0.0465088 0
1000100011 0.0294189 0
1000100100 0.0298309 -3.14159
1000100101 0.049469 -3.14159
1000100110 0.0289459 -3.14159
1000100111 0.0690308 0
1000101000 0.00393677 -3.14159
1000101001 0.0256195 -3.14159
1000101010 0.0175018 -3.14159
1000101011 0.0094986 -3.14159
1000101100 0.00362968 0
1000101101 0.0381165 0
1000101110 0.0131912 -3.14159
1000101111 0.0118332 0
1000110000 0.00527191 0
1000110001 0.0101929 -3.14159
1000110010 0.0325317 0
1000110011 0.0217133 -3.14159
1000110100 0.032074 -3.14159
1000110101 0.0162354 0
1000110110 0.0288086 -3.14159
1000110111 0.0253448 0
1000111000 0.0104218 -3.14159
1000111001 0.0455627 -3.14159
1000111010 0.00695801 0
1000111011 0.00957489 -3.14159
1000111100 0.0282288 0
1000111101 0.0020752 0
1000111110 0.0100708 0
1000111111 0.0172272 0
1001000000 0.0180054 0
1001000001 0.0319519 -3.14159
1001000010 0.00322914 -3.14159
1001000011 0.0153198 0
1001000100 0.00229263 0
1001000101 0.0228271 0
1001000110 0.0576172 -3.14159
1001000111 0.0516357 -3.14159
1001001000 0.00716782 0
1001001001 0.0126953 -3.14159
1001001010 0.0402527 -3.14159
1001001011 0.0167847 0
1001001100 0.0197144 0
1001001101 0.0566101 -3.14159
1001001110 0.0281677 -3.14159
1001001111 0.0146561 -3.14159
1001010000 0.035553 0
1001010001 0.040802 -3.14159
1001010010 0.0133514 0
1001010011 0.0211792 -3.14159
1001010100 0.0370483 -3.14159
1001010101 0.0397644 -3.14159
1001010110 0.0250397 -3.14159
1001010111 0.0433655 -3.14159
1001011000 0.00426102 0
1001011001 0.0186157 0
1001011010 0.00885773 0
1001011011 0.000195622 0
1001011100 0.0167389 -3.14159
1001011101 0.0078125 -3.14159
1001011110 0.0276947 0
1001011111 0.0227966 -3.14159
1001100000 0.00905609 0
1001100001 0.019165 0
1001100010 0.0460205 -3.14159
1001100011 0.0136871 0
1001100100 0.0163574 -3.14159
1001100101 0.0201111 0
1001100110 0.0574036 0
1001100111 0.0737305 0
1001101000 0.00194645 0
1001101001 0.0170898 -3.14159
1001101010 0.0559692 0
1001101011 0.0411987 0
1001101100 0.0419617 0
1001101101 0.0152817 -3.14159
1001101110 0.0337219 -3.14159
1001101111 0.0166168 0
1001110000 0.0500793 0
1001110001 0.0584412 -3.14159
1001110010 0.025238 -3.14159
1001110011 0.0533447 0
1001110100 0.0114975 0
1001110101 0.0202789 -3.14159
1001110110 0.00875854 0
1001110111 0.000785828 0
1001111000 0.0171051 0
1001111001 0.00381279 -3.14159
1001111010 0.0264587 0
1001111011 0.0472412 0
1001111100 0.0394897 -3.14159
1001111101 0.016571 0
1001111110 0.0196686 -3.14159
1001111111 0.00121021 -3.14159
1010000000 0.0026207 0
1010000001 0.00711823 0
1010000010 0.000438213 0
1010000011 0.0505676 -3.14159
1010000100 0.0103912 0
1010000101 0.026825 -3.14159
1010000110 0.0408936 -3.14159
1010000111 0.00988007 -3.14159
1010001000 0.0499573 -3.14159
1010001001 0.0180969 0
1010001010 0.00999451 0
1010001011 0.0011301 -3.14159
1010001100 0.0136414 -3.14159
1010001101 0.00751495 -3.14159
1010001110 0.0102158 0
1010001111 0.0418701 0
1010010000 0.0637207 0
1010010001 0.0129547 -3.14159
1010010010 0.0431824 -3.14159
1010010011 0.00145626 -3.14159
1010010100 0.0332642 0
1010010101 0.0612793 0
1010010110 0.00382614 -3.14159
1010010111 0.0539551 -3.14159
1010011000 0.0802002 0
1010011001 0.0123825 0
1010011010 0.0132828 -3.14159
1010011011 0.0462952 -3.14159
1010011100 0.00823212 0
1010011101 0.0193024 -3.14159
1010011110 0.000967979 -3.14159
1010011111 0.0264893 -3.14159
1010100000 0.0240479 -3.14159
1010100001 0.0272675 -3.14159
1010100010 0.00714874 -3.14159
1010100011 0.0163116 -3.14159
1010100100 6.51479e-05 -3.14159
1010100101 0.00335693 -3.14159
1010100110 0.0201721 -3.14159
1010100111 0.0231476 -3.14159
1010101000 0.00852966 0
1010101001 0.00992584 -3.14159
1010101010 0.0407104 -3.14159
1010101011 0.0291443 0
1010101100 0.0488281 0
1010101101 0.000382662 -3.14159
1010101110 0.025116 0
1010101111 0.0335693 0
1010110000 0.0560303 0
1010110001 0.0246735 -3.14159
1010110010 0.00605392 -3.14159
1010110011 0.0320435 -3.14159
1010110100 0.0364075 -3.14159
1010110101 0.0251617 0
1010110110 0.0080719 0
1010110111 0.017334 -3.14159
1010111000 0.00222397 0
1010111001 0.0240936 0
1010111010 0.0303955 -3.14159
1010111011 0.0250702 -3.14159
1010111100 0.00203514 0
1010111101 0.0450745 0
1010111110 0.0601807 -3.14159
1010111111 0.0224152 0
1011000000 0.0648193 -3.14159
1011000001 0.0228271 0
1011000010 0.0179749 0
1011000011 0.0249634 -3.14159
1011000100 0.0287628 -3.14159
1011000101 0.0121765 0
1011000110 0.0292511 0
1011000111 0.0014143 -3.14159
1011001000 0.0127945 -3.14159
1011001001 0.0480042 -3.14159
1011001010 0.0200195 -3.14159
1011001011 0.0587463 -3.14159
1011001100 0.00570297 -3.14159
1011001101 0.019455 -3.14159
1011001110 0.0422058 0
1011001111 0.029068 -3.14159
1011010000 0.00952911 0
1011010001 0.045929 -3.14159
1011010010 0.00195122 0
1011010011 0.046936 0
1011010100 0.0358582 -3.14159
1011010101 0.0151672 0
1011010110 0.0654297 0
1011010111 0.00637436 0
1011011000 0.0129395 0
1011011001 0.0134506 0
1011011010 0.0159912 0
1011011011 0.0377197 -3.14159
1011011100 0.00914001 0
1011011101 0.0383301 0
1011011110 0.00768661 0
1011011111 0.0186768 0
1011100000 0.00530624 -3.14159
1011100001 0.019104 -3.14159
1011100010 0.0112457 0
1011100011 0.0335999 0
1011100100 0.0289001 0
1011100101 0.0645752 0
1011100110 0.0259857 0
1011100111 0.0098877 -3.14159
1011101000 0.0427856 -3.14159
1011101001 0.00124931 0
1011101010 0.0696411 -3.14159
1011101011 0.0264435 0
1011101100 3.16501e-05 0
1011101101 0.025528 0
1011101110 0.0218658 -3.14159
1011101111 0.0731812 0
1011110000 0.04422 -3.14159
1011110001 0.0119171 -3.14159
1011110010 0.0190277 0
1011110011 0.023941 0
1011110100 0.0243225 -3.14159
1011110101 0.028595 0
1011110110 0.0588989 -3.14159
1011110111 0.0276794 0
1011111000 0.0225067 0
1011111001 0.0323486 0
1011111010 0.00885773 -3.14159
1011111011 0.0411377 0
1011111100 0.0112 -3.14159
1011111101 0.0056076 0
1011111110 0.0433655 0
1011111111 0.00760651 0
1100000000 0.00200462 0
1100000001 0.0245972 0
1100000010 0.00892639 0
1100000011 0.0964966 -3.14159
1100000100 0.0593567 -3.14159
1100000101 0.060791 0
1100000110 0.0106277 -3.14159
1100000111 0.0129547 0
1100001000 0.0656738 -3.14159
1100001001 0.0560303 -3.14159
1100001010 0.0253143 -3.14159
1100001011 0.00105762 0
1100001100 0.00993347 -3.14159
1100001101 0.00879669 -3.14159
1100001110 0.0291443 -3.14159
1100001111 0.0792847 0
1100010000 0.0128555 -3.14159
1100010001 0.0107803 0
1100010010 0.0325012 0
1100010011 0.0143814 0
1100010100 0.0128937 -3.14159
1100010101 0.0318604 -3.14159
1100010110 0.0263214 0
1100010111 0.0772095 0
1100011000 0.0584106 -3.14159
1100011001 0.012886 -3.14159
1100011010 0.0518799 -3.14159
1100011011 0.0206146 0
1100011100 0.0200653 0
1100011101 0.0191803 0
1100011110 0.0025177 -3.14159
1100011111 0.0354004 -3.14159
1100100000 0.0367432 0
1100100001 0.0697632 0
1100100010 0.00764465 -3.14159
1100100011 0.02211 0
1100100100 0.0177002 0
1100100101 0.0507507 -3.14159
1100100110 0.00146008 0
1100100111 0.0188293 -3.14159
1100101000 0.0521851 0
1100101001 0.00273132 0
1100101010 0.0337219 -3.14159
1100101011 0.0135269 -3.14159
1100101100 0.0149307 0
1100101101 0.0221558 -3.14159
1100101110 0.0514221 0
1100101111 0.00816345 0
1100110000 0.0146408 0
1100110001 0.0878296 -3.14159
1100110010 0.0128403 -3.14159
1100110011 0.0226898 0
1100110100 0.0187531 0
1100110101 0.0137024 0
1100110110 0.0155716 0
1100110111 0.0259399 -3.14159
1100111000 0.0042038 0
1100111001 0.0944214 -3.14159
1100111010 0.00492859 -3.14159
1100111011 0.0385132 -3.14159
1100111100 0.0301208 -3.14159
1100111101 0.0154419 -3.14159
1100111110 0.0295258 -3.14159
1100111111 0.0315552 -3.14159
1101000000 0.0472107 -3.14159
1101000001 0.0233307 0
1101000010 0.0145035 -3.14159
1101000011 0.0126419 -3.14159
1101000100 0.052002 0
1101000101 0.0316467 0
1101000110 0.024353 -3.14159
1101000111 0.0602417 0
1101001000 0.00546646 0
1101001001 0.0353699 0
1101001010 0.0141602 0
1101001011 0.0162354 0
1101001100 0.00292969 0
1101001101 0.0113831 0
1101001110 0.025177 0
1101001111 0.0302582 0
1101010000 0.00108242 -3.14159
1101010001 0.0107422 -3.14159
1101010010 0.0011797 -3.14159
1101010011 0.0768433 -3.14159
1101010100 0.0201721 0
1101010101 0.0292816 -3.14159
1101010110 0.0394592 -3.14159
1101010111 0.0263977 0
1101011000 0.0229797 -3.14159
1101011001 0.0231476 0
1101011010 0.0217896 0
1101011011 0.0292511 -3.14159
1101011100 0.0022049 0
1101011101 0.0330811 -3.14159
1101011110 0.00454712 -3.14159
1101011111 0.00574112 0
1101100000 0.0768433 0
1101100001 0.0436707 0
1101100010 0.0267792 -3.14159
1101100011 0.00356674 0
1101100100 0.018158 -3.14159
1101100101 0.0343018 -3.14159
1101100110 0.0247498 0
1101100111 0.0346985 -3.14159
1101101000 0.00957489 0
1101101001 0.0223083 0
1101101010 0.0389099 0
1101101011 0.000469208 0
1101101100 0.0052681 -3.14159
1101101101 0.00865173 -3.14159
1101101110 0.0389099 -3.14159
1101101111 0.00452423 0
1101110000 0.0144196 -3.14159
1101110001 0.0611267 0
1101110010 0.00088644 -3.14159
1101110011 0.0296936 -3.14159
1101110100 0.0109253 -3.14159
1101110101 0.0402222 -3.14159
1101110110 0.0324707 -3.14159
1101110111 0.00609589 0
1101111000 0.0103149 0
1101111001 0.013855 -3.14159
1101111010 0.0108643 -3.14159
1101111011 0.0239716 -3.14159
1101111100 0.0116043 0
1101111101 0.0507202 -3.14159
1101111110 0.029892 -3.14159
1101111111 0.0539551 0
1110000000 0.0210419 -3.14159
1110000001 0.0209656 -3.14159
1110000010 0.0575256 0
1110000011 0.0333252 0
1110000100 0.0587463 0
1110000101 0.055603 0
1110000110 0.0664673 -3.14159
1110000111 0.0156708 -3.14159
1110001000 0.0166473 0
1110001001 0.0269623 0
1110001010 0.0514526 0
1110001011 0.019043 -3.14159
1110001100 0.0188446 -3.14159
1110001101 0.00405884 -3.14159
1110001110 0.00965118 -3.14159
1110001111 0.00745773 -3.14159
1110010000 0.0341492 0
1110010001 0.0454712 -3.14159
1110010010 0.0122833 -3.14159
1110010011 0.00497437 0
1110010100 0.0522156 -3.14159
1110010101 0.0375366 -3.14159
1110010110 0.0619507 0
1110010111 0.0791016 -3.14159
1110011000 0.00249481 -3.14159
1110011001 0.00878906 -3.14159
1110011010 0.0405884 -3.14159
1110011011 0.021637 -3.14159
1110011100 0.022583 0
1110011101 0.0204315 -3.14159
1110011110 0.0299225 0
1110011111 0.0218964 0
1110100000 0.00437927 -3.14159
1110100001 0.0151138 0
1110100010 0.026413 0
1110100011 0.00188255 -3.14159
1110100100 0.0565186 0
1110100101 0.0135727 0
1110100110 0.0523071 -3.14159
1110100111 0.0158691 0
1110101000 0.0056839 -3.14159
1110101001 0.00696182 0
1110101010 0.0325928 0
1110101011 0.00497055 0
1110101100 0.0251465 -3.14159
1110101101 0.00965881 0
1110101110 0.0256195 -3.14159
1110101111 0.015213 -3.14159
1110110000 0.00801849 -3.14159
1110110001 0.036377 0
1110110010 0.0497437 -3.14159
1110110011 0.046936 -3.14159
1110110100 0.011734 -3.14159
1110110101 0.0494385 0
1110110110 0.0264893 -3.14159
1110110111 0.0255585 -3.14159
1110111000 0.00175953 0
1110111001 0.0271149 0
1110111010 0.0119324 0
1110111011 0.045105 0
1110111100 0.0195465 -3.14159
1110111101 0.015625 -3.14159
1110111110 0.0160522 0
1110111111 7.83801e-05 -3.14159
1111000000 0.0139236 0
1111000001 0.0427246 0
1111000010 0.0283966 0
1111000011 0.00541687 -3.14159
1111000100 0.0149078 0
1111000101 0.00130081 -3.14159
1111000110 0.00595093 -3.14159
1111000111 0.00411606 0
1111001000 0.0375671 0
1111001001 0.00191689 -3.14159
1111001010 0.00428009 -3.14159
1111001011 0.0176086 -3.14159
1111001100 0.0281677 0
1111001101 0.0922241 0
1111001110 0.0139389 -3.14159
1111001111 0.0449219 0
1111010000 0.00933838 -3.14159
1111010001 0.0297852 -3.14159
1111010010 0.00643921 -3.14159
1111010011 0.026825 -3.14159
1111010100 0.00583267 0
1111010101 0.0163727 -3.14159
1111010110 0.0146561 0
1111010111 0.0158386 0
1111011000 0.0519104 0
1111011001 0.0342407 -3.14159
1111011010 0.00611496 0
1111011011 0.00126743 0
1111011100 0.00460815 -3.14159
1111011101 0.00499725 0
1111011110 0.00618362 0
1111011111 0.0175476 -3.14159
1111100000 0.0907593 0
1111100001 0.0199127 0
1111100010 0.0168304 -3.14159
1111100011 0.053833 0
1111100100 0.0473022 -3.14159
1111100101 0.0233002 0
1111100110 0.097229 -3.14159
1111100111 0.0472717 -3.14159
1111101000 0.0212555 -3.14159
1111101001 0.0168304 -3.14159
1111101010 0.0227966 -3.14159
1111101011 0.0918579 0
1111101100 0.0647583 0
1111101101 0.0101547 -3.14159
1111101110 0.0233612 0
1111101111 0.00737 0
1111110000 0.0015955 0
1111110001 0.0199585 0
1111110010 0.0538635 -3.14159
1111110011 0.0066185 0
1111110100 0.00561523 0
1111110101 0.0145035 0
1111110110 0.0326843 0
1111110111 0.0110245 0
1111111000 0.0229797 0
1111111001 0.0520935 -3.14159
1111111010 0.040802 0
1111111011 0.0683594 -3.14159
1111111100 0.00881195 -3.14159
1111111101 0.0559998 0
1111111110 0.0220642 -3.14159
1111111111 0.0189362 0
