0000000000 0.0241241 0
0000000001 0.0435181 0
0000000010 0.00790405 -3.14159
0000000011 0.00912476 -3.14159
0000000100 0.0222321 -3.14159
0000000101 0.0185242 0
0000000110 0.0351868 -3.14159
0000000111 0.0220184 -3.14159
0000001000 0.0167999 0
0000001001 0.0128632 0
0000001010 0.00913239 -3.14159
0000001011 0.0236816 0
0000001100 0.0332642 -3.14159
0000001101 0.00830841 0
0000001110 0.000272989 -3.14159
0000001111 0.0458069 0
0000010000 0.00695038 0
0000010001 0.00391006 -3.14159
0000010010 0.014328 -3.14159
0000010011 0.027832 -3.14159
0000010100 0.0284424 -3.14159
0000010101 0.0216217 0
0000010110 0.0236053 -3.14159
0000010111 0.0495605 0
0000011000 0.0441284 0
0000011001 0.0324097 -3.14159
0000011010 0.0483093 -3.14159
0000011011 0.0394287 -3.14159
0000011100 0.0456543 -3.14159
0000011101 0.0283661 -3.14159
0000011110 0.0377502 0
0000011111 0.0101166 -3.14159
0000100000 0.0747681 -3.14159
0000100001 0.0092926 -3.14159
0000100010 0.0582886 -3.14159
0000100011 0.0299988 -3.14159
0000100100 0.00156403 0
0000100101 0.00994873 0
0000100110 0.00671005 -3.14159
0000100111 0.0039444 0
0000101000 0.0109024 -3.14159
0000101001 0.00941467 -3.14159
0000101010 0.00760651 -3.14159
0000101011 0.0251312 0
0000101100 0.0515137 -3.14159
0000101101 0.0138779 -3.14159
0000101110 0.0126801 -3.14159
0000101111 0.00733185 0
0000110000 0.0322571 0
0000110001 0.0456543 -3.14159
0000110010 0.0409546 -3.14159
0000110011 0.00796509 0
0000110100 0.0184174 -3.14159
0000110101 0.00311661 0
0000110110 0.00198746 -3.14159
0000110111 0.0296631 0
0000111000 0.0358276 -3.14159
0000111001 0.00609589 -3.14159
0000111010 0.00990295 -3.14159
0000111011 0.0220032 -3.14159
0000111100 0.0210724 0
0000111101 0.0342712 0
0000111110 0.0143509 0
0000111111 0.00238419 0
0001000000 0.0653076 0
0001000001 0.0328979 0
0001000010 0.0361938 -3.14159
0001000011 0.00139427 0
0001000100 0.0169983 -3.14159
0001000101 0.0542908 -3.14159
0001000110 0.0227509 -3.14159
0001000111 0.00412369 -3.14159
0001001000 0.0383606 -3.14159
0001001001 0.0160065 0
0001001010 0.0200348 -3.14159
0001001011 0.00725555 -3.14159
0001001100 0.0292206 -3.14159
0001001101 0.0408325 0
0001001110 0.015686 0
0001001111 0.00270271 -3.14159
0001010000 0.0183258 0
0001010001 0.0385742 -3.14159
0001010010 0.0583496 -3.14159
0001010011 0.00618362 -3.14159
0001010100 0.0100098 0
0001010101 0.00600052 0
0001010110 0.0233459 0
0001010111 0.0133057 -3.14159
0001011000 0.000351191 -3.14159
0001011001 0.0482483 0
0001011010 0.0240173 0
0001011011 0.0325623 0
0001011100 0.0297394 0
0001011101 0.0356445 -3.14159
0001011110 0.0426331 -3.14159
0001011111 0.029068 0
0001100000 0.0150833 -3.14159
0001100001 0.0200195 -3.14159
0001100010 0.0588684 -3.14159
0001100011 0.0144348 -3.14159
0001100100 0.0661011 -3.14159
0001100101 0.0113068 0
0001100110 0.0306091 -3.14159
0001100111 0.00827026 -3.14159
0001101000 0.00476456 0
0001101001 0.083374 0
0001101010 0.00820923 -3.14159
0001101011 0.00196838 -3.14159
0001101100 0.00762558 0
0001101101 0.042572 -3.14159
0001101110 0.0133667 0
0001101111 0.00870514 -3.14159
0001110000 0.0158081 -3.14159
0001110001 0.0148315 -3.14159
0001110010 0.0386047 -3.14159
0001110011 0.0295715 0
0001110100 0.0107574 -3.14159
0001110101 0.0192871 0
0001110110 0.00231552 0
0001110111 0.00854492 -3.14159
0001111000 0.0465393 -3.14159
0001111001 0.0228271 0
0001111010 0.0287933 -3.14159
0001111011 0.0129471 -3.14159
0001111100 0.0314331 -3.14159
0001111101 0.0238647 0
0001111110 0.010376 0
0001111111 0.0074234 -3.14159
0010000000 0.0183105 0
0010000001 0.0380554 -3.14159
0010000010 0.0196838 0
0010000011 0.0387573 -3.14159
0010000100 0.00944519 0
0010000101 0.0257263 -3.14159
0010000110 0.0317688 0
0010000111 0.0170593 -3.14159
0010001000 0.0137177 -3.14159
0010001001 0.0273132 0
0010001010 0.0160522 0
0010001011 0.0177155 -3.14159
0010001100 0.0199127 0
0010001101 0.0267334 0
0010001110 0.0181122 0
0010001111 0.00594711 -3.14159
0010010000 0.0263977 -3.14159
0010010001 0.0259094 -3.14159
0010010010 0.00761795 -3.14159
0010010011 0.0173798 -3.14159
0010010100 0.00774002 0
0010010101 0.0358276 0
0010010110 0.0193481 -3.14159
0010010111 0.0582886 0
0010011000 0.000829697 0
0010011001 0.0166779 -3.14159
0010011010 0.0103683 -3.14159
0010011011 0.0265503 -3.14159
0010011100 0.0234375 -3.14159
0010011101 0.0226593 0
0010011110 0.0145264 -3.14159
0010011111 0.0133438 -3.14159
0010100000 0.0449524 0
0010100001 0.00608444 -3.14159
0010100010 0.00885773 0
0010100011 0.0192108 0
0010100100 0.017395 0
0010100101 0.0211945 -3.14159
0010100110 0.000145674 0
0010100111 0.0223694 0
0010101000 0.00447845 0
0010101001 0.0357666 0
0010101010 0.019043 0
0010101011 0.0243835 0
0010101100 0.0109329 -3.14159
0010101101 0.0516052 0
0010101110 0.0117493 -3.14159
0010101111 0.0111313 -3.14159
0010110000 0.0161285 0
0010110001 0.034729 -3.14159
0010110010 0.0250244 -3.14159
0010110011 0.0527344 0
0010110100 0.0274353 0
0010110101 0.00296593 -3.14159
0010110110 0.00275803 0
0010110111 0.0330505 -3.14159
0010111000 0.0069809 0
0010111001 0.0214996 -3.14159
0010111010 0.00926208 -3.14159
0010111011 0.04776 0
0010111100 0.0406799 0
0010111101 0.0218964 -3.14159
0010111110 0.0130768 -3.14159
0010111111 0.0537415 -3.14159
0011000000 0.0273132 0
0011000001 0.00939178 0
0011000010 0.0265503 0
0011000011 0.0235138 -3.14159
0011000100 0.00562668 0
0011000101 0.0245514 -3.14159
0011000110 0.0334473 0
0011000111 0.000828266 -3.14159
0011001000 0.00331879 0
0011001001 0.00400162 -3.14159
0011001010 0.0358276 0
0011001011 0.0146561 -3.14159
0011001100 0.00813293 -3.14159
0011001101 0.0241241 -3.14159
0011001110 0.00169373 -3.14159
0011001111 0.0162048 0
0011010000 0.0240936 0
0011010001 0.00960541 -3.14159
0011010010 0.0231781 0
0011010011 0.00509644 0
0011010100 0.00466919 0
0011010101 0.0117874 -3.14159
0011010110 0.0409546 -3.14159
0011010111 0.0706177 0
0011011000 0.00975037 -3.14159
0011011001 0.0255585 0
0011011010 0.0241547 0
0011011011 0.00801849 -3.14159
0011011100 0.0127029 -3.14159
0011011101 0.0384827 -3.14159
0011011110 0.0648804 -3.14159
0011011111 0.0115662 0
0011100000 0.048645 0
0011100001 0.025528 0
0011100010 0.00762558 -3.14159
0011100011 0.0414429 -3.14159
0011100100 0.0387573 0
0011100101 0.0296631 0
0011100110 0.00839233 0
0011100111 0.0392761 -3.14159
0011101000 0.0411987 -3.14159
0011101001 0.0198975 -3.14159
0011101010 0.0410156 -3.14159
0011101011 0.0244141 -3.14159
0011101100 0.0246277 -3.14159
0011101101 0.00918579 -3.14159
0011101110 0.00787354 -3.14159
0011101111 0.0542908 0
0011110000 0.0292206 0
0011110001 0.00782776 -3.14159
0011110010 0.0776978 0
0011110011 0.0639038 -3.14159
0011110100 0.00767136 -3.14159
0011110101 0.00653076 0
0011110110 0.00361061 0
0011110111 0.00987244 -3.14159
0011111000 0.0780029 0
0011111001 0.0190735 0
0011111010 0.0222015 -3.14159
0011111011 0.00184822 0
0011111100 0.0216064 -3.14159
0011111101 0.00670242 0
0011111110 0.0245056 0
0011111111 0.0385132 0
0100000000 0.0587769 0
0100000001 0.0243683 0
0100000010 0.000872135 0
0100000011 0.0421448 0
0100000100 0.0460815 -3.14159
0100000101 0.007267 -3.14159
0100000110 0.0511475 0
0100000111 0.0622559 0
0100001000 0.000149131 -3.14159
0100001001 0.0341797 -3.14159
0100001010 0.0105438 -3.14159
0100001011 0.0244598 -3.14159
0100001100 0.0194702 -3.14159
0100001101 0.000722408 0
0100001110 0.0142136 -3.14159
0100001111 0.010643 -3.14159
0100010000 0.0401306 0
0100010001 0.0505066 -3.14159
0100010010 0.0206757 -3.14159
0100010011 0.0109863 0
0100010100 0.0117188 0
0100010101 0.0104141 -3.14159
0100010110 0.0274048 0
0100010111 0.00118065 0
0100011000 0.00395966 0
0100011001 0.0231018 0
0100011010 0.012619 -3.14159
0100011011 0.0541382 -3.14159
0100011100 0.00554657 -3.14159
0100011101 0.0364075 0
0100011110 0.0410767 -3.14159
0100011111 0.015686 0
0100100000 0.0148239 -3.14159
0100100001 0.00942993 -3.14159
0100100010 0.0038929 0
0100100011 0.015274 0
0100100100 0.0258484 -3.14159
0100100101 0.0429688 0
0100100110 0.0349731 -3.14159
0100100111 0.00702286 -3.14159
0100101000 0.0525208 0
0100101001 0.0489502 -3.14159
0100101010 0.0917969 0
0100101011 0.00306702 -3.14159
0100101100 0.0327148 0
0100101101 0.0509949 -3.14159
0100101110 0.0264893 0
0100101111 0.0175476 -3.14159
0100110000 0.0429077 0
0100110001 0.0296631 -3.14159
0100110010 0.00610352 -3.14159
0100110011 0.0482178 -3.14159
0100110100 6.51479e-05 -3.14159
0100110101 0.0301666 0
0100110110 0.0244141 -3.14159
0100110111 0.00504303 -3.14159
0100111000 0.0509949 -3.14159
0100111001 0.0384216 -3.14159
0100111010 0.0390015 -3.14159
0100111011 0.0451355 -3.14159
0100111100 0.0354919 -3.14159
0100111101 0.0222168 -3.14159
0100111110 0.0510254 0
0100111111 0.000372171 0
0101000000 0.00437927 -3.14159
0101000001 0.00101662 0
0101000010 0.0349731 -3.14159
0101000011 0.0207825 0
0101000100 0.00258446 -3.14159
0101000101 0.0570679 0
0101000110 0.058136 -3.14159
0101000111 0.036499 -3.14159
0101001000 0.00429916 0
0101001001 0.0681152 -3.14159
0101001010 0.0126572 0
0101001011 0.0656128 0
0101001100 0.0201569 0
0101001101 0.0301666 0
0101001110 0.0290985 0
0101001111 0.0126495 0
0101010000 0.0267181 0
0101010001 0.0148621 -3.14159
0101010010 0.0324097 0
0101010011 0.0523071 -3.14159
0101010100 0.0334167 0
0101010101 0.0472107 0
0101010110 0.00801849 0
0101010111 0.00896454 -3.14159
0101011000 0.0288849 0
0101011001 0.00101662 -3.14159
0101011010 0.0274048 -3.14159
0101011011 0.0668945 -3.14159
0101011100 0.0183411 -3.14159
0101011101 0.0519104 0
0101011110 0.0026474 -3.14159
0101011111 0.0354614 0
0101100000 0.0197296 0
0101100001 0.0737305 -3.14159
0101100010 0.00926208 -3.14159
0101100011 0.0484314 -3.14159
0101100100 0.000342369 -3.14159
0101100101 0.00514603 0
0101100110 0.048584 -3.14159
0101100111 0.0310669 -3.14159
0101101000 0.0669556 -3.14159
0101101001 0.0143661 -3.14159
0101101010 0.0295105 0
0101101011 0.0463562 0
0101101100 0.00624847 -3.14159
0101101101 0.0365601 -3.14159
0101101110 0.0257568 -3.14159
0101101111 0.027359 0
0101110000 0.0332336 -3.14159
0101110001 0.0287323 -3.14159
0101110010 0.0271454 -3.14159
0101110011 0.0114212 0
0101110100 0.049469 0
0101110101 0.00606918 0
0101110110 0.0340271 0
0101110111 0.0185547 -3.14159
0101111000 0.0508423 0
0101111001 0.0180664 0
0101111010 0.0318298 0
0101111011 0.0336304 -3.14159
0101111100 0.0452881 -3.14159
0101111101 0.0183105 -3.14159
0101111110 0.0190277 0
0101111111 0.0773926 0
0110000000 0.00291252 -3.14159
0110000001 0.0154343 0
0110000010 0.0333862 -3.14159
0110000011 0.0651855 0
0110000100 0.0768433 -3.14159
0110000101 0.0397034 0
0110000110 0.030365 0
0110000111 0.00349045 0
0110001000 0.031311 -3.14159
0110001001 0.0266876 -3.14159
0110001010 0.0231628 -3.14159
0110001011 0.0253296 -3.14159
0110001100 0.021759 0
0110001101 0.00826263 0
0110001110 0.033844 0
0110001111 7.11679e-05 0
0110010000 0.029068 0
0110010001 0.0136642 -3.14159
0110010010 0.030777 -3.14159
0110010011 0.0073967 0
0110010100 0.0825806 -3.14159
0110010101 0.0634766 -3.14159
0110010110 0.00365257 -3.14159
0110010111 0.00182819 -3.14159
0110011000 0.00923157 0
0110011001 0.0513611 -3.14159
0110011010 0.0181274 -3.14159
0110011011 0.0483704 0
0110011100 0.0406494 0
0110011101 0.00185776 0
0110011110 0.0299835 0
0110011111 0.0246429 0
0110100000 0.0448303 0
0110100001 0.0248413 0
0110100010 0.0307007 0
0110100011 0.0227356 -3.14159
0110100100 0.0218658 0
0110100101 0.0103378 0
0110100110 0.0244751 0
0110100111 0.0167999 -3.14159
0110101000 0.0170441 -3.14159
0110101001 0.0331726 -3.14159
0110101010 0.0195465 0
0110101011 0.0454102 -3.14159
0110101100 0.0176544 -3.14159
0110101101 0.0131531 0
0110101110 0.000501633 -3.14159
0110101111 0.00306129 -3.14159
0110110000 0.0165863 0
0110110001 0.0621338 -3.14159
0110110010 0.0219421 0
0110110011 0.0209198 -3.14159
0110110100 0.0270691 0
0110110101 0.0345764 0
0110110110 0.0367432 0
0110110111 0.00133801 -3.14159
0110111000 0.0378418 -3.14159
0110111001 0.00639725 -3.14159
0110111010 0.0259857 0
0110111011 0.0608521 0
0110111100 0.0150528 0
0110111101 0.0334473 -3.14159
0110111110 0.0295715 -3.14159
0110111111 0.0276642 -3.14159
0111000000 0.0224915 0
0111000001 0.078186 -3.14159
0111000010 0.0383911 0
0111000011 0.0235291 -3.14159
0111000100 0.0054512 0
0111000101 0.00865173 0
0111000110 0.0186768 0
0111000111 0.0147858 -3.14159
0111001000 0.061676 0
0111001001 0.0213776 0
0111001010 0.0203247 0
0111001011 0.0133667 0
0111001100 0.0190277 0
0111001101 0.0280151 -3.14159
0111001110 0.0701904 0
0111001111 0.043335 0
0111010000 0.0467529 0
0111010001 0.0225525 0
0111010010 0.0117416 0
0111010011 0.040802 0
0111010100 0.00471497 -3.14159
0111010101 0.000293255 0
0111010110 0.00945282 0
0111010111 0.00919342 -3.14159
0111011000 0.0221252 0
0111011001 0.0247345 -3.14159
0111011010 0.0198059 0
0111011011 0.00889587 -3.14159
0111011100 0.0362854 0
0111011101 0.0413208 0
0111011110 0.0367432 0
0111011111 0.010849 0
0111100000 0.00676727 0
0111100001 0.00477982 -3.14159
0111100010 0.0136261 0
0111100011 0.0452271 0
0111100100 0.0150528 0
0111100101 0.0414124 -3.14159
0111100110 0.0322571 -3.14159
0111100111 0.00895691 -3.14159
0111101000 0.0621338 -3.14159
0111101001 0.00232506 -3.14159
0111101010 0.0199738 -3.14159
0111101011 0.0327148 -3.14159
0111101100 0.0182495 -3.14159
0111101101 0.0113983 -3.14159
0111101110 0.0129318 0
0111101111 0.00440216 -3.14159
0111110000 0.00464249 -3.14159
0111110001 0.0439453 -3.14159
0111110010 0.0395508 0
0111110011 0.056366 -3.14159
0111110100 0.0426636 0
0111110101 0.0303192 -3.14159
0111110110 0.0127563 -3.14159
0111110111 0.00117874 -3.14159
0111111000 0.0497742 -3.14159
0111111001 0.0105972 0
0111111010 0.00176334 -3.14159
0111111011 0.00406265 -3.14159
0111111100 0.00573349 0
0111111101 0.0169067 0
0111111110 0.0278778 -3.14159
0111111111 0.0117645 0
1000000000 0.000522614 0
1000000001 0.00650787 0
1000000010 0.0222473 -3.14159
1000000011 0.00154018 0
1000000100 0.0158844 0
1000000101 0.0602722 0
1000000110 0.0324402 0
1000000111 0.0130539 0
1000001000 0.00423813 0
1000001001 0.00403976 0
1000001010 0.00646973 -3.14159
1000001011 0.0622864 -3.14159
1000001100 0.0148315 -3.14159
1000001101 0.0620422 -3.14159
1000001110 0.04953 -3.14159
1000001111 0.00687408 -3.14159
1000010000 0.0245667 0
1000010001 0.0370483 -3.14159
1000010010 0.014473 0
1000010011 0.0206451 0
1000010100 0.00572968 0
1000010101 0.00607681 -3.14159
1000010110 0.00391006 0
1000010111 0.0224609 0
1000011000 0.0326843 0
1000011001 0.033905 0
1000011010 0.0235901 -3.14159
1000011011 0.00642395 0
1000011100 0.00588226 -3.14159
1000011101 0.00649643 -3.14159
1000011110 0.0269775 0
1000011111 0.0447998 -3.14159
1000100000 0.0753784 -3.14159
1000100001 0.0430603 -3.14159
1000100010 0.0195312 0
1000100011 0.00617981 -3.14159
1000100100 0.0109406 0
1000100101 0.0547791 -3.14159
1000100110 0.0134888 -3.14159
1000100111 0.0465698 0
1000101000 0.0374451 0
1000101001 0.0148239 -3.14159
1000101010 0.0162659 -3.14159
1000101011 0.000586033 0
1000101100 0.00992584 -3.14159
1000101101 0.0193787 0
1000101110 0.0252686 0
1000101111 0.0196228 0
1000110000 0.0117035 0
1000110001 0.0116348 0
1000110010 0.0297699 0
1000110011 0.0196381 -3.14159
1000110100 0.0214081 -3.14159
1000110101 0.0472107 0
1000110110 0.0461426 -3.14159
1000110111 0.0225677 0
1000111000 0.000919819 0
1000111001 0.0441895 -3.14159
1000111010 0.019577 0
1000111011 0.0237885 -3.14159
1000111100 0.0361023 0
1000111101 0.0198059 0
1000111110 0.0293274 -3.14159
1000111111 0.00608444 -3.14159
1001000000 0.0180054 0
1001000001 0.020813 -3.14159
1001000010 0.00635529 0
1001000011 0.00380898 0
1001000100 0.00209045 0
1001000101 0.0279236 0
1001000110 0.0542603 -3.14159
1001000111 0.0443726 -3.14159
1001001000 0.00421906 -3.14159
1001001001 0.00705338 0
1001001010 0.00147533 -3.14159
1001001011 0.00181198 -3.14159
1001001100 0.00820923 0
1001001101 0.0353088 -3.14159
1001001110 0.028183 -3.14159
1001001111 0.00772858 0
1001010000 0.0125961 0
1001010001 0.0198059 -3.14159
1001010010 0.00537872 -3.14159
1001010011 0.00479126 -3.14159
1001010100 0.0236053 -3.14159
1001010101 0.0572205 -3.14159
1001010110 0.012413 0
1001010111 0.0359497 -3.14159
1001011000 0.0168762 -3.14159
1001011001 0.0132751 0
1001011010 0.0137024 0
1001011011 0.00632477 0
1001011100 0.0323792 -3.14159
1001011101 0.026123 -3.14159
1001011110 0.0151596 -3.14159
1001011111 0.00634003 -3.14159
1001100000 0.0299072 0
1001100001 0.0357666 0
1001100010 0.051178 -3.14159
1001100011 0.0169373 0
1001100100 0.000278473 -3.14159
1001100101 0.0176392 0
1001100110 0.0397949 0
1001100111 0.0682373 0
1001101000 0.00442505 0
1001101001 0.00252533 0
1001101010 0.0304413 0
1001101011 0.0377808 0
1001101100 0.0328369 0
1001101101 0.0223083 -3.14159
1001101110 0.0195618 -3.14159
1001101111 0.0280304 -3.14159
1001110000 0.0558167 0
1001110001 0.0496826 -3.14159
1001110010 0.0191803 0
1001110011 0.0298309 0
1001110100 0.0266266 -3.14159
1001110101 0.0068512 -3.14159
1001110110 0.0179596 -3.14159
1001110111 0.00640869 -3.14159
1001111000 0.0668945 0
1001111001 0.00830078 0
1001111010 0.00675583 0
1001111011 0.0463562 0
1001111100 0.0274048 -3.14159
1001111101 0.00517273 -3.14159
1001111110 0.0280609 -3.14159
1001111111 0.00843811 0
1010000000 0.0164795 0
1010000001 0.00814056 -3.14159
1010000010 0.0309143 0
1010000011 0.0110321 -3.14159
1010000100 0.00886536 0
1010000101 0.0162354 -3.14159
1010000110 0.0362854 -3.14159
1010000111 0.00346184 -3.14159
1010001000 0.00160408 0
1010001001 0.0307007 0
1010001010 0.0101776 0
1010001011 0.0439453 0
1010001100 0.00382614 -3.14159
1010001101 0.00159836 -3.14159
1010001110 0.000766277 0
1010001111 0.0690308 0
1010010000 0.0527039 0
1010010001 0.0105133 0
1010010010 0.0477905 -3.14159
1010010011 0.00204277 0
1010010100 0.00582886 0
1010010101 0.04599 0
1010010110 0.0245972 -3.14159
1010010111 0.0296936 -3.14159
1010011000 0.0773926 0
1010011001 0.0224609 -3.14159
1010011010 0.00117016 0
1010011011 0.0301819 -3.14159
1010011100 0.0111847 0
1010011101 0.00598145 -3.14159
1010011110 0.0131683 0
1010011111 0.0164948 -3.14159
1010100000 0.0120773 -3.14159
1010100001 0.0117874 0
1010100010 0.0529785 -3.14159
1010100011 0.0179749 -3.14159
1010100100 0.00237465 0
1010100101 0.00594711 -3.14159
1010100110 0.00683212 0
1010100111 0.0032959 0
1010101000 0.0121689 0
1010101001 0.024704 0
1010101010 0.0225525 -3.14159
1010101011 0.0293121 0
1010101100 0.0228729 0
1010101101 0.00817871 0
1010101110 0.00251007 -3.14159
1010101111 0.0214539 0
1010110000 0.0326538 0
1010110001 0.0429382 -3.14159
1010110010 0.0272827 0
1010110011 0.00432587 -3.14159
1010110100 0.0461731 -3.14159
1010110101 0.0173492 0
1010110110 0.00678635 -3.14159
1010110111 0.0282898 0
1010111000 0.0260773 0
1010111001 0.0157013 -3.14159
1010111010 0.0371704 -3.14159
1010111011 0.0350342 -3.14159
1010111100 0.00297928 0
1010111101 0.0372009 0
1010111110 0.0486145 -3.14159
1010111111 0.0317993 0
1011000000 0.0542908 -3.14159
1011000001 0.0400696 0
1011000010 0.00371552 0
1011000011 0.0217743 -3.14159
1011000100 0.0145493 -3.14159
1011000101 0.0130539 0
1011000110 0.00183487 0
1011000111 0.00219345 -3.14159
1011001000 0.000862122 0
1011001001 0.0454407 -3.14159
1011001010 0.0156403 -3.14159
1011001011 0.049469 -3.14159
1011001100 0.0349426 -3.14159
1011001101 0.0153885 -3.14159
1011001110 0.0252533 0
1011001111 0.0214844 -3.14159
1011010000 0.00728226 0
1011010001 0.028656 -3.14159
1011010010 0.0237427 -3.14159
1011010011 0.0488892 0
1011010100 0.0305481 -3.14159
1011010101 0.00826263 0
1011010110 0.0518494 0
1011010111 0.0126648 0
1011011000 0.0164185 0
1011011001 0.0121841 -3.14159
1011011010 0.0219727 0
1011011011 0.0213318 -3.14159
1011011100 0.00833893 0
1011011101 0.0404358 0
1011011110 0.0186157 0
1011011111 0.0154953 0
1011100000 0.0189667 0
1011100001 0.0556641 -3.14159
1011100010 0.0433044 0
1011100011 0.0253448 0
1011100100 0.0333252 0
1011100101 0.0434875 0
1011100110 0.00616074 0
1011100111 0.0281677 -3.14159
1011101000 0.0641479 -3.14159
1011101001 0.0200195 -3.14159
1011101010 0.0766602 -3.14159
1011101011 0.0382385 0
1011101100 0.00121117 -3.14159
1011101101 0.0124741 0
1011101110 0.0480957 -3.14159
1011101111 0.0578918 0
1011110000 0.0596619 -3.14159
1011110001 0.0240936 -3.14159
1011110010 0.000608444 0
1011110011 0.0267334 0
1011110100 0.0153046 -3.14159
1011110101 0.0223999 0
1011110110 0.0127792 -3.14159
1011110111 0.0353699 0
1011111000 0.0264282 0
1011111001 0.00824738 0
1011111010 0.0227356 -3.14159
1011111011 0.0447693 0
1011111100 0.00880432 -3.14159
1011111101 0.00556946 -3.14159
1011111110 0.0241394 0
1011111111 0.0112457 -3.14159
1100000000 0.0261993 0
1100000001 0.0191193 0
1100000010 0.0248108 -3.14159
1100000011 0.0473633 -3.14159
1100000100 0.0349731 -3.14159
1100000101 0.0759277 0
1100000110 0.00659943 -3.14159
1100000111 0.0139008 -3.14159
1100001000 0.0327454 -3.14159
1100001001 0.0505981 -3.14159
1100001010 0.0328979 -3.14159
1100001011 0.0126038 0
1100001100 0.00439072 -3.14159
1100001101 0.00829315 -3.14159
1100001110 0.035553 -3.14159
1100001111 0.0428467 0
1100010000 0.00449371 -3.14159
1100010001 0.029068 -3.14159
1100010010 0.0354309 0
1100010011 0.0170593 -3.14159
1100010100 0.0136948 -3.14159
1100010101 0.0132751 -3.14159
1100010110 0.0307312 0
1100010111 0.0736084 0
1100011000 0.0640259 -3.14159
1100011001 0.0178223 0
1100011010 0.0193634 -3.14159
1100011011 0.0299835 0
1100011100 0.0103836 0
1100011101 0.00868988 0
1100011110 0.0114136 -3.14159
1100011111 0.0411682 -3.14159
1100100000 0.0334167 0
1100100001 0.0723267 0
1100100010 0.00989532 -3.14159
1100100011 0.0230865 0
1100100100 0.0148697 -3.14159
1100100101 0.032196 -3.14159
1100100110 0.0554504 0
1100100111 0.016983 -3.14159
1100101000 0.050415 0
1100101001 0.0240936 0
1100101010 0.0118484 -3.14159
1100101011 0.00926208 0
1100101100 0.0202332 0
1100101101 0.00652695 0
1100101110 0.0516663 0
1100101111 0.0320129 0
1100110000 0.00682068 -3.14159
1100110001 0.0653687 -3.14159
1100110010 0.0140076 -3.14159
1100110011 0.0283966 0
1100110100 0.0271759 0
1100110101 0.00648117 0
1100110110 0.00672913 0
1100110111 0.00629044 -3.14159
1100111000 0.00348091 0
1100111001 0.0800171 -3.14159
1100111010 0.00232506 0
1100111011 0.0296631 -3.14159
1100111100 0.0285797 -3.14159
1100111101 0.0123062 0
1100111110 0.0438843 -3.14159
1100111111 0.0316772 -3.14159
1101000000 0.0621338 -3.14159
1101000001 0.0214233 0
1101000010 0.00727463 -3.14159
1101000011 0.0175476 -3.14159
1101000100 0.0586548 0
1101000101 0.00575256 0
1101000110 0.0188599 -3.14159
1101000111 0.0410767 0
1101001000 0.0325317 0
1101001001 0.0471802 0
1101001010 0.0154343 0
1101001011 0.0217743 0
1101001100 0.0274353 -3.14159
1101001101 0.000440359 -3.14159
1101001110 0.0252991 0
1101001111 0.0350647 0
1101010000 0.0187683 -3.14159
1101010001 0.0157623 -3.14159
1101010010 0.0419617 -3.14159
1101010011 0.0758667 -3.14159
1101010100 0.0322876 0
1101010101 0.00185585 0
1101010110 0.0563354 -3.14159
1101010111 0.0182495 0
1101011000 0.0171814 -3.14159
1101011001 0.0148087 -3.14159
1101011010 0.012764 0
1101011011 0.0391541 -3.14159
1101011100 0.0170441 -3.14159
1101011101 0.0162964 -3.14159
1101011110 0.00193882 0
1101011111 0.0293121 -3.14159
1101100000 0.0944214 0
1101100001 0.0369568 0
1101100010 0.0188141 -3.14159
1101100011 0.00635529 -3.14159
1101100100 0.0118408 -3.14159
1101100101 0.0196228 -3.14159
1101100110 0.00136375 0
1101100111 0.0120239 0
1101101000 0.0219727 -3.14159
1101101001 7.46846e-05 -3.14159
1101101010 0.0361633 0
1101101011 0.0096283 -3.14159
1101101100 0.0159912 -3.14159
1101101101 0.00637054 -3.14159
1101101110 0.0339355 -3.14159
1101101111 0.0235138 -3.14159
1101110000 0.00844574 -3.14159
1101110001 0.0415649 0
1101110010 0.0102768 -3.14159
1101110011 0.0367126 -3.14159
1101110100 0.0147552 -3.14159
1101110101 0.0171814 -3.14159
1101110110 0.015419 -3.14159
1101110111 0.0118866 0
1101111000 0.0033741 -3.14159
1101111001 0.0113373 0
1101111010 0.000854015 0
1101111011 0.00196266 -3.14159
1101111100 0.046051 0
1101111101 0.0320129 -3.14159
1101111110 0.0335693 -3.14159
1101111111 0.0639648 0
1110000000 0.0409851 -3.14159
1110000001 0.0413818 -3.14159
1110000010 0.0519409 0
1110000011 0.0438538 0
1110000100 0.0107117 0
1110000101 0.0509644 0
1110000110 0.0483093 -3.14159
1110000111 0.00169373 -3.14159
1110001000 0.00286674 0
1110001001 0.00902557 0
1110001010 0.036499 0
1110001011 0.0349426 -3.14159
1110001100 0.0386047 0
1110001101 0.0141754 0
1110001110 0.00798798 0
1110001111 0.000620365 0
1110010000 0.0156708 0
1110010001 0.0539856 -3.14159
1110010010 0.0243225 -3.14159
1110010011 0.00369835 0
1110010100 0.0118027 -3.14159
1110010101 0.0680542 -3.14159
1110010110 0.0218201 0
1110010111 0.0430908 -3.14159
1110011000 0.0177155 0
1110011001 0.010025 -3.14159
1110011010 0.0609436 -3.14159
1110011011 0.0298309 -3.14159
1110011100 0.0622864 0
1110011101 0.0159302 -3.14159
1110011110 0.0243683 0
1110011111 0.0241852 0
1110100000 0.0178375 0
1110100001 0.020401 0
1110100010 0.0207214 0
1110100011 0.0214539 -3.14159
1110100100 0.0539856 0
1110100101 0.0461731 0
1110100110 0.0384216 -3.14159
1110100111 0.00374985 -3.14159
1110101000 0.0184784 -3.14159
1110101001 0.0204773 0
1110101010 0.00764465 0
1110101011 0.00380898 0
1110101100 0.0415344 -3.14159
1110101101 0.0353699 0
1110101110 0.0617371 -3.14159
1110101111 0.0440674 -3.14159
1110110000 0.0113754 0
1110110001 0.00645828 -3.14159
1110110010 0.0692749 -3.14159
1110110011 0.0405579 -3.14159
1110110100 0.0270233 -3.14159
1110110101 0.0549927 0
1110110110 0.0296173 -3.14159
1110110111 0.00025034 -3.14159
1110111000 0.0119858 0
1110111001 0.0401611 0
1110111010 0.0367432 0
1110111011 0.0321655 0
1110111100 0.0105972 -3.14159
1110111101 0.0355225 -3.14159
1110111110 0.00676727 0
1110111111 0.00175095 0
1111000000 0.0238647 0
1111000001 0.0775146 0
1111000010 0.0274658 0
1111000011 0.0306244 -3.14159
1111000100 0.0167999 0
1111000101 0.0240479 -3.14159
1111000110 0.025528 -3.14159
1111000111 0.0389404 0
1111001000 0.0314636 0
1111001001 0.000868797 0
1111001010 0.00354385 -3.14159
1111001011 0.03479 -3.14159
1111001100 0.0413513 0
1111001101 0.0834961 0
1111001110 0.0351257 -3.14159
1111001111 0.00978851 0
1111010000 0.0175171 -3.14159
1111010001 0.00845337 -3.14159
1111010010 0.013588 -3.14159
1111010011 0.0316772 -3.14159
1111010100 0.0283661 0
1111010101 0.0171051 -3.14159
1111010110 0.0420532 0
1111010111 0.0406189 0
1111011000 0.0371094 0
1111011001 0.0186615 -3.14159
1111011010 0.00292587 -3.14159
1111011011 0.0170288 0
1111011100 0.0116806 -3.14159
1111011101 0.0162659 0
1111011110 0.0195618 0
1111011111 0.0104523 -3.14159
1111100000 0.0751343 0
1111100001 0.00080061 0
1111100010 0.00719833 -3.14159
1111100011 0.0166473 0
1111100100 0.0536194 -3.14159
1111100101 0.0119858 0
1111100110 0.111816 -3.14159
1111100111 0.033783 -3.14159
1111101000 0.0117111 -3.14159
1111101001 0.0424194 -3.14159
1111101010 0.0581055 -3.14159
1111101011 0.102051 0
1111101100 0.0602112 0
1111101101 0.00791168 -3.14159
1111101110 0.0279541 0
1111101111 0.0133057 0
1111110000 0.0111923 0
1111110001 0.0362244 0
1111110010 0.0558472 -3.14159
1111110011 0.00144863 -3.14159
1111110100 0.0205841 0
1111110101 0.00225449 0
1111110110 0.0352173 0
1111110111 0.0071373 0
1111111000 0.00735855 0
1111111001 0.0466919 -3.14159
1111111010 0.0167694 -3.14159
1111111011 0.045166 -3.14159
1111111100 0.012825 -3.14159
1111111101 0.0447998 0
1111111110 0.0114136 -3.14159
1111111111 0.00718307 -3.14159
