0000000000 0.0272827 0
0000000001 0.012352 0
0000000010 0.00933838 0
0000000011 0.0159912 0
0000000100 0.00622177 -3.14159
0000000101 0.009758 0
0000000110 0.00302124 -3.14159
0000000111 0.00201035 -3.14159
0000001000 0.0199585 -3.14159
0000001001 0.0305023 -3.14159
0000001010 0.0149155 0
0000001011 0.00878906 0
0000001100 0.0442505 -3.14159
0000001101 0.039093 0
0000001110 0.0149841 0
0000001111 0.000700474 -3.14159
0000010000 0.0289154 -3.14159
0000010001 0.0475769 -3.14159
0000010010 0.0220184 -3.14159
0000010011 0.0240631 -3.14159
0000010100 0.0610046 -3.14159
0000010101 0.0292816 0
0000010110 0.0206909 -3.14159
0000010111 0.019455 0
0000011000 0.00444031 -3.14159
0000011001 0.0144882 0
0000011010 0.0258636 0
0000011011 0.0753784 -3.14159
0000011100 0.0409546 -3.14159
0000011101 0.00892639 -3.14159
0000011110 0.032959 -3.14159
0000011111 0.0156097 0
0000100000 0.0758667 -3.14159
0000100001 0.0219727 -3.14159
0000100010 0.0618896 -3.14159
0000100011 0.0294952 -3.14159
0000100100 0.00617981 0
0000100101 0.0146484 0
0000100110 6.61612e-06 -3.14159
0000100111 0.0160065 0
0000101000 0.010582 0
0000101001 0.0191193 -3.14159
0000101010 0.0158539 -3.14159
0000101011 0.00785828 -3.14159
0000101100 0.0665894 -3.14159
0000101101 0.02005 0
0000101110 0.00299835 -3.14159
0000101111 0.0128784 0
0000110000 0.0250549 0
0000110001 0.0181122 -3.14159
0000110010 0.0467529 -3.14159
0000110011 0.00459671 -3.14159
0000110100 0.0104141 -3.14159
0000110101 0.0299377 -3.14159
0000110110 0.00417328 0
0000110111 0.0328064 0
0000111000 0.0140457 -3.14159
0000111001 0.0562744 -3.14159
0000111010 0.0121613 -3.14159
0000111011 0.0235748 -3.14159
0000111100 0.0220947 0
0000111101 0.0173798 0
0000111110 0.010025 -3.14159
0000111111 0.0186768 0
0001000000 0.0912476 0
0001000001 0.0478821 0
0001000010 0.0129318 -3.14159
0001000011 0.00331116 -3.14159
0001000100 0.0141068 -3.14159
0001000101 0.0503235 -3.14159
0001000110 0.000132442 -3.14159
0001000111 0.0273743 -3.14159
0001001000 0.0454407 -3.14159
0001001001 0.00827026 0
0001001010 0.00701523 -3.14159
0001001011 0.0037632 -3.14159
0001001100 0.0263672 0
0001001101 0.0162659 -3.14159
0001001110 0.0464783 0
0001001111 0.00767517 0
0001010000 0.00872803 0
0001010001 0.0183563 -3.14159
0001010010 0.00871277 -3.14159
0001010011 0.0188599 0
0001010100 0.0441589 0
0001010101 0.00902557 -3.14159
0001010110 0.0295258 0
0001010111 0.0272217 -3.14159
0001011000 0.0131607 -3.14159
0001011001 0.033905 0
0001011010 0.0134964 -3.14159
0001011011 0.0162964 -3.14159
0001011100 0.0323181 0
0001011101 0.0490723 -3.14159
0001011110 0.0428162 -3.14159
0001011111 0.0272217 0
0001100000 0.021286 -3.14159
0001100001 0.0175781 -3.14159
0001100010 0.0417175 -3.14159
0001100011 0.0213318 0
0001100100 0.0604858 -3.14159
0001100101 0.00458527 0
0001100110 0.021286 -3.14159
0001100111 0.0311432 0
0001101000 0.0293274 -3.14159
0001101001 0.0822754 0
0001101010 0.00429153 0
0001101011 0.0080719 0
0001101100 0.0264893 -3.14159
0001101101 0.0412292 -3.14159
0001101110 0.0280609 -3.14159
0001101111 0.00940704 0
0001110000 0.0414124 -3.14159
0001110001 0.0267639 -3.14159
0001110010 0.0396729 -3.14159
0001110011 0.00482559 0
0001110100 0.0211029 -3.14159
0001110101 0.0345764 0
0001110110 0.0255432 -3.14159
0001110111 0.00309563 -3.14159
0001111000 0.0531311 -3.14159
0001111001 0.0157928 0
0001111010 0.00275612 0
0001111011 0.000321865 -3.14159
0001111100 0.02005 -3.14159
0001111101 0.0737305 0
0001111110 0.0307007 -3.14159
0001111111 0.00386429 -3.14159
0010000000 0.0628052 0
0010000001 0.0102081 -3.14159
0010000010 0.00201797 0
0010000011 0.0609436 -3.14159
0010000100 0.000280142 -3.14159
0010000101 0.0208435 -3.14159
0010000110 0.0117188 -3.14159
0010000111 0.00162697 -3.14159
0010001000 0.0245972 -3.14159
0010001001 0.0389404 0
0010001010 0.0188904 0
0010001011 0.0422363 -3.14159
0010001100 0.000340223 0
0010001101 0.0087738 -3.14159
0010001110 0.025238 0
0010001111 0.0489807 -3.14159
0010010000 0.039978 -3.14159
0010010001 0.00455475 0
0010010010 0.00478363 0
0010010011 0.00307465 -3.14159
0010010100 0.0617065 -3.14159
0010010101 0.0392151 0
0010010110 0.00296211 -3.14159
0010010111 0.00304794 0
0010011000 0.0137177 -3.14159
0010011001 0.0150986 -3.14159
0010011010 0.00332642 -3.14159
0010011011 0.0369873 0
0010011100 0.000294447 0
0010011101 0.0205231 0
0010011110 0.0122986 -3.14159
0010011111 0.0245056 0
0010100000 0.0121765 0
0010100001 0.025528 0
0010100010 0.0278931 -3.14159
0010100011 0.0273285 -3.14159
0010100100 0.0194855 -3.14159
0010100101 0.0125732 -3.14159
0010100110 0.019043 0
0010100111 0.00701523 0
0010101000 0.0143356 0
0010101001 0.00135994 0
0010101010 0.0170135 0
0010101011 0.0146637 -3.14159
0010101100 0.00667953 -3.14159
0010101101 0.0288239 0
0010101110 0.00704193 -3.14159
0010101111 0.017807 0
0010110000 0.0354919 0
0010110001 0.030838 -3.14159
0010110010 0.0389099 -3.14159
0010110011 0.0117798 0
0010110100 0.0196686 0
0010110101 0.0272675 -3.14159
0010110110 0.0283356 0
0010110111 0.0132904 -3.14159
0010111000 0.0136337 -3.14159
0010111001 0.0166321 -3.14159
0010111010 0.0207825 -3.14159
0010111011 0.0107269 -3.14159
0010111100 0.0449829 0
0010111101 0.0516663 -3.14159
0010111110 0.0211182 0
0010111111 0.0545959 -3.14159
0011000000 0.00625992 -3.14159
0011000001 0.0199738 0
0011000010 0.012352 -3.14159
0011000011 0.0153198 0
0011000100 0.0188599 0
0011000101 0.00944519 -3.14159
0011000110 0.0182037 0
0011000111 0.00854492 -3.14159
0011001000 0.0154037 0
0011001001 0.020874 -3.14159
0011001010 0.000377417 0
0011001011 0.0110245 -3.14159
0011001100 0.0198212 -3.14159
0011001101 0.00153446 0
0011001110 0.0122147 -3.14159
0011001111 0.0258636 0
0011010000 0.00667191 0
0011010001 0.00333023 -3.14159
0011010010 0.0402832 0
0011010011 0.00946045 0
0011010100 0.0550232 0
0011010101 0.0506287 -3.14159
0011010110 0.0106583 -3.14159
0011010111 0.0164795 0
0011011000 0.00863647 0
0011011001 0.0111389 -3.14159
0011011010 0.0177765 0
0011011011 0.00213814 -3.14159
0011011100 0.0135574 0
0011011101 0.0593262 -3.14159
0011011110 0.0663452 -3.14159
0011011111 0.0265656 0
0011100000 0.00847626 0
0011100001 0.0294495 -3.14159
0011100010 0.018692 0
0011100011 0.0347595 -3.14159
0011100100 0.00654221 0
0011100101 0.0840454 0
0011100110 0.0259705 -3.14159
0011100111 0.0128326 -3.14159
0011101000 0.000792027 -3.14159
0011101001 0.0277252 0
0011101010 0.0347595 -3.14159
0011101011 0.00878906 0
0011101100 0.0207672 -3.14159
0011101101 0.018219 -3.14159
0011101110 0.024353 -3.14159
0011101111 0.041687 0
0011110000 0.00732422 -3.14159
0011110001 0.00779724 -3.14159
0011110010 0.00965881 0
0011110011 0.0183258 -3.14159
0011110100 0.0304108 -3.14159
0011110101 0.0249786 -3.14159
0011110110 0.0235138 0
0011110111 0.0189972 -3.14159
0011111000 0.0775757 0
0011111001 0.015625 0
0011111010 0.0069313 -3.14159
0011111011 0.00980377 0
0011111100 0.0210266 0
0011111101 0.0254059 -3.14159
0011111110 0.0146637 0
0011111111 0.00635147 0
0100000000 0.00287628 0
0100000001 0.0223541 0
0100000010 0.00967407 -3.14159
0100000011 0.0152206 0
0100000100 0.0120316 -3.14159
0100000101 0.00276184 0
0100000110 0.0405273 0
0100000111 0.0119476 0
0100001000 0.00598526 0
0100001001 0.0113831 -3.14159
0100001010 0.00336838 0
0100001011 0.0490112 -3.14159
0100001100 0.0188751 -3.14159
0100001101 0.0178528 -3.14159
0100001110 0.0186768 0
0100001111 0.0147247 -3.14159
0100010000 0.0127563 0
0100010001 0.0543213 -3.14159
0100010010 0.0305786 0
0100010011 0.0237579 -3.14159
0100010100 0.052124 -3.14159
0100010101 0.0203857 0
0100010110 0.0254059 -3.14159
0100010111 0.0193024 -3.14159
0100011000 0.0168915 -3.14159
0100011001 0.00556183 0
0100011010 0.0202332 -3.14159
0100011011 0.0462952 -3.14159
0100011100 0.00630569 -3.14159
0100011101 0.0170746 0
0100011110 0.0201874 -3.14159
0100011111 0.0202332 0
0100100000 0.0448303 0
0100100001 0.00281906 -3.14159
0100100010 0.0236053 -3.14159
0100100011 0.0335388 0
0100100100 0.0210114 -3.14159
0100100101 0.0332947 0
0100100110 0.0193329 -3.14159
0100100111 0.0275116 -3.14159
0100101000 0.0548706 0
0100101001 0.0737915 -3.14159
0100101010 0.00539017 -3.14159
0100101011 0.0102081 0
0100101100 0.00747299 0
0100101101 0.0116196 -3.14159
0100101110 0.0511169 0
0100101111 0.0258179 0
0100110000 0.0422668 0
0100110001 0.0288849 -3.14159
0100110010 0.0223541 0
0100110011 0.0650635 -3.14159
0100110100 0.045105 0
0100110101 0.0181274 0
0100110110 0.0171356 -3.14159
0100110111 0.0115814 -3.14159
0100111000 0.0223999 -3.14159
0100111001 0.00292397 0
0100111010 0.0237885 -3.14159
0100111011 0.0222778 -3.14159
0100111100 0.0536499 -3.14159
0100111101 0.0270691 -3.14159
0100111110 0.0198059 0
0100111111 0.00659943 0
0101000000 0.00932312 -3.14159
0101000001 0.0152206 0
0101000010 0.0132599 0
0101000011 0.00265694 0
0101000100 0.0257111 -3.14159
0101000101 0.0149994 0
0101000110 0.0195312 -3.14159
0101000111 0.0166168 -3.14159
0101001000 0.00665665 0
0101001001 0.00166893 0
0101001010 0.0225372 0
0101001011 0.0163116 0
0101001100 0.0289764 -3.14159
0101001101 0.0270844 0
0101001110 0.0310516 0
0101001111 0.0273895 -3.14159
0101010000 0.0115814 0
0101010001 0.0158997 0
0101010010 0.0294189 0
0101010011 0.00402832 -3.14159
0101010100 0.0199585 0
0101010101 0.00679779 -3.14159
0101010110 0.0106583 0
0101010111 0.0171356 -3.14159
0101011000 0.0706787 0
0101011001 0.0264587 0
0101011010 0.0125275 0
0101011011 0.0369873 -3.14159
0101011100 0.00948334 0
0101011101 0.0591125 0
0101011110 0.00946808 -3.14159
0101011111 0.0149002 0
0101100000 0.00710678 0
0101100001 0.031311 -3.14159
0101100010 0.00519943 0
0101100011 0.046051 -3.14159
0101100100 0.0125351 -3.14159
0101100101 0.0069046 -3.14159
0101100110 0.0552368 -3.14159
0101100111 0.0440369 -3.14159
0101101000 0.0332336 -3.14159
0101101001 0.0018158 -3.14159
0101101010 0.0361023 0
0101101011 0.0106583 0
0101101100 0.0245514 0
0101101101 0.0496216 -3.14159
0101101110 0.022995 -3.14159
0101101111 0.0580444 0
0101110000 0.0041275 -3.14159
0101110001 0.032959 -3.14159
0101110010 0.0377808 -3.14159
0101110011 0.0272675 0
0101110100 0.0371704 0
0101110101 0.00316238 0
0101110110 0.000313282 0
0101110111 0.0250702 0
0101111000 0.0139084 -3.14159
0101111001 0.0118332 0
0101111010 0.00251198 -3.14159
0101111011 0.0393372 -3.14159
0101111100 0.00337601 -3.14159
0101111101 0.0126801 -3.14159
0101111110 0.0137329 0
0101111111 0.0397644 0
0110000000 0.0218506 0
0110000001 0.000536442 0
0110000010 0.0109024 -3.14159
0110000011 0.0797119 0
0110000100 0.0618896 -3.14159
0110000101 0.0051384 0
0110000110 0.00594711 0
0110000111 0.0200806 0
0110001000 0.0125427 -3.14159
0110001001 0.0543213 -3.14159
0110001010 0.0275879 -3.14159
0110001011 0.0484924 -3.14159
0110001100 0.000593185 0
0110001101 0.0126801 -3.14159
0110001110 0.0436096 0
0110001111 0.0267029 -3.14159
0110010000 0.0564575 0
0110010001 0.0227051 -3.14159
0110010010 0.0272827 0
0110010011 0.0120773 -3.14159
0110010100 0.0431213 -3.14159
0110010101 0.0469666 -3.14159
0110010110 0.00123024 -3.14159
0110010111 0.0548706 0
0110011000 0.0235138 -3.14159
0110011001 0.0513611 -3.14159
0110011010 0.0400696 -3.14159
0110011011 0.0522766 0
0110011100 0.0179901 -3.14159
0110011101 0.0340271 -3.14159
0110011110 0.0475159 0
0110011111 0.0107422 0
0110100000 0.0244446 0
0110100001 0.0160065 0
0110100010 0.00228691 0
0110100011 0.0413208 -3.14159
0110100100 0.0456543 0
0110100101 0.0812988 0
0110100110 0.00263977 -3.14159
0110100111 0.00348663 -3.14159
0110101000 0.00680161 -3.14159
0110101001 0.00976562 -3.14159
0110101010 0.000153899 0
0110101011 0.0296631 -3.14159
0110101100 0.0381775 -3.14159
0110101101 0.0249939 0
0110101110 0.0776367 0
0110101111 0.0272064 0
0110110000 0.0318298 -3.14159
0110110001 0.0572815 -3.14159
0110110010 0.0150146 0
0110110011 0.000429153 -3.14159
0110110100 0.0273438 -3.14159
0110110101 0.0157013 0
0110110110 0.0723267 0
0110110111 0.0131302 0
0110111000 0.00794983 0
0110111001 0.0185089 0
0110111010 0.0267944 0
0110111011 0.0696411 0
0110111100 0.0189819 -3.14159
0110111101 0.012085 0
0110111110 0.0501709 -3.14159
0110111111 0.0278015 -3.14159
0111000000 0.000169873 0
0111000001 0.016861 -3.14159
0111000010 0.0077858 0
0111000011 0.0273895 0
0111000100 0.0258636 0
0111000101 0.00541687 -3.14159
0111000110 0.0293884 -3.14159
0111000111 0.00297356 -3.14159
0111001000 0.0245209 0
0111001001 0.0440369 0
0111001010 0.00214577 -3.14159
0111001011 0.0289154 -3.14159
0111001100 0.0150986 0
0111001101 0.0303955 0
0111001110 0.0391541 0
0111001111 0.0155258 0
0111010000 0.0444336 0
0111010001 0.0490112 0
0111010010 0.0264435 0
0111010011 0.0421753 0
0111010100 0.061615 0
0111010101 0.0023365 0
0111010110 0.00985718 -3.14159
0111010111 0.0427551 0
0111011000 0.000435114 0
0111011001 0.0123825 -3.14159
0111011010 0.0259094 0
0111011011 0.00443649 0
0111011100 0.00444412 -3.14159
0111011101 0.00321388 0
0111011110 0.00478363 -3.14159
0111011111 0.0126114 -3.14159
0111100000 0.0405884 -3.14159
0111100001 0.0304108 0
0111100010 0.00200844 0
0111100011 0.0150146 0
0111100100 0.0129242 -3.14159
0111100101 0.0474548 -3.14159
0111100110 0.0242004 -3.14159
0111100111 0.0251617 -3.14159
0111101000 0.00157261 0
0111101001 0.00557327 0
0111101010 0.0535583 -3.14159
0111101011 0.0209198 -3.14159
0111101100 0.00078392 0
0111101101 0.012085 -3.14159
0111101110 0.0495911 0
0111101111 0.013092 0
0111110000 0.014595 0
0111110001 0.0592041 -3.14159
0111110010 0.033905 0
0111110011 0.0646973 -3.14159
0111110100 0.00937653 -3.14159
0111110101 0.00826263 -3.14159
0111110110 0.00497055 0
0111110111 0.00722885 0
0111111000 0.0481262 -3.14159
0111111001 0.0423279 0
0111111010 0.0338135 -3.14159
0111111011 0.0123596 0
0111111100 0.0145416 -3.14159
0111111101 0.0120239 0
0111111110 0.00962067 0
0111111111 0.0287476 0
1000000000 0.0421753 0
1000000001 0.00759888 -3.14159
1000000010 0.00660706 -3.14159
1000000011 0.0319214 -3.14159
1000000100 0.0259247 0
1000000101 0.0117264 0
1000000110 0.0739136 0
1000000111 0.020752 -3.14159
1000001000 0.00592804 0
1000001001 0.0310059 0
1000001010 0.0148849 -3.14159
1000001011 0.013649 -3.14159
1000001100 0.00619125 -3.14159
1000001101 0.0121689 -3.14159
1000001110 0.0371704 -3.14159
1000001111 0.0422363 -3.14159
1000010000 0.026474 -3.14159
1000010001 0.0470276 -3.14159
1000010010 0.0106812 -3.14159
1000010011 0.0110855 0
1000010100 0.00310135 0
1000010101 0.012619 -3.14159
1000010110 0.0330505 0
1000010111 0.00397873 -3.14159
1000011000 0.0169067 0
1000011001 0.00289726 0
1000011010 0.0301971 -3.14159
1000011011 0.0180511 0
1000011100 0.029892 -3.14159
1000011101 0.0178375 -3.14159
1000011110 0.0106964 -3.14159
1000011111 0.039032 0
1000100000 0.0335693 -3.14159
1000100001 0.00289154 0
1000100010 0.0071373 -3.14159
1000100011 0.0125504 -3.14159
1000100100 0.0117035 0
1000100101 0.0640259 -3.14159
1000100110 0.0472412 -3.14159
1000100111 0.0812378 0
1000101000 0.00394821 0
1000101001 0.0223389 -3.14159
1000101010 0.0371704 0
1000101011 0.0133743 -3.14159
1000101100 0.00054884 -3.14159
1000101101 0.0105591 0
1000101110 0.0243683 0
1000101111 0.0324097 0
1000110000 0.0131531 0
1000110001 0.00662231 0
1000110010 0.00782013 0
1000110011 0.0219574 0
1000110100 0.0584412 -3.14159
1000110101 0.0321045 -3.14159
1000110110 0.0242615 -3.14159
1000110111 0.0375061 -3.14159
1000111000 0.03479 -3.14159
1000111001 0.0222015 -3.14159
1000111010 0.0246887 0
1000111011 0.0100327 -3.14159
1000111100 0.0303955 -3.14159
1000111101 0.026062 0
1000111110 0.0053215 -3.14159
1000111111 0.0206299 -3.14159
1001000000 0.00344849 -3.14159
1001000001 0.0641479 -3.14159
1001000010 0.0167999 -3.14159
1001000011 0.00648117 0
1001000100 0.0336304 -3.14159
1001000101 0.00663757 -3.14159
1001000110 0.0551453 -3.14159
1001000111 0.0350952 -3.14159
1001001000 0.0103226 0
1001001001 0.0269928 -3.14159
1001001010 0.0469055 -3.14159
1001001011 0.0419312 0
1001001100 0.0229492 0
1001001101 0.0438538 -3.14159
1001001110 0.0458679 -3.14159
1001001111 0.0255737 -3.14159
1001010000 0.0226135 0
1001010001 0.0271759 -3.14159
1001010010 0.0401001 -3.14159
1001010011 0.0438538 -3.14159
1001010100 0.00290489 0
1001010101 0.0322266 -3.14159
1001010110 0.0109177 0
1001010111 0.0158386 -3.14159
1001011000 0.018692 0
1001011001 0.015358 0
1001011010 0.0186005 -3.14159
1001011011 0.0160217 0
1001011100 0.00528336 -3.14159
1001011101 0.0424194 0
1001011110 0.0105972 -3.14159
1001011111 0.0251617 -3.14159
1001100000 0.0420837 0
1001100001 0.0718384 0
1001100010 0.0224915 0
1001100011 0.00245476 0
1001100100 0.0166473 -3.14159
1001100101 0.00939178 -3.14159
1001100110 0.0646973 0
1001100111 0.0735474 0
1001101000 0.0141068 0
1001101001 0.0267487 -3.14159
1001101010 0.0432434 0
1001101011 0.0188446 0
1001101100 0.0169067 0
1001101101 0.0188751 0
1001101110 0.0419312 -3.14159
1001101111 0.00169945 0
1001110000 0.0290833 0
1001110001 0.0699463 -3.14159
1001110010 0.00627899 -3.14159
1001110011 0.000915527 0
1001110100 0.00537872 0
1001110101 0.000436783 0
1001110110 0.00137234 -3.14159
1001110111 0.011528 0
1001111000 0.0103989 0
1001111001 0.00250244 -3.14159
1001111010 0.0145798 0
1001111011 0.0481262 0
1001111100 0.0243378 -3.14159
1001111101 0.00304985 0
1001111110 0.00636673 -3.14159
1001111111 0.00615311 -3.14159
1010000000 0.0218048 -3.14159
1010000001 0.0450439 0
1010000010 0.00753403 -3.14159
1010000011 0.0552368 -3.14159
1010000100 0.00182819 -3.14159
1010000101 0.0345764 -3.14159
1010000110 0.00216866 0
1010000111 0.0115585 0
1010001000 0.0176697 -3.14159
1010001001 0.0101166 0
1010001010 0.0452881 -3.14159
1010001011 0.0187378 0
1010001100 0.00195503 -3.14159
1010001101 0.0358887 -3.14159
1010001110 0.0238037 0
1010001111 0.0196838 0
1010010000 0.060791 0
1010010001 0.00616837 0
1010010010 0.0433044 -3.14159
1010010011 0.0256958 0
1010010100 0.00127411 -3.14159
1010010101 0.0125046 0
1010010110 0.0177155 0
1010010111 0.00388145 -3.14159
1010011000 0.0425415 0
1010011001 0.0385742 0
1010011010 0.00824738 -3.14159
1010011011 0.0149307 -3.14159
1010011100 0.0246735 0
1010011101 0.0248413 0
1010011110 0.0518799 -3.14159
1010011111 0.0248108 -3.14159
1010100000 0.0570984 -3.14159
1010100001 0.00481415 0
1010100010 0.00351906 -3.14159
1010100011 0.00971222 -3.14159
1010100100 2.70009e-05 0
1010100101 0.00454712 -3.14159
1010100110 0.0296021 0
1010100111 0.00475311 -3.14159
1010101000 0.00834656 0
1010101001 0.0331116 0
1010101010 0.0426025 -3.14159
1010101011 0.0335388 0
1010101100 0.0493774 0
1010101101 0.0147934 0
1010101110 0.0358582 0
1010101111 0.0067749 0
1010110000 0.0786133 0
1010110001 0.0227661 -3.14159
1010110010 0.0271454 -3.14159
1010110011 0.000792027 -3.14159
1010110100 0.0101395 -3.14159
1010110101 0.00343704 0
1010110110 0.00462723 0
1010110111 0.0346985 -3.14159
1010111000 0.0176544 0
1010111001 0.00812531 -3.14159
1010111010 0.0227356 -3.14159
1010111011 0.0210419 0
1010111100 0.00237656 -3.14159
1010111101 0.00796509 0
1010111110 0.0441589 -3.14159
1010111111 0.00113773 -3.14159
1011000000 0.0307007 -3.14159
1011000001 0.00531006 0
1011000010 0.0373535 0
1011000011 0.00266075 0
1011000100 0.00843048 -3.14159
1011000101 0.00403214 0
1011000110 0.00543213 0
1011000111 0.0414124 0
1011001000 0.0365295 -3.14159
1011001001 0.0277557 -3.14159
1011001010 0.0395203 -3.14159
1011001011 0.00197029 -3.14159
1011001100 0.0360413 -3.14159
1011001101 0.0139618 -3.14159
1011001110 0.000298977 0
1011001111 0.0212097 -3.14159
1011010000 0.00686646 -3.14159
1011010001 0.019455 -3.14159
1011010010 0.0238495 -3.14159
1011010011 0.0473328 0
1011010100 0.0188599 -3.14159
1011010101 0.0396729 0
1011010110 0.0625 0
1011010111 0.018631 -3.14159
1011011000 0.00605774 -3.14159
1011011001 0.0684814 0
1011011010 0.0131607 -3.14159
1011011011 0.0125732 -3.14159
1011011100 0.0306396 0
1011011101 0.0409851 0
1011011110 0.00297165 -3.14159
1011011111 0.0339661 0
1011100000 0.030365 0
1011100001 0.0103683 -3.14159
1011100010 0.00638199 0
1011100011 0.03479 0
1011100100 0.0424194 0
1011100101 0.0765991 0
1011100110 0.00865936 0
1011100111 0.00901794 0
1011101000 0.0191956 -3.14159
1011101001 0.0393982 -3.14159
1011101010 0.0331116 -3.14159
1011101011 0.0296326 0
1011101100 0.00193405 -3.14159
1011101101 0.0440369 0
1011101110 0.0137558 0
1011101111 0.102173 0
1011110000 0.0422974 -3.14159
1011110001 0.0345764 -3.14159
1011110010 0.0180511 -3.14159
1011110011 0.0117569 0
1011110100 0.0249176 -3.14159
1011110101 0.00526047 0
1011110110 0.0466614 -3.14159
1011110111 0.0240021 -3.14159
1011111000 0.0462952 0
1011111001 0.00520706 0
1011111010 0.0038929 0
1011111011 0.0384827 0
1011111100 0.0123062 -3.14159
1011111101 0.0193939 0
1011111110 0.0661011 0
1011111111 0.0354614 -3.14159
1100000000 0.00622177 0
1100000001 0.00663757 -3.14159
1100000010 0.00196648 0
1100000011 0.0692749 -3.14159
1100000100 0.016983 -3.14159
1100000101 0.0510559 0
1100000110 0.0452576 0
1100000111 0.00552368 0
1100001000 0.0165558 -3.14159
1100001001 0.0149155 -3.14159
1100001010 0.0178528 0
1100001011 0.0169678 -3.14159
1100001100 0.00915527 -3.14159
1100001101 0.0018158 -3.14159
1100001110 0.0379028 -3.14159
1100001111 0.0772095 0
1100010000 0.00984192 -3.14159
1100010001 0.0578308 0
1100010010 0.0648804 0
1100010011 0.0210266 -3.14159
1100010100 0.0183716 -3.14159
1100010101 0.0587769 -3.14159
1100010110 0.0164795 0
1100010111 0.0714111 0
1100011000 0.0364075 -3.14159
1100011001 0.00619507 -3.14159
1100011010 0.0493774 -3.14159
1100011011 0.0379639 0
1100011100 0.0548401 0
1100011101 0.0149155 0
1100011110 0.00435638 0
1100011111 0.032959 -3.14159
1100100000 0.0178833 0
1100100001 0.00763702 0
1100100010 3.3319e-05 0
1100100011 0.0211639 0
1100100100 0.00261688 -3.14159
1100100101 0.0579834 -3.14159
1100100110 0.0496216 0
1100100111 0.0772705 -3.14159
1100101000 0.0375671 0
1100101001 0.00391006 0
1100101010 0.00798035 -3.14159
1100101011 0.0264587 0
1100101100 0.0192871 0
1100101101 0.0176544 -3.14159
1100101110 0.052124 0
1100101111 0.00730515 0
1100110000 0.00365257 -3.14159
1100110001 0.0807495 -3.14159
1100110010 0.00530243 0
1100110011 0.0137253 0
1100110100 0.0147324 -3.14159
1100110101 0.000696659 -3.14159
1100110110 0.0204468 0
1100110111 0.00920105 -3.14159
1100111000 0.0389099 -3.14159
1100111001 0.0951538 -3.14159
1100111010 0.00227547 0
1100111011 0.0219574 -3.14159
1100111100 0.00704956 0
1100111101 0.0262756 0
1100111110 0.0608215 -3.14159
1100111111 0.00329018 0
1101000000 0.0277405 -3.14159
1101000001 0.00346375 -3.14159
1101000010 0.0236359 -3.14159
1101000011 0.0342102 -3.14159
1101000100 0.0036602 0
1101000101 0.0797119 0
1101000110 0.0292511 -3.14159
1101000111 0.0388794 0
1101001000 0.024704 -3.14159
1101001001 0.0765991 0
1101001010 0.0112305 0
1101001011 0.0579834 0
1101001100 0.0510254 0
1101001101 0.0110931 0
1101001110 0.0133743 0
1101001111 0.00344086 0
1101010000 0.0428772 -3.14159
1101010001 0.00977325 -3.14159
1101010010 0.0112991 -3.14159
1101010011 0.0305023 -3.14159
1101010100 0.0286407 0
1101010101 0.025589 0
1101010110 0.0570374 -3.14159
1101010111 0.0389099 0
1101011000 0.0148468 -3.14159
1101011001 0.0216522 0
1101011010 0.0272217 0
1101011011 0.0450439 -3.14159
1101011100 0.0153351 0
1101011101 0.0673218 -3.14159
1101011110 0.00622559 0
1101011111 0.0363464 -3.14159
1101100000 0.0140305 0
1101100001 0.0562744 0
1101100010 0.020874 -3.14159
1101100011 0.00817108 -3.14159
1101100100 0.0312805 -3.14159
1101100101 0.0217896 -3.14159
1101100110 0.0188904 0
1101100111 0.0345459 -3.14159
1101101000 0.0328979 -3.14159
1101101001 0.00332642 -3.14159
1101101010 0.0120697 0
1101101011 0.0112915 -3.14159
1101101100 0.00857544 -3.14159
1101101101 0.0301361 -3.14159
1101101110 0.0326538 -3.14159
1101101111 0.00714493 -3.14159
1101110000 0.0363159 -3.14159
1101110001 0.0448303 0
1101110010 0.0053978 -3.14159
1101110011 0.0167236 -3.14159
1101110100 0.019989 -3.14159
1101110101 0.0553284 -3.14159
1101110110 0.0523376 -3.14159
1101110111 0.0397644 -3.14159
1101111000 0.0251923 -3.14159
1101111001 0.0356445 -3.14159
1101111010 0.0467224 -3.14159
1101111011 0.0320129 -3.14159
1101111100 0.00908661 -3.14159
1101111101 0.0379333 -3.14159
1101111110 0.00502014 0
1101111111 0.0209045 0
1110000000 0.0442505 -3.14159
1110000001 0.0275879 0
1110000010 0.0559692 0
1110000011 0.0121384 0
1110000100 0.0628662 0
1110000101 0.0646362 0
1110000110 0.0404358 -3.14159
1110000111 0.0114594 -3.14159
1110001000 0.0277405 0
1110001001 0.019516 0
1110001010 0.0153198 0
1110001011 0.0323486 0
1110001100 0.020401 0
1110001101 0.0201874 0
1110001110 0.0266113 0
1110001111 0.000939369 -3.14159
1110010000 0.0494995 0
1110010001 0.0273132 -3.14159
1110010010 0.0581055 -3.14159
1110010011 0.00961304 0
1110010100 0.00751495 -3.14159
1110010101 0.0602112 -3.14159
1110010110 0.0371704 0
1110010111 0.0653076 -3.14159
1110011000 0.0221252 0
1110011001 0.00442886 -3.14159
1110011010 0.0432129 -3.14159
1110011011 0.0114441 -3.14159
1110011100 0.0230408 0
1110011101 0.0402527 -3.14159
1110011110 0.00507736 0
1110011111 0.0530396 0
1110100000 0.00737381 0
1110100001 0.00952911 -3.14159
1110100010 0.00727844 0
1110100011 0.000182629 0
1110100100 0.0723877 0
1110100101 0.06073 0
1110100110 0.0344543 -3.14159
1110100111 0.0229797 -3.14159
1110101000 0.045166 -3.14159
1110101001 0.0474548 0
1110101010 0.0131989 0
1110101011 0.0498352 0
1110101100 0.0375366 -3.14159
1110101101 0.0119705 -3.14159
1110101110 0.00871277 0
1110101111 0.00829315 0
1110110000 0.053009 0
1110110001 0.020462 0
1110110010 0.0512695 -3.14159
1110110011 0.0467529 -3.14159
1110110100 0.0420227 -3.14159
1110110101 0.0270538 0
1110110110 0.00494766 -3.14159
1110110111 0.0557861 -3.14159
1110111000 0.00630951 -3.14159
1110111001 0.00836182 -3.14159
1110111010 0.0167542 -3.14159
1110111011 0.0246277 0
1110111100 0.0164185 -3.14159
1110111101 0.022171 -3.14159
1110111110 0.00896454 0
1110111111 0.0115509 0
1111000000 0.016449 0
1111000001 0.0370483 0
1111000010 0.0522461 0
1111000011 0.00186253 0
1111000100 0.0139618 -3.14159
1111000101 0.0683594 -3.14159
1111000110 0.00661469 0
1111000111 0.0138931 0
1111001000 0.0430603 0
1111001001 0.0309753 -3.14159
1111001010 0.0514526 -3.14159
1111001011 0.00939941 -3.14159
1111001100 7.236e-05 0
1111001101 0.0454102 0
1111001110 0.00298691 0
1111001111 0.0556641 0
1111010000 0.00858307 0
1111010001 0.0239105 -3.14159
1111010010 0.0141373 -3.14159
1111010011 0.0249176 -3.14159
1111010100 0.0114059 -3.14159
1111010101 0.0323181 -3.14159
1111010110 0.0386353 0
1111010111 0.0582886 0
1111011000 0.00440979 0
1111011001 0.0118332 0
1111011010 0.00836945 -3.14159
1111011011 0.0144882 0
1111011100 0.0497742 0
1111011101 0.0116425 -3.14159
1111011110 0.0155258 -3.14159
1111011111 0.00392151 0
1111100000 0.0692139 0
1111100001 0.00147152 0
1111100010 0.0145264 -3.14159
1111100011 0.0116348 0
1111100100 0.0701294 -3.14159
1111100101 0.0421448 0
1111100110 0.0475769 -3.14159
1111100111 0.0294189 -3.14159
1111101000 0.00952911 -3.14159
1111101001 0.030838 -3.14159
1111101010 0.045929 -3.14159
1111101011 0.0260468 0
1111101100 0.0639648 0
1111101101 0.00550079 -3.14159
1111101110 0.0509033 0
1111101111 0.0456238 0
1111110000 0.0212708 -3.14159
1111110001 0.069458 0
1111110010 0.0163269 -3.14159
1111110011 0.0235901 -3.14159
1111110100 0.00609207 -3.14159
1111110101 0.019455 0
1111110110 0.041626 0
1111110111 0.0193634 0
1111111000 0.0113907 0
1111111001 0.0574951 -3.14159
1111111010 0.0148315 -3.14159
1111111011 0.0558472 -3.14159
1111111100 0.0139313 -3.14159
1111111101 0.0172577 0
1111111110 0.0225677 -3.14159
1111111111 0.0149841 0
