0000000000 0.0293274 0
0000000001 0.0742188 0
0000000010 0.01017 0
0000000011 0.00807953 -3.14159
0000000100 0.0150757 -3.14159
0000000101 0.00994873 -3.14159
0000000110 0.0173645 -3.14159
0000000111 0.0304565 -3.14159
0000001000 0.0146942 0
0000001001 0.0355225 -3.14159
0000001010 0.0167999 -3.14159
0000001011 0.00612259 -3.14159
0000001100 0.0414429 -3.14159
0000001101 0.0030365 0
0000001110 0.010437 -3.14159
0000001111 0.00463104 0
0000010000 0.00984955 -3.14159
0000010001 0.0177155 -3.14159
0000010010 0.0194397 -3.14159
0000010011 0.0138397 -3.14159
0000010100 0.00845337 0
0000010101 0.0314026 0
0000010110 0.0236664 -3.14159
0000010111 0.0218506 -3.14159
0000011000 0.0434265 0
0000011001 0.0260925 -3.14159
0000011010 0.017868 -3.14159
0000011011 0.0401306 -3.14159
0000011100 0.0498657 -3.14159
0000011101 0.0226898 -3.14159
0000011110 0.0345154 0
0000011111 0.00589371 0
0000100000 0.0658569 -3.14159
0000100001 0.0269012 -3.14159
0000100010 0.0543518 -3.14159
0000100011 0.0486755 -3.14159
0000100100 0.00063467 -3.14159
0000100101 0.0200653 0
0000100110 0.038208 0
0000100111 0.0190125 -3.14159
0000101000 0.0219574 0
0000101001 0.0144043 -3.14159
0000101010 0.0304413 0
0000101011 0.00744247 -3.14159
0000101100 0.085144 -3.14159
0000101101 0.00706863 -3.14159
0000101110 0.00238991 0
0000101111 0.0256348 -3.14159
0000110000 0.00277901 0
0000110001 0.00298309 -3.14159
0000110010 0.0369873 -3.14159
0000110011 0.00395966 0
0000110100 0.0167694 0
0000110101 0.00821686 -3.14159
0000110110 0.00392914 -3.14159
0000110111 0.0287781 0
0000111000 0.0141907 -3.14159
0000111001 0.0300446 -3.14159
0000111010 0.00917816 0
0000111011 0.0116501 -3.14159
0000111100 0.0247955 0
0000111101 0.0379944 0
0000111110 0.00826263 0
0000111111 0.00264931 0
0001000000 0.0700684 0
0001000001 0.00446701 -3.14159
0001000010 0.0169525 0
0001000011 0.0176697 0
0001000100 0.0336304 -3.14159
0001000101 0.0448914 -3.14159
0001000110 0.00574112 -3.14159
0001000111 0.00484085 -3.14159
0001001000 0.0506897 -3.14159
0001001001 0.0120926 0
0001001010 0.00524521 0
0001001011 0.0276489 -3.14159
0001001100 0.0221558 -3.14159
0001001101 0.0150223 -3.14159
0001001110 0.0444336 0
0001001111 0.0190735 0
0001010000 0.0124588 0
0001010001 0.00195885 -3.14159
0001010010 0.0524292 -3.14159
0001010011 0.00418091 -3.14159
0001010100 0.0439758 0
0001010101 0.0139008 -3.14159
0001010110 0.00168228 0
0001010111 0.0159149 0
0001011000 0.0222015 -3.14159
0001011001 0.00978851 0
0001011010 0.00180531 -3.14159
0001011011 0.00107479 -3.14159
0001011100 0.0271454 0
0001011101 0.058197 -3.14159
0001011110 0.0484619 -3.14159
0001011111 0.0560303 0
0001100000 0.0116959 0
0001100001 0.047699 -3.14159
0001100010 0.0597534 -3.14159
0001100011 0.0391235 -3.14159
0001100100 0.0504761 -3.14159
0001100101 0.0118256 0
0001100110 0.00432205 0
0001100111 0.0600891 0
0001101000 0.00911713 0
0001101001 0.0667725 0
0001101010 0.00326157 -3.14159
0001101011 0.0318298 0
0001101100 0.0383911 -3.14159
0001101101 0.0314941 -3.14159
0001101110 0.00183487 0
0001101111 0.00148106 0
0001110000 0.0505676 -3.14159
0001110001 0.0343628 -3.14159
0001110010 0.0364685 -3.14159
0001110011 0.0301971 0
0001110100 0.0274048 -3.14159
0001110101 0.00817871 -3.14159
0001110110 0.0120544 -3.14159
0001110111 0.00927734 0
0001111000 0.0560913 -3.14159
0001111001 0.0163422 -3.14159
0001111010 0.0100403 0
0001111011 0.0101395 -3.14159
0001111100 0.00749588 0
0001111101 0.0423279 0
0001111110 0.0217285 -3.14159
0001111111 0.0404663 -3.14159
0010000000 0.0400391 0
0010000001 0.0214844 -3.14159
0010000010 0.0163879 0
0010000011 0.0572815 -3.14159
0010000100 0.0361023 0
0010000101 0.0089798 -3.14159
0010000110 0.0193329 0
0010000111 0.0152283 0
0010001000 0.0420532 -3.14159
0010001001 0.0112305 0
0010001010 0.0335999 0
0010001011 0.0165405 -3.14159
0010001100 0.00831604 0
0010001101 0.0435486 0
0010001110 0.0463562 0
0010001111 0.0231018 -3.14159
0010010000 0.0348206 -3.14159
0010010001 0.00937653 -3.14159
0010010010 0.0161591 0
0010010011 0.0179138 -3.14159
0010010100 0.0304565 -3.14159
0010010101 0.000492096 0
0010010110 0.00693893 -3.14159
0010010111 0.00151348 0
0010011000 0.00785828 0
0010011001 0.00439072 -3.14159
0010011010 0.0214844 0
0010011011 0.003685 -3.14159
0010011100 0.0433044 -3.14159
0010011101 0.00607681 0
0010011110 9.69768e-05 0
0010011111 0.0085907 0
0010100000 0.0252533 0
0010100001 0.0207214 0
0010100010 0.0364075 -3.14159
0010100011 0.00216103 -3.14159
0010100100 0.0191956 -3.14159
0010100101 0.000305176 0
0010100110 0.0444031 0
0010100111 0.00930023 0
0010101000 0.0274353 0
0010101001 0.0225372 0
0010101010 0.000675201 -3.14159
0010101011 0.00285149 0
0010101100 0.0111923 -3.14159
0010101101 0.00617218 0
0010101110 0.00590515 -3.14159
0010101111 0.0164337 0
0010110000 0.0318604 0
0010110001 0.0518494 -3.14159
0010110010 0.0240784 -3.14159
0010110011 0.0258179 0
0010110100 0.0458374 0
0010110101 0.00767517 -3.14159
0010110110 0.0177307 0
0010110111 0.046051 -3.14159
0010111000 0.0111389 0
0010111001 0.0114441 -3.14159
0010111010 0.0169373 -3.14159
0010111011 0.000211716 -3.14159
0010111100 0.0334473 0
0010111101 0.0575562 -3.14159
0010111110 0.0391846 0
0010111111 0.0825195 -3.14159
0011000000 0.0105743 0
0011000001 0.0311737 0
0011000010 0.00187397 -3.14159
0011000011 0.00426102 0
0011000100 0.0137939 -3.14159
0011000101 0.00788116 -3.14159
0011000110 0.0358887 0
0011000111 0.0254822 -3.14159
0011001000 0.00352478 0
0011001001 0.0104218 0
0011001010 0.0141907 0
0011001011 0.0341797 -3.14159
0011001100 0.0207062 0
0011001101 0.00537109 0
0011001110 0.00840759 -3.14159
0011001111 0.0258179 -3.14159
0011010000 0.0391541 0
0011010001 0.000510693 -3.14159
0011010010 0.0505066 0
0011010011 0.0133286 0
0011010100 0.0147705 0
0011010101 0.040741 -3.14159
0011010110 0.0415649 -3.14159
0011010111 0.00170326 0
0011011000 0.000985146 0
0011011001 0.00978851 0
0011011010 0.0223083 0
0011011011 0.0330811 0
0011011100 0.0175323 0
0011011101 0.0401306 -3.14159
0011011110 0.0376282 -3.14159
0011011111 0.0090332 0
0011100000 0.00227737 -3.14159
0011100001 0.00292397 0
0011100010 0.0117874 0
0011100011 0.0284576 -3.14159
0011100100 0.0240631 0
0011100101 0.0761719 0
0011100110 0.0155563 -3.14159
0011100111 0.0189972 -3.14159
0011101000 0.0246429 -3.14159
0011101001 0.01297 0
0011101010 0.0592957 -3.14159
0011101011 0.0102463 0
0011101100 0.00253105 0
0011101101 0.0137558 0
0011101110 0.0157623 0
0011101111 0.0653076 0
0011110000 0.000151753 0
0011110001 0.00045085 -3.14159
0011110010 0.0321045 -3.14159
0011110011 0.0547791 -3.14159
0011110100 0.026062 -3.14159
0011110101 0.0150452 0
0011110110 0.0059433 0
0011110111 0.0336914 -3.14159
0011111000 0.109558 0
0011111001 0.011055 -3.14159
0011111010 0.00640106 0
0011111011 0.0292053 0
0011111100 0.0189819 -3.14159
0011111101 0.0403748 -3.14159
0011111110 0.0391235 0
0011111111 0.0131683 0
0100000000 0.0378723 0
0100000001 0.0491943 0
0100000010 0.00797272 -3.14159
0100000011 0.0150223 0
0100000100 0.0325012 -3.14159
0100000101 0.00763321 0
0100000110 0.0139542 0
0100000111 0.0357666 0
0100001000 0.00590897 -3.14159
0100001001 0.0231323 -3.14159
0100001010 0.0297241 0
0100001011 0.0450134 -3.14159
0100001100 0.0162354 -3.14159
0100001101 0.00383377 -3.14159
0100001110 0.023056 -3.14159
0100001111 0.0341797 -3.14159
0100010000 0.0175476 0
0100010001 0.0547791 -3.14159
0100010010 0.0141144 0
0100010011 0.020462 -3.14159
0100010100 0.0138779 0
0100010101 0.0129166 0
0100010110 0.0493469 -3.14159
0100010111 0.018219 0
0100011000 0.0271454 -3.14159
0100011001 0.0369263 0
0100011010 0.0106125 -3.14159
0100011011 0.0739136 -3.14159
0100011100 0.0365906 -3.14159
0100011101 0.00489044 -3.14159
0100011110 0.00579834 -3.14159
0100011111 0.0751343 0
0100100000 0.00410461 0
0100100001 0.0117188 0
0100100010 0.0229187 -3.14159
0100100011 0.0102081 -3.14159
0100100100 0.0263367 0
0100100101 0.0143738 -3.14159
0100100110 0.0173187 -3.14159
0100100111 0.0336914 -3.14159
0100101000 0.0273285 0
0100101001 0.0733643 -3.14159
0100101010 0.00457764 -3.14159
0100101011 0.0167542 -3.14159
0100101100 0.0325012 0
0100101101 0.00926208 0
0100101110 0.0593567 0
0100101111 0.00833893 0
0100110000 0.00880432 -3.14159
0100110001 0.0182953 -3.14159
0100110010 0.016922 0
0100110011 0.0274811 -3.14159
0100110100 0.00310707 0
0100110101 0.0259399 0
0100110110 0.0310974 -3.14159
0100110111 0.0183411 -3.14159
0100111000 0.0127029 0
0100111001 0.0199585 -3.14159
0100111010 0.0250092 -3.14159
0100111011 0.0352478 -3.14159
0100111100 0.0228577 -3.14159
0100111101 0.00495911 0
0100111110 0.0498352 0
0100111111 0.0193024 0
0101000000 0.00859833 0
0101000001 0.00904083 -3.14159
0101000010 0.0115814 -3.14159
0101000011 0.00785065 -3.14159
0101000100 0.032135 -3.14159
0101000101 0.0087738 0
0101000110 0.000842571 0
0101000111 0.017868 -3.14159
0101001000 0.0170441 0
0101001001 0.0296783 -3.14159
0101001010 0.0361023 0
0101001011 0.00803375 0
0101001100 0.0167542 -3.14159
0101001101 0.00715637 -3.14159
0101001110 0.041748 0
0101001111 0.00734711 -3.14159
0101010000 0.0357056 0
0101010001 0.00714111 0
0101010010 0.00757599 0
0101010011 0.0164185 -3.14159
0101010100 0.0202026 0
0101010101 0.00043273 -3.14159
0101010110 0.00776672 -3.14159
0101010111 0.00775909 -3.14159
0101011000 0.0894775 0
0101011001 0.0628662 0
0101011010 0.0305176 -3.14159
0101011011 0.0552368 -3.14159
0101011100 0.022644 -3.14159
0101011101 0.0744629 0
0101011110 0.0122299 0
0101011111 0.0336914 0
0101100000 0.00627136 0
0101100001 0.0472107 -3.14159
0101100010 0.0226288 -3.14159
0101100011 0.038269 -3.14159
0101100100 0.0055275 0
0101100101 0.00161839 0
0101100110 0.0506287 -3.14159
0101100111 0.0127106 0
0101101000 0.0510864 -3.14159
0101101001 0.0339355 -3.14159
0101101010 0.0466919 0
0101101011 0.0416565 0
0101101100 0.00952911 -3.14159
0101101101 0.0343933 -3.14159
0101101110 0.0121994 -3.14159
0101101111 0.00347519 -3.14159
0101110000 0.029007 -3.14159
0101110001 0.0229492 0
0101110010 0.0441589 -3.14159
0101110011 0.0259399 0
0101110100 0.0377197 0
0101110101 0.00716782 0
0101110110 0.00655365 -3.14159
0101110111 0.012001 0
0101111000 0.0250092 0
0101111001 0.0484924 0
0101111010 0.00183964 0
0101111011 0.00499725 0
0101111100 0.00175095 0
0101111101 0.0176697 -3.14159
0101111110 0.0227203 -3.14159
0101111111 0.0186157 0
0110000000 0.0191956 -3.14159
0110000001 0.0548096 0
0110000010 0.0280457 -3.14159
0110000011 0.0507812 0
0110000100 0.0803223 -3.14159
0110000101 0.00587082 0
0110000110 0.0270996 0
0110000111 0.00683975 0
0110001000 0.00718689 0
0110001001 0.0551453 -3.14159
0110001010 0.025238 -3.14159
0110001011 0.00458908 -3.14159
0110001100 0.0149918 -3.14159
0110001101 0.0312805 -3.14159
0110001110 0.0103531 0
0110001111 0.00577545 0
0110010000 0.0233002 0
0110010001 0.0272827 0
0110010010 0.0198975 0
0110010011 0.00620651 -3.14159
0110010100 0.0978394 -3.14159
0110010101 0.0521851 -3.14159
0110010110 0.0164032 0
0110010111 0.0435181 0
0110011000 0.0017004 -3.14159
0110011001 0.0556641 -3.14159
0110011010 0.0238342 0
0110011011 0.0342102 0
0110011100 0.0236969 -3.14159
0110011101 0.00227165 -3.14159
0110011110 0.021286 0
0110011111 0.0327759 0
0110100000 0.0108719 -3.14159
0110100001 0.0415344 0
0110100010 0.000210881 0
0110100011 0.0401611 -3.14159
0110100100 0.0246429 0
0110100101 0.0432129 0
0110100110 0.0398254 -3.14159
0110100111 0.000142932 -3.14159
0110101000 0.00703812 0
0110101001 0.000149369 -3.14159
0110101010 0.00530624 -3.14159
0110101011 0.0246124 -3.14159
0110101100 0.0286255 -3.14159
0110101101 0.0386963 0
0110101110 0.0314941 0
0110101111 0.00060606 -3.14159
0110110000 0.00384331 -3.14159
0110110001 0.033783 -3.14159
0110110010 0.0313416 0
0110110011 0.0258942 -3.14159
0110110100 0.0292206 0
0110110101 0.0288544 0
0110110110 0.0203247 0
0110110111 0.043335 -3.14159
0110111000 0.0347595 -3.14159
0110111001 0.00801086 -3.14159
0110111010 0.0484924 0
0110111011 0.0639648 0
0110111100 0.0486755 -3.14159
0110111101 0.0184326 -3.14159
0110111110 0.0524902 -3.14159
0110111111 0.0100937 0
0111000000 0.0141373 0
0111000001 0.0265656 -3.14159
0111000010 0.00666809 -3.14159
0111000011 0.0221558 0
0111000100 0.008461 -3.14159
0111000101 0.0161896 0
0111000110 0.00535202 0
0111000111 0.0124359 0
0111001000 0.00704193 0
0111001001 0.0164337 0
0111001010 0.0105667 -3.14159
0111001011 0.0391846 0
0111001100 0.00739288 -3.14159
0111001101 0.00932312 0
0111001110 0.0227814 0
0111001111 0.0411377 0
0111010000 0.0596008 0
0111010001 0.0165558 -3.14159
0111010010 0.0240784 0
0111010011 0.0674438 0
0111010100 0.0626831 0
0111010101 0.0152435 -3.14159
0111010110 0.000390291 -3.14159
0111010111 0.0255432 -3.14159
0111011000 0.0119781 0
0111011001 0.0104752 -3.14159
0111011010 0.00388336 -3.14159
0111011011 0.0194092 -3.14159
0111011100 0.00284576 0
0111011101 0.0430908 0
0111011110 0.012886 0
0111011111 0.0174866 0
0111100000 0.0126953 -3.14159
0111100001 0.0349121 0
0111100010 0.0280457 0
0111100011 0.0337524 0
0111100100 0.00153446 -3.14159
0111100101 0.0477295 -3.14159
0111100110 0.00935364 0
0111100111 0.00946045 -3.14159
0111101000 0.0227509 -3.14159
0111101001 0.0156403 0
0111101010 0.0468445 -3.14159
0111101011 0.00918579 0
0111101100 0.0371399 -3.14159
0111101101 0.00795746 0
0111101110 0.0671387 0
0111101111 0.0298615 0
0111110000 0.00901031 0
0111110001 0.0465698 -3.14159
0111110010 0.0222778 0
0111110011 0.0838013 -3.14159
0111110100 0.0332642 -3.14159
0111110101 0.00538635 -3.14159
0111110110 0.0103989 -3.14159
0111110111 0.0469666 0
0111111000 0.0511475 -3.14159
0111111001 0.0215759 0
0111111010 0.00508118 0
0111111011 0.00351906 -3.14159
0111111100 0.00572968 -3.14159
0111111101 0.000721931 0
0111111110 0.00826263 -3.14159
0111111111 0.0286407 0
1000000000 0.0270691 0
1000000001 0.013504 -3.14159
1000000010 0.0187683 -3.14159
1000000011 0.00631332 -3.14159
1000000100 0.000147104 -3.14159
1000000101 0.0120468 0
1000000110 0.0682373 0
1000000111 0.0122223 0
1000001000 0.00408554 0
1000001001 0.00650787 -3.14159
1000001010 0.00543976 -3.14159
1000001011 0.0317383 -3.14159
1000001100 0.00558472 0
1000001101 0.0253296 -3.14159
1000001110 0.0610352 -3.14159
1000001111 0.0132751 0
1000010000 0.0171661 -3.14159
1000010001 0.0737305 -3.14159
1000010010 0.0339661 0
1000010011 0.0224304 0
1000010100 0.0349121 0
1000010101 0.020462 0
1000010110 0.017334 0
1000010111 0.00873566 0
1000011000 0.00154781 0
1000011001 0.0108109 0
1000011010 0.0308838 0
1000011011 0.0455322 0
1000011100 0.0281982 -3.14159
1000011101 0.0296783 -3.14159
1000011110 0.0158997 -3.14159
1000011111 0.00258827 -3.14159
1000100000 0.0403137 -3.14159
1000100001 0.00814056 -3.14159
1000100010 0.0278778 -3.14159
1000100011 0.0353088 -3.14159
1000100100 0.0187531 -3.14159
1000100101 0.061554 -3.14159
1000100110 0.0491028 -3.14159
1000100111 0.0906372 0
1000101000 0.0345154 0
1000101001 0.00483704 0
1000101010 0.0253601 0
1000101011 0.0407104 -3.14159
1000101100 0.0608826 -3.14159
1000101101 0.00309753 -3.14159
1000101110 0.0159454 0
1000101111 0.012764 0
1000110000 0.0504761 0
1000110001 0.0032444 0
1000110010 0.0114212 0
1000110011 0.00882721 -3.14159
1000110100 0.0180969 0
1000110101 0.0241699 0
1000110110 0.040741 -3.14159
1000110111 0.00688553 0
1000111000 0.00857544 0
1000111001 0.00835419 0
1000111010 0.0167847 0
1000111011 0.00659561 0
1000111100 0.0440063 0
1000111101 0.0164185 0
1000111110 0.0229187 -3.14159
1000111111 0.0370483 0
1001000000 0.062439 0
1001000001 0.0150604 -3.14159
1001000010 0.00658417 0
1001000011 0.0290375 0
1001000100 0.0188751 -3.14159
1001000101 0.0111237 0
1001000110 0.019928 -3.14159
1001000111 0.0191956 -3.14159
1001001000 0.00310516 0
1001001001 0.0122375 0
1001001010 0.0755005 -3.14159
1001001011 0.0778198 0
1001001100 0.0136948 -3.14159
1001001101 0.0276794 -3.14159
1001001110 0.0236206 -3.14159
1001001111 0.00566483 0
1001010000 0.0365295 0
1001010001 0.00762939 -3.14159
1001010010 0.0131454 -3.14159
1001010011 0.0393372 -3.14159
1001010100 0.00663376 -3.14159
1001010101 0.0245361 -3.14159
1001010110 0.0236359 0
1001010111 0.000817299 -3.14159
1001011000 0.0482178 0
1001011001 0.0242004 -3.14159
1001011010 0.00267982 -3.14159
1001011011 0.030304 0
1001011100 0.0188446 0
1001011101 0.00956726 0
1001011110 0.00127983 -3.14159
1001011111 0.0657349 -3.14159
1001100000 0.0449524 0
1001100001 0.0447693 0
1001100010 0.00172329 0
1001100011 0.0222321 0
1001100100 0.00544357 -3.14159
1001100101 0.00268173 0
1001100110 0.0319519 0
1001100111 0.06604 0
1001101000 0.0176544 0
1001101001 0.01297 -3.14159
1001101010 0.0119324 0
1001101011 0.0499573 0
1001101100 0.0349121 0
1001101101 0.0137177 -3.14159
1001101110 0.0447083 -3.14159
1001101111 0.00148582 0
1001110000 0.0501099 0
1001110001 0.0479736 -3.14159
1001110010 0.021286 -3.14159
1001110011 0.0223389 0
1001110100 0.000441313 -3.14159
1001110101 0.00693893 -3.14159
1001110110 0.0202179 0
1001110111 0.00758743 -3.14159
1001111000 0.0406799 0
1001111001 0.00808716 0
1001111010 0.0383911 0
1001111011 0.0214691 0
1001111100 0.0312805 0
1001111101 0.0112381 -3.14159
1001111110 0.00837708 -3.14159
1001111111 0.0181427 0
1010000000 0.0271454 -3.14159
1010000001 0.0483093 0
1010000010 0.0131989 0
1010000011 0.023941 -3.14159
1010000100 0.0386353 -3.14159
1010000101 0.0465088 -3.14159
1010000110 0.00580215 0
1010000111 0.00802612 -3.14159
1010001000 0.0135727 0
1010001001 0.0283508 0
1010001010 0.00170803 -3.14159
1010001011 0.037323 0
1010001100 0.00497055 0
1010001101 0.0201569 -3.14159
1010001110 0.00346184 0
1010001111 0.0254059 0
1010010000 0.06604 0
1010010001 0.0201416 0
1010010010 0.0533447 -3.14159
1010010011 0.00826263 0
1010010100 0.0147324 -3.14159
1010010101 0.0115891 0
1010010110 0.0209198 0
1010010111 0.0553894 -3.14159
1010011000 0.0852051 0
1010011001 0.0094223 0
1010011010 0.0006814 -3.14159
1010011011 0.0108566 -3.14159
1010011100 0.0534058 0
1010011101 0.0209351 0
1010011110 0.01651 -3.14159
1010011111 0.00137615 0
1010100000 0.0508728 -3.14159
1010100001 0.0275116 -3.14159
1010100010 0.00848389 -3.14159
1010100011 0.0422363 -3.14159
1010100100 0.0204315 -3.14159
1010100101 0.0296478 -3.14159
1010100110 0.0117035 0
1010100111 0.00417709 -3.14159
1010101000 0.0408936 0
1010101001 0.0311737 0
1010101010 0.0326233 -3.14159
1010101011 0.0171814 0
1010101100 0.0298309 0
1010101101 0.0206146 -3.14159
1010101110 0.0168457 0
1010101111 0.038208 0
1010110000 0.062439 0
1010110001 2.29478e-05 -3.14159
1010110010 0.0234985 0
1010110011 0.0232086 -3.14159
1010110100 0.0132828 -3.14159
1010110101 0.0158539 0
1010110110 0.00728607 -3.14159
1010110111 0.0468445 -3.14159
1010111000 0.0008111 -3.14159
1010111001 0.0068512 0
1010111010 0.0001508 -3.14159
1010111011 0.0584106 0
1010111100 0.00569153 0
1010111101 0.00785828 -3.14159
1010111110 0.0165558 -3.14159
1010111111 0.00976562 0
1011000000 0.000435591 0
1011000001 0.0105362 0
1011000010 0.0726929 0
1011000011 0.0251923 0
1011000100 0.00852966 0
1011000101 0.0164337 0
1011000110 0.00324249 -3.14159
1011000111 0.0181427 0
1011001000 0.0018034 -3.14159
1011001001 0.0515442 -3.14159
1011001010 0.045166 -3.14159
1011001011 0.00529861 -3.14159
1011001100 0.0448914 -3.14159
1011001101 0.0223236 -3.14159
1011001110 0.0158844 -3.14159
1011001111 0.0101166 0
1011010000 0.00759506 0
1011010001 0.0117416 0
1011010010 0.00840759 -3.14159
1011010011 0.0444946 0
1011010100 0.0325317 -3.14159
1011010101 0.0644531 0
1011010110 0.0604553 0
1011010111 0.0285339 -3.14159
1011011000 0.0391541 -3.14159
1011011001 0.0157471 0
1011011010 0.00764084 -3.14159
1011011011 0.0153198 -3.14159
1011011100 0.0114441 0
1011011101 0.00743866 -3.14159
1011011110 0.00327492 0
1011011111 0.052887 0
1011100000 0.0255585 0
1011100001 0.0288086 -3.14159
1011100010 0.0155182 0
1011100011 0.0275879 0
1011100100 0.0150833 0
1011100101 0.065979 0
1011100110 0.0194244 0
1011100111 0.0186005 0
1011101000 0.0423889 -3.14159
1011101001 0.034729 -3.14159
1011101010 0.00281334 -3.14159
1011101011 0.00497818 0
1011101100 0.0166473 0
1011101101 0.00592041 0
1011101110 0.0301971 0
1011101111 0.0968628 0
1011110000 0.0282288 -3.14159
1011110001 0.0283813 -3.14159
1011110010 0.0402222 -3.14159
1011110011 0.0103607 0
1011110100 0.00402451 0
1011110101 0.022934 0
1011110110 0.0511475 -3.14159
1011110111 0.00683212 0
1011111000 0.0331421 0
1011111001 0.0134811 0
1011111010 0.00907135 -3.14159
1011111011 0.0363159 0
1011111100 0.0152664 -3.14159
1011111101 0.00703049 -3.14159
1011111110 0.0152588 0
1011111111 0.0297699 -3.14159
1100000000 0.0276184 -3.14159
1100000001 0.0330505 -3.14159
1100000010 0.00252342 -3.14159
1100000011 0.0026722 -3.14159
1100000100 0.0113602 -3.14159
1100000101 0.0221863 0
1100000110 0.00364304 -3.14159
1100000111 0.000746727 0
1100001000 0.0551758 -3.14159
1100001001 0.045166 -3.14159
1100001010 0.0187073 -3.14159
1100001011 0.0166168 0
1100001100 0.00995636 0
1100001101 0.0106506 -3.14159
1100001110 0.0550232 -3.14159
1100001111 0.0294647 0
1100010000 0.0253601 -3.14159
1100010001 0.026123 0
1100010010 0.0635376 0
1100010011 0.0359192 -3.14159
1100010100 0.0135498 -3.14159
1100010101 0.0120392 0
1100010110 0.00462341 0
1100010111 0.0913086 0
1100011000 0.0502319 -3.14159
1100011001 0.00247765 0
1100011010 0.00551224 -3.14159
1100011011 0.0319519 0
1100011100 0.0675659 0
1100011101 0.0438843 0
1100011110 0.0260773 -3.14159
1100011111 0.0357361 -3.14159
1100100000 0.0272064 0
1100100001 0.0078125 0
1100100010 0.0360413 0
1100100011 0.0186157 0
1100100100 0.0212097 -3.14159
1100100101 0.0684204 -3.14159
1100100110 0.0277557 0
1100100111 0.0406799 -3.14159
1100101000 0.0553894 0
1100101001 0.00653839 0
1100101010 0.000518322 -3.14159
1100101011 0.0296783 0
1100101100 0.0233917 0
1100101101 0.0197754 -3.14159
1100101110 0.0510559 0
1100101111 0.0333862 0
1100110000 0.0176697 -3.14159
1100110001 0.0630493 -3.14159
1100110010 0.0248566 -3.14159
1100110011 0.0317383 0
1100110100 0.0242767 -3.14159
1100110101 0.0223694 0
1100110110 0.0197906 0
1100110111 0.0387878 -3.14159
1100111000 0.00783539 -3.14159
1100111001 0.0609741 -3.14159
1100111010 0.00468826 0
1100111011 0.0290985 -3.14159
1100111100 0.00857544 0
1100111101 0.0594482 0
1100111110 0.0230103 -3.14159
1100111111 0.00737 0
1101000000 0.0251465 -3.14159
1101000001 0.0233917 -3.14159
1101000010 0.00142574 0
1101000011 0.00356483 0
1101000100 0.0234985 0
1101000101 0.0348206 0
1101000110 0.0317383 -3.14159
1101000111 0.0671387 0
1101001000 0.0153198 0
1101001001 0.0820923 0
1101001010 0.0106735 -3.14159
1101001011 0.0384521 0
1101001100 0.0407715 0
1101001101 0.00831604 0
1101001110 0.00772858 -3.14159
1101001111 0.0476379 0
1101010000 0.0328674 -3.14159
1101010001 0.0212097 0
1101010010 0.032196 -3.14159
1101010011 0.0405579 -3.14159
1101010100 0.0422668 0
1101010101 0.0067482 -3.14159
1101010110 0.0204163 -3.14159
1101010111 0.00104141 -3.14159
1101011000 0.0427551 -3.14159
1101011001 0.0136948 0
1101011010 0.00703049 -3.14159
1101011011 0.0291443 -3.14159
1101011100 0.0116348 -3.14159
1101011101 0.0553894 -3.14159
1101011110 0.00102711 -3.14159
1101011111 0.0309143 -3.14159
1101100000 0.0508118 0
1101100001 0.0190125 0
1101100010 0.00406647 -3.14159
1101100011 0.0294342 0
1101100100 0.000188589 0
1101100101 0.00109577 0
1101100110 0.0414429 0
1101100111 0.0809937 -3.14159
1101101000 0.0217743 -3.14159
1101101001 0.00782013 -3.14159
1101101010 0.0350342 0
1101101011 0.0072937 0
1101101100 0.0271759 -3.14159
1101101101 0.00595474 -3.14159
1101101110 0.0333252 -3.14159
1101101111 0.00901794 0
1101110000 0.0152664 -3.14159
1101110001 0.0198669 0
1101110010 0.0150223 0
1101110011 0.00550842 0
1101110100 0.00119877 0
1101110101 0.0438843 -3.14159
1101110110 0.00727463 0
1101110111 0.0341187 -3.14159
1101111000 0.0475464 0
1101111001 0.0263062 0
1101111010 0.00100613 0
1101111011 0.0164948 -3.14159
1101111100 0.00853729 0
1101111101 0.0440674 -3.14159
1101111110 0.0365601 -3.14159
1101111111 0.0664062 0
1110000000 0.0930786 -3.14159
1110000001 0.0223541 -3.14159
1110000010 0.0508728 0
1110000011 0.0422668 0
1110000100 0.0125275 0
1110000101 0.0349731 0
1110000110 0.0431824 -3.14159
1110000111 0.0110168 -3.14159
1110001000 0.020874 0
1110001001 0.0344238 0
1110001010 0.00549698 0
1110001011 0.0187683 -3.14159
1110001100 0.0503845 0
1110001101 0.0113144 0
1110001110 0.0211029 0
1110001111 0.0175781 0
1110010000 0.0695801 0
1110010001 0.0435486 -3.14159
1110010010 0.0348816 -3.14159
1110010011 0.0262299 -3.14159
1110010100 0.0689087 -3.14159
1110010101 0.0481262 -3.14159
1110010110 0.0210571 0
1110010111 0.0422363 -3.14159
1110011000 0.00374794 -3.14159
1110011001 0.00218582 -3.14159
1110011010 0.025528 -3.14159
1110011011 0.0279694 -3.14159
1110011100 0.0331116 0
1110011101 0.02034 -3.14159
1110011110 0.0250854 0
1110011111 0.0154419 -3.14159
1110100000 0.0147552 0
1110100001 0.025528 -3.14159
1110100010 0.0218658 0
1110100011 0.00588989 0
1110100100 0.067688 0
1110100101 0.0665283 0
1110100110 0.0471191 -3.14159
1110100111 0.019104 0
1110101000 0.0479126 -3.14159
1110101001 0.0826416 0
1110101010 0.0207214 0
1110101011 0.0122223 0
1110101100 0.00164604 -3.14159
1110101101 0.0176697 -3.14159
1110101110 0.00676727 -3.14159
1110101111 0.0283508 -3.14159
1110110000 0.0292206 0
1110110001 0.0296478 0
1110110010 0.0435486 -3.14159
1110110011 0.0427551 -3.14159
1110110100 0.0119095 -3.14159
1110110101 0.0366516 0
1110110110 0.0250702 -3.14159
1110110111 0.0166931 -3.14159
1110111000 0.00120354 0
1110111001 0.0230103 0
1110111010 0.00323296 -3.14159
1110111011 0.0256958 -3.14159
1110111100 0.00073576 0
1110111101 0.065979 -3.14159
1110111110 0.0043869 0
1110111111 0.0113602 0
1111000000 0.0419922 0
1111000001 0.0389709 0
1111000010 0.0301666 0
1111000011 0.00106049 -3.14159
1111000100 0.0150299 0
1111000101 0.0647583 -3.14159
1111000110 0.0122299 -3.14159
1111000111 0.0232697 0
1111001000 0.0358887 0
1111001001 0.0217743 -3.14159
1111001010 0.0753174 -3.14159
1111001011 0.0224915 -3.14159
1111001100 0.0128708 0
1111001101 0.0138397 0
1111001110 0.00616455 -3.14159
1111001111 0.00655365 0
1111010000 0.0155029 0
1111010001 0.0283508 -3.14159
1111010010 0.00333595 -3.14159
1111010011 0.013031 -3.14159
1111010100 0.0440063 -3.14159
1111010101 0.0569763 -3.14159
1111010110 0.0124664 -3.14159
1111010111 0.0589294 0
1111011000 0.00856018 0
1111011001 0.02034 0
1111011010 0.00401306 -3.14159
1111011011 0.0466003 0
1111011100 0.0181427 0
1111011101 0.0261841 0
1111011110 0.0201874 0
1111011111 0.0131683 0
1111100000 0.0525513 0
1111100001 0.0137711 0
1111100010 0.00986481 -3.14159
1111100011 0.0020752 0
1111100100 0.0544434 -3.14159
1111100101 0.0158539 0
1111100110 0.0138397 -3.14159
1111100111 0.0101776 -3.14159
1111101000 0.00421524 -3.14159
1111101001 0.00765991 -3.14159
1111101010 0.00221634 -3.14159
1111101011 0.000571251 0
1111101100 0.0575562 0
1111101101 0.00598907 -3.14159
1111101110 0.0566101 0
1111101111 0.0180206 0
1111110000 0.00537872 0
1111110001 0.0289307 0
1111110010 0.0176086 -3.14159
1111110011 0.0245514 -3.14159
1111110100 0.0556641 0
1111110101 0.0111618 -3.14159
1111110110 0.012825 0
1111110111 0.0467834 0
1111111000 0.0206299 -3.14159
1111111001 0.0551758 -3.14159
1111111010 0.0150833 0
1111111011 0.0117874 -3.14159
1111111100 0.0267181 -3.14159
1111111101 0.00121117 -3.14159
1111111110 0.000729561 -3.14159
1111111111 0.0335693 0
