0000000000 0.0144196 0
0000000001 0.0203552 0
0000000010 0.010994 0
0000000011 0.00739288 -3.14159
0000000100 0.00984192 -3.14159
0000000101 0.023941 0
0000000110 0.0278168 -3.14159
0000000111 0.00466919 0
0000001000 0.00395966 -3.14159
0000001001 0.0548706 -3.14159
0000001010 0.00853729 -3.14159
0000001011 0.00835419 0
0000001100 0.030304 -3.14159
0000001101 0.0372925 0
0000001110 0.0211639 0
0000001111 0.0411987 0
0000010000 0.0177155 -3.14159
0000010001 0.035614 -3.14159
0000010010 0.0226593 -3.14159
0000010011 0.0349426 -3.14159
0000010100 0.0500793 -3.14159
0000010101 0.0152359 0
0000010110 0.0193481 -3.14159
0000010111 0.0387573 0
0000011000 0.016922 0
0000011001 0.0183258 -3.14159
0000011010 0.00718307 -3.14159
0000011011 0.0667114 -3.14159
0000011100 0.0313721 -3.14159
0000011101 0.0122604 -3.14159
0000011110 0.0273743 -3.14159
0000011111 0.00508881 -3.14159
0000100000 0.0775146 -3.14159
0000100001 0.0268707 -3.14159
0000100010 0.0646973 -3.14159
0000100011 0.0161285 -3.14159
0000100100 0.0216522 0
0000100101 0.00114059 0
0000100110 0.0025444 0
0000100111 0.0217285 0
0000101000 0.000761509 0
0000101001 0.0237274 -3.14159
0000101010 0.0109482 -3.14159
0000101011 0.00144863 0
0000101100 0.0664673 -3.14159
0000101101 0.0206909 0
0000101110 0.00357246 -3.14159
0000101111 0.00554657 0
0000110000 0.0305786 0
0000110001 0.0264435 -3.14159
0000110010 0.0545654 -3.14159
0000110011 0.00390625 0
0000110100 0.0266266 -3.14159
0000110101 0.0198822 -3.14159
0000110110 0.00481796 0
0000110111 0.0470581 0
0000111000 0.0336609 -3.14159
0000111001 0.036438 -3.14159
0000111010 0.0104141 -3.14159
0000111011 0.00405884 -3.14159
0000111100 0.0284882 0
0000111101 0.014328 0
0000111110 0.00247574 -3.14159
0000111111 0.0139465 0
0001000000 0.0859375 0
0001000001 0.0340576 0
0001000010 0.0157623 0
0001000011 0.00179577 0
0001000100 0.027832 -3.14159
0001000101 0.046936 -3.14159
0001000110 0.00435257 -3.14159
0001000111 0.0178375 -3.14159
0001001000 0.0391846 -3.14159
0001001001 0.0118866 0
0001001010 0.00506973 0
0001001011 0.00178623 0
0001001100 0.00286293 -3.14159
0001001101 0.0254822 -3.14159
0001001110 0.0321045 0
0001001111 0.00688934 0
0001010000 0.00795746 0
0001010001 0.0386047 -3.14159
0001010010 0.0284424 -3.14159
0001010011 0.00594711 -3.14159
0001010100 0.0335693 0
0001010101 0.0189514 -3.14159
0001010110 0.0182037 0
0001010111 0.021347 -3.14159
0001011000 0.0223999 -3.14159
0001011001 0.026825 0
0001011010 0.00295067 -3.14159
0001011011 0.00715256 0
0001011100 0.043396 0
0001011101 0.0404663 -3.14159
0001011110 0.0338135 -3.14159
0001011111 0.0281525 0
0001100000 0.0119629 -3.14159
0001100001 0.0133133 -3.14159
0001100010 0.0487366 -3.14159
0001100011 0.00512695 0
0001100100 0.0613708 -3.14159
0001100101 0.000711441 0
0001100110 0.0385132 -3.14159
0001100111 0.0391235 0
0001101000 0.0372009 -3.14159
0001101001 0.0748291 0
0001101010 0.0114822 -3.14159
0001101011 0.0185852 0
0001101100 0.017746 -3.14159
0001101101 0.0395203 -3.14159
0001101110 0.0129166 -3.14159
0001101111 0.00626373 -3.14159
0001110000 0.0385742 -3.14159
0001110001 0.0287933 -3.14159
0001110010 0.0497131 -3.14159
0001110011 0.019516 0
0001110100 0.0136948 -3.14159
0001110101 0.0265503 0
0001110110 0.0179138 -3.14159
0001110111 0.0194702 -3.14159
0001111000 0.0741577 -3.14159
0001111001 0.00735855 0
0001111010 0.0162811 -3.14159
0001111011 0.0127411 -3.14159
0001111100 0.021698 -3.14159
0001111101 0.042511 0
0001111110 0.022171 -3.14159
0001111111 0.00404739 -3.14159
0010000000 0.0461426 0
0010000001 0.0354004 -3.14159
0010000010 0.00778961 -3.14159
0010000011 0.0514832 -3.14159
0010000100 0.00824738 0
0010000101 0.016922 -3.14159
0010000110 0.0102234 0
0010000111 0.00344276 0
0010001000 0.0134048 -3.14159
0010001001 0.0213928 0
0010001010 0.0180969 0
0010001011 0.0263824 -3.14159
0010001100 0.0309143 0
0010001101 0.00749207 0
0010001110 0.0635986 0
0010001111 0.0228882 -3.14159
0010010000 0.0327759 -3.14159
0010010001 0.0058403 -3.14159
0010010010 0.00152206 0
0010010011 0.0230713 -3.14159
0010010100 0.026062 -3.14159
0010010101 0.00652695 0
0010010110 0.0101471 0
0010010111 0.0195618 0
0010011000 0.00706482 -3.14159
0010011001 0.00466537 -3.14159
0010011010 0.0169067 -3.14159
0010011011 0.0336914 0
0010011100 0.0201874 -3.14159
0010011101 0.0239105 0
0010011110 0.00195694 -3.14159
0010011111 0.00255775 -3.14159
0010100000 0.0182037 0
0010100001 0.00163555 -3.14159
0010100010 0.0131989 -3.14159
0010100011 0.0247803 -3.14159
0010100100 0.00899506 0
0010100101 0.01297 -3.14159
0010100110 0.0109711 0
0010100111 0.00536346 -3.14159
0010101000 0.00858307 0
0010101001 0.0133591 0
0010101010 0.0171814 0
0010101011 0.0268402 0
0010101100 0.0201416 0
0010101101 0.0239868 0
0010101110 0.00226021 0
0010101111 0.0281525 0
0010110000 0.0187378 0
0010110001 0.0341187 -3.14159
0010110010 0.0296478 -3.14159
0010110011 0.0184479 0
0010110100 0.0450134 0
0010110101 0.031311 -3.14159
0010110110 0.0226898 0
0010110111 0.024704 -3.14159
0010111000 0.00313187 -3.14159
0010111001 0.0430908 -3.14159
0010111010 0.00951385 -3.14159
0010111011 0.00938416 -3.14159
0010111100 0.0480652 0
0010111101 0.0477295 -3.14159
0010111110 0.00124359 -3.14159
0010111111 0.0725098 -3.14159
0011000000 0.0236664 0
0011000001 0.0108414 0
0011000010 0.0170593 -3.14159
0011000011 0.0301361 0
0011000100 0.00162029 0
0011000101 0.00371742 -3.14159
0011000110 0.0303497 0
0011000111 0.00375557 -3.14159
0011001000 0.0222931 0
0011001001 0.00249672 -3.14159
0011001010 0.0126419 -3.14159
0011001011 0.00709152 -3.14159
0011001100 0.00844574 0
0011001101 0.0127945 -3.14159
0011001110 0.00261879 -3.14159
0011001111 0.038208 0
0011010000 0.014183 0
0011010001 0.0102005 0
0011010010 0.0328369 0
0011010011 0.00289345 0
0011010100 0.0377197 0
0011010101 0.04953 -3.14159
0011010110 0.0277863 -3.14159
0011010111 0.0435181 0
0011011000 0.0136642 0
0011011001 0.0155563 0
0011011010 0.0258636 0
0011011011 0.00519562 0
0011011100 0.008461 0
0011011101 0.0432739 -3.14159
0011011110 0.0492249 -3.14159
0011011111 0.009552 0
0011100000 0.0163574 0
0011100001 0.00288391 0
0011100010 0.0053215 0
0011100011 0.0440369 -3.14159
0011100100 0.0285034 0
0011100101 0.0820923 0
0011100110 0.0243073 -3.14159
0011100111 0.0198822 -3.14159
0011101000 0.00732803 -3.14159
0011101001 0.00222397 -3.14159
0011101010 0.0592041 -3.14159
0011101011 0.00536728 -3.14159
0011101100 0.0262451 -3.14159
0011101101 0.0157471 -3.14159
0011101110 0.0185242 -3.14159
0011101111 0.0650635 0
0011110000 0.00310326 0
0011110001 0.00839996 -3.14159
0011110010 0.00569153 0
0011110011 0.0374146 -3.14159
0011110100 0.020813 -3.14159
0011110101 0.0092926 -3.14159
0011110110 0.0145721 0
0011110111 0.0221558 -3.14159
0011111000 0.0958252 0
0011111001 0.0422974 0
0011111010 0.000944138 -3.14159
0011111011 0.00165081 0
0011111100 0.0279846 0
0011111101 0.0383301 -3.14159
0011111110 0.0263977 0
0011111111 0.00905609 0
0100000000 0.0172424 0
0100000001 0.0183258 0
0100000010 0.00395203 -3.14159
0100000011 0.00843048 0
0100000100 0.0325317 -3.14159
0100000101 0.00703812 -3.14159
0100000110 0.0344238 0
0100000111 0.0130844 0
0100001000 0.0118256 -3.14159
0100001001 0.0343323 -3.14159
0100001010 0.014183 -3.14159
0100001011 0.0484009 -3.14159
0100001100 0.0116882 -3.14159
0100001101 0.000139475 -3.14159
0100001110 0.00220871 -3.14159
0100001111 0.0260315 -3.14159
0100010000 0.0103455 0
0100010001 0.0574646 -3.14159
0100010010 0.0187836 0
0100010011 0.0174408 -3.14159
0100010100 0.00452042 0
0100010101 0.0100479 0
0100010110 0.00612259 -3.14159
0100010111 0.0164642 -3.14159
0100011000 0.0227966 -3.14159
0100011001 0.0155106 0
0100011010 0.0236359 -3.14159
0100011011 0.0549927 -3.14159
0100011100 0.010994 -3.14159
0100011101 0.0346069 0
0100011110 0.039978 -3.14159
0100011111 0.0350037 0
0100100000 0.0387878 0
0100100001 0.0031929 0
0100100010 0.0105209 0
0100100011 0.0193481 0
0100100100 0.0107422 -3.14159
0100100101 0.00709915 0
0100100110 0.0487671 -3.14159
0100100111 0.0541382 -3.14159
0100101000 0.0499573 0
0100101001 0.0693359 -3.14159
0100101010 0.033844 0
0100101011 0.0141602 0
0100101100 0.0432739 0
0100101101 0.0205078 -3.14159
0100101110 0.0498352 0
0100101111 0.0340576 0
0100110000 0.037384 0
0100110001 0.0357361 -3.14159
0100110010 0.0120316 0
0100110011 0.045929 -3.14159
0100110100 0.0332031 0
0100110101 0.0233765 0
0100110110 0.00551987 -3.14159
0100110111 0.0108032 0
0100111000 0.0331116 -3.14159
0100111001 0.015274 -3.14159
0100111010 0.0358276 -3.14159
0100111011 0.0427551 -3.14159
0100111100 0.0493774 -3.14159
0100111101 0.0224762 -3.14159
0100111110 0.0284119 0
0100111111 0.0111771 -3.14159
0101000000 0.00531006 -3.14159
0101000001 0.0110931 0
0101000010 4.22001e-05 0
0101000011 0.00740814 0
0101000100 0.0179443 -3.14159
0101000101 0.0235901 0
0101000110 0.0220642 -3.14159
0101000111 0.0112534 -3.14159
0101001000 0.00978088 0
0101001001 0.00127316 -3.14159
0101001010 0.0322266 0
0101001011 0.0142899 0
0101001100 0.0151901 -3.14159
0101001101 0.00291443 0
0101001110 0.0188904 0
0101001111 0.0191498 -3.14159
0101010000 0.0201416 0
0101010001 0.00724411 0
0101010010 0.0299377 0
0101010011 0.0152435 -3.14159
0101010100 0.029541 0
0101010101 0.0136261 0
0101010110 0.00102329 0
0101010111 0.0117645 -3.14159
0101011000 0.0561829 0
0101011001 0.0259247 0
0101011010 0.00436401 -3.14159
0101011011 0.0439758 -3.14159
0101011100 0.0215607 -3.14159
0101011101 0.0775757 0
0101011110 0.0116501 -3.14159
0101011111 0.0371399 0
0101100000 0.00106907 -3.14159
0101100001 0.0536499 -3.14159
0101100010 0.0021553 0
0101100011 0.0405884 -3.14159
0101100100 0.00809479 -3.14159
0101100101 0.00171471 0
0101100110 0.0602112 -3.14159
0101100111 0.0200958 -3.14159
0101101000 0.0717163 -3.14159
0101101001 0.00271988 -3.14159
0101101010 0.0400085 0
0101101011 0.0305481 0
0101101100 0.00644684 0
0101101101 0.0463562 -3.14159
0101101110 0.0263672 -3.14159
0101101111 0.0308075 0
0101110000 0.0128098 -3.14159
0101110001 0.0235138 -3.14159
0101110010 0.0314331 -3.14159
0101110011 0.0379028 0
0101110100 0.039093 0
0101110101 0.0297699 0
0101110110 0.0149918 0
0101110111 0.0294037 0
0101111000 0.00360107 -3.14159
0101111001 0.0259094 0
0101111010 0.00399017 0
0101111011 0.0361633 -3.14159
0101111100 0.0167999 -3.14159
0101111101 0.013855 0
0101111110 0.0036087 0
0101111111 0.0600891 0
0110000000 0.0171967 0
0110000001 0.0059967 0
0110000010 0.0439758 -3.14159
0110000011 0.0778809 0
0110000100 0.0712891 -3.14159
0110000101 0.0284119 0
0110000110 0.0214691 0
0110000111 0.0256805 0
0110001000 0.00528717 -3.14159
0110001001 0.0334167 -3.14159
0110001010 0.0359192 -3.14159
0110001011 0.0308838 -3.14159
0110001100 0.0202637 0
0110001101 0.0219727 -3.14159
0110001110 0.03125 0
0110001111 0.0207214 -3.14159
0110010000 0.0400696 0
0110010001 0.00179005 0
0110010010 0.0027771 0
0110010011 0.00580597 -3.14159
0110010100 0.0622253 -3.14159
0110010101 0.055481 -3.14159
0110010110 0.00737762 -3.14159
0110010111 0.0339966 0
0110011000 0.0190125 -3.14159
0110011001 0.0397339 -3.14159
0110011010 0.00241852 -3.14159
0110011011 0.0645142 0
0110011100 0.0328369 -3.14159
0110011101 0.0202789 -3.14159
0110011110 0.0545044 0
0110011111 0.00656509 0
0110100000 0.0387268 0
0110100001 0.0244751 0
0110100010 0.000639439 0
0110100011 0.0409241 -3.14159
0110100100 0.0194397 0
0110100101 0.0523987 0
0110100110 0.0144653 -3.14159
0110100111 0.00545502 -3.14159
0110101000 0.0253906 -3.14159
0110101001 0.0395508 -3.14159
0110101010 0.0113602 0
0110101011 0.0249786 -3.14159
0110101100 0.0362244 -3.14159
0110101101 0.0297394 0
0110101110 0.0394592 0
0110101111 0.0173187 0
0110110000 0.0241089 -3.14159
0110110001 0.0622864 -3.14159
0110110010 0.033905 0
0110110011 0.00956726 -3.14159
0110110100 0.0163269 -3.14159
0110110101 0.0206757 0
0110110110 0.0544739 0
0110110111 0.00078392 -3.14159
0110111000 0.0164032 -3.14159
0110111001 0.00753403 -3.14159
0110111010 0.0233459 0
0110111011 0.065918 0
0110111100 0.0130386 -3.14159
0110111101 0.00492477 -3.14159
0110111110 0.0401611 -3.14159
0110111111 0.0333252 -3.14159
0111000000 0.00488281 0
0111000001 0.0404053 -3.14159
0111000010 0.0249176 0
0111000011 0.0125732 0
0111000100 0.00179768 0
0111000101 0.0147171 -3.14159
0111000110 0.0180054 -3.14159
0111000111 0.0187225 0
0111001000 0.0352478 0
0111001001 0.058075 0
0111001010 0.0157318 0
0111001011 0.00094223 -3.14159
0111001100 0.00283432 0
0111001101 0.0116577 0
0111001110 0.0256958 0
0111001111 0.0358276 0
0111010000 0.0447083 0
0111010001 0.0431519 0
0111010010 0.00731659 0
0111010011 0.0513611 0
0111010100 0.0427856 0
0111010101 0.0226135 -3.14159
0111010110 0.0165863 -3.14159
0111010111 0.0301056 0
0111011000 0.0226898 0
0111011001 0.0047226 -3.14159
0111011010 0.00640106 0
0111011011 0.0146027 0
0111011100 0.00244904 0
0111011101 0.0326233 0
0111011110 0.0164948 0
0111011111 0.0334167 -3.14159
0111100000 0.0098114 -3.14159
0111100001 0.0146332 0
0111100010 0.0335388 0
0111100011 0.00185299 0
0111100100 0.0085907 -3.14159
0111100101 0.0613098 -3.14159
0111100110 0.0152893 -3.14159
0111100111 0.0324097 -3.14159
0111101000 0.012413 -3.14159
0111101001 0.00138092 0
0111101010 0.0570374 -3.14159
0111101011 0.0220947 -3.14159
0111101100 0.00653458 -3.14159
0111101101 0.00141239 0
0111101110 0.0419617 0
0111101111 0.00248146 0
0111110000 0.0207977 -3.14159
0111110001 0.0344849 -3.14159
0111110010 0.0201721 0
0111110011 0.0681152 -3.14159
0111110100 0.00698471 -3.14159
0111110101 0.00950623 -3.14159
0111110110 0.0135651 -3.14159
0111110111 0.0170441 0
0111111000 0.0575867 -3.14159
0111111001 0.0341492 0
0111111010 0.0198517 -3.14159
0111111011 0.0354614 0
0111111100 0.00365448 -3.14159
0111111101 0.000509739 0
0111111110 0.00796509 -3.14159
0111111111 0.0440979 0
1000000000 0.0447998 0
1000000001 0.00486374 -3.14159
1000000010 0.00537872 -3.14159
1000000011 0.0180664 -3.14159
1000000100 0.0244446 0
1000000101 0.035614 0
1000000110 0.0762329 0
1000000111 0.00914001 0
1000001000 0.0111618 -3.14159
1000001001 0.0273285 0
1000001010 0.00271988 -3.14159
1000001011 0.0124588 -3.14159
1000001100 0.00142097 0
1000001101 0.0310822 -3.14159
1000001110 0.0449219 -3.14159
1000001111 0.0343933 -3.14159
1000010000 0.0224915 -3.14159
1000010001 0.0484314 -3.14159
1000010010 0.0120468 0
1000010011 0.0333557 0
1000010100 0.0246735 0
1000010101 0.00110817 -3.14159
1000010110 0.0269623 0
1000010111 0.0142059 0
1000011000 0.0193024 0
1000011001 0.00553513 0
1000011010 0.0226593 -3.14159
1000011011 0.0110245 0
1000011100 0.0247345 -3.14159
1000011101 0.00826263 -3.14159
1000011110 0.00126076 -3.14159
1000011111 0.00695419 0
1000100000 0.039917 -3.14159
1000100001 0.0216675 -3.14159
1000100010 0.00414658 -3.14159
1000100011 0.00424576 0
1000100100 0.00965118 0
1000100101 0.0640869 -3.14159
1000100110 0.0552979 -3.14159
1000100111 0.0924072 0
1000101000 0.00444031 0
1000101001 0.00853729 -3.14159
1000101010 0.0212708 0
1000101011 0.00121498 -3.14159
1000101100 0.0401611 -3.14159
1000101101 0.01194 0
1000101110 0.0130005 0
1000101111 0.0382996 0
1000110000 0.0114899 0
1000110001 0.0119019 0
1000110010 0.00951385 0
1000110011 0.008255 -3.14159
1000110100 0.0532227 -3.14159
1000110101 0.0251312 -3.14159
1000110110 0.0253296 -3.14159
1000110111 0.0121918 -3.14159
1000111000 0.0273438 -3.14159
1000111001 0.0408325 -3.14159
1000111010 0.0405579 0
1000111011 0.00447464 -3.14159
1000111100 0.0105362 0
1000111101 0.0175934 0
1000111110 0.0125122 0
1000111111 0.0224152 -3.14159
1001000000 0.00928497 0
1001000001 0.0430908 -3.14159
1001000010 0.0066452 -3.14159
1001000011 0.0234528 0
1001000100 0.026886 -3.14159
1001000101 0.0127029 0
1001000110 0.0704346 -3.14159
1001000111 0.0411377 -3.14159
1001001000 0.0314941 0
1001001001 0.00402451 -3.14159
1001001010 0.0514526 -3.14159
1001001011 0.0247803 0
1001001100 0.0197906 0
1001001101 0.0469666 -3.14159
1001001110 0.0458374 -3.14159
1001001111 0.00476837 -3.14159
1001010000 0.0242004 0
1001010001 0.0122833 -3.14159
1001010010 0.00459671 0
1001010011 0.0288086 -3.14159
1001010100 0.0218964 -3.14159
1001010101 0.0353699 -3.14159
1001010110 0.0174103 0
1001010111 0.0280151 -3.14159
1001011000 0.0155258 0
1001011001 0.0213928 0
1001011010 0.0121384 -3.14159
1001011011 0.0172424 0
1001011100 0.00592422 -3.14159
1001011101 0.0270844 0
1001011110 0.00799561 -3.14159
1001011111 0.0209198 -3.14159
1001100000 0.0493164 0
1001100001 0.0552368 0
1001100010 0.0154953 -3.14159
1001100011 0.0106888 0
1001100100 0.0222168 -3.14159
1001100101 0.0083847 0
1001100110 0.0664062 0
1001100111 0.0758667 0
1001101000 0.0115433 0
1001101001 0.0333557 -3.14159
1001101010 0.0534973 0
1001101011 0.0171051 0
1001101100 0.04953 0
1001101101 0.00930023 0
1001101110 0.0528564 -3.14159
1001101111 0.0071106 -3.14159
1001110000 0.0527039 0
1001110001 0.0738525 -3.14159
1001110010 0.0214844 -3.14159
1001110011 0.00155354 -3.14159
1001110100 0.0246887 -3.14159
1001110101 0.00353813 -3.14159
1001110110 0.0118484 0
1001110111 0.0169678 -3.14159
1001111000 0.00655365 0
1001111001 0.00546646 0
1001111010 0.00427628 0
1001111011 0.0413513 0
1001111100 0.00956726 0
1001111101 0.0197449 -3.14159
1001111110 0.0214081 -3.14159
1001111111 0.0169373 -3.14159
1010000000 0.00951385 -3.14159
1010000001 0.0205688 0
1010000010 0.00214195 0
1010000011 0.0361023 -3.14159
1010000100 0.00166416 -3.14159
1010000101 0.0306396 -3.14159
1010000110 0.00792694 -3.14159
1010000111 0.00930023 -3.14159
1010001000 0.00746918 -3.14159
1010001001 0.0237274 0
1010001010 0.00515747 0
1010001011 0.0429382 0
1010001100 0.00376701 -3.14159
1010001101 0.0189056 -3.14159
1010001110 0.0239868 0
1010001111 0.0523376 0
1010010000 0.0631104 0
1010010001 0.00197601 -3.14159
1010010010 0.0548401 -3.14159
1010010011 0.03302 0
1010010100 0.00698471 0
1010010101 0.00171089 -3.14159
1010010110 0.000916004 0
1010010111 0.0184174 -3.14159
1010011000 0.0536804 0
1010011001 0.001441 -3.14159
1010011010 0.0196075 -3.14159
1010011011 0.0421448 -3.14159
1010011100 0.0284424 0
1010011101 0.00968933 0
1010011110 0.0190582 -3.14159
1010011111 0.0513306 -3.14159
1010100000 0.0532227 -3.14159
1010100001 0.0140533 -3.14159
1010100010 0.00590897 -3.14159
1010100011 0.0187378 -3.14159
1010100100 0.0187378 0
1010100101 0.00640869 0
1010100110 0.00627899 0
1010100111 0.0227966 -3.14159
1010101000 0.00101757 -3.14159
1010101001 0.0237122 0
1010101010 0.0412598 -3.14159
1010101011 0.0147552 0
1010101100 0.0362244 0
1010101101 0.00664902 -3.14159
1010101110 0.0130234 0
1010101111 0.000606537 -3.14159
1010110000 0.0976562 0
1010110001 0.0218201 -3.14159
1010110010 0.0164948 -3.14159
1010110011 0.00411606 0
1010110100 0.0258636 -3.14159
1010110101 0.0125504 0
1010110110 0.00754547 0
1010110111 0.0238953 -3.14159
1010111000 0.0013485 -3.14159
1010111001 0.00394058 0
1010111010 0.0335388 -3.14159
1010111011 0.00819397 0
1010111100 0.0145035 0
1010111101 0.0126648 0
1010111110 0.0368347 -3.14159
1010111111 0.0246277 0
1011000000 0.0485229 -3.14159
1011000001 0.0290375 0
1011000010 0.0308838 0
1011000011 0.0177612 -3.14159
1011000100 0.0177155 -3.14159
1011000101 0.00418091 -3.14159
1011000110 0.0272827 0
1011000111 0.0165558 0
1011001000 0.0085907 -3.14159
1011001001 0.0222626 -3.14159
1011001010 0.0496826 -3.14159
1011001011 0.00677109 -3.14159
1011001100 0.0293427 -3.14159
1011001101 0.0102386 -3.14159
1011001110 0.00579834 0
1011001111 0.0407104 -3.14159
1011010000 0.0143204 0
1011010001 0.0124435 -3.14159
1011010010 0.0187378 -3.14159
1011010011 0.0439758 0
1011010100 0.0213013 -3.14159
1011010101 0.0250549 0
1011010110 0.0424194 0
1011010111 0.0057373 -3.14159
1011011000 0.00494766 0
1011011001 0.0444641 0
1011011010 0.00482178 -3.14159
1011011011 0.023941 -3.14159
1011011100 0.0285492 0
1011011101 0.0420837 0
1011011110 0.00782776 -3.14159
1011011111 0.0270386 0
1011100000 0.0147324 0
1011100001 0.0235291 -3.14159
1011100010 0.0223389 0
1011100011 0.0201416 0
1011100100 0.0395813 0
1011100101 0.081665 0
1011100110 0.0071106 0
1011100111 0.00477219 -3.14159
1011101000 0.0492554 -3.14159
1011101001 0.0302429 -3.14159
1011101010 0.0322266 -3.14159
1011101011 0.033905 0
1011101100 0.00971985 0
1011101101 0.0500183 0
1011101110 0.00496674 0
1011101111 0.0874023 0
1011110000 0.0654297 -3.14159
1011110001 0.0228424 -3.14159
1011110010 0.0132446 -3.14159
1011110011 0.00380898 0
1011110100 0.0177917 -3.14159
1011110101 0.0270538 0
1011110110 0.0466919 -3.14159
1011110111 0.00528717 0
1011111000 0.0336914 0
1011111001 0.00453949 -3.14159
1011111010 0.0158691 -3.14159
1011111011 0.0875854 0
1011111100 0.016983 -3.14159
1011111101 0.0178223 0
1011111110 0.081604 0
1011111111 0.027771 -3.14159
1100000000 0.00181007 0
1100000001 0.00666809 -3.14159
1100000010 0.000564098 -3.14159
1100000011 0.061615 -3.14159
1100000100 0.0241699 -3.14159
1100000101 0.057312 0
1100000110 0.0129929 0
1100000111 0.0105743 0
1100001000 0.0327759 -3.14159
1100001001 0.0467834 -3.14159
1100001010 0.00175571 -3.14159
1100001011 0.0181122 -3.14159
1100001100 0.000697613 0
1100001101 0.00592041 0
1100001110 0.0588684 -3.14159
1100001111 0.0587463 0
1100010000 0.0236969 -3.14159
1100010001 0.0315247 0
1100010010 0.0664062 0
1100010011 0.0186005 -3.14159
1100010100 0.0467834 -3.14159
1100010101 0.0334778 -3.14159
1100010110 0.0183716 0
1100010111 0.0770264 0
1100011000 0.0693359 -3.14159
1100011001 0.0189514 0
1100011010 0.0473022 -3.14159
1100011011 0.0419617 0
1100011100 0.0560303 0
1100011101 0.0253296 0
1100011110 0.00819397 0
1100011111 0.0412598 -3.14159
1100100000 0.0372314 0
1100100001 0.0419617 0
1100100010 0.0108337 -3.14159
1100100011 0.029068 0
1100100100 0.00482559 0
1100100101 0.0499878 -3.14159
1100100110 0.0240784 0
1100100111 0.0613098 -3.14159
1100101000 0.0435181 0
1100101001 0.000638008 -3.14159
1100101010 0.0181122 -3.14159
1100101011 0.0295715 0
1100101100 0.00460434 0
1100101101 0.0227203 -3.14159
1100101110 0.0538635 0
1100101111 0.0224457 0
1100110000 0.00448608 -3.14159
1100110001 0.0693359 -3.14159
1100110010 0.00160503 -3.14159
1100110011 0.0116882 0
1100110100 0.0136642 0
1100110101 0.00921631 0
1100110110 0.0361023 0
1100110111 0.0372009 -3.14159
1100111000 0.0153275 -3.14159
1100111001 0.0855713 -3.14159
1100111010 0.00426102 0
1100111011 0.00630951 -3.14159
1100111100 0.0197449 -3.14159
1100111101 0.00567627 0
1100111110 0.0583496 -3.14159
1100111111 0.0294647 -3.14159
1101000000 0.0557861 -3.14159
1101000001 0.00193882 -3.14159
1101000010 0.0148392 -3.14159
1101000011 0.0284576 -3.14159
1101000100 0.0143509 0
1101000101 0.0549927 0
1101000110 0.0203552 -3.14159
1101000111 0.0473022 0
1101001000 0.00302315 -3.14159
1101001001 0.0775757 0
1101001010 0.0124207 0
1101001011 0.0664673 0
1101001100 0.0198669 0
1101001101 0.00831604 0
1101001110 0.0327759 0
1101001111 0.0145035 0
1101010000 0.0318604 -3.14159
1101010001 0.00802612 0
1101010010 0.0210419 -3.14159
1101010011 0.0389099 -3.14159
1101010100 0.033783 0
1101010101 0.00605392 -3.14159
1101010110 0.0396729 -3.14159
1101010111 0.0272064 0
1101011000 0.0287933 -3.14159
1101011001 0.00672913 0
1101011010 0.0133057 0
1101011011 0.0534973 -3.14159
1101011100 0.0128403 0
1101011101 0.0418396 -3.14159
1101011110 0.00556183 0
1101011111 0.0429688 -3.14159
1101100000 0.0335388 0
1101100001 0.0531616 0
1101100010 0.0323486 -3.14159
1101100011 0.0107422 0
1101100100 0.0291443 -3.14159
1101100101 0.0269623 -3.14159
1101100110 0.0138321 0
1101100111 0.0481567 -3.14159
1101101000 0.0248718 -3.14159
1101101001 0.00870514 0
1101101010 0.0142136 0
1101101011 0.000447035 0
1101101100 0.0202789 -3.14159
1101101101 0.0212708 -3.14159
1101101110 0.0235748 -3.14159
1101101111 0.00565338 -3.14159
1101110000 0.0198364 -3.14159
1101110001 0.0566101 0
1101110010 0.00435257 -3.14159
1101110011 0.0362549 -3.14159
1101110100 0.00985718 -3.14159
1101110101 0.0742798 -3.14159
1101110110 0.0191803 -3.14159
1101110111 0.0194397 -3.14159
1101111000 0.0176392 0
1101111001 0.00293541 -3.14159
1101111010 0.0111771 -3.14159
1101111011 0.0137405 -3.14159
1101111100 0.0125732 -3.14159
1101111101 0.0600281 -3.14159
1101111110 0.0404663 -3.14159
1101111111 0.0501099 0
1110000000 0.04776 -3.14159
1110000001 0.00496674 0
1110000010 0.058136 0
1110000011 0.0195923 0
1110000100 0.0728149 0
1110000101 0.0789795 0
1110000110 0.053894 -3.14159
1110000111 0.00333786 0
1110001000 0.0207062 0
1110001001 0.0213318 0
1110001010 0.024826 0
1110001011 0.00498199 0
1110001100 0.00667191 0
1110001101 0.0270996 0
1110001110 0.0144348 0
1110001111 0.00184155 -3.14159
1110010000 0.0296478 0
1110010001 0.0456238 -3.14159
1110010010 0.0470581 -3.14159
1110010011 0.00721741 0
1110010100 0.0264893 -3.14159
1110010101 0.0730591 -3.14159
1110010110 0.0275269 0
1110010111 0.0708618 -3.14159
1110011000 0.0162354 0
1110011001 0.00517273 0
1110011010 0.0543823 -3.14159
1110011011 0.0100937 -3.14159
1110011100 0.032196 0
1110011101 0.0300751 -3.14159
1110011110 0.0100937 0
1110011111 0.0427551 0
1110100000 0.0167847 0
1110100001 0.00415039 0
1110100010 0.023941 0
1110100011 0.0121078 -3.14159
1110100100 0.0572205 0
1110100101 0.0516052 0
1110100110 0.0419617 -3.14159
1110100111 0.00302887 -3.14159
1110101000 0.0226898 -3.14159
1110101001 0.0371399 0
1110101010 0.0157318 0
1110101011 0.0216522 0
1110101100 0.0372925 -3.14159
1110101101 0.00405121 0
1110101110 0.0042038 -3.14159
1110101111 0.0136871 -3.14159
1110110000 0.0275879 0
1110110001 0.0186768 0
1110110010 0.0570068 -3.14159
1110110011 0.0430298 -3.14159
1110110100 0.00831604 -3.14159
1110110101 0.0249329 0
1110110110 0.0292053 -3.14159
1110110111 0.0171661 -3.14159
1110111000 0.00259209 0
1110111001 0.0128479 0
1110111010 0.0280151 0
1110111011 0.0197144 0
1110111100 0.00453186 -3.14159
1110111101 0.049408 -3.14159
1110111110 0.026474 0
1110111111 0.00647354 0
1111000000 0.00210762 -3.14159
1111000001 0.0800781 0
1111000010 0.0441284 0
1111000011 0.00994873 0
1111000100 0.0129929 -3.14159
1111000101 0.0523071 -3.14159
1111000110 0.00462723 0
1111000111 0.0128326 0
1111001000 0.044342 0
1111001001 0.00918579 0
1111001010 0.0286713 -3.14159
1111001011 0.0275574 -3.14159
1111001100 0.0116653 -3.14159
1111001101 0.0618286 0
1111001110 0.00481796 0
1111001111 0.0242004 0
1111010000 0.00717545 -3.14159
1111010001 0.0157166 -3.14159
1111010010 0.0182495 -3.14159
1111010011 0.0246277 -3.14159
1111010100 0.00308418 0
1111010101 0.0342712 -3.14159
1111010110 0.052948 0
1111010111 0.0313721 0
1111011000 0.0450745 0
1111011001 0.00518036 -3.14159
1111011010 0.00862122 0
1111011011 0.021637 0
1111011100 0.0170746 0
1111011101 0.012291 0
1111011110 0.0179138 0
1111011111 0.01194 -3.14159
1111100000 0.0836182 0
1111100001 0.0112686 -3.14159
1111100010 0.00292778 0
1111100011 0.0248413 0
1111100100 0.071167 -3.14159
1111100101 0.0275269 0
1111100110 0.0567322 -3.14159
1111100111 0.0321045 -3.14159
1111101000 0.0457764 -3.14159
1111101001 0.0357666 -3.14159
1111101010 0.0599365 -3.14159
1111101011 0.0652466 0
1111101100 0.0661011 0
1111101101 0.0181122 -3.14159
1111101110 0.0566101 0
1111101111 0.0325317 0
1111110000 0.00913239 -3.14159
1111110001 0.0497131 0
1111110010 0.0236359 -3.14159
1111110011 0.0085144 -3.14159
1111110100 0.014534 0
1111110101 0.0158844 0
1111110110 0.0406494 0
1111110111 0.0309753 0
1111111000 0.00564575 0
1111111001 0.0449524 -3.14159
1111111010 0.000376701 0
1111111011 0.0297699 -3.14159
1111111100 0.00273514 0
1111111101 0.032959 0
1111111110 0.0177307 -3.14159
1111111111 0.00513077 0
