0000000000 0.00327682 -3.14159
0000000001 0.0223999 0
0000000010 0.0117569 0
0000000011 0.00259209 0
0000000100 0.0146103 -3.14159
0000000101 0.0107193 0
0000000110 0.00517273 -3.14159
0000000111 0.0413513 -3.14159
0000001000 0.0344238 0
0000001001 0.0251312 0
0000001010 0.0130844 -3.14159
0000001011 0.0198669 -3.14159
0000001100 0.0159912 0
0000001101 0.00116634 -3.14159
0000001110 0.0177917 0
0000001111 0.00969696 -3.14159
0000010000 0.0165863 0
0000010001 0.039856 0
0000010010 0.0428162 -3.14159
0000010011 0.0314636 -3.14159
0000010100 0.0245972 -3.14159
0000010101 0.0463257 -3.14159
0000010110 0.0357056 -3.14159
0000010111 0.00139999 -3.14159
0000011000 0.0231934 -3.14159
0000011001 0.0119171 0
0000011010 0.0152359 0
0000011011 0.0500183 0
0000011100 0.026001 0
0000011101 0.0038414 0
0000011110 0.04953 -3.14159
0000011111 0.0730591 0
0000100000 0.0813599 -3.14159
0000100001 0.0105896 -3.14159
0000100010 0.0757446 -3.14159
0000100011 0.0285187 0
0000100100 0.0203705 -3.14159
0000100101 0.0171356 0
0000100110 0.039978 0
0000100111 0.0110397 -3.14159
0000101000 0.0183411 0
0000101001 0.0558167 0
0000101010 0.0276184 -3.14159
0000101011 0.0629272 0
0000101100 0.00965881 0
0000101101 0.00348282 0
0000101110 0.0098114 -3.14159
0000101111 0.0162048 0
0000110000 0.02565 0
0000110001 0.00894928 -3.14159
0000110010 0.0368652 0
0000110011 0.0164795 0
0000110100 0.0509338 -3.14159
0000110101 0.0106354 0
0000110110 0.0476685 0
0000110111 0.00653076 -3.14159
0000111000 0.0213318 0
0000111001 0.0481262 -3.14159
0000111010 0.0113907 0
0000111011 0.00308228 0
0000111100 0.0162201 -3.14159
0000111101 0.0548096 0
0000111110 0.00881195 -3.14159
0000111111 0.0139084 -3.14159
0001000000 0.0325623 0
0001000001 0.0422974 -3.14159
0001000010 0.0170898 -3.14159
0001000011 0.00704193 -3.14159
0001000100 0.0164185 -3.14159
0001000101 0.0194855 0
0001000110 0.0164337 0
0001000111 0.00484848 0
0001001000 0.0847168 -3.14159
0001001001 0.000991821 -3.14159
0001001010 0.0184326 -3.14159
0001001011 0.022171 -3.14159
0001001100 0.0276794 0
0001001101 0.0320435 -3.14159
0001001110 0.0428162 0
0001001111 0.0170135 0
0001010000 0.0244141 0
0001010001 0.00357819 0
0001010010 0.071106 0
0001010011 0.00940704 -3.14159
0001010100 0.019989 -3.14159
0001010101 0.00215912 -3.14159
0001010110 0.00369263 -3.14159
0001010111 0.0436401 -3.14159
0001011000 0.0610962 0
0001011001 0.0444641 0
0001011010 0.00636673 0
0001011011 0.0656128 -3.14159
0001011100 0.0354309 0
0001011101 0.00264549 0
0001011110 0.0512085 -3.14159
0001011111 0.00284958 -3.14159
0001100000 0.0605164 -3.14159
0001100001 0.00692368 0
0001100010 0.0205994 -3.14159
0001100011 0.00881195 0
0001100100 0.0345154 0
0001100101 0.0257111 -3.14159
0001100110 0.00201988 0
0001100111 0.105957 0
0001101000 0.0480652 0
0001101001 0.00193214 0
0001101010 0.00440598 -3.14159
0001101011 0.0167084 -3.14159
0001101100 0.0496521 -3.14159
0001101101 0.029541 -3.14159
0001101110 0.0349426 0
0001101111 0.0126877 0
0001110000 0.0415955 -3.14159
0001110001 0.0141373 0
0001110010 0.0497131 -3.14159
0001110011 0.0167236 0
0001110100 0.0357056 0
0001110101 0.0110092 -3.14159
0001110110 0.0286102 -3.14159
0001110111 0.0227814 -3.14159
0001111000 0.0166626 -3.14159
0001111001 0.0312805 -3.14159
0001111010 0.0166321 0
0001111011 0.0247345 0
0001111100 0.0114365 -3.14159
0001111101 0.0427551 0
0001111110 0.0045433 -3.14159
0001111111 0.0336914 0
0010000000 0.00181198 0
0010000001 0.045105 0
0010000010 0.0223083 -3.14159
0010000011 0.0343323 -3.14159
0010000100 0.000771999 0
0010000101 0.0178833 -3.14159
0010000110 0.0254822 -3.14159
0010000111 0.0523376 -3.14159
0010001000 0.00471878 0
0010001001 0.0314331 0
0010001010 0.00201797 0
0010001011 0.0285034 -3.14159
0010001100 0.0141754 -3.14159
0010001101 0.0368042 -3.14159
0010001110 0.0148697 0
0010001111 0.0198669 -3.14159
0010010000 0.0765991 -3.14159
0010010001 0.0187531 -3.14159
0010010010 0.0124435 -3.14159
0010010011 0.0250549 -3.14159
0010010100 0.0513306 -3.14159
0010010101 0.0303955 -3.14159
0010010110 0.00531006 0
0010010111 0.000872135 0
0010011000 1.88351e-05 -3.14159
0010011001 0.0298462 -3.14159
0010011010 0.0234222 0
0010011011 0.0401306 0
0010011100 0.0351562 0
0010011101 0.0457458 0
0010011110 0.00388336 0
0010011111 0.0163727 0
0010100000 0.0245361 -3.14159
0010100001 0.0213013 0
0010100010 0.0507202 -3.14159
0010100011 0.0153122 -3.14159
0010100100 0.00596237 -3.14159
0010100101 0.000663757 -3.14159
0010100110 0.0483704 0
0010100111 0.0317383 0
0010101000 0.00619125 0
0010101001 0.000447512 -3.14159
0010101010 0.0198669 -3.14159
0010101011 0.0262299 -3.14159
0010101100 0.039917 -3.14159
0010101101 0.0817261 0
0010101110 0.0012989 0
0010101111 0.0146027 0
0010110000 0.0162811 -3.14159
0010110001 0.0022583 0
0010110010 0.0223389 0
0010110011 0.0159302 -3.14159
0010110100 0.0309143 0
0010110101 0.0112305 0
0010110110 0.0175781 -3.14159
0010110111 0.0165405 -3.14159
0010111000 0.0252838 0
0010111001 0.0118256 -3.14159
0010111010 0.016449 -3.14159
0010111011 0.0091629 0
0010111100 0.0109711 -3.14159
0010111101 0.0193176 -3.14159
0010111110 0.0177155 0
0010111111 0.0233154 0
0011000000 0.00109005 0
0011000001 0.0208588 0
0011000010 0.0506287 0
0011000011 0.00307655 0
0011000100 0.00294304 0
0011000101 0.00997162 0
0011000110 0.0161438 0
0011000111 0.0129166 -3.14159
0011001000 0.0218201 0
0011001001 0.0205688 0
0011001010 0.045105 0
0011001011 0.0453491 -3.14159
0011001100 0.0030117 0
0011001101 0.0285492 -3.14159
0011001110 0.0977173 0
0011001111 0.00835419 0
0011010000 0.0205383 -3.14159
0011010001 0.00453568 -3.14159
0011010010 0.00520325 -3.14159
0011010011 0.0194855 -3.14159
0011010100 0.0196381 -3.14159
0011010101 0.0505981 -3.14159
0011010110 0.0103607 -3.14159
0011010111 0.0160675 0
0011011000 0.0173492 0
0011011001 0.0209808 -3.14159
0011011010 0.0114594 -3.14159
0011011011 0.0149918 -3.14159
0011011100 0.0129623 0
0011011101 0.0317993 -3.14159
0011011110 0.0180969 0
0011011111 0.0497131 0
0011100000 0.0285034 0
0011100001 0.00732803 0
0011100010 0.0085907 0
0011100011 0.00301933 0
0011100100 0.010788 -3.14159
0011100101 0.0219727 0
0011100110 0.031189 0
0011100111 0.0415344 0
0011101000 0.0137329 -3.14159
0011101001 0.0124435 0
0011101010 0.0087738 0
0011101011 0.0250549 0
0011101100 0.00537491 0
0011101101 0.00891113 -3.14159
0011101110 0.0512085 -3.14159
0011101111 0.0254059 -3.14159
0011110000 0.00697708 -3.14159
0011110001 0.0536804 0
0011110010 0.025177 0
0011110011 0.0359497 0
0011110100 0.0148468 -3.14159
0011110101 0.0239105 0
0011110110 0.0641479 -3.14159
0011110111 0.0424194 0
0011111000 0.00393677 0
0011111001 0.0468445 -3.14159
0011111010 0.0148392 0
0011111011 0.0353088 -3.14159
0011111100 0.0219879 -3.14159
0011111101 0.0143738 -3.14159
0011111110 0.0402527 0
0011111111 0.0153351 -3.14159
0100000000 0.0346375 0
0100000001 0.0158539 -3.14159
0100000010 0.0165558 -3.14159
0100000011 0.00195885 0
0100000100 0.0624695 -3.14159
0100000101 0.0387573 0
0100000110 0.0526733 0
0100000111 0.0448608 -3.14159
0100001000 0.0154724 0
0100001001 0.0157623 0
0100001010 0.0109558 0
0100001011 0.030365 -3.14159
0100001100 0.0122223 0
0100001101 0.0174866 -3.14159
0100001110 0.00776672 0
0100001111 0.0019083 0
0100010000 0.032074 0
0100010001 0.0775757 -3.14159
0100010010 0.0136337 0
0100010011 0.00421906 0
0100010100 0.0661011 -3.14159
0100010101 0.0562134 -3.14159
0100010110 0.0218658 0
0100010111 0.0480042 -3.14159
0100011000 0.000123978 -3.14159
0100011001 0.0438538 0
0100011010 0.0218048 -3.14159
0100011011 0.0133133 0
0100011100 0.0211334 -3.14159
0100011101 0.030838 -3.14159
0100011110 0.0285187 0
0100011111 0.0100174 -3.14159
0100100000 0.0147552 -3.14159
0100100001 0.0346069 0
0100100010 0.0197754 -3.14159
0100100011 0.0290375 0
0100100100 0.0183411 0
0100100101 0.0246735 -3.14159
0100100110 0.0990601 0
0100100111 0.0264587 -3.14159
0100101000 0.0429382 0
0100101001 0.0522156 -3.14159
0100101010 0.0021553 0
0100101011 0.0545654 0
0100101100 0.0431213 -3.14159
0100101101 0.00796509 0
0100101110 0.0444336 -3.14159
0100101111 0.0231323 0
0100110000 0.043335 0
0100110001 0.02565 0
0100110010 0.00415802 -3.14159
0100110011 0.046875 -3.14159
0100110100 0.0324707 0
0100110101 0.0166931 0
0100110110 0.00754929 -3.14159
0100110111 0.0378723 0
0100111000 0.0101624 -3.14159
0100111001 0.0262146 0
0100111010 0.0227966 0
0100111011 0.00593185 0
0100111100 0.00226402 -3.14159
0100111101 0.0245972 0
0100111110 0.00273514 0
0100111111 0.00513458 -3.14159
0101000000 0.000845909 -3.14159
0101000001 0.0318909 -3.14159
0101000010 0.0445557 -3.14159
0101000011 0.0294342 -3.14159
0101000100 0.00531006 0
0101000101 0.0466614 0
0101000110 0.0242615 0
0101000111 0.025177 0
0101001000 0.00759125 -3.14159
0101001001 0.0519104 -3.14159
0101001010 0.00387573 0
0101001011 0.0127411 0
0101001100 0.0151291 -3.14159
0101001101 0.0109711 -3.14159
0101001110 0.00785828 -3.14159
0101001111 0.0385742 0
0101010000 0.00315475 -3.14159
0101010001 0.0103302 0
0101010010 0.0177155 -3.14159
0101010011 0.013649 0
0101010100 0.033905 -3.14159
0101010101 0.0394897 0
0101010110 0.0340881 -3.14159
0101010111 0.02948 0
0101011000 0.0248413 0
0101011001 0.0222321 0
0101011010 0.0299683 0
0101011011 0.000105858 0
0101011100 0.0377808 0
0101011101 0.00863647 -3.14159
0101011110 0.0234985 -3.14159
0101011111 0.00544739 0
0101100000 0.0457153 -3.14159
0101100001 0.0289764 -3.14159
0101100010 0.00263596 0
0101100011 0.0190277 -3.14159
0101100100 0.0428162 -3.14159
0101100101 0.001894 -3.14159
0101100110 0.0433655 -3.14159
0101100111 0.0280914 0
0101101000 0.000613213 0
0101101001 0.0244141 -3.14159
0101101010 0.0447388 -3.14159
0101101011 0.0121765 -3.14159
0101101100 0.016861 0
0101101101 0.0306091 0
0101101110 0.0254211 -3.14159
0101101111 0.0191498 -3.14159
0101110000 0.0560913 0
0101110001 0.0333862 -3.14159
0101110010 0.0638428 -3.14159
0101110011 0.0274048 0
0101110100 0.0209961 -3.14159
0101110101 0.0182343 -3.14159
0101110110 0.0268097 -3.14159
0101110111 0.00466919 0
0101111000 0.0263367 -3.14159
0101111001 0.00137997 0
0101111010 0.0111389 0
0101111011 0.00780106 -3.14159
0101111100 0.0226288 0
0101111101 0.0131836 -3.14159
0101111110 0.02948 0
0101111111 0.0224609 0
0110000000 0.0323486 -3.14159
0110000001 0.0172882 -3.14159
0110000010 0.00756836 0
0110000011 0.0211639 0
0110000100 0.0100555 -3.14159
0110000101 0.00592041 -3.14159
0110000110 0.0109634 0
0110000111 0.0484924 -3.14159
0110001000 0.00343323 -3.14159
0110001001 0.0285645 0
0110001010 0.0316772 0
0110001011 0.0558472 -3.14159
0110001100 0.0327454 0
0110001101 0.0638428 -3.14159
0110001110 0.0319214 0
0110001111 0.025589 0
0110010000 0.0274506 0
0110010001 0.0131989 -3.14159
0110010010 0.0349426 0
0110010011 0.0124283 0
0110010100 0.0207977 -3.14159
0110010101 0.0643311 -3.14159
0110010110 0.0327148 0
0110010111 0.0047226 -3.14159
0110011000 0.0230408 -3.14159
0110011001 0.116455 -3.14159
0110011010 0.0146103 0
0110011011 0.000772953 -3.14159
0110011100 0.0103302 -3.14159
0110011101 0.0444031 -3.14159
0110011110 0.00759506 -3.14159
0110011111 0.0201874 0
0110100000 0.024353 0
0110100001 0.0249481 -3.14159
0110100010 0.0257263 0
0110100011 0.0264587 0
0110100100 0.0118637 0
0110100101 0.0761719 0
0110100110 0.0133286 -3.14159
0110100111 0.0634155 0
0110101000 0.0049057 -3.14159
0110101001 0.0190277 0
0110101010 0.03479 0
0110101011 0.0500488 0
0110101100 0.0597229 -3.14159
0110101101 0.0139999 0
0110101110 0.0409546 0
0110101111 0.017807 -3.14159
0110110000 0.000833988 0
0110110001 0.0580444 0
0110110010 0.0186768 0
0110110011 0.034729 0
0110110100 0.0126038 -3.14159
0110110101 0.0473328 0
0110110110 0.0336304 0
0110110111 0.0573425 -3.14159
0110111000 0.0446167 -3.14159
0110111001 0.0390625 0
0110111010 0.016449 -3.14159
0110111011 0.100769 0
0110111100 0.0366821 -3.14159
0110111101 0.0534973 -3.14159
0110111110 0.00280762 -3.14159
0110111111 0.0159149 0
0111000000 0.010704 0
0111000001 0.00907135 -3.14159
0111000010 0.0342407 0
0111000011 0.0309143 -3.14159
0111000100 0.00513458 -3.14159
0111000101 0.0558472 -3.14159
0111000110 0.00712585 0
0111000111 0.0395813 -3.14159
0111001000 0.0192261 0
0111001001 0.00960541 -3.14159
0111001010 0.0321045 0
0111001011 0.0268707 0
0111001100 0.0144348 -3.14159
0111001101 0.0520935 -3.14159
0111001110 0.0193024 0
0111001111 0.000415087 0
0111010000 0.022171 -3.14159
0111010001 0.00570297 -3.14159
0111010010 0.0480042 0
0111010011 0.0542297 0
0111010100 0.0202789 -3.14159
0111010101 0.00621414 0
0111010110 0.0692139 0
0111010111 0.00391388 0
0111011000 0.010788 -3.14159
0111011001 0.0104752 -3.14159
0111011010 0.0268707 0
0111011011 0.0135651 -3.14159
0111011100 0.0333862 0
0111011101 0.00166512 -3.14159
0111011110 0.0625 -3.14159
0111011111 0.0143661 -3.14159
0111100000 0.0155411 0
0111100001 0.0170746 0
0111100010 0.00414276 0
0111100011 0.0301514 -3.14159
0111100100 0.00706482 -3.14159
0111100101 0.0358887 0
0111100110 0.0238647 -3.14159
0111100111 0.00385475 -3.14159
0111101000 0.0542297 -3.14159
0111101001 0.00985718 0
0111101010 0.00959778 0
0111101011 0.00534821 -3.14159
0111101100 0.00359917 0
0111101101 0.0596619 -3.14159
0111101110 0.0258179 0
0111101111 0.0464172 0
0111110000 0.00457382 -3.14159
0111110001 0.00913239 0
0111110010 0.0441895 -3.14159
0111110011 0.0144653 0
0111110100 0.0207825 -3.14159
0111110101 0.0198059 -3.14159
0111110110 0.0158997 -3.14159
0111110111 0.0172577 -3.14159
0111111000 0.00585556 -3.14159
0111111001 0.0506287 0
0111111010 0.06604 -3.14159
0111111011 0.0340881 -3.14159
0111111100 0.011116 -3.14159
0111111101 0.0257874 0
0111111110 0.0106964 -3.14159
0111111111 0.0147552 0
1000000000 0.00702286 -3.14159
1000000001 0.00213051 -3.14159
1000000010 0.00129795 -3.14159
1000000011 0.0177612 0
1000000100 0.0343018 0
1000000101 0.015976 -3.14159
1000000110 0.016571 -3.14159
1000000111 0.00623703 -3.14159
1000001000 0.00495148 -3.14159
1000001001 0.0152969 0
1000001010 0.0291901 -3.14159
1000001011 0.0106964 -3.14159
1000001100 0.0379944 -3.14159
1000001101 0.0179596 -3.14159
1000001110 0.0148087 0
1000001111 0.0119019 -3.14159
1000010000 0.0228424 -3.14159
1000010001 0.0162811 0
1000010010 0.0153122 -3.14159
1000010011 0.0145493 -3.14159
1000010100 0.0513306 0
1000010101 0.0193176 -3.14159
1000010110 0.0395508 0
1000010111 0.0267029 0
1000011000 0.0287628 0
1000011001 0.0702515 -3.14159
1000011010 0.04245 0
1000011011 0.00611877 -3.14159
1000011100 0.0181732 0
1000011101 0.0392761 0
1000011110 0.00285912 0
1000011111 0.0112457 -3.14159
1000100000 0.00790405 -3.14159
1000100001 0.0243683 0
1000100010 0.00286484 -3.14159
1000100011 0.019455 0
1000100100 0.0415955 -3.14159
1000100101 0.016098 -3.14159
1000100110 0.0398254 -3.14159
1000100111 0.0176392 -3.14159
1000101000 0.0099411 0
1000101001 0.0396423 0
1000101010 0.0118866 0
1000101011 0.00119781 0
1000101100 0.0325623 -3.14159
1000101101 0.0584412 -3.14159
1000101110 0.0413208 -3.14159
1000101111 0.0207672 -3.14159
1000110000 0.0146103 -3.14159
1000110001 0.00681686 0
1000110010 0.0225677 0
1000110011 0.0156403 0
1000110100 0.0122223 -3.14159
1000110101 0.0110779 0
1000110110 0.0165405 0
1000110111 0.0283813 0
1000111000 0.0665283 -3.14159
1000111001 0.0118866 0
1000111010 0.00809479 -3.14159
1000111011 0.00600052 -3.14159
1000111100 0.000474691 0
1000111101 0.0278625 0
1000111110 0.00885773 0
1000111111 0.00148296 -3.14159
1001000000 0.0170135 -3.14159
1001000001 0.0287018 -3.14159
1001000010 0.0148621 0
1001000011 0.00226021 0
1001000100 0.00208664 -3.14159
1001000101 0.00625229 0
1001000110 0.0050621 -3.14159
1001000111 0.0256042 -3.14159
1001001000 0.0458679 0
1001001001 0.0163422 -3.14159
1001001010 0.0162506 0
1001001011 0.0224915 0
1001001100 0.0400696 0
1001001101 0.0148315 -3.14159
1001001110 0.00576019 0
1001001111 0.0297852 -3.14159
1001010000 0.0361633 0
1001010001 0.0339966 0
1001010010 0.045166 -3.14159
1001010011 0.0512085 -3.14159
1001010100 0.0147705 -3.14159
1001010101 0.000589848 -3.14159
1001010110 0.0098114 0
1001010111 0.0259247 0
1001011000 0.0317383 -3.14159
1001011001 0.00912476 0
1001011010 0.00926971 0
1001011011 0.0224457 -3.14159
1001011100 0.0122375 -3.14159
1001011101 0.0198364 0
1001011110 0.0256958 0
1001011111 0.00445175 0
1001100000 0.0118332 -3.14159
1001100001 0.019455 0
1001100010 0.0123901 -3.14159
1001100011 0.0110245 0
1001100100 0.0289764 -3.14159
1001100101 0.0240021 0
1001100110 0.00899506 0
1001100111 0.0951538 0
1001101000 0.00160313 -3.14159
1001101001 0.0422363 -3.14159
1001101010 0.026001 0
1001101011 0.00725937 0
1001101100 0.00479126 0
1001101101 0.0575867 0
1001101110 0.00411224 -3.14159
1001101111 0.0495605 0
1001110000 0.0282593 0
1001110001 0.0348511 -3.14159
1001110010 0.00469589 0
1001110011 0.0259857 0
1001110100 0.0379944 -3.14159
1001110101 0.0566711 0
1001110110 0.0368652 0
1001110111 0.00332069 0
1001111000 0.0231934 0
1001111001 0.00533676 0
1001111010 0.00858307 -3.14159
1001111011 0.0150146 -3.14159
1001111100 0.0067215 -3.14159
1001111101 0.00709915 -3.14159
1001111110 0.0237122 -3.14159
1001111111 0.0180511 -3.14159
1010000000 0.00740051 -3.14159
1010000001 0.0173645 -3.14159
1010000010 0.0385437 -3.14159
1010000011 0.0321655 -3.14159
1010000100 0.00689316 -3.14159
1010000101 0.0409546 0
1010000110 0.0395508 0
1010000111 0.0410156 -3.14159
1010001000 0.0500488 -3.14159
1010001001 0.0604858 0
1010001010 0.050354 -3.14159
1010001011 0.026825 0
1010001100 0.0279694 0
1010001101 0.0252991 0
1010001110 0.0280609 -3.14159
1010001111 0.00586319 -3.14159
1010010000 0.022583 0
1010010001 0.0167389 -3.14159
1010010010 0.0349426 -3.14159
1010010011 0.0356445 -3.14159
1010010100 0.0203552 -3.14159
1010010101 0.00624847 0
1010010110 0.0208893 -3.14159
1010010111 0.0348206 0
1010011000 0.00341606 0
1010011001 0.0446167 0
1010011010 0.00603104 -3.14159
1010011011 0.00198174 -3.14159
1010011100 0.0143814 -3.14159
1010011101 0.032959 0
1010011110 0.0472107 0
1010011111 0.00194645 0
1010100000 0.00198364 -3.14159
1010100001 0.00698471 0
1010100010 0.0138397 -3.14159
1010100011 0.0100098 -3.14159
1010100100 0.0363464 -3.14159
1010100101 0.0386658 0
1010100110 0.00117016 0
1010100111 0.0349426 0
1010101000 0.01474 -3.14159
1010101001 0.0245361 0
1010101010 0.0150604 0
1010101011 0.122864 0
1010101100 0.0237885 0
1010101101 0.00478363 0
1010101110 0.00320625 -3.14159
1010101111 0.0127335 -3.14159
1010110000 0.0480652 0
1010110001 0.0423584 -3.14159
1010110010 0.0215607 -3.14159
1010110011 0.033783 0
1010110100 0.0224457 0
1010110101 0.0058403 -3.14159
1010110110 0.0214996 -3.14159
1010110111 0.0264893 -3.14159
1010111000 0.0100708 -3.14159
1010111001 0.0362854 0
1010111010 0.0314941 -3.14159
1010111011 0.00589371 -3.14159
1010111100 0.0283508 -3.14159
1010111101 0.0578003 0
1010111110 0.0134583 -3.14159
1010111111 0.027359 -3.14159
1011000000 0.0324707 0
1011000001 0.0107956 -3.14159
1011000010 0.0102005 0
1011000011 0.00154781 0
1011000100 0.0248566 0
1011000101 0.033783 0
1011000110 0.0063858 -3.14159
1011000111 0.00403976 0
1011001000 0.0552368 -3.14159
1011001001 0.0266876 0
1011001010 0.00195217 0
1011001011 0.00793457 0
1011001100 0.0345764 0
1011001101 0.0192871 0
1011001110 0.042572 -3.14159
1011001111 0.00139236 0
1011010000 0.0117264 -3.14159
1011010001 0.0525513 -3.14159
1011010010 0.0032711 0
1011010011 0.0143051 -3.14159
1011010100 0.0115128 0
1011010101 0.0557556 -3.14159
1011010110 0.0160065 -3.14159
1011010111 0.0396118 -3.14159
1011011000 0.000402451 0
1011011001 0.0420227 0
1011011010 0.0153885 0
1011011011 0.00349045 -3.14159
1011011100 0.0147781 -3.14159
1011011101 0.0340271 0
1011011110 0.0370789 -3.14159
1011011111 0.0438232 -3.14159
1011100000 0.0269318 0
1011100001 0.00650406 0
1011100010 0.0177612 -3.14159
1011100011 0.0717773 0
1011100100 0.0282288 0
1011100101 0.021759 0
1011100110 0.0222778 0
1011100111 0.0202942 0
1011101000 0.0255432 0
1011101001 0.019989 -3.14159
1011101010 0.00531006 -3.14159
1011101011 0.017746 -3.14159
1011101100 0.0326538 0
1011101101 0.000741959 -3.14159
1011101110 0.0542603 0
1011101111 0.110962 0
1011110000 0.0291138 0
1011110001 0.00559235 -3.14159
1011110010 0.0196533 0
1011110011 0.01651 -3.14159
1011110100 0.0222168 -3.14159
1011110101 0.0181885 0
1011110110 0.0487671 -3.14159
1011110111 0.022522 -3.14159
1011111000 0.016449 0
1011111001 0.0462646 -3.14159
1011111010 0.0112152 -3.14159
1011111011 0.00136662 -3.14159
1011111100 0.0601501 0
1011111101 0.0386963 0
1011111110 0.067749 0
1011111111 0.0222168 0
1100000000 0.0426941 -3.14159
1100000001 0.0343628 0
1100000010 0.00788116 -3.14159
1100000011 0.0119476 0
1100000100 0.0292511 -3.14159
1100000101 0.000736237 0
1100000110 0.0111694 0
1100000111 0.0100327 0
1100001000 0.0179138 0
1100001001 0.0373535 0
1100001010 0.000769138 0
1100001011 0.0353088 0
1100001100 0.000508785 0
1100001101 0.00229836 -3.14159
1100001110 0.0353699 0
1100001111 0.0134964 0
1100010000 0.0648804 0
1100010001 0.0169525 0
1100010010 0.00242043 -3.14159
1100010011 0.0495605 -3.14159
1100010100 0.00388527 -3.14159
1100010101 0.0444336 -3.14159
1100010110 0.00386238 -3.14159
1100010111 0.0601501 0
1100011000 0.0291901 -3.14159
1100011001 0.0248871 -3.14159
1100011010 0.00531769 0
1100011011 0.0333862 0
1100011100 0.0160675 -3.14159
1100011101 0.0231018 0
1100011110 0.0119476 -3.14159
1100011111 0.0286255 -3.14159
1100100000 0.0438538 0
1100100001 0.0254822 -3.14159
1100100010 0.00357628 0
1100100011 0.0163269 0
1100100100 0.0173187 0
1100100101 0.0550537 -3.14159
1100100110 0.0054245 0
1100100111 0.00111961 0
1100101000 0.0351562 -3.14159
1100101001 0.0286255 0
1100101010 0.0175934 0
1100101011 0.0601807 0
1100101100 0.0214386 -3.14159
1100101101 0.0328979 -3.14159
1100101110 0.0892944 0
1100101111 0.0152664 0
1100110000 0.0162048 -3.14159
1100110001 0.0193939 -3.14159
1100110010 0.0412598 0
1100110011 0.0208588 -3.14159
1100110100 0.0110855 0
1100110101 0.0394897 -3.14159
1100110110 0.0389099 0
1100110111 0.0123978 0
1100111000 0.00866699 -3.14159
1100111001 0.00577164 0
1100111010 0.00551987 -3.14159
1100111011 0.0617981 -3.14159
1100111100 0.0411072 -3.14159
1100111101 0.0179138 -3.14159
1100111110 0.0375061 -3.14159
1100111111 0.0244446 -3.14159
1101000000 0.057251 0
1101000001 0.0237274 -3.14159
1101000010 0.0025692 0
1101000011 0.0177612 -3.14159
1101000100 0.0454712 0
1101000101 0.0637207 0
1101000110 0.0259857 0
1101000111 0.00295067 -3.14159
1101001000 0.0301208 0
1101001001 0.00410843 0
1101001010 0.00873566 -3.14159
1101001011 0.0322876 0
1101001100 0.00630951 0
1101001101 0.0158386 0
1101001110 0.00223732 0
1101001111 0.00235748 -3.14159
1101010000 0.0102463 0
1101010001 0.00524902 -3.14159
1101010010 0.00994873 0
1101010011 0.0551453 0
1101010100 0.0079422 0
1101010101 0.00423813 0
1101010110 0.0187836 0
1101010111 0.0269318 0
1101011000 0.0115051 0
1101011001 0.0264893 0
1101011010 0.0426636 0
1101011011 0.00489044 -3.14159
1101011100 0.0131073 0
1101011101 0.020752 0
1101011110 0.0175629 -3.14159
1101011111 0.0526123 -3.14159
1101100000 0.000421524 -3.14159
1101100001 0.026886 -3.14159
1101100010 0.0163879 -3.14159
1101100011 0.0422974 0
1101100100 0.026123 -3.14159
1101100101 0.0518799 -3.14159
1101100110 0.0316772 -3.14159
1101100111 0.0223389 0
1101101000 0.0446777 0
1101101001 0.0161591 0
1101101010 0.0460205 0
1101101011 0.0188141 0
1101101100 0.0171509 -3.14159
1101101101 0.0142365 0
1101101110 0.0298462 0
1101101111 0.0592346 -3.14159
1101110000 0.0206604 -3.14159
1101110001 0.0466003 0
1101110010 0.00783539 0
1101110011 0.0375977 -3.14159
1101110100 0.0158386 -3.14159
1101110101 0.022522 0
1101110110 0.0231018 -3.14159
1101110111 0.0452576 -3.14159
1101111000 0.0386047 -3.14159
1101111001 0.000103354 -3.14159
1101111010 0.0113678 -3.14159
1101111011 0.027359 -3.14159
1101111100 0.0411987 0
1101111101 0.0157471 -3.14159
1101111110 0.0208588 0
1101111111 0.0183868 -3.14159
1110000000 0.00185204 0
1110000001 0.0168457 0
1110000010 0.0802612 0
1110000011 0.0121536 -3.14159
1110000100 0.0224915 -3.14159
1110000101 0.00397491 0
1110000110 0.0314636 -3.14159
1110000111 0.0441589 0
1110001000 0.00366592 0
1110001001 0.0134888 -3.14159
1110001010 0.0136414 0
1110001011 0.00200081 -3.14159
1110001100 0.00258827 0
1110001101 0.0646362 0
1110001110 0.0270691 0
1110001111 0.00894165 0
1110010000 0.0393677 -3.14159
1110010001 0.0205078 0
1110010010 3.77297e-05 0
1110010011 0.0295105 0
1110010100 0.0385742 -3.14159
1110010101 0.0435181 -3.14159
1110010110 0.0609741 0
1110010111 0.0137405 -3.14159
1110011000 0.00635529 -3.14159
1110011001 0.0247192 -3.14159
1110011010 0.0412292 0
1110011011 0.0349731 -3.14159
1110011100 0.00818634 0
1110011101 0.0291138 -3.14159
1110011110 0.0222626 -3.14159
1110011111 0.0715942 0
1110100000 0.0174866 0
1110100001 0.00272751 0
1110100010 0.0507202 -3.14159
1110100011 0.00305367 -3.14159
1110100100 0.0108795 0
1110100101 0.0458374 0
1110100110 0.0111847 -3.14159
1110100111 0.011261 0
1110101000 0.00254822 -3.14159
1110101001 0.00393295 0
1110101010 0.00524902 0
1110101011 0.0166168 0
1110101100 0.025528 0
1110101101 0.0269775 0
1110101110 0.0228119 0
1110101111 0.0032959 0
1110110000 0.0133514 0
1110110001 0.0155869 -3.14159
1110110010 0.0202332 -3.14159
1110110011 0.0744629 -3.14159
1110110100 0.00522995 0
1110110101 0.0453796 -3.14159
1110110110 0.0235596 0
1110110111 0.0152435 -3.14159
1110111000 0.00241661 -3.14159
1110111001 0.098938 -3.14159
1110111010 0.0130081 -3.14159
1110111011 0.00511551 -3.14159
1110111100 0.0296631 -3.14159
1110111101 0.0289612 0
1110111110 0.0307465 -3.14159
1110111111 0.042572 -3.14159
1111000000 0.0192566 0
1111000001 0.0310211 -3.14159
1111000010 0.0285797 0
1111000011 0.0195618 -3.14159
1111000100 0.0327759 -3.14159
1111000101 0.0250549 -3.14159
1111000110 0.0341187 0
1111000111 0.000651836 0
1111001000 0.00299263 -3.14159
1111001001 0.00156021 0
1111001010 0.0059433 -3.14159
1111001011 0.0379333 0
1111001100 0.0137787 -3.14159
1111001101 0.0320435 -3.14159
1111001110 0.00721359 0
1111001111 0.0993652 0
1111010000 0.00786591 -3.14159
1111010001 0.0311127 -3.14159
1111010010 0.00537491 0
1111010011 0.00048089 -3.14159
1111010100 0.00809479 0
1111010101 0.0207214 0
1111010110 0.0230713 0
1111010111 0.00110531 0
1111011000 0.0448914 0
1111011001 0.0256042 -3.14159
1111011010 0.050415 -3.14159
1111011011 0.0120392 0
1111011100 0.021759 0
1111011101 0.0268402 -3.14159
1111011110 0.00559998 -3.14159
1111011111 0.0293427 -3.14159
1111100000 0.0209503 0
1111100001 0.0118256 -3.14159
1111100010 0.0143127 0
1111100011 0.074707 -3.14159
1111100100 0.0401306 0
1111100101 0.0128555 -3.14159
1111100110 0.0420532 0
1111100111 0.00626755 -3.14159
1111101000 0.000288963 0
1111101001 0.00600052 0
1111101010 0.0431519 -3.14159
1111101011 0.0521545 -3.14159
1111101100 0.0870361 0
1111101101 0.0333557 -3.14159
1111101110 0.0334167 0
1111101111 0.0495605 0
1111110000 0.03125 -3.14159
1111110001 0.0626831 0
1111110010 0.000874043 -3.14159
1111110011 0.0419617 -3.14159
1111110100 0.0527344 -3.14159
1111110101 0.0266418 0
1111110110 0.0511475 -3.14159
1111110111 0.0232086 0
1111111000 0.0122147 -3.14159
1111111001 0.0498657 -3.14159
1111111010 0.016571 -3.14159
1111111011 0.0187531 -3.14159
1111111100 0.0212708 0
1111111101 0.0208435 0
1111111110 0.0525818 0
1111111111 0.017395 0
