0000000000 0.0150604 0
0000000001 0.0234833 0
0000000010 0.00432968 -3.14159
0000000011 0.00898743 -3.14159
0000000100 0.010231 0
0000000101 0.0198669 0
0000000110 0.06427 -3.14159
0000000111 0.00555801 0
0000001000 0.0147934 0
0000001001 0.0357361 -3.14159
0000001010 0.0106277 -3.14159
0000001011 0.00658035 0
0000001100 0.0197449 -3.14159
0000001101 0.00473404 0
0000001110 0.0290222 0
0000001111 0.0462952 0
0000010000 0.00567627 0
0000010001 0.0243835 -3.14159
0000010010 0.0267487 -3.14159
0000010011 0.0262146 -3.14159
0000010100 0.0395813 -3.14159
0000010101 0.0132751 0
0000010110 0.00754929 -3.14159
0000010111 0.0243683 0
0000011000 0.0433044 0
0000011001 0.024765 -3.14159
0000011010 0.0393982 -3.14159
0000011011 0.0355225 -3.14159
0000011100 0.0388489 -3.14159
0000011101 0.0212555 -3.14159
0000011110 0.00948334 0
0000011111 0.0120468 -3.14159
0000100000 0.0742188 -3.14159
0000100001 0.00668335 -3.14159
0000100010 0.0587158 -3.14159
0000100011 0.0254822 -3.14159
0000100100 0.0210724 0
0000100101 0.00820923 0
0000100110 0.0262604 -3.14159
0000100111 0.00445175 0
0000101000 0.021759 -3.14159
0000101001 0.0302277 -3.14159
0000101010 0.0201111 -3.14159
0000101011 0.00793457 -3.14159
0000101100 0.0523682 -3.14159
0000101101 0.00829315 0
0000101110 0.00808716 0
0000101111 0.0123825 0
0000110000 0.0279694 0
0000110001 0.0339661 -3.14159
0000110010 0.0518799 -3.14159
0000110011 0.0135117 0
0000110100 0.036377 -3.14159
0000110101 0.0293274 -3.14159
0000110110 0.00824738 -3.14159
0000110111 0.0298615 0
0000111000 0.0299835 -3.14159
0000111001 0.0176849 -3.14159
0000111010 0.0183105 -3.14159
0000111011 0.0253296 -3.14159
0000111100 0.0179596 0
0000111101 0.00653839 0
0000111110 0.00996399 0
0000111111 0.0130997 0
0001000000 0.0705566 0
0001000001 0.0188751 0
0001000010 0.0140076 0
0001000011 0.0224152 0
0001000100 0.0298767 -3.14159
0001000101 0.0402527 -3.14159
0001000110 0.00798798 -3.14159
0001000111 0.00323677 -3.14159
0001001000 0.0366516 -3.14159
0001001001 0.011116 -3.14159
0001001010 0.0310364 0
0001001011 0.0130157 -3.14159
0001001100 0.0396729 -3.14159
0001001101 0.0017662 0
0001001110 0.0260925 0
0001001111 0.00317955 -3.14159
0001010000 0.00250435 -3.14159
0001010001 0.0195923 -3.14159
0001010010 0.0296173 -3.14159
0001010011 0.0194092 0
0001010100 0.0266724 0
0001010101 0.00266457 0
0001010110 0.00642776 0
0001010111 0.0060463 -3.14159
0001011000 0.0108871 -3.14159
0001011001 0.0344849 0
0001011010 0.0167236 0
0001011011 0.0277557 0
0001011100 0.0244446 0
0001011101 0.0230103 -3.14159
0001011110 0.0245209 -3.14159
0001011111 0.0169525 0
0001100000 0.013092 -3.14159
0001100001 0.0301666 -3.14159
0001100010 0.0805054 -3.14159
0001100011 0.0298004 -3.14159
0001100100 0.0498352 -3.14159
0001100101 0.00997162 -3.14159
0001100110 0.0410156 -3.14159
0001100111 0.0116653 0
0001101000 0.00714874 0
0001101001 0.0886841 0
0001101010 0.0251312 -3.14159
0001101011 0.0140839 0
0001101100 0.00666046 0
0001101101 0.0377197 -3.14159
0001101110 0.00204849 -3.14159
0001101111 0.00181675 -3.14159
0001110000 0.0452576 -3.14159
0001110001 0.0177002 -3.14159
0001110010 0.0624084 -3.14159
0001110011 0.046875 0
0001110100 0.00804138 -3.14159
0001110101 0.0235291 0
0001110110 0.00152302 0
0001110111 0.0523071 -3.14159
0001111000 0.0517883 -3.14159
0001111001 0.00664139 -3.14159
0001111010 0.0376282 -3.14159
0001111011 0.0126801 -3.14159
0001111100 0.0306702 -3.14159
0001111101 0.0257874 0
0001111110 0.0362244 -3.14159
0001111111 0.0100708 -3.14159
0010000000 0.0368347 0
0010000001 0.032135 -3.14159
0010000010 0.00270844 0
0010000011 0.0268555 -3.14159
0010000100 0.0214386 0
0010000101 0.036438 -3.14159
0010000110 0.0145874 0
0010000111 0.0210114 -3.14159
0010001000 0.0151291 -3.14159
0010001001 0.000700474 0
0010001010 0.00789642 0
0010001011 0.0278625 -3.14159
0010001100 0.0256042 0
0010001101 0.0256195 0
0010001110 0.0546265 0
0010001111 0.00685883 -3.14159
0010010000 0.0268707 -3.14159
0010010001 0.0224152 -3.14159
0010010010 0.0198059 -3.14159
0010010011 0.0208588 -3.14159
0010010100 0.0178375 -3.14159
0010010101 0.00297737 0
0010010110 0.0015583 -3.14159
0010010111 0.0285645 0
0010011000 0.00976562 -3.14159
0010011001 0.0219727 -3.14159
0010011010 0.0114365 0
0010011011 0.0182343 -3.14159
0010011100 0.0151749 -3.14159
0010011101 0.0222168 0
0010011110 0.0203857 -3.14159
0010011111 0.0155563 -3.14159
0010100000 0.0174866 0
0010100001 0.0114822 0
0010100010 0.0125275 0
0010100011 0.001194 0
0010100100 0.0134735 0
0010100101 0.0401917 -3.14159
0010100110 0.00595474 0
0010100111 0.00953674 0
0010101000 0.00800323 -3.14159
0010101001 0.0349426 0
0010101010 0.0147858 0
0010101011 0.0420837 0
0010101100 0.0351868 0
0010101101 0.0248566 0
0010101110 0.00852966 -3.14159
0010101111 0.0245056 0
0010110000 0.0267487 0
0010110001 0.0854492 -3.14159
0010110010 0.00176716 -3.14159
0010110011 0.0564575 0
0010110100 0.0163422 0
0010110101 0.00612259 -3.14159
0010110110 0.0103989 0
0010110111 0.0426941 -3.14159
0010111000 1.7941e-05 0
0010111001 0.030014 -3.14159
0010111010 0.0157318 -3.14159
0010111011 0.0020237 0
0010111100 0.0541382 0
0010111101 0.0460205 -3.14159
0010111110 0.00171947 0
0010111111 0.0752563 -3.14159
0011000000 0.0537415 0
0011000001 0.0298615 0
0011000010 0.0204926 0
0011000011 0.0378723 0
0011000100 0.0170593 -3.14159
0011000101 0.00900269 -3.14159
0011000110 0.0140762 0
0011000111 0.0110245 -3.14159
0011001000 0.0283813 0
0011001001 0.00968933 -3.14159
0011001010 0.0268402 0
0011001011 0.020813 -3.14159
0011001100 0.0158539 0
0011001101 0.0071106 -3.14159
0011001110 0.00552368 0
0011001111 0.000993729 0
0011010000 0.0173492 0
0011010001 0.00930023 0
0011010010 0.0135727 0
0011010011 0.00312042 -3.14159
0011010100 0.0157623 0
0011010101 0.00380135 -3.14159
0011010110 0.0446472 -3.14159
0011010111 0.0617065 0
0011011000 0.00123882 0
0011011001 0.0422363 0
0011011010 0.0140228 0
0011011011 0.00728607 0
0011011100 0.00788879 0
0011011101 0.0203857 -3.14159
0011011110 0.0361023 -3.14159
0011011111 0.0137177 -3.14159
0011100000 0.0118637 0
0011100001 0.019455 0
0011100010 0.012352 -3.14159
0011100011 0.0321045 -3.14159
0011100100 0.0266876 0
0011100101 0.052887 0
0011100110 0.00722122 -3.14159
0011100111 0.0076828 -3.14159
0011101000 0.0289917 -3.14159
0011101001 0.00157261 -3.14159
0011101010 0.0720825 -3.14159
0011101011 0.0206909 -3.14159
0011101100 0.0142441 -3.14159
0011101101 0.00182629 -3.14159
0011101110 0.0149002 0
0011101111 0.0545654 0
0011110000 0.00755692 0
0011110001 0.0171661 -3.14159
0011110010 0.0409241 0
0011110011 0.0697021 -3.14159
0011110100 0.00791931 -3.14159
0011110101 0.0101547 0
0011110110 0.0152283 0
0011110111 0.0104446 -3.14159
0011111000 0.0866089 0
0011111001 0.0282593 0
0011111010 0.00422287 0
0011111011 0.0106049 -3.14159
0011111100 0.0232697 0
0011111101 0.0400696 -3.14159
0011111110 0.0104065 0
0011111111 0.0325012 0
0100000000 0.036499 0
0100000001 0.0206451 0
0100000010 0.0232849 -3.14159
0100000011 0.0179291 0
0100000100 0.0466919 -3.14159
0100000101 0.0189362 -3.14159
0100000110 0.0320129 0
0100000111 0.058197 0
0100001000 0.00249863 -3.14159
0100001001 0.00239944 0
0100001010 0.00588226 0
0100001011 0.0593872 -3.14159
0100001100 0.0167084 -3.14159
0100001101 0.00345993 0
0100001110 0.0114822 -3.14159
0100001111 0.0317383 -3.14159
0100010000 0.0334167 0
0100010001 0.0566101 -3.14159
0100010010 0.022583 -3.14159
0100010011 0.00768661 -3.14159
0100010100 0.0587158 0
0100010101 0.011795 -3.14159
0100010110 0.0245819 0
0100010111 0.000804901 0
0100011000 0.020401 0
0100011001 0.01828 0
0100011010 0.024704 -3.14159
0100011011 0.071167 -3.14159
0100011100 0.00888824 -3.14159
0100011101 0.000796318 0
0100011110 0.0221252 -3.14159
0100011111 0.0234375 0
0100100000 0.0205536 -3.14159
0100100001 0.0103378 0
0100100010 0.0103226 -3.14159
0100100011 0.00173092 0
0100100100 0.0249176 -3.14159
0100100101 0.00866699 0
0100100110 0.064209 -3.14159
0100100111 0.0441895 -3.14159
0100101000 0.0333862 0
0100101001 0.0765381 -3.14159
0100101010 0.0602417 0
0100101011 0.0211334 -3.14159
0100101100 0.0599365 0
0100101101 0.0648193 -3.14159
0100101110 0.04953 0
0100101111 0.0288391 0
0100110000 0.0164337 0
0100110001 0.0406494 -3.14159
0100110010 0.0063324 0
0100110011 0.0182343 -3.14159
0100110100 0.0121536 0
0100110101 0.0336304 0
0100110110 0.00617218 -3.14159
0100110111 0.00788116 0
0100111000 0.0391235 -3.14159
0100111001 0.0519409 -3.14159
0100111010 0.0293274 -3.14159
0100111011 0.052063 -3.14159
0100111100 0.0561829 -3.14159
0100111101 0.00124645 -3.14159
0100111110 0.0557251 0
0100111111 0.000196457 0
0101000000 0.000230551 -3.14159
0101000001 0.00733185 0
0101000010 0.0298309 -3.14159
0101000011 0.000626087 0
0101000100 0.0268707 -3.14159
0101000101 0.0208588 0
0101000110 0.0518494 -3.14159
0101000111 0.0384521 -3.14159
0101001000 0.0303802 0
0101001001 0.0178833 -3.14159
0101001010 0.0246735 0
0101001011 0.042511 0
0101001100 0.0354614 0
0101001101 0.00970459 0
0101001110 0.00928497 0
0101001111 0.0115814 -3.14159
0101010000 0.0413818 0
0101010001 0.0197296 0
0101010010 0.0385132 0
0101010011 0.0457458 -3.14159
0101010100 0.024765 0
0101010101 0.0346375 0
0101010110 0.0156097 0
0101010111 0.00622177 -3.14159
0101011000 0.0532837 0
0101011001 0.0124207 0
0101011010 0.00802612 0
0101011011 0.0500488 -3.14159
0101011100 0.0280151 -3.14159
0101011101 0.0621948 0
0101011110 0.0103226 0
0101011111 0.0391235 0
0101100000 0.0266266 0
0101100001 0.0633545 -3.14159
0101100010 0.0103912 0
0101100011 0.0161438 -3.14159
0101100100 0.00590515 0
0101100101 0.0213165 0
0101100110 0.0199738 -3.14159
0101100111 0.0308533 -3.14159
0101101000 0.0680542 -3.14159
0101101001 0.0243835 0
0101101010 0.0354309 0
0101101011 0.0283356 0
0101101100 0.0312195 -3.14159
0101101101 0.030304 -3.14159
0101101110 0.0210724 -3.14159
0101101111 0.0204163 -3.14159
0101110000 0.0116272 -3.14159
0101110001 0.00416946 -3.14159
0101110010 0.0332947 -3.14159
0101110011 0.0175934 0
0101110100 0.0214691 0
0101110101 0.00689316 -3.14159
0101110110 0.000726223 0
0101110111 0.0183258 -3.14159
0101111000 0.0111008 0
0101111001 0.0533752 0
0101111010 0.00378227 -3.14159
0101111011 0.0427246 -3.14159
0101111100 0.0239258 -3.14159
0101111101 0.00355148 -3.14159
0101111110 0.00964355 0
0101111111 0.0621338 0
0110000000 0.0241852 0
0110000001 0.0541382 0
0110000010 0.0486755 -3.14159
0110000011 0.0368347 0
0110000100 0.0895386 -3.14159
0110000101 0.00945282 0
0110000110 0.0404358 0
0110000111 0.00490952 0
0110001000 0.00370979 0
0110001001 0.0224152 -3.14159
0110001010 0.0299683 -3.14159
0110001011 0.0114212 -3.14159
0110001100 0.00761414 0
0110001101 0.0239563 -3.14159
0110001110 0.0310974 0
0110001111 0.0171661 -3.14159
0110010000 0.0328369 0
0110010001 0.00155735 0
0110010010 0.0122375 -3.14159
0110010011 0.0100327 0
0110010100 0.103577 -3.14159
0110010101 0.0622864 -3.14159
0110010110 0.000751019 -3.14159
0110010111 0.0188904 0
0110011000 0.00378799 0
0110011001 0.0232391 -3.14159
0110011010 0.00485992 0
0110011011 0.0537415 0
0110011100 0.0208282 0
0110011101 0.0213623 0
0110011110 0.0168152 0
0110011111 0.0372314 0
0110100000 0.0481262 0
0110100001 0.0322571 0
0110100010 0.0446472 0
0110100011 0.0392151 -3.14159
0110100100 0.0309601 0
0110100101 0.00606537 0
0110100110 0.0252228 0
0110100111 0.0110779 -3.14159
0110101000 0.0251923 -3.14159
0110101001 0.0157928 -3.14159
0110101010 0.0274658 0
0110101011 0.0329895 -3.14159
0110101100 0.0119705 -3.14159
0110101101 0.0202484 0
0110101110 0.0085144 0
0110101111 0.000753403 0
0110110000 0.0118942 -3.14159
0110110001 0.0744019 -3.14159
0110110010 0.014679 0
0110110011 0.0243835 -3.14159
0110110100 0.0116959 -3.14159
0110110101 0.0208435 0
0110110110 0.0453491 0
0110110111 0.0222015 0
0110111000 0.0370178 -3.14159
0110111001 0.0171814 -3.14159
0110111010 0.0229797 0
0110111011 0.0565491 0
0110111100 0.0328369 -3.14159
0110111101 0.0130005 -3.14159
0110111110 0.0233154 -3.14159
0110111111 0.0426331 -3.14159
0111000000 0.00132847 0
0111000001 0.0646973 -3.14159
0111000010 0.0207977 0
0111000011 0.0165863 -3.14159
0111000100 0.0244751 -3.14159
0111000101 0.02005 0
0111000110 0.0149689 -3.14159
0111000111 0.0102234 -3.14159
0111001000 0.0469666 0
0111001001 0.0358887 0
0111001010 0.00762177 -3.14159
0111001011 0.0233307 0
0111001100 0.00308037 0
0111001101 0.0295868 -3.14159
0111001110 0.0570984 0
0111001111 0.0687256 0
0111010000 0.0219879 0
0111010001 0.0156403 0
0111010010 0.0102463 0
0111010011 0.0502014 0
0111010100 0.0382996 0
0111010101 0.0237274 -3.14159
0111010110 0.00449371 -3.14159
0111010111 0.00282288 0
0111011000 0.026413 0
0111011001 0.025177 -3.14159
0111011010 0.00408554 -3.14159
0111011011 0.0126266 0
0111011100 0.0212555 0
0111011101 0.0536499 0
0111011110 0.0387573 0
0111011111 0.0406189 -3.14159
0111100000 0.00251579 0
0111100001 0.0132141 0
0111100010 0.0130081 0
0111100011 0.0141144 0
0111100100 0.0208893 -3.14159
0111100101 0.0202637 -3.14159
0111100110 0.00209618 -3.14159
0111100111 0.0346069 -3.14159
0111101000 0.0423279 -3.14159
0111101001 0.0183258 0
0111101010 0.0392456 -3.14159
0111101011 0.00904083 -3.14159
0111101100 0.00424957 -3.14159
0111101101 0.0194855 -3.14159
0111101110 0.031311 0
0111101111 0.0166473 -3.14159
0111110000 0.00646591 -3.14159
0111110001 0.0172729 -3.14159
0111110010 0.00255775 -3.14159
0111110011 0.0718994 -3.14159
0111110100 0.0130997 0
0111110101 0.0269928 -3.14159
0111110110 0.0080719 0
0111110111 0.00169659 0
0111111000 0.0584412 -3.14159
0111111001 0.0274353 0
0111111010 0.0123901 0
0111111011 0.0293579 0
0111111100 0.0170746 -3.14159
0111111101 0.0157928 -3.14159
0111111110 0.0185547 -3.14159
0111111111 0.047699 0
1000000000 0.0233765 0
1000000001 0.00541306 -3.14159
1000000010 0.0055275 -3.14159
1000000011 0.00573349 -3.14159
1000000100 0.0254211 0
1000000101 0.040741 0
1000000110 0.0373535 0
1000000111 0.0140839 0
1000001000 0.0133209 -3.14159
1000001001 0.0378418 0
1000001010 0.0030117 0
1000001011 0.0370178 -3.14159
1000001100 0.00507736 0
1000001101 0.0328979 -3.14159
1000001110 0.0455017 -3.14159
1000001111 0.00709152 -3.14159
1000010000 0.0022068 -3.14159
1000010001 0.0698853 -3.14159
1000010010 0.0176544 0
1000010011 0.0284119 0
1000010100 0.0375977 0
1000010101 0.0352173 0
1000010110 0.0134735 0
1000010111 0.011673 0
1000011000 0.0253143 0
1000011001 0.0217743 0
1000011010 0.0196533 -3.14159
1000011011 0.0527954 0
1000011100 0.00356865 -3.14159
1000011101 0.00123215 0
1000011110 0.0152283 0
1000011111 0.0129395 -3.14159
1000100000 0.043457 -3.14159
1000100001 0.0460815 -3.14159
1000100010 0.0269012 0
1000100011 0.00501251 0
1000100100 0.013237 -3.14159
1000100101 0.0522766 -3.14159
1000100110 0.0449829 -3.14159
1000100111 0.0678101 0
1000101000 0.00940704 -3.14159
1000101001 0.0383911 -3.14159
1000101010 0.0196533 -3.14159
1000101011 0.011467 0
1000101100 0.0157928 -3.14159
1000101101 0.0229492 0
1000101110 0.0105743 0
1000101111 0.0117416 0
1000110000 0.000157595 0
1000110001 0.0208588 0
1000110010 0.0265045 0
1000110011 0.0368347 -3.14159
1000110100 0.0354309 -3.14159
1000110101 0.000923157 0
1000110110 0.046936 -3.14159
1000110111 0.0355835 0
1000111000 0.0221252 -3.14159
1000111001 0.0266418 -3.14159
1000111010 0.065918 0
1000111011 0.0140991 -3.14159
1000111100 0.0402222 0
1000111101 0.0108414 0
1000111110 0.0186005 0
1000111111 0.0124741 0
1001000000 0.0119858 0
1001000001 0.0151367 -3.14159
1001000010 0.0188446 0
1001000011 0.0057869 0
1001000100 0.0183716 -3.14159
1001000101 0.0147018 0
1001000110 0.0388184 -3.14159
1001000111 0.041687 -3.14159
1001001000 0.039978 0
1001001001 0.00793457 0
1001001010 0.0267181 -3.14159
1001001011 0.00350189 -3.14159
1001001100 0.0175018 0
1001001101 0.0389404 -3.14159
1001001110 0.041626 -3.14159
1001001111 0.0278015 0
1001010000 0.0196991 -3.14159
1001010001 0.00975037 -3.14159
1001010010 0.00695801 0
1001010011 0.0153351 -3.14159
1001010100 0.0296478 -3.14159
1001010101 0.0598145 -3.14159
1001010110 0.00308418 -3.14159
1001010111 0.0201111 -3.14159
1001011000 0.0243835 0
1001011001 0.0146255 0
1001011010 0.0149307 0
1001011011 0.0287476 0
1001011100 0.00574493 0
1001011101 0.0360413 -3.14159
1001011110 0.0250397 -3.14159
1001011111 0.0430908 -3.14159
1001100000 0.000531673 -3.14159
1001100001 0.00926208 0
1001100010 0.0320435 -3.14159
1001100011 0.04422 0
1001100100 0.00666428 -3.14159
1001100101 0.0255585 0
1001100110 0.0481873 0
1001100111 0.0702515 0
1001101000 0.000738144 -3.14159
1001101001 0.0310669 -3.14159
1001101010 0.0480042 0
1001101011 0.0326843 0
1001101100 0.0436401 0
1001101101 0.0127869 -3.14159
1001101110 0.0440674 -3.14159
1001101111 0.0169525 -3.14159
1001110000 0.0349731 0
1001110001 0.0649414 -3.14159
1001110010 0.0246124 -3.14159
1001110011 0.0401611 0
1001110100 0.0437012 -3.14159
1001110101 0.00513077 -3.14159
1001110110 0.0157623 0
1001110111 0.013031 -3.14159
1001111000 0.0366211 0
1001111001 0.00849152 0
1001111010 0.000294209 0
1001111011 0.0289307 0
1001111100 0.0162506 0
1001111101 0.00542068 -3.14159
1001111110 0.0227509 -3.14159
1001111111 0.00804138 -3.14159
1010000000 0.00961304 0
1010000001 0.0211639 -3.14159
1010000010 0.00161839 -3.14159
1010000011 0.0013752 -3.14159
1010000100 0.00635529 0
1010000101 0.0430603 -3.14159
1010000110 0.0429688 -3.14159
1010000111 0.0110474 -3.14159
1010001000 0.0212097 -3.14159
1010001001 0.0437622 0
1010001010 0.0146103 0
1010001011 0.0501709 0
1010001100 0.0180206 -3.14159
1010001101 0.000109673 0
1010001110 0.0401001 0
1010001111 0.0467529 0
1010010000 0.0529175 0
1010010001 0.0191345 0
1010010010 0.0471497 -3.14159
1010010011 0.0360718 0
1010010100 0.0085907 -3.14159
1010010101 0.00154686 0
1010010110 0.0288086 0
1010010111 0.0119247 -3.14159
1010011000 0.0805054 0
1010011001 0.0309906 -3.14159
1010011010 0.0144653 0
1010011011 0.037262 -3.14159
1010011100 0.0288849 0
1010011101 0.0213776 0
1010011110 0.00137711 0
1010011111 0.0318909 -3.14159
1010100000 0.000875473 -3.14159
1010100001 0.0183258 -3.14159
1010100010 0.0152054 -3.14159
1010100011 0.0130234 -3.14159
1010100100 0.0049057 -3.14159
1010100101 0.0108337 -3.14159
1010100110 0.00398254 -3.14159
1010100111 0.0249786 -3.14159
1010101000 0.0109482 0
1010101001 0.0169067 0
1010101010 0.0114822 -3.14159
1010101011 0.00644302 0
1010101100 0.0227661 0
1010101101 0.0310364 -3.14159
1010101110 0.0253601 -3.14159
1010101111 0.00181389 0
1010110000 0.051239 0
1010110001 0.0038414 -3.14159
1010110010 0.0145569 0
1010110011 0.035675 -3.14159
1010110100 0.0492249 -3.14159
1010110101 0.0124512 0
1010110110 0.0079422 0
1010110111 0.0120392 -3.14159
1010111000 0.00979614 -3.14159
1010111001 0.000714779 0
1010111010 0.0445557 -3.14159
1010111011 0.0168152 -3.14159
1010111100 0.0418091 0
1010111101 0.014679 0
1010111110 0.0240021 -3.14159
1010111111 0.0131607 0
1011000000 0.0205841 -3.14159
1011000001 0.0440979 0
1011000010 0.0244293 0
1011000011 0.034668 -3.14159
1011000100 0.00971985 -3.14159
1011000101 0.0119171 -3.14159
1011000110 0.0132446 0
1011000111 0.0159912 0
1011001000 0.0149536 -3.14159
1011001001 0.0450745 -3.14159
1011001010 0.033844 -3.14159
1011001011 0.0321655 -3.14159
1011001100 0.0484619 -3.14159
1011001101 0.00158882 0
1011001110 0.0105057 0
1011001111 0.00981903 -3.14159
1011010000 0.000834465 -3.14159
1011010001 0.0286255 -3.14159
1011010010 0.00458145 0
1011010011 0.00764084 0
1011010100 0.0419006 -3.14159
1011010101 0.000630856 0
1011010110 0.0307007 0
1011010111 0.00898743 0
1011011000 0.0130844 0
1011011001 0.0358582 0
1011011010 0.02742 -3.14159
1011011011 0.0175629 -3.14159
1011011100 0.00335503 -3.14159
1011011101 0.0195465 0
1011011110 0.000314951 0
1011011111 0.00390053 0
1011100000 0.0144958 -3.14159
1011100001 0.0294647 -3.14159
1011100010 0.0641479 0
1011100011 0.0140762 0
1011100100 0.0218811 0
1011100101 0.0611877 0
1011100110 0.0304413 -3.14159
1011100111 0.0386658 -3.14159
1011101000 0.0826416 -3.14159
1011101001 0.0010004 -3.14159
1011101010 0.0484009 -3.14159
1011101011 0.0140457 0
1011101100 0.0110092 0
1011101101 0.039032 0
1011101110 0.00343323 -3.14159
1011101111 0.0482483 0
1011110000 0.0512695 -3.14159
1011110001 0.0140991 0
1011110010 0.00664902 0
1011110011 0.0189667 0
1011110100 0.00106335 0
1011110101 0.0107269 0
1011110110 0.0248566 -3.14159
1011110111 0.00820923 0
1011111000 0.0142822 0
1011111001 0.0283661 0
1011111010 0.0266418 -3.14159
1011111011 0.0923462 0
1011111100 0.0181122 -3.14159
1011111101 0.00235939 -3.14159
1011111110 0.0626221 0
1011111111 0.00196838 0
1100000000 0.0125122 0
1100000001 0.0079422 0
1100000010 0.0118637 -3.14159
1100000011 0.0334167 -3.14159
1100000100 0.0202942 -3.14159
1100000101 0.0889893 0
1100000110 0.00235939 -3.14159
1100000111 0.00988007 -3.14159
1100001000 0.0542908 -3.14159
1100001001 0.0994263 -3.14159
1100001010 0.0397034 -3.14159
1100001011 0.0157623 -3.14159
1100001100 0.00268173 -3.14159
1100001101 0.000644207 -3.14159
1100001110 0.0302734 -3.14159
1100001111 0.0377808 0
1100010000 0.00967407 -3.14159
1100010001 0.00541306 0
1100010010 0.049469 0
1100010011 0.00522614 -3.14159
1100010100 0.0341797 -3.14159
1100010101 0.0131531 -3.14159
1100010110 0.0353699 0
1100010111 0.0470581 0
1100011000 0.0673828 -3.14159
1100011001 0.0198669 0
1100011010 0.0598145 -3.14159
1100011011 0.0526123 0
1100011100 0.0298309 0
1100011101 0.032135 0
1100011110 0.00810242 -3.14159
1100011111 0.010231 -3.14159
1100100000 0.0433655 0
1100100001 0.0429688 0
1100100010 0.0173187 -3.14159
1100100011 0.0155334 0
1100100100 0.00907135 0
1100100101 0.0379944 -3.14159
1100100110 0.0327759 0
1100100111 0.0285645 -3.14159
1100101000 0.0233307 0
1100101001 0.032074 0
1100101010 0.013588 0
1100101011 0.0150757 -3.14159
1100101100 0.0224304 0
1100101101 0.0111618 -3.14159
1100101110 0.0500183 0
1100101111 0.029068 0
1100110000 0.0212555 0
1100110001 0.0564575 -3.14159
1100110010 0.0279694 -3.14159
1100110011 0.0152588 0
1100110100 0.0271759 0
1100110101 0.00897217 -3.14159
1100110110 0.0359802 0
1100110111 0.0290222 -3.14159
1100111000 0.00892639 -3.14159
1100111001 0.0742188 -3.14159
1100111010 0.0350037 0
1100111011 0.00952148 -3.14159
1100111100 0.0204315 -3.14159
1100111101 0.0177917 -3.14159
1100111110 0.0409546 -3.14159
1100111111 0.0394287 -3.14159
1101000000 0.0770874 -3.14159
1101000001 4.6134e-05 -3.14159
1101000010 0.023819 -3.14159
1101000011 0.00615311 -3.14159
1101000100 0.0374451 0
1101000101 0.00539398 0
1101000110 0.0157471 -3.14159
1101000111 0.0744629 0
1101001000 0.0499268 0
1101001001 0.0702515 0
1101001010 0.0102539 -3.14159
1101001011 0.0494995 0
1101001100 0.0224457 -3.14159
1101001101 0.00216484 -3.14159
1101001110 0.0353088 0
1101001111 0.0276947 0
1101010000 0.0300446 -3.14159
1101010001 0.0260468 0
1101010010 0.0358887 -3.14159
1101010011 0.0372314 -3.14159
1101010100 0.0396423 0
1101010101 0.00950623 -3.14159
1101010110 0.0335388 -3.14159
1101010111 0.0078125 -3.14159
1101011000 0.0351868 -3.14159
1101011001 0.00031352 -3.14159
1101011010 0.0244446 0
1101011011 0.0436401 -3.14159
1101011100 0.00952148 0
1101011101 0.0213318 -3.14159
1101011110 0.00224113 -3.14159
1101011111 0.0389099 -3.14159
1101100000 0.0865479 0
1101100001 0.0683594 0
1101100010 0.0265045 -3.14159
1101100011 0.0193634 -3.14159
1101100100 0.0301666 -3.14159
1101100101 0.045929 -3.14159
1101100110 0.0124893 -3.14159
1101100111 0.0525208 -3.14159
1101101000 0.00257683 -3.14159
1101101001 0.00565338 0
1101101010 0.026001 0
1101101011 0.00908661 0
1101101100 0.0351562 -3.14159
1101101101 0.0200806 0
1101101110 0.0143204 -3.14159
1101101111 0.0123596 -3.14159
1101110000 0.0195007 -3.14159
1101110001 0.051239 0
1101110010 0.00561142 -3.14159
1101110011 0.0628662 -3.14159
1101110100 0.00823212 -3.14159
1101110101 0.0631714 -3.14159
1101110110 0.00348282 0
1101110111 0.0169525 0
1101111000 0.021637 0
1101111001 0.00669479 0
1101111010 0.00688553 0
1101111011 0.0158997 0
1101111100 0.00804901 -3.14159
1101111101 0.0621338 -3.14159
1101111110 0.0584106 -3.14159
1101111111 0.0587158 0
1110000000 0.0419312 -3.14159
1110000001 0.0198822 -3.14159
1110000010 0.0550842 0
1110000011 0.0398254 0
1110000100 0.0570984 0
1110000101 0.0718384 0
1110000110 0.050293 -3.14159
1110000111 0.00112247 -3.14159
1110001000 0.00241661 0
1110001001 0.024765 0
1110001010 0.012352 0
1110001011 0.0289154 -3.14159
1110001100 0.00765991 -3.14159
1110001101 0.0114822 0
1110001110 0.0143356 -3.14159
1110001111 0.00986481 0
1110010000 0.0130005 -3.14159
1110010001 0.0522156 -3.14159
1110010010 0.027359 -3.14159
1110010011 0.000320911 0
1110010100 0.0444031 -3.14159
1110010101 0.0433655 -3.14159
1110010110 0.0302582 0
1110010111 0.0449829 -3.14159
1110011000 0.0184631 0
1110011001 0.0215302 0
1110011010 0.0387878 -3.14159
1110011011 0.0170898 -3.14159
1110011100 0.0291443 0
1110011101 0.00117779 -3.14159
1110011110 0.00829315 0
1110011111 0.00226402 -3.14159
1110100000 0.00746918 0
1110100001 0.0116043 0
1110100010 0.0357056 0
1110100011 0.0288544 -3.14159
1110100100 0.0463867 0
1110100101 0.0332031 0
1110100110 0.0279388 -3.14159
1110100111 0.0104904 -3.14159
1110101000 0.0125427 0
1110101001 0.00627136 0
1110101010 0.0391541 0
1110101011 0.0187378 0
1110101100 0.0240173 -3.14159
1110101101 0.00675964 0
1110101110 0.0434265 -3.14159
1110101111 0.0293121 -3.14159
1110110000 0.00361443 0
1110110001 0.0092926 0
1110110010 0.03125 -3.14159
1110110011 0.0391541 -3.14159
1110110100 0.0269165 -3.14159
1110110101 0.0695801 0
1110110110 0.0306396 -3.14159
1110110111 0.00744629 0
1110111000 0.0187683 0
1110111001 0.0439758 0
1110111010 0.0407715 0
1110111011 0.00764847 0
1110111100 0.0128708 -3.14159
1110111101 0.0396423 -3.14159
1110111110 0.0302734 0
1110111111 0.00555038 0
1111000000 0.0205078 -3.14159
1111000001 0.0750732 0
1111000010 0.0318604 0
1111000011 0.0110092 0
1111000100 0.012764 0
1111000101 0.0309296 -3.14159
1111000110 0.0121002 -3.14159
1111000111 0.0230255 0
1111001000 0.062439 0
1111001001 0.00753021 0
1111001010 0.0207062 -3.14159
1111001011 0.025528 -3.14159
1111001100 0.00808716 0
1111001101 0.0698242 0
1111001110 0.0072403 -3.14159
1111001111 0.0146637 -3.14159
1111010000 0.0119553 0
1111010001 0.000153422 -3.14159
1111010010 0.0116653 -3.14159
1111010011 0.046051 -3.14159
1111010100 0.00298309 0
1111010101 0.0106812 -3.14159
1111010110 0.0574036 0
1111010111 0.0292816 0
1111011000 0.0316772 0
1111011001 0.00419998 -3.14159
1111011010 0.00337029 -3.14159
1111011011 0.00120926 0
1111011100 0.0358887 0
1111011101 0.0194855 0
1111011110 0.0201111 0
1111011111 0.0159607 -3.14159
1111100000 0.0714111 0
1111100001 0.0052681 -3.14159
1111100010 0.00744629 -3.14159
1111100011 0.0372925 0
1111100100 0.0691528 -3.14159
1111100101 0.0116196 0
1111100110 0.0511169 -3.14159
1111100111 0.0267181 -3.14159
1111101000 0.0243683 -3.14159
1111101001 0.0121841 -3.14159
1111101010 0.0503845 -3.14159
1111101011 0.09198 0
1111101100 0.0630493 0
1111101101 0.0115891 0
1111101110 0.0224915 0
1111101111 0.0090332 -3.14159
1111110000 0.00878143 0
1111110001 0.0258484 0
1111110010 0.00954437 -3.14159
1111110011 0.0124893 0
1111110100 0.0320435 0
1111110101 0.00411224 0
1111110110 0.0377808 0
1111110111 0.0120316 -3.14159
1111111000 0.000602245 0
1111111001 0.0465698 -3.14159
1111111010 0.0180664 0
1111111011 0.0132751 -3.14159
1111111100 0.000967503 0
1111111101 0.0205383 0
1111111110 0.0120773 -3.14159
1111111111 0.0108643 0
