0000000000 0.00639725 -3.14159
0000000001 0.023056 0
0000000010 0.026535 0
0000000011 0.00359535 0
0000000100 0.0176544 -3.14159
0000000101 0.011528 0
0000000110 0.00725174 -3.14159
0000000111 0.0496826 -3.14159
0000001000 0.0201111 0
0000001001 0.0204468 0
0000001010 0.000151992 -3.14159
0000001011 0.0278015 -3.14159
0000001100 0.0170288 0
0000001101 0.00914001 -3.14159
0000001110 0.0192261 0
0000001111 0.00895691 0
0000010000 0.012352 0
0000010001 0.0121307 0
0000010010 0.030777 -3.14159
0000010011 0.0191498 -3.14159
0000010100 0.0192719 -3.14159
0000010101 0.0518188 -3.14159
0000010110 0.0445557 -3.14159
0000010111 0.0102386 0
0000011000 0.0223236 -3.14159
0000011001 0.000337362 -3.14159
0000011010 0.00796509 0
0000011011 0.0539856 0
0000011100 0.0137405 0
0000011101 0.00446701 -3.14159
0000011110 0.0454102 -3.14159
0000011111 0.0638428 0
0000100000 0.085144 -3.14159
0000100001 0.0136948 -3.14159
0000100010 0.0783081 -3.14159
0000100011 0.0265045 0
0000100100 0.00519943 -3.14159
0000100101 0.0180054 0
0000100110 0.0385437 0
0000100111 0.0185547 -3.14159
0000101000 0.0170288 0
0000101001 0.0552063 0
0000101010 0.0127411 -3.14159
0000101011 0.0590515 0
0000101100 0.0138245 0
0000101101 0.00024128 -3.14159
0000101110 0.01651 -3.14159
0000101111 0.0128632 0
0000110000 0.0475159 0
0000110001 0.00296593 -3.14159
0000110010 0.0248566 0
0000110011 0.0196838 0
0000110100 0.0577393 -3.14159
0000110101 0.0145721 0
0000110110 0.0381165 0
0000110111 0.00318718 -3.14159
0000111000 0.015419 0
0000111001 0.0528564 -3.14159
0000111010 0.000964642 -3.14159
0000111011 0.00223732 0
0000111100 0.00909424 -3.14159
0000111101 0.0419312 0
0000111110 0.0111618 -3.14159
0000111111 0.00151634 -3.14159
0001000000 0.0300293 0
0001000001 0.042572 -3.14159
0001000010 0.0223389 -3.14159
0001000011 0.000440121 -3.14159
0001000100 0.0221252 -3.14159
0001000101 0.0145416 0
0001000110 0.00394821 -3.14159
0001000111 0.0040741 0
0001001000 0.0765381 -3.14159
0001001001 0.00103283 0
0001001010 0.0144424 -3.14159
0001001011 0.0103607 -3.14159
0001001100 0.0301666 0
0001001101 0.0388489 -3.14159
0001001110 0.0401917 0
0001001111 0.00952148 0
0001010000 0.0252838 0
0001010001 0.00688171 -3.14159
0001010010 0.0506287 0
0001010011 0.0017519 0
0001010100 0.0184937 -3.14159
0001010101 0.00235748 0
0001010110 0.0184937 -3.14159
0001010111 0.0447693 -3.14159
0001011000 0.0683594 0
0001011001 0.0614014 0
0001011010 0.0185242 -3.14159
0001011011 0.0632324 -3.14159
0001011100 0.0350342 0
0001011101 0.00550079 0
0001011110 0.0523987 -3.14159
0001011111 0.000608921 0
0001100000 0.0707397 -3.14159
0001100001 0.011261 0
0001100010 0.0359802 -3.14159
0001100011 0.0142822 0
0001100100 0.0345459 0
0001100101 0.036438 -3.14159
0001100110 0.023056 0
0001100111 0.103027 0
0001101000 0.0529175 0
0001101001 0.00170326 0
0001101010 0.00221634 -3.14159
0001101011 0.02565 -3.14159
0001101100 0.0560608 -3.14159
0001101101 0.0136337 -3.14159
0001101110 0.0477295 0
0001101111 0.00203323 0
0001110000 0.0450439 -3.14159
0001110001 0.0159912 0
0001110010 0.0483704 -3.14159
0001110011 0.0115662 0
0001110100 0.0362854 0
0001110101 0.0163422 -3.14159
0001110110 0.0256195 -3.14159
0001110111 0.0259094 -3.14159
0001111000 0.0189056 -3.14159
0001111001 0.0171051 -3.14159
0001111010 0.021637 0
0001111011 0.0322266 0
0001111100 0.0176849 -3.14159
0001111101 0.0285034 0
0001111110 0.00145817 0
0001111111 0.0235596 0
0010000000 0.0133896 0
0010000001 0.0282745 0
0010000010 0.0226593 -3.14159
0010000011 0.0262909 -3.14159
0010000100 0.025589 -3.14159
0010000101 0.00693512 -3.14159
0010000110 0.0280609 -3.14159
0010000111 0.0696411 -3.14159
0010001000 0.00734329 -3.14159
0010001001 0.0139618 0
0010001010 0.00349426 0
0010001011 0.0255127 -3.14159
0010001100 0.0247803 -3.14159
0010001101 0.0163116 -3.14159
0010001110 0.0220947 0
0010001111 0.00411987 -3.14159
0010010000 0.0854492 -3.14159
0010010001 0.016983 -3.14159
0010010010 0.0176239 -3.14159
0010010011 0.0325623 -3.14159
0010010100 0.0614624 -3.14159
0010010101 0.0361633 -3.14159
0010010110 0.0291443 0
0010010111 0.00173473 0
0010011000 0.00868225 0
0010011001 0.0265656 -3.14159
0010011010 0.00896454 0
0010011011 0.0381165 0
0010011100 0.0357971 0
0010011101 0.0534363 0
0010011110 0.0136948 0
0010011111 0.0114594 0
0010100000 0.0175934 -3.14159
0010100001 0.0015564 -3.14159
0010100010 0.0502319 -3.14159
0010100011 0.0161438 -3.14159
0010100100 0.0148544 -3.14159
0010100101 0.00618744 0
0010100110 0.0382385 0
0010100111 0.0480957 0
0010101000 0.00874329 -3.14159
0010101001 0.00266075 -3.14159
0010101010 0.0209045 -3.14159
0010101011 0.0193329 -3.14159
0010101100 0.0386047 -3.14159
0010101101 0.0767212 0
0010101110 0.0224304 0
0010101111 0.00460815 0
0010110000 0.00846863 -3.14159
0010110001 0.000232458 0
0010110010 0.0273743 0
0010110011 0.0226288 -3.14159
0010110100 0.0136108 0
0010110101 0.0103455 0
0010110110 0.00753021 -3.14159
0010110111 0.0165558 -3.14159
0010111000 0.0166626 0
0010111001 0.00649643 -3.14159
0010111010 0.0127487 -3.14159
0010111011 0.0089798 0
0010111100 0.0205078 -3.14159
0010111101 0.0128479 -3.14159
0010111110 0.00185108 0
0010111111 0.00566483 0
0011000000 0.00376511 -3.14159
0011000001 0.0207672 0
0011000010 0.069458 0
0011000011 0.00551224 -3.14159
0011000100 0.00312805 0
0011000101 0.0270081 0
0011000110 0.00404358 0
0011000111 0.00360298 0
0011001000 0.0098877 0
0011001001 0.0253906 0
0011001010 0.0545044 0
0011001011 0.037384 -3.14159
0011001100 0.0102692 -3.14159
0011001101 0.0315552 -3.14159
0011001110 0.0979614 0
0011001111 0.00225449 -3.14159
0011010000 0.000692368 0
0011010001 0.016922 0
0011010010 0.0142899 -3.14159
0011010011 0.028656 -3.14159
0011010100 0.0332031 -3.14159
0011010101 0.0196381 -3.14159
0011010110 0.0152512 -3.14159
0011010111 0.0187073 0
0011011000 0.00383377 0
0011011001 0.00637436 -3.14159
0011011010 0.0153351 -3.14159
0011011011 0.0126724 -3.14159
0011011100 0.0140915 0
0011011101 0.031189 -3.14159
0011011110 0.0314636 0
0011011111 0.0539856 0
0011100000 0.0238342 0
0011100001 0.00870514 0
0011100010 0.0135193 0
0011100011 0.0172424 0
0011100100 0.00387383 0
0011100101 0.0164795 0
0011100110 0.0218201 0
0011100111 0.0279694 0
0011101000 0.0344543 -3.14159
0011101001 0.0124741 0
0011101010 0.0198822 0
0011101011 0.0267181 0
0011101100 0.00213623 0
0011101101 0.0104675 -3.14159
0011101110 0.0317993 -3.14159
0011101111 0.0223846 -3.14159
0011110000 0.000598907 -3.14159
0011110001 0.0354919 0
0011110010 0.0117569 0
0011110011 0.0437622 0
0011110100 0.0216217 -3.14159
0011110101 0.0164185 0
0011110110 0.0592957 -3.14159
0011110111 0.0572205 0
0011111000 0.0126038 0
0011111001 0.0526123 -3.14159
0011111010 0.0130768 0
0011111011 0.0377197 -3.14159
0011111100 0.0386047 -3.14159
0011111101 0.00229645 0
0011111110 0.0544128 0
0011111111 0.0100937 -3.14159
0100000000 0.0292664 0
0100000001 0.00979614 -3.14159
0100000010 0.00933838 -3.14159
0100000011 0.0170135 0
0100000100 0.0656128 -3.14159
0100000101 0.0207062 0
0100000110 0.056488 0
0100000111 0.0274353 -3.14159
0100001000 0.0301819 0
0100001001 0.0226593 0
0100001010 0.0155792 0
0100001011 0.0215149 -3.14159
0100001100 0.0118561 0
0100001101 0.0204773 -3.14159
0100001110 0.00187874 0
0100001111 0.00344086 0
0100010000 0.0240479 0
0100010001 0.0790405 -3.14159
0100010010 0.00550842 0
0100010011 0.0163879 0
0100010100 0.0593567 -3.14159
0100010101 0.079834 -3.14159
0100010110 0.0308685 0
0100010111 0.0335388 -3.14159
0100011000 0.0153885 -3.14159
0100011001 0.039093 0
0100011010 0.0231934 -3.14159
0100011011 0.0220337 0
0100011100 0.0238342 -3.14159
0100011101 0.0272064 -3.14159
0100011110 0.0249481 0
0100011111 0.0219269 -3.14159
0100100000 0.0126343 -3.14159
0100100001 0.036499 0
0100100010 0.00312424 -3.14159
0100100011 0.0286102 0
0100100100 0.0166321 0
0100100101 0.0233459 -3.14159
0100100110 0.108643 0
0100100111 0.0292206 -3.14159
0100101000 0.0372314 0
0100101001 0.0393982 -3.14159
0100101010 0.00068903 0
0100101011 0.0591431 0
0100101100 0.0404663 -3.14159
0100101101 0.0172119 0
0100101110 0.0222168 -3.14159
0100101111 0.0207977 0
0100110000 0.0344238 0
0100110001 0.00442886 0
0100110010 0.00788879 0
0100110011 0.0405884 -3.14159
0100110100 0.0258331 0
0100110101 0.012207 0
0100110110 0.00346756 0
0100110111 0.0367126 0
0100111000 0.0147018 -3.14159
0100111001 0.0302429 0
0100111010 0.0206299 0
0100111011 0.0038681 0
0100111100 0.000618458 -3.14159
0100111101 0.00760651 0
0100111110 0.00287819 0
0100111111 0.00487518 -3.14159
0101000000 0.00167465 0
0101000001 0.0310516 -3.14159
0101000010 0.0490723 -3.14159
0101000011 0.0359802 -3.14159
0101000100 0.00934601 0
0101000101 0.0415344 0
0101000110 0.0184174 0
0101000111 0.0332642 0
0101001000 0.0196075 -3.14159
0101001001 0.0484924 -3.14159
0101001010 0.00917053 0
0101001011 0.0193787 0
0101001100 0.0288391 -3.14159
0101001101 0.0243225 -3.14159
0101001110 0.0188141 -3.14159
0101001111 0.0250549 0
0101010000 0.00863647 0
0101010001 0.0188751 0
0101010010 0.0218201 -3.14159
0101010011 0.00676727 0
0101010100 0.0232544 -3.14159
0101010101 0.0140152 0
0101010110 0.0369568 -3.14159
0101010111 0.0312042 0
0101011000 0.0266418 0
0101011001 0.0279694 0
0101011010 0.0212402 0
0101011011 0.00323486 0
0101011100 0.0420837 0
0101011101 0.00344467 -3.14159
0101011110 0.046051 -3.14159
0101011111 0.0198975 0
0101100000 0.0392456 -3.14159
0101100001 0.0186615 -3.14159
0101100010 0.00385094 0
0101100011 0.022171 -3.14159
0101100100 0.0429382 -3.14159
0101100101 0.00404358 -3.14159
0101100110 0.0475159 -3.14159
0101100111 0.0270691 0
0101101000 0.0083847 -3.14159
0101101001 0.0248413 -3.14159
0101101010 0.057312 -3.14159
0101101011 0.0141678 -3.14159
0101101100 0.00655746 0
0101101101 0.0204163 0
0101101110 0.0209045 -3.14159
0101101111 0.034729 -3.14159
0101110000 0.0311279 0
0101110001 0.0410461 -3.14159
0101110010 0.0627441 -3.14159
0101110011 0.0241394 0
0101110100 0.0165863 -3.14159
0101110101 0.0115891 -3.14159
0101110110 0.0236511 -3.14159
0101110111 0.00777054 -3.14159
0101111000 0.0210266 -3.14159
0101111001 0.00110149 0
0101111010 0.0169983 0
0101111011 0.00801086 0
0101111100 0.0164948 0
0101111101 0.00555801 -3.14159
0101111110 0.0288391 0
0101111111 0.0260773 0
0110000000 0.0250092 -3.14159
0110000001 0.00444794 -3.14159
0110000010 0.0141525 0
0110000011 0.00691223 0
0110000100 0.0219269 -3.14159
0110000101 0.0100021 0
0110000110 0.00861359 0
0110000111 0.04422 -3.14159
0110001000 0.0055542 -3.14159
0110001001 0.0114746 0
0110001010 0.0334778 0
0110001011 0.0423279 -3.14159
0110001100 0.0523071 0
0110001101 0.0640869 -3.14159
0110001110 0.0132675 0
0110001111 0.0316467 0
0110010000 0.0201263 0
0110010001 0.0158234 -3.14159
0110010010 0.0313416 0
0110010011 0.0154877 0
0110010100 0.0432129 -3.14159
0110010101 0.0671387 -3.14159
0110010110 0.0279846 0
0110010111 0.000555992 0
0110011000 0.00137043 -3.14159
0110011001 0.119995 -3.14159
0110011010 0.00567245 0
0110011011 0.00488663 -3.14159
0110011100 0.00425339 0
0110011101 0.0223236 -3.14159
0110011110 0.0195923 -3.14159
0110011111 0.0208282 0
0110100000 0.00700378 0
0110100001 0.0278473 -3.14159
0110100010 0.0120468 0
0110100011 0.0416565 0
0110100100 0.0153656 0
0110100101 0.0916138 0
0110100110 0.0013752 -3.14159
0110100111 0.0547485 0
0110101000 0.0114822 -3.14159
0110101001 0.026123 0
0110101010 0.0482788 0
0110101011 0.0429382 0
0110101100 0.0625 -3.14159
0110101101 0.0166016 0
0110101110 0.0480957 0
0110101111 0.0043869 -3.14159
0110110000 0.0138168 0
0110110001 0.0601501 0
0110110010 0.0127716 0
0110110011 0.0194855 0
0110110100 0.0185699 -3.14159
0110110101 0.0554199 0
0110110110 0.0227661 0
0110110111 0.0524597 -3.14159
0110111000 0.0502319 -3.14159
0110111001 0.0119934 0
0110111010 0.0167847 -3.14159
0110111011 0.104126 0
0110111100 0.0318298 -3.14159
0110111101 0.0485229 -3.14159
0110111110 0.00824738 0
0110111111 0.0346069 0
0111000000 0.00144768 0
0111000001 0.0159454 -3.14159
0111000010 0.0446777 0
0111000011 0.0166321 -3.14159
0111000100 0.0018158 -3.14159
0111000101 0.0438843 -3.14159
0111000110 0.024353 0
0111000111 0.0299225 -3.14159
0111001000 0.0213928 0
0111001001 0.0142822 -3.14159
0111001010 0.0282898 0
0111001011 0.0307159 0
0111001100 0.0112991 -3.14159
0111001101 0.0592651 -3.14159
0111001110 0.0235443 0
0111001111 0.00127983 -3.14159
0111010000 0.00804901 -3.14159
0111010001 0.0109787 -3.14159
0111010010 0.0670776 0
0111010011 0.0574646 0
0111010100 0.0274353 -3.14159
0111010101 0.0155258 0
0111010110 0.0753784 0
0111010111 0.0149231 0
0111011000 0.0140686 -3.14159
0111011001 0.022522 -3.14159
0111011010 0.0215607 0
0111011011 0.00885773 -3.14159
0111011100 0.0254059 0
0111011101 0.00324249 -3.14159
0111011110 0.0545349 -3.14159
0111011111 0.0179291 -3.14159
0111100000 0.0197906 0
0111100001 0.00286484 -3.14159
0111100010 0.00400543 0
0111100011 0.00959015 -3.14159
0111100100 0.00874329 0
0111100101 0.0477295 0
0111100110 0.0257111 -3.14159
0111100111 0.0165863 -3.14159
0111101000 0.0513916 -3.14159
0111101001 0.0185242 0
0111101010 0.0206604 0
0111101011 0.00101471 -3.14159
0111101100 0.0124817 -3.14159
0111101101 0.0581055 -3.14159
0111101110 0.0235138 0
0111101111 0.0447388 0
0111110000 0.0134506 -3.14159
0111110001 0.015976 0
0111110010 0.0282745 -3.14159
0111110011 0.00986481 0
0111110100 0.0122986 -3.14159
0111110101 0.030426 -3.14159
0111110110 0.0107193 -3.14159
0111110111 0.0029335 -3.14159
0111111000 0.00144768 -3.14159
0111111001 0.0620728 0
0111111010 0.0620422 -3.14159
0111111011 0.0421448 -3.14159
0111111100 0.0245209 -3.14159
0111111101 0.0177155 0
0111111110 0.0221558 -3.14159
0111111111 0.0062561 -3.14159
1000000000 0.00862122 -3.14159
1000000001 0.00337029 -3.14159
1000000010 0.00521469 -3.14159
1000000011 0.000322104 -3.14159
1000000100 0.0353394 0
1000000101 0.0223083 -3.14159
1000000110 0.0147934 -3.14159
1000000111 0.00651169 0
1000001000 0.00387192 -3.14159
1000001001 0.00195885 0
1000001010 0.0350037 -3.14159
1000001011 0.0105667 -3.14159
1000001100 0.0461121 -3.14159
1000001101 0.033783 -3.14159
1000001110 0.0195923 0
1000001111 0.00315857 -3.14159
1000010000 0.0181274 -3.14159
1000010001 0.00187588 0
1000010010 0.0159912 -3.14159
1000010011 0.0161438 -3.14159
1000010100 0.0327759 0
1000010101 0.00707626 -3.14159
1000010110 0.0284424 0
1000010111 0.0272827 0
1000011000 0.0320435 0
1000011001 0.0575256 -3.14159
1000011010 0.0601196 0
1000011011 0.00239182 0
1000011100 0.0116272 0
1000011101 0.042572 0
1000011110 0.0132675 0
1000011111 0.000756741 0
1000100000 0.0175934 -3.14159
1000100001 0.0305023 0
1000100010 0.00687027 0
1000100011 0.0170593 0
1000100100 0.032196 -3.14159
1000100101 0.0120544 -3.14159
1000100110 0.0290527 -3.14159
1000100111 0.0241394 -3.14159
1000101000 0.0032692 -3.14159
1000101001 0.0413818 0
1000101010 0.00264549 0
1000101011 0.000290394 0
1000101100 0.0497131 -3.14159
1000101101 0.0587158 -3.14159
1000101110 0.0566101 -3.14159
1000101111 0.0240021 -3.14159
1000110000 0.0114746 -3.14159
1000110001 0.00418091 0
1000110010 0.0247803 0
1000110011 0.0098114 0
1000110100 0.00952911 -3.14159
1000110101 0.00782776 0
1000110110 0.0170288 0
1000110111 0.0291595 0
1000111000 0.0595093 -3.14159
1000111001 0.024704 0
1000111010 0.0191345 -3.14159
1000111011 0.023407 -3.14159
1000111100 0.000128865 0
1000111101 0.0289764 0
1000111110 0.0158844 0
1000111111 0.012825 0
1001000000 0.0182953 -3.14159
1001000001 0.0252686 -3.14159
1001000010 0.00495148 0
1001000011 0.00265694 -3.14159
1001000100 0.00859833 0
1001000101 0.00578308 -3.14159
1001000110 0.00281715 0
1001000111 0.0218964 -3.14159
1001001000 0.0638428 0
1001001001 0.00621414 -3.14159
1001001010 0.00886536 0
1001001011 0.0254059 0
1001001100 0.0445557 0
1001001101 0.0224304 -3.14159
1001001110 0.00646591 0
1001001111 0.0355835 -3.14159
1001010000 0.0385437 0
1001010001 0.0286255 0
1001010010 0.0281982 -3.14159
1001010011 0.0455933 -3.14159
1001010100 0.018219 -3.14159
1001010101 0.00156593 0
1001010110 0.0180359 0
1001010111 0.0247803 0
1001011000 0.0198212 -3.14159
1001011001 0.0130386 -3.14159
1001011010 0.00748825 0
1001011011 0.00198364 -3.14159
1001011100 0.00630188 -3.14159
1001011101 0.0183258 0
1001011110 0.00185108 0
1001011111 0.00645447 0
1001100000 0.0180664 -3.14159
1001100001 0.0434265 0
1001100010 0.0112915 -3.14159
1001100011 0.0166779 0
1001100100 0.0372925 -3.14159
1001100101 0.00357056 0
1001100110 0.0037365 0
1001100111 0.0994263 0
1001101000 0.00143528 -3.14159
1001101001 0.0452881 -3.14159
1001101010 0.0210419 0
1001101011 0.0125046 -3.14159
1001101100 0.00505829 0
1001101101 0.0739746 0
1001101110 0.00571823 -3.14159
1001101111 0.045929 0
1001110000 0.0347595 0
1001110001 0.0200043 -3.14159
1001110010 0.0015192 0
1001110011 0.0490417 0
1001110100 0.0327759 -3.14159
1001110101 0.0549927 0
1001110110 0.0286713 0
1001110111 0.011055 -3.14159
1001111000 0.0106964 0
1001111001 0.0144501 0
1001111010 0.00549698 0
1001111011 0.0203705 -3.14159
1001111100 0.0091095 -3.14159
1001111101 0.0110245 -3.14159
1001111110 0.0136566 -3.14159
1001111111 0.00511169 -3.14159
1010000000 0.00265694 -3.14159
1010000001 0.0243073 -3.14159
1010000010 0.0375977 -3.14159
1010000011 0.0423584 -3.14159
1010000100 0.00545883 -3.14159
1010000101 0.0452881 0
1010000110 0.0428467 0
1010000111 0.0473633 -3.14159
1010001000 0.0329895 -3.14159
1010001001 0.0613403 0
1010001010 0.0476685 -3.14159
1010001011 0.0188751 0
1010001100 0.0269012 0
1010001101 0.0158234 0
1010001110 0.0234985 -3.14159
1010001111 0.00727081 -3.14159
1010010000 0.0245819 0
1010010001 0.00212479 0
1010010010 0.0314941 -3.14159
1010010011 0.0368652 -3.14159
1010010100 0.02948 -3.14159
1010010101 0.000660896 -3.14159
1010010110 0.00528717 -3.14159
1010010111 0.0220947 0
1010011000 0.00644302 0
1010011001 0.0349426 0
1010011010 0.0111923 -3.14159
1010011011 0.0070076 -3.14159
1010011100 0.0183563 -3.14159
1010011101 0.0439758 0
1010011110 0.0517578 0
1010011111 0.00182819 -3.14159
1010100000 0.0170593 0
1010100001 0.0164948 0
1010100010 0.0088501 -3.14159
1010100011 0.0242767 -3.14159
1010100100 0.0302429 -3.14159
1010100101 0.0322876 0
1010100110 0.0139236 0
1010100111 0.0208282 0
1010101000 0.0098877 -3.14159
1010101001 0.00814819 0
1010101010 0.0114059 0
1010101011 0.136353 0
1010101100 0.0270538 0
1010101101 0.0121536 -3.14159
1010101110 0.00180626 -3.14159
1010101111 0.00717926 -3.14159
1010110000 0.0377808 0
1010110001 0.0307007 -3.14159
1010110010 0.0278015 -3.14159
1010110011 0.0331116 0
1010110100 0.0179291 0
1010110101 0.00868225 0
1010110110 0.0181885 -3.14159
1010110111 0.00996399 -3.14159
1010111000 0.00704956 -3.14159
1010111001 0.0307312 0
1010111010 0.036377 -3.14159
1010111011 0.00287056 0
1010111100 0.0162048 -3.14159
1010111101 0.0523071 0
1010111110 0.000483513 -3.14159
1010111111 0.0266724 -3.14159
1011000000 0.040741 0
1011000001 0.0293579 -3.14159
1011000010 0.0109253 0
1011000011 0.00424194 0
1011000100 0.02565 0
1011000101 0.0256042 0
1011000110 0.0063858 0
1011000111 0.0112228 -3.14159
1011001000 0.0692749 -3.14159
1011001001 0.0131302 0
1011001010 7.06315e-05 -3.14159
1011001011 0.00728989 0
1011001100 0.034668 0
1011001101 0.0306396 0
1011001110 0.0445557 -3.14159
1011001111 0.00546265 -3.14159
1011010000 6.38366e-05 -3.14159
1011010001 0.045166 -3.14159
1011010010 0.00846863 0
1011010011 0.00887299 -3.14159
1011010100 0.0117569 0
1011010101 0.0684204 -3.14159
1011010110 0.0267181 -3.14159
1011010111 0.0283356 -3.14159
1011011000 0.0067749 -3.14159
1011011001 0.0186462 0
1011011010 0.0185852 0
1011011011 0.0148392 -3.14159
1011011100 0.0151749 -3.14159
1011011101 0.0267944 0
1011011110 0.0396118 -3.14159
1011011111 0.0545349 -3.14159
1011100000 0.0275574 0
1011100001 0.00907898 -3.14159
1011100010 0.00917816 -3.14159
1011100011 0.0737305 0
1011100100 0.026535 0
1011100101 0.0191803 0
1011100110 0.0283051 0
1011100111 0.00837708 0
1011101000 0.0288849 0
1011101001 0.0266266 -3.14159
1011101010 0.00946808 -3.14159
1011101011 0.00728607 -3.14159
1011101100 0.0267792 0
1011101101 0.00831604 -3.14159
1011101110 0.045105 0
1011101111 0.121704 0
1011110000 0.039032 0
1011110001 0.00780106 0
1011110010 0.0147095 0
1011110011 0.0179291 -3.14159
1011110100 0.0330505 -3.14159
1011110101 0.0175934 0
1011110110 0.0442505 -3.14159
1011110111 0.020462 -3.14159
1011111000 0.00821686 0
1011111001 0.0437927 -3.14159
1011111010 0.0158691 -3.14159
1011111011 0.0035305 0
1011111100 0.0687866 0
1011111101 0.0463867 0
1011111110 0.0519409 0
1011111111 0.0369263 0
1100000000 0.0375061 -3.14159
1100000001 0.0334778 0
1100000010 0.00619507 -3.14159
1100000011 0.0139313 0
1100000100 0.0305481 -3.14159
1100000101 0.00252342 -3.14159
1100000110 0.0101395 0
1100000111 0.0108337 0
1100001000 0.00978851 0
1100001001 0.0304871 0
1100001010 0.00654984 0
1100001011 0.0317078 0
1100001100 0.00758362 -3.14159
1100001101 0.00224876 0
1100001110 0.0266724 0
1100001111 0.0258026 0
1100010000 0.0598145 0
1100010001 0.0021286 0
1100010010 0.00613022 -3.14159
1100010011 0.0430298 -3.14159
1100010100 0.00312614 0
1100010101 0.0525818 -3.14159
1100010110 0.00683212 0
1100010111 0.0583191 0
1100011000 0.0345154 -3.14159
1100011001 0.0181427 -3.14159
1100011010 0.000610352 -3.14159
1100011011 0.031189 0
1100011100 0.0274811 -3.14159
1100011101 0.00860596 0
1100011110 0.0137711 -3.14159
1100011111 0.0341797 -3.14159
1100100000 0.049469 0
1100100001 0.0284882 -3.14159
1100100010 0.0182495 0
1100100011 0.00770569 0
1100100100 0.0104523 0
1100100101 0.0506897 -3.14159
1100100110 0.0115128 0
1100100111 0.00622559 0
1100101000 0.0236816 -3.14159
1100101001 0.0292969 0
1100101010 0.0142822 0
1100101011 0.0573425 0
1100101100 0.0114822 -3.14159
1100101101 0.0253143 -3.14159
1100101110 0.0916138 0
1100101111 0.0102997 0
1100110000 0.0048027 -3.14159
1100110001 0.0196533 -3.14159
1100110010 0.0336304 0
1100110011 0.00737762 -3.14159
1100110100 0.0191956 0
1100110101 0.0308838 -3.14159
1100110110 0.0408936 0
1100110111 0.0265656 0
1100111000 0.00186253 -3.14159
1100111001 0.00330734 0
1100111010 0.0153275 -3.14159
1100111011 0.0402832 -3.14159
1100111100 0.02771 -3.14159
1100111101 0.0303802 -3.14159
1100111110 0.0408936 -3.14159
1100111111 0.0263977 -3.14159
1101000000 0.0576782 0
1101000001 0.0206909 -3.14159
1101000010 0.0039978 -3.14159
1101000011 0.00664139 -3.14159
1101000100 0.0453796 0
1101000101 0.0591431 0
1101000110 0.0278625 0
1101000111 0.000799656 -3.14159
1101001000 0.0349426 0
1101001001 0.00292969 0
1101001010 0.0212097 -3.14159
1101001011 0.0197449 0
1101001100 0.011734 0
1101001101 0.0100937 0
1101001110 0.000999451 0
1101001111 0.0106277 -3.14159
1101010000 0.0151443 0
1101010001 0.00106525 -3.14159
1101010010 0.0223846 0
1101010011 0.0662231 0
1101010100 0.0062294 0
1101010101 0.00296402 0
1101010110 0.0384216 0
1101010111 0.0365601 0
1101011000 0.00458527 0
1101011001 0.00794983 0
1101011010 0.0390625 0
1101011011 0.000523567 0
1101011100 0.0121231 -3.14159
1101011101 0.0260315 0
1101011110 0.0342407 -3.14159
1101011111 0.0530701 -3.14159
1101100000 0.00907135 0
1101100001 0.0186462 -3.14159
1101100010 0.0173798 -3.14159
1101100011 0.0357971 0
1101100100 0.026886 -3.14159
1101100101 0.0408936 -3.14159
1101100110 0.0207825 -3.14159
1101100111 0.0116272 0
1101101000 0.0485229 0
1101101001 0.0157318 0
1101101010 0.0397949 0
1101101011 0.00390434 0
1101101100 0.0224152 -3.14159
1101101101 0.025238 0
1101101110 0.0296478 0
1101101111 0.0664062 -3.14159
1101110000 0.0250092 -3.14159
1101110001 0.037323 0
1101110010 0.000790119 -3.14159
1101110011 0.0296936 -3.14159
1101110100 0.0100174 -3.14159
1101110101 0.0183563 0
1101110110 0.0258179 -3.14159
1101110111 0.0361023 -3.14159
1101111000 0.0471497 -3.14159
1101111001 0.00263023 -3.14159
1101111010 0.00226402 -3.14159
1101111011 0.0202179 -3.14159
1101111100 0.0558472 0
1101111101 0.0179291 -3.14159
1101111110 0.000840187 0
1101111111 0.0236206 -3.14159
1110000000 0.00533295 -3.14159
1110000001 0.0227356 0
1110000010 0.0830078 0
1110000011 0.00157261 0
1110000100 0.0291443 -3.14159
1110000101 0.00572586 -3.14159
1110000110 0.0377197 -3.14159
1110000111 0.0287628 0
1110001000 0.000844002 0
1110001001 0.0013752 -3.14159
1110001010 0.0166626 0
1110001011 0.00247574 -3.14159
1110001100 0.0113831 0
1110001101 0.0750732 0
1110001110 0.0234985 0
1110001111 0.0111847 0
1110010000 0.0215454 -3.14159
1110010001 0.0236664 0
1110010010 0.00415802 0
1110010011 0.0404053 0
1110010100 0.0345764 -3.14159
1110010101 0.0328674 -3.14159
1110010110 0.0540161 0
1110010111 0.00962067 -3.14159
1110011000 0.00791931 0
1110011001 0.0241089 -3.14159
1110011010 0.046875 0
1110011011 0.038269 -3.14159
1110011100 0.0217896 0
1110011101 0.0122452 -3.14159
1110011110 0.0132828 -3.14159
1110011111 0.0764771 0
1110100000 0.0223389 0
1110100001 0.00830078 0
1110100010 0.0437927 -3.14159
1110100011 0.0104828 0
1110100100 0.0149765 0
1110100101 0.0352173 0
1110100110 0.00802612 -3.14159
1110100111 0.0141449 0
1110101000 0.00173473 -3.14159
1110101001 0.00977325 0
1110101010 0.000714302 0
1110101011 0.0166473 0
1110101100 0.025589 0
1110101101 0.0325623 0
1110101110 0.0212555 0
1110101111 0.000241756 0
1110110000 0.0170898 0
1110110001 0.0155716 -3.14159
1110110010 0.0219574 -3.14159
1110110011 0.0753784 -3.14159
1110110100 0.00201225 0
1110110101 0.0472412 -3.14159
1110110110 0.0133133 0
1110110111 0.00704956 -3.14159
1110111000 0.0121002 0
1110111001 0.0844116 -3.14159
1110111010 0.017868 -3.14159
1110111011 0.0112152 -3.14159
1110111100 0.00530243 -3.14159
1110111101 0.0247955 0
1110111110 0.0277557 -3.14159
1110111111 0.0378113 -3.14159
1111000000 0.0178986 0
1111000001 0.0269623 -3.14159
1111000010 0.0301361 0
1111000011 0.0297394 -3.14159
1111000100 0.0331421 -3.14159
1111000101 0.0259247 -3.14159
1111000110 0.0284119 0
1111000111 0.00227356 0
1111001000 0.00257874 -3.14159
1111001001 0.00614929 0
1111001010 0.00443268 0
1111001011 0.0374146 0
1111001100 0.0226288 -3.14159
1111001101 0.0242004 -3.14159
1111001110 0.0101242 0
1111001111 0.098999 0
1111010000 0.0125046 -3.14159
1111010001 0.0249176 -3.14159
1111010010 0.00938416 -3.14159
1111010011 0.0013237 0
1111010100 0.0047493 0
1111010101 0.0140457 0
1111010110 0.0195618 0
1111010111 0.0074501 -3.14159
1111011000 0.0471191 0
1111011001 0.0351868 -3.14159
1111011010 0.0484314 -3.14159
1111011011 0.0200806 0
1111011100 0.0079422 -3.14159
1111011101 0.0182648 -3.14159
1111011110 0.0137787 -3.14159
1111011111 0.0357056 -3.14159
1111100000 0.0182037 0
1111100001 0.00383949 -3.14159
1111100010 0.00820923 0
1111100011 0.0750122 -3.14159
1111100100 0.0314026 0
1111100101 0.0164185 -3.14159
1111100110 0.025177 0
1111100111 0.00207901 -3.14159
1111101000 0.00743866 -3.14159
1111101001 0.00389099 0
1111101010 0.0331421 -3.14159
1111101011 0.0528259 -3.14159
1111101100 0.0897827 0
1111101101 0.0233612 -3.14159
1111101110 0.0448914 0
1111101111 0.0529175 0
1111110000 0.0418091 -3.14159
1111110001 0.0643921 0
1111110010 0.00156975 0
1111110011 0.037262 -3.14159
1111110100 0.0419312 -3.14159
1111110101 0.0141525 0
1111110110 0.0394592 -3.14159
1111110111 0.00385284 0
1111111000 0.0129166 -3.14159
1111111001 0.0641479 -3.14159
1111111010 0.000803471 -3.14159
1111111011 0.0303345 -3.14159
1111111100 0.0169067 0
1111111101 0.0369263 0
1111111110 0.0311432 0
1111111111 0.0303345 0
