0000000000 0.0180969 0
0000000001 0.0352783 0
0000000010 0.0118484 -3.14159
0000000011 0.00867462 -3.14159
0000000100 0.00763321 -3.14159
0000000101 0.00471878 -3.14159
0000000110 0.0304108 -3.14159
0000000111 0.00856781 0
0000001000 0.00531387 0
0000001001 0.0526428 -3.14159
0000001010 0.0390015 -3.14159
0000001011 0.00387573 0
0000001100 0.0357361 -3.14159
0000001101 0.0430603 0
0000001110 0.00107193 -3.14159
0000001111 0.0151215 0
0000010000 0.0111465 -3.14159
0000010001 0.0232697 -3.14159
0000010010 0.0122757 -3.14159
0000010011 0.0608521 -3.14159
0000010100 0.035614 -3.14159
0000010101 0.00876617 0
0000010110 0.00428772 -3.14159
0000010111 0.0123825 0
0000011000 0.0155029 0
0000011001 0.0112152 -3.14159
0000011010 0.0121841 0
0000011011 0.0483704 -3.14159
0000011100 0.00478363 -3.14159
0000011101 0.0279999 -3.14159
0000011110 0.0168152 0
0000011111 0.00428772 -3.14159
0000100000 0.0700073 -3.14159
0000100001 0.00695801 -3.14159
0000100010 0.0592651 -3.14159
0000100011 0.0227814 -3.14159
0000100100 0.00267601 -3.14159
0000100101 0.0111465 0
0000100110 0.00854492 -3.14159
0000100111 0.0394592 0
0000101000 0.0129395 0
0000101001 0.00466156 -3.14159
0000101010 0.046936 -3.14159
0000101011 0.0296173 0
0000101100 0.0207214 -3.14159
0000101101 0.00897217 0
0000101110 0.00683975 0
0000101111 0.012558 0
0000110000 0.0178833 0
0000110001 0.037262 -3.14159
0000110010 0.0557861 -3.14159
0000110011 0.000852585 0
0000110100 0.04776 -3.14159
0000110101 0.0324097 -3.14159
0000110110 0.00138664 0
0000110111 0.0386353 0
0000111000 0.0301666 -3.14159
0000111001 0.04422 -3.14159
0000111010 0.0169525 -3.14159
0000111011 0.0166626 0
0000111100 0.00971985 0
0000111101 0.0489502 0
0000111110 0.00165367 0
0000111111 0.00902557 -3.14159
0001000000 0.0317078 0
0001000001 0.0447693 0
0001000010 0.00247765 -3.14159
0001000011 0.0195312 0
0001000100 0.00301361 -3.14159
0001000101 0.0661621 -3.14159
0001000110 0.0454102 -3.14159
0001000111 0.0064888 -3.14159
0001001000 0.0328674 -3.14159
0001001001 0.00821686 0
0001001010 0.00662994 -3.14159
0001001011 0.00253677 -3.14159
0001001100 0.0299072 -3.14159
0001001101 0.0567932 -3.14159
0001001110 0.053009 0
0001001111 0.000104427 -3.14159
0001010000 0.0341797 0
0001010001 0.0428467 -3.14159
0001010010 0.0506592 -3.14159
0001010011 0.0387573 0
0001010100 0.0212708 0
0001010101 0.00839996 0
0001010110 0.00155163 -3.14159
0001010111 0.0120163 0
0001011000 0.000797272 -3.14159
0001011001 0.0149231 0
0001011010 0.000131011 -3.14159
0001011011 0.00493622 -3.14159
0001011100 0.0577393 0
0001011101 0.0167694 -3.14159
0001011110 0.0317383 -3.14159
0001011111 0.032196 0
0001100000 0.00743103 -3.14159
0001100001 0.0150528 -3.14159
0001100010 0.0544128 -3.14159
0001100011 0.00206375 0
0001100100 0.0511169 -3.14159
0001100101 0.00841522 0
0001100110 0.0280457 -3.14159
0001100111 0.0795898 0
0001101000 0.00544739 -3.14159
0001101001 0.0426331 0
0001101010 0.0410461 -3.14159
0001101011 0.0103836 -3.14159
0001101100 0.0169983 -3.14159
0001101101 0.0477295 -3.14159
0001101110 0.023407 0
0001101111 0.0198669 -3.14159
0001110000 0.0516357 -3.14159
0001110001 0.0120163 -3.14159
0001110010 0.00526047 0
0001110011 0.0335388 0
0001110100 0.0201263 -3.14159
0001110101 0.0455933 0
0001110110 0.00667191 -3.14159
0001110111 0.00906372 0
0001111000 0.0425415 -3.14159
0001111001 0.0251465 -3.14159
0001111010 0.0254211 -3.14159
0001111011 0.00262642 0
0001111100 0.0186462 -3.14159
0001111101 0.0209808 0
0001111110 0.0206299 0
0001111111 0.00029254 0
0010000000 0.0436401 0
0010000001 0.0163727 -3.14159
0010000010 0.00926971 -3.14159
0010000011 0.0452271 -3.14159
0010000100 0.00630951 0
0010000101 0.00868225 0
0010000110 0.00282669 0
0010000111 0.0127335 0
0010001000 0.0102234 0
0010001001 0.00913239 -3.14159
0010001010 0.0123749 0
0010001011 0.00111008 -3.14159
0010001100 0.035553 -3.14159
0010001101 0.00969696 0
0010001110 0.0054512 0
0010001111 0.00395203 -3.14159
0010010000 0.0612183 -3.14159
0010010001 0.0167694 -3.14159
0010010010 0.00849152 -3.14159
0010010011 0.0115662 0
0010010100 0.0395813 -3.14159
0010010101 0.0450439 0
0010010110 0.0177155 -3.14159
0010010111 0.0294495 0
0010011000 0.00263023 -3.14159
0010011001 0.0217133 0
0010011010 0.0273895 -3.14159
0010011011 0.0113144 0
0010011100 0.0368347 -3.14159
0010011101 0.0310669 0
0010011110 0.00251007 -3.14159
0010011111 0.0231934 -3.14159
0010100000 0.0162354 -3.14159
0010100001 0.0174255 0
0010100010 0.00867462 -3.14159
0010100011 0.00791931 0
0010100100 0.0132523 0
0010100101 0.0419006 -3.14159
0010100110 0.0116119 0
0010100111 0.00976562 0
0010101000 0.00976562 0
0010101001 0.0110779 -3.14159
0010101010 0.0305939 0
0010101011 0.00161648 -3.14159
0010101100 0.0059967 -3.14159
0010101101 0.0517273 0
0010101110 0.00804901 -3.14159
0010101111 0.0282135 0
0010110000 0.0374146 0
0010110001 0.067749 -3.14159
0010110010 0.0445862 -3.14159
0010110011 0.00484085 0
0010110100 0.0353088 0
0010110101 0.0236816 -3.14159
0010110110 0.0176544 0
0010110111 0.0277863 -3.14159
0010111000 0.00404358 -3.14159
0010111001 0.00097847 0
0010111010 0.0104828 0
0010111011 0.00161648 -3.14159
0010111100 0.0824585 0
0010111101 0.0270691 -3.14159
0010111110 0.0260925 -3.14159
0010111111 0.0534973 -3.14159
0011000000 0.000342369 -3.14159
0011000001 0.000288248 0
0011000010 0.00784302 -3.14159
0011000011 0.0436401 0
0011000100 0.0230713 -3.14159
0011000101 0.00937653 0
0011000110 0.0235138 0
0011000111 0.0156097 -3.14159
0011001000 0.0210876 0
0011001001 0.00649261 0
0011001010 0.0331726 -3.14159
0011001011 0.0275269 -3.14159
0011001100 0.0179596 0
0011001101 0.0230408 0
0011001110 0.0231476 -3.14159
0011001111 0.00308418 0
0011010000 0.0477905 -3.14159
0011010001 0.0087738 0
0011010010 0.0155029 0
0011010011 0.0499878 0
0011010100 0.000425577 0
0011010101 0.037262 -3.14159
0011010110 0.0133591 -3.14159
0011010111 0.0156708 0
0011011000 0.017868 -3.14159
0011011001 0.00502777 0
0011011010 0.000846863 -3.14159
0011011011 0.00887299 0
0011011100 0.0250092 0
0011011101 0.0344238 -3.14159
0011011110 0.047821 -3.14159
0011011111 0.00261497 -3.14159
0011100000 0.00696564 -3.14159
0011100001 0.0183105 -3.14159
0011100010 0.0136414 0
0011100011 0.0437317 -3.14159
0011100100 0.0230865 0
0011100101 0.0752563 0
0011100110 0.0296631 -3.14159
0011100111 0.00695419 0
0011101000 0.0220032 -3.14159
0011101001 0.0262146 0
0011101010 0.0501404 -3.14159
0011101011 0.00380325 -3.14159
0011101100 0.00187874 0
0011101101 0.0182648 -3.14159
0011101110 0.0152817 0
0011101111 0.0483704 0
0011110000 0.0324097 -3.14159
0011110001 0.00261688 -3.14159
0011110010 0.0359192 0
0011110011 0.0317383 -3.14159
0011110100 0.0170898 0
0011110101 0.0163727 0
0011110110 0.0331116 0
0011110111 0.0201111 0
0011111000 0.0657959 0
0011111001 0.00494003 0
0011111010 0.00390244 -3.14159
0011111011 0.0172577 0
0011111100 0.0134811 0
0011111101 0.0134277 -3.14159
0011111110 0.0345459 0
0011111111 0.0131607 0
0100000000 0.0311432 0
0100000001 0.000546455 0
0100000010 0.00333977 0
0100000011 0.00197983 0
0100000100 0.023468 -3.14159
0100000101 0.00113106 -3.14159
0100000110 0.0105896 0
0100000111 0.0471191 0
0100001000 0.00569916 0
0100001001 0.0477905 -3.14159
0100001010 0.0123367 -3.14159
0100001011 0.0385742 -3.14159
0100001100 0.0155716 -3.14159
0100001101 0.0481567 -3.14159
0100001110 0.0159454 0
0100001111 0.00702667 -3.14159
0100010000 0.0160675 0
0100010001 0.059021 -3.14159
0100010010 0.0238495 -3.14159
0100010011 0.0128632 -3.14159
0100010100 0.0806885 0
0100010101 0.0308533 -3.14159
0100010110 0.0117493 -3.14159
0100010111 0.0350952 -3.14159
0100011000 0.0408325 -3.14159
0100011001 0.0012846 0
0100011010 0.0146332 -3.14159
0100011011 0.0475464 -3.14159
0100011100 0.018631 0
0100011101 0.0285339 0
0100011110 0.0340271 -3.14159
0100011111 0.0387268 0
0100100000 0.000593185 0
0100100001 0.0439148 0
0100100010 0.00907135 0
0100100011 0.0201416 -3.14159
0100100100 0.0114822 0
0100100101 0.0082016 0
0100100110 0.0574341 -3.14159
0100100111 0.045929 -3.14159
0100101000 0.0236816 0
0100101001 0.101929 -3.14159
0100101010 0.0428772 0
0100101011 0.0105743 0
0100101100 0.0519104 0
0100101101 0.00278854 -3.14159
0100101110 0.0733032 0
0100101111 0.00772095 0
0100110000 0.013237 0
0100110001 0.0233154 -3.14159
0100110010 0.0279999 0
0100110011 0.0335388 -3.14159
0100110100 0.0137329 0
0100110101 0.0223083 0
0100110110 0.0162964 -3.14159
0100110111 0.00880432 -3.14159
0100111000 0.00984955 -3.14159
0100111001 0.00426483 0
0100111010 0.0461731 -3.14159
0100111011 0.00727844 -3.14159
0100111100 0.0715332 -3.14159
0100111101 0.0183563 -3.14159
0100111110 0.0520935 0
0100111111 0.0170898 0
0101000000 0.00740433 0
0101000001 0.00801086 0
0101000010 0.00393295 0
0101000011 0.0144348 -3.14159
0101000100 0.0262451 -3.14159
0101000101 0.0333862 0
0101000110 0.0341187 -3.14159
0101000111 0.0179443 0
0101001000 0.0317688 0
0101001001 0.0336914 -3.14159
0101001010 0.0438232 0
0101001011 0.0391235 0
0101001100 0.0085907 0
0101001101 0.0128098 -3.14159
0101001110 0.0149231 -3.14159
0101001111 0.0101852 -3.14159
0101010000 0.0122299 0
0101010001 0.00546646 -3.14159
0101010010 0.0197296 0
0101010011 0.0112991 -3.14159
0101010100 0.0130539 0
0101010101 0.0245209 -3.14159
0101010110 0.0242767 -3.14159
0101010111 0.00621033 -3.14159
0101011000 0.0376587 0
0101011001 0.00115871 0
0101011010 0.00760651 0
0101011011 0.0861816 -3.14159
0101011100 0.00141811 -3.14159
0101011101 0.0752563 0
0101011110 0.0115814 0
0101011111 0.015007 0
0101100000 0.00913239 -3.14159
0101100001 0.0545044 -3.14159
0101100010 0.0152664 -3.14159
0101100011 0.0534973 -3.14159
0101100100 0.000893116 -3.14159
0101100101 0.045105 0
0101100110 0.033844 -3.14159
0101100111 0.00487137 -3.14159
0101101000 0.0282593 -3.14159
0101101001 0.0119247 -3.14159
0101101010 0.000194073 0
0101101011 0.0091629 -3.14159
0101101100 0.0175476 0
0101101101 0.0196686 -3.14159
0101101110 0.0360718 -3.14159
0101101111 0.000380278 -3.14159
0101110000 0.0190735 -3.14159
0101110001 0.0119934 -3.14159
0101110010 0.00390053 -3.14159
0101110011 0.0180664 0
0101110100 0.0203705 0
0101110101 0.00642395 0
0101110110 0.00635147 0
0101110111 0.0143814 -3.14159
0101111000 0.0171661 -3.14159
0101111001 0.0560913 0
0101111010 0.0196533 -3.14159
0101111011 0.0126343 -3.14159
0101111100 0.00610352 -3.14159
0101111101 0.0111389 0
0101111110 0.000488281 0
0101111111 0.0426941 0
0110000000 0.0309296 0
0110000001 0.0406494 0
0110000010 0.0290527 -3.14159
0110000011 0.0864868 0
0110000100 0.0580444 -3.14159
0110000101 0.00330544 0
0110000110 0.00553131 -3.14159
0110000111 0.0434265 0
0110001000 0.000710011 0
0110001001 0.0106201 -3.14159
0110001010 0.0200806 -3.14159
0110001011 0.00395203 0
0110001100 0.0201263 0
0110001101 0.0280762 -3.14159
0110001110 0.0139084 -3.14159
0110001111 0.0166016 -3.14159
0110010000 0.0302124 0
0110010001 0.0287628 -3.14159
0110010010 0.00656509 -3.14159
0110010011 0.00904846 0
0110010100 0.0888062 -3.14159
0110010101 0.0683594 -3.14159
0110010110 0.0087204 0
0110010111 0.0114288 0
0110011000 0.00448227 -3.14159
0110011001 0.0231934 -3.14159
0110011010 0.0149231 -3.14159
0110011011 0.0303497 0
0110011100 0.0257874 -3.14159
0110011101 0.0184937 0
0110011110 0.00888062 -3.14159
0110011111 0.00261497 0
0110100000 0.0103607 0
0110100001 0.0139999 0
0110100010 0.00946808 0
0110100011 0.0226288 -3.14159
0110100100 0.0480957 0
0110100101 0.0240784 0
0110100110 0.027832 0
0110100111 0.0191498 -3.14159
0110101000 0.0307007 -3.14159
0110101001 0.0207367 -3.14159
0110101010 0.00942993 0
0110101011 0.0056076 -3.14159
0110101100 0.0349121 -3.14159
0110101101 0.0099411 0
0110101110 0.0513611 0
0110101111 0.0130768 0
0110110000 0.0215302 -3.14159
0110110001 0.0559387 -3.14159
0110110010 0.00158024 0
0110110011 0.0276031 -3.14159
0110110100 0.00390244 0
0110110101 0.0185089 0
0110110110 0.0588989 0
0110110111 0.00938416 0
0110111000 0.0462646 -3.14159
0110111001 0.00191498 -3.14159
0110111010 0.00859833 -3.14159
0110111011 0.0604858 0
0110111100 0.0462036 -3.14159
0110111101 0.0270081 -3.14159
0110111110 0.00914764 0
0110111111 0.0113983 -3.14159
0111000000 0.00923157 0
0111000001 0.0279236 -3.14159
0111000010 0.0185852 -3.14159
0111000011 0.00702667 0
0111000100 0.0126572 -3.14159
0111000101 0.00462341 0
0111000110 0.0233459 -3.14159
0111000111 0.0213165 -3.14159
0111001000 0.0203247 0
0111001001 0.00709915 -3.14159
0111001010 0.0270386 0
0111001011 0.0158081 0
0111001100 0.0225677 0
0111001101 0.0278931 -3.14159
0111001110 0.0507202 0
0111001111 0.0368652 0
0111010000 0.0222778 0
0111010001 0.0124588 0
0111010010 0.0042572 -3.14159
0111010011 0.0633545 0
0111010100 0.0290833 0
0111010101 0.00189877 -3.14159
0111010110 0.00456238 -3.14159
0111010111 0.0270386 0
0111011000 0.00283813 -3.14159
0111011001 0.00680161 -3.14159
0111011010 0.0149384 -3.14159
0111011011 0.00516129 0
0111011100 0.0211945 -3.14159
0111011101 0.0222778 -3.14159
0111011110 0.0374146 0
0111011111 0.00236893 -3.14159
0111100000 0.0291901 -3.14159
0111100001 0.0214996 -3.14159
0111100010 0.0237274 0
0111100011 0.0224915 0
0111100100 0.021347 -3.14159
0111100101 0.0235748 -3.14159
0111100110 0.0226135 0
0111100111 0.02742 -3.14159
0111101000 0.00650406 -3.14159
0111101001 0.0218048 0
0111101010 0.0738525 -3.14159
0111101011 0.037262 -3.14159
0111101100 0.0150146 0
0111101101 0.0157471 0
0111101110 0.0209198 0
0111101111 0.00611877 0
0111110000 0.0221558 -3.14159
0111110001 0.0419312 -3.14159
0111110010 0.0251617 0
0111110011 0.0720825 -3.14159
0111110100 0.0283203 0
0111110101 0.00836182 0
0111110110 0.00115395 0
0111110111 0.0306702 0
0111111000 0.0428772 -3.14159
0111111001 0.0457458 0
0111111010 0.00402451 -3.14159
0111111011 0.0334778 0
0111111100 0.00930786 -3.14159
0111111101 0.030426 0
0111111110 0.0067749 -3.14159
0111111111 0.0399475 0
1000000000 0.0426331 0
1000000001 0.0395203 0
1000000010 0.0125198 0
1000000011 0.0109024 0
1000000100 0.00963593 0
1000000101 0.00634766 -3.14159
1000000110 0.0728149 0
1000000111 0.0196228 0
1000001000 0.00319862 0
1000001001 0.02388 0
1000001010 0.0246124 0
1000001011 0.0319214 -3.14159
1000001100 0.0122223 -3.14159
1000001101 0.0200958 -3.14159
1000001110 0.0971069 -3.14159
1000001111 0.0159912 -3.14159
1000010000 0.0261383 0
1000010001 0.0562134 -3.14159
1000010010 0.025116 0
1000010011 0.0216064 0
1000010100 0.0206604 0
1000010101 0.0025444 0
1000010110 0.0086441 0
1000010111 0.0053978 0
1000011000 0.0126572 0
1000011001 0.023468 0
1000011010 0.00353622 -3.14159
1000011011 0.0123138 0
1000011100 0.00894165 0
1000011101 0.0184479 -3.14159
1000011110 0.000309706 -3.14159
1000011111 0.00516891 0
1000100000 0.0559387 -3.14159
1000100001 0.00620651 0
1000100010 0.0482483 0
1000100011 0.0075798 0
1000100100 0.00533295 -3.14159
1000100101 0.101318 -3.14159
1000100110 0.0149918 -3.14159
1000100111 0.0718994 0
1000101000 0.0104599 0
1000101001 0.0134735 -3.14159
1000101010 0.0139694 -3.14159
1000101011 0.0178833 0
1000101100 0.0299072 -3.14159
1000101101 0.0234833 0
1000101110 0.00238419 0
1000101111 0.00206566 -3.14159
1000110000 0.0126343 -3.14159
1000110001 0.0112 0
1000110010 0.00414658 -3.14159
1000110011 0.0222626 -3.14159
1000110100 0.0549927 -3.14159
1000110101 0.0106735 -3.14159
1000110110 0.0325317 -3.14159
1000110111 0.0147095 -3.14159
1000111000 0.0223999 -3.14159
1000111001 0.0175476 -3.14159
1000111010 0.0258942 0
1000111011 0.00949097 0
1000111100 0.00447464 -3.14159
1000111101 0.0233307 0
1000111110 0.00413513 0
1000111111 0.0158081 0
1001000000 0.0296326 0
1001000001 0.0467529 -3.14159
1001000010 0.0149384 0
1001000011 0.0341187 0
1001000100 0.0428467 -3.14159
1001000101 0.0127182 -3.14159
1001000110 0.0498352 -3.14159
1001000111 0.0594482 -3.14159
1001001000 0.00239182 -3.14159
1001001001 0.00181293 -3.14159
1001001010 0.04599 -3.14159
1001001011 0.0392761 0
1001001100 0.0194702 0
1001001101 0.065918 -3.14159
1001001110 0.0371704 -3.14159
1001001111 0.0235901 0
1001010000 0.00365829 -3.14159
1001010001 0.0182037 -3.14159
1001010010 0.0107574 0
1001010011 0.0325928 0
1001010100 0.0534363 -3.14159
1001010101 0.0545044 -3.14159
1001010110 0.0264587 -3.14159
1001010111 0.0252686 -3.14159
1001011000 0.00272942 -3.14159
1001011001 0.0154495 -3.14159
1001011010 0.0132751 0
1001011011 0.0285339 0
1001011100 0.00849152 -3.14159
1001011101 0.0020237 -3.14159
1001011110 0.0131912 0
1001011111 0.00270271 -3.14159
1001100000 0.019989 0
1001100001 0.02742 0
1001100010 0.00558853 -3.14159
1001100011 0.000888348 0
1001100100 0.0320129 -3.14159
1001100101 0.0161285 0
1001100110 0.0674438 0
1001100111 0.0701904 0
1001101000 0.0275726 -3.14159
1001101001 0.00326538 -3.14159
1001101010 0.0550842 0
1001101011 0.0131531 0
1001101100 0.023468 0
1001101101 0.0183411 0
1001101110 0.0510254 -3.14159
1001101111 0.009758 0
1001110000 0.0536499 0
1001110001 0.0540466 -3.14159
1001110010 0.00296974 -3.14159
1001110011 0.00539398 0
1001110100 0.00217056 0
1001110101 0.0185852 0
1001110110 0.0382385 0
1001110111 0.0131836 -3.14159
1001111000 0.0250702 0
1001111001 0.00308609 0
1001111010 0.0170746 0
1001111011 0.0207214 0
1001111100 0.0175018 0
1001111101 0.0113983 -3.14159
1001111110 0.0218658 -3.14159
1001111111 0.0236664 -3.14159
1010000000 0.0128784 0
1010000001 0.0391846 0
1010000010 0.0455322 0
1010000011 0.0267487 -3.14159
1010000100 0.0171967 0
1010000101 0.0533447 -3.14159
1010000110 0.00576019 0
1010000111 0.0388794 -3.14159
1010001000 0.0221863 -3.14159
1010001001 0.0289001 0
1010001010 0.00962067 -3.14159
1010001011 0.0772705 0
1010001100 0.00587082 -3.14159
1010001101 0.0109253 -3.14159
1010001110 0.0290527 0
1010001111 0.0347595 0
1010010000 0.0325317 0
1010010001 0.00382614 0
1010010010 0.0457458 -3.14159
1010010011 0.0156708 0
1010010100 0.00597382 -3.14159
1010010101 0.034729 -3.14159
1010010110 0.0167694 0
1010010111 0.00540543 -3.14159
1010011000 0.043335 0
1010011001 0.0185242 0
1010011010 0.0115967 0
1010011011 0.0463562 -3.14159
1010011100 0.0263824 0
1010011101 0.016983 0
1010011110 0.0241547 -3.14159
1010011111 0.0205231 -3.14159
1010100000 0.0232849 -3.14159
1010100001 0.0119629 -3.14159
1010100010 0.0223389 -3.14159
1010100011 0.0192261 -3.14159
1010100100 0.0365906 0
1010100101 0.00500488 -3.14159
1010100110 0.0372925 0
1010100111 0.0133743 -3.14159
1010101000 0.0437012 0
1010101001 0.0445862 0
1010101010 0.0406799 -3.14159
1010101011 0.0396118 0
1010101100 0.0202942 0
1010101101 0.0566406 -3.14159
1010101110 0.0326233 -3.14159
1010101111 0.0094223 -3.14159
1010110000 0.0616455 0
1010110001 0.0256348 -3.14159
1010110010 0.0170746 0
1010110011 0.00337029 -3.14159
1010110100 0.0119019 -3.14159
1010110101 0.00158691 -3.14159
1010110110 0.0281372 -3.14159
1010110111 0.00245667 0
1010111000 0.00253868 0
1010111001 0.00712585 -3.14159
1010111010 0.0357971 -3.14159
1010111011 0.00331116 -3.14159
1010111100 0.0232239 -3.14159
1010111101 0.0109634 0
1010111110 0.0153351 -3.14159
1010111111 0.0182495 0
1011000000 0.00813293 -3.14159
1011000001 0.0189362 -3.14159
1011000010 0.0399475 0
1011000011 0.0249481 -3.14159
1011000100 0.0328674 -3.14159
1011000101 0.0126343 0
1011000110 0.0230865 0
1011000111 0.0256348 0
1011001000 0.0501404 -3.14159
1011001001 0.0183411 -3.14159
1011001010 0.0286102 -3.14159
1011001011 0.00461578 0
1011001100 0.000580788 -3.14159
1011001101 0.0128326 0
1011001110 0.0235443 -3.14159
1011001111 0.0404358 -3.14159
1011010000 0.0418701 0
1011010001 0.00823212 0
1011010010 0.00462723 -3.14159
1011010011 0.0174561 0
1011010100 0.0509338 -3.14159
1011010101 0.0254822 -3.14159
1011010110 0.0184479 0
1011010111 0.0371704 -3.14159
1011011000 0.0148315 -3.14159
1011011001 0.0412292 0
1011011010 0.0351257 -3.14159
1011011011 0.02948 -3.14159
1011011100 0.0632935 0
1011011101 0.0136414 0
1011011110 0.0166626 0
1011011111 0.0120773 -3.14159
1011100000 0.0148697 -3.14159
1011100001 0.0229797 -3.14159
1011100010 0.0513306 0
1011100011 0.0546265 0
1011100100 0.0377197 0
1011100101 0.0894165 0
1011100110 0.0103226 -3.14159
1011100111 0.0354309 -3.14159
1011101000 0.0606384 -3.14159
1011101001 0.0277557 -3.14159
1011101010 0.0127258 -3.14159
1011101011 0.0160828 0
1011101100 0.000769615 -3.14159
1011101101 0.0219421 0
1011101110 0.0303497 0
1011101111 0.0576782 0
1011110000 0.0757446 -3.14159
1011110001 0.001544 -3.14159
1011110010 0.0411072 -3.14159
1011110011 0.0475159 0
1011110100 0.013504 0
1011110101 0.0308228 0
1011110110 0.0179138 -3.14159
1011110111 0.0583801 0
1011111000 0.00139999 -3.14159
1011111001 0.0196991 0
1011111010 0.0407104 -3.14159
1011111011 0.0744019 0
1011111100 0.0191193 -3.14159
1011111101 0.00828552 0
1011111110 0.0626221 0
1011111111 0.0180511 0
1100000000 0.000377655 -3.14159
1100000001 0.00240898 -3.14159
1100000010 0.00399399 -3.14159
1100000011 0.0397034 -3.14159
1100000100 0.00495148 0
1100000101 0.0334778 0
1100000110 0.039917 0
1100000111 0.033905 -3.14159
1100001000 0.0784912 -3.14159
1100001001 0.0449829 -3.14159
1100001010 0.0200653 -3.14159
1100001011 0.0083313 -3.14159
1100001100 0.00626373 0
1100001101 0.00232887 0
1100001110 0.0408325 -3.14159
1100001111 0.0193787 0
1100010000 0.0255127 -3.14159
1100010001 0.0899658 0
1100010010 0.0739136 0
1100010011 0.0495605 -3.14159
1100010100 0.00637436 -3.14159
1100010101 0.016983 -3.14159
1100010110 0.00354958 -3.14159
1100010111 0.0541992 0
1100011000 0.059845 -3.14159
1100011001 0.0193481 0
1100011010 0.0641479 -3.14159
1100011011 0.0610046 0
1100011100 0.0464783 0
1100011101 0.0187988 0
1100011110 0.00557327 -3.14159
1100011111 0.0304565 -3.14159
1100100000 0.0359802 0
1100100001 0.00402832 -3.14159
1100100010 0.00244904 -3.14159
1100100011 0.0100327 0
1100100100 0.0266266 0
1100100101 0.0789185 -3.14159
1100100110 0.00764084 0
1100100111 0.0363159 -3.14159
1100101000 0.00549698 0
1100101001 0.0402222 0
1100101010 0.0296173 -3.14159
1100101011 0.0354919 0
1100101100 0.0108566 -3.14159
1100101101 0.00127983 0
1100101110 0.0518494 0
1100101111 0.0216522 0
1100110000 0.0114059 -3.14159
1100110001 0.0688477 -3.14159
1100110010 0.0317078 -3.14159
1100110011 0.0261383 0
1100110100 0.00172806 0
1100110101 0.0313416 0
1100110110 0.0607605 0
1100110111 0.04599 -3.14159
1100111000 0.00588989 0
1100111001 0.0818481 -3.14159
1100111010 0.0161743 0
1100111011 0.0196991 -3.14159
1100111100 0.0549927 -3.14159
1100111101 0.0210114 -3.14159
1100111110 0.0276489 -3.14159
1100111111 0.00372696 0
1101000000 0.0206757 -3.14159
1101000001 0.0193634 -3.14159
1101000010 0.050415 0
1101000011 0.0124588 -3.14159
1101000100 0.00941467 0
1101000101 0.00473785 0
1101000110 0.0115128 -3.14159
1101000111 0.0326233 0
1101001000 0.0289459 0
1101001001 0.0861206 0
1101001010 0.00737 -3.14159
1101001011 0.0635376 0
1101001100 0.0322876 0
1101001101 0.00946808 -3.14159
1101001110 0.0431213 0
1101001111 0.00178432 -3.14159
1101010000 0.00821686 -3.14159
1101010001 0.040802 0
1101010010 0.00798798 -3.14159
1101010011 0.00322151 0
1101010100 0.0296631 0
1101010101 0.0102463 -3.14159
1101010110 0.0124283 -3.14159
1101010111 0.0116272 0
1101011000 0.0450134 -3.14159
1101011001 0.00509262 0
1101011010 0.00829315 0
1101011011 0.0794067 -3.14159
1101011100 0.00374031 -3.14159
1101011101 0.0265503 -3.14159
1101011110 0.00752258 -3.14159
1101011111 0.0293427 -3.14159
1101100000 0.0236816 0
1101100001 0.040863 0
1101100010 0.035614 -3.14159
1101100011 0.000211358 0
1101100100 0.000598907 -3.14159
1101100101 0.0552673 -3.14159
1101100110 0.00653839 0
1101100111 0.0526428 -3.14159
1101101000 0.0278625 -3.14159
1101101001 0.00283051 0
1101101010 0.0126266 -3.14159
1101101011 0.0124969 -3.14159
1101101100 0.0343018 -3.14159
1101101101 0.0311432 -3.14159
1101101110 0.0181427 -3.14159
1101101111 0.0128708 0
1101110000 0.0428772 -3.14159
1101110001 0.0626831 0
1101110010 0.00801086 -3.14159
1101110011 0.0443115 -3.14159
1101110100 0.0273438 0
1101110101 0.0277405 -3.14159
1101110110 0.0535278 -3.14159
1101110111 0.0165405 -3.14159
1101111000 0.0273895 0
1101111001 0.00696564 0
1101111010 0.015976 -3.14159
1101111011 0.00190639 -3.14159
1101111100 0.013237 -3.14159
1101111101 0.0422363 -3.14159
1101111110 0.0296631 -3.14159
1101111111 0.0629883 0
1110000000 0.067688 -3.14159
1110000001 0.0107574 0
1110000010 0.0552979 0
1110000011 0.0121384 0
1110000100 0.0174561 0
1110000101 0.0704346 0
1110000110 0.00552368 -3.14159
1110000111 0.0282593 0
1110001000 0.0170593 0
1110001001 0.0235596 0
1110001010 0.0289001 0
1110001011 0.0222321 -3.14159
1110001100 0.0164642 0
1110001101 0.0303192 0
1110001110 0.0194397 0
1110001111 0.010788 -3.14159
1110010000 0.0555725 0
1110010001 0.0559998 -3.14159
1110010010 0.039917 -3.14159
1110010011 0.0148087 -3.14159
1110010100 0.0762329 -3.14159
1110010101 0.0502014 -3.14159
1110010110 0.00718307 -3.14159
1110010111 0.0823364 -3.14159
1110011000 0.0141678 -3.14159
1110011001 0.00791168 -3.14159
1110011010 0.0376587 -3.14159
1110011011 0.00440216 0
1110011100 0.00387955 0
1110011101 0.0188446 0
1110011110 0.0161438 0
1110011111 0.0223846 0
1110100000 0.00577164 0
1110100001 0.0343628 0
1110100010 0.0348206 0
1110100011 0.00333786 0
1110100100 0.0343933 0
1110100101 0.0107574 0
1110100110 0.0431824 -3.14159
1110100111 0.000464678 0
1110101000 0.0083847 -3.14159
1110101001 0.0492554 0
1110101010 0.021286 0
1110101011 0.000289202 -3.14159
1110101100 0.0312042 -3.14159
1110101101 0.00241089 0
1110101110 0.0374146 -3.14159
1110101111 0.0343323 -3.14159
1110110000 0.0132828 -3.14159
1110110001 0.0380249 -3.14159
1110110010 0.0592346 -3.14159
1110110011 0.035553 -3.14159
1110110100 0.00750732 -3.14159
1110110101 0.0445862 0
1110110110 0.0135498 0
1110110111 0.0224915 -3.14159
1110111000 0.0145111 -3.14159
1110111001 0.0131073 -3.14159
1110111010 0.016098 0
1110111011 0.00853729 0
1110111100 0.0200195 0
1110111101 0.0514832 -3.14159
1110111110 0.00914001 0
1110111111 0.0454102 0
1111000000 0.00730896 0
1111000001 0.0911865 0
1111000010 0.0317993 0
1111000011 0.00128078 -3.14159
1111000100 0.00683975 0
1111000101 0.0192261 -3.14159
1111000110 0.00419235 -3.14159
1111000111 0.000389814 -3.14159
1111001000 0.0588379 0
1111001001 0.00551224 0
1111001010 0.0142517 -3.14159
1111001011 0.0121155 -3.14159
1111001100 0.00909424 -3.14159
1111001101 0.0402222 0
1111001110 0.00155926 -3.14159
1111001111 0.0059967 -3.14159
1111010000 0.0122452 0
1111010001 0.0284729 -3.14159
1111010010 0.033844 -3.14159
1111010011 0.00771332 -3.14159
1111010100 0.00110149 -3.14159
1111010101 0.00772476 -3.14159
1111010110 0.0103073 -3.14159
1111010111 0.0631104 0
1111011000 0.0323181 0
1111011001 0.02388 0
1111011010 0.0325317 -3.14159
1111011011 0.0212097 -3.14159
1111011100 0.00802612 0
1111011101 0.030304 0
1111011110 0.0236969 0
1111011111 0.00213814 -3.14159
1111100000 0.0541077 0
1111100001 0.00614548 0
1111100010 0.0293274 0
1111100011 0.0045166 -3.14159
1111100100 0.0788574 -3.14159
1111100101 0.0115433 -3.14159
1111100110 0.0507202 -3.14159
1111100111 0.00833893 -3.14159
1111101000 0.0277405 -3.14159
1111101001 0.0140228 0
1111101010 0.0431519 -3.14159
1111101011 0.0542603 0
1111101100 0.0601196 0
1111101101 0.0108032 -3.14159
1111101110 0.0611267 0
1111101111 0.00456238 -3.14159
1111110000 0.0189056 -3.14159
1111110001 0.0562744 0
1111110010 0.0306091 -3.14159
1111110011 0.0129852 0
1111110100 0.0404968 0
1111110101 0.0404358 0
1111110110 0.0302124 0
1111110111 0.0136261 0
1111111000 0.00974274 0
1111111001 0.0536804 -3.14159
1111111010 0.0197449 -3.14159
1111111011 0.0365906 -3.14159
1111111100 0.000860691 0
1111111101 0.0149002 -3.14159
1111111110 0.00320625 -3.14159
1111111111 0.029007 -3.14159
