0000000000 0.0108719 0
0000000001 0.0371399 0
0000000010 0.0301971 0
0000000011 0.000463963 -3.14159
0000000100 0.0360718 -3.14159
0000000101 0.0200195 0
0000000110 0.032959 -3.14159
0000000111 0.0557861 -3.14159
0000001000 0.000966072 -3.14159
0000001001 0.00633621 -3.14159
0000001010 0.00266266 -3.14159
0000001011 0.0210114 -3.14159
0000001100 0.00675583 0
0000001101 0.0138245 -3.14159
0000001110 0.015625 0
0000001111 0.0201111 -3.14159
0000010000 0.0315857 0
0000010001 0.0104904 -3.14159
0000010010 0.0231018 -3.14159
0000010011 0.00232506 -3.14159
0000010100 0.0180969 -3.14159
0000010101 0.0386658 -3.14159
0000010110 0.0272827 -3.14159
0000010111 0.00942993 -3.14159
0000011000 0.0349121 -3.14159
0000011001 0.0261841 0
0000011010 0.00143814 -3.14159
0000011011 0.0238342 0
0000011100 0.000786304 -3.14159
0000011101 0.000843525 0
0000011110 0.051178 -3.14159
0000011111 0.0638428 0
0000100000 0.071228 -3.14159
0000100001 0.009552 -3.14159
0000100010 0.0641479 -3.14159
0000100011 0.0272827 0
0000100100 0.0171509 -3.14159
0000100101 0.011261 0
0000100110 0.0265045 0
0000100111 0.015152 0
0000101000 0.0108414 0
0000101001 0.0141678 0
0000101010 0.0241699 -3.14159
0000101011 0.0960083 0
0000101100 0.0165863 0
0000101101 0.00356865 -3.14159
0000101110 0.0024147 -3.14159
0000101111 0.0283051 0
0000110000 0.015625 0
0000110001 0.00234032 -3.14159
0000110010 0.0153885 0
0000110011 0.0120087 0
0000110100 0.0675659 -3.14159
0000110101 0.020752 0
0000110110 0.0287628 0
0000110111 0.000241637 -3.14159
0000111000 0.00134659 -3.14159
0000111001 0.0232086 -3.14159
0000111010 0.0357361 -3.14159
0000111011 0.00971985 -3.14159
0000111100 0.00906372 0
0000111101 0.0317688 0
0000111110 0.0335999 -3.14159
0000111111 0.00104523 0
0001000000 0.0339355 0
0001000001 0.0427246 -3.14159
0001000010 0.0369873 -3.14159
0001000011 0.00554276 0
0001000100 0.00876617 -3.14159
0001000101 0.00359726 -3.14159
0001000110 0.0167847 0
0001000111 0.0331726 -3.14159
0001001000 0.0893555 -3.14159
0001001001 0.00510406 -3.14159
0001001010 0.0241852 -3.14159
0001001011 0.0301666 -3.14159
0001001100 0.00571823 0
0001001101 0.0586853 -3.14159
0001001110 0.0333252 0
0001001111 0.0176697 0
0001010000 0.0155792 0
0001010001 0.00564957 -3.14159
0001010010 0.0709229 0
0001010011 0.00566864 0
0001010100 0.00925446 -3.14159
0001010101 0.0109787 -3.14159
0001010110 0.0276489 -3.14159
0001010111 0.0352478 -3.14159
0001011000 0.0227814 0
0001011001 0.00676727 0
0001011010 0.00390625 0
0001011011 0.0792236 -3.14159
0001011100 0.0429382 0
0001011101 0.0149689 -3.14159
0001011110 0.0195007 -3.14159
0001011111 0.0141678 -3.14159
0001100000 0.0706787 -3.14159
0001100001 0.01828 0
0001100010 0.0429688 -3.14159
0001100011 0.0120926 -3.14159
0001100100 0.0247345 0
0001100101 0.00572205 0
0001100110 0.000236392 0
0001100111 0.0948486 0
0001101000 0.0404358 0
0001101001 0.0104904 -3.14159
0001101010 0.00492096 -3.14159
0001101011 0.0527649 -3.14159
0001101100 0.0279541 -3.14159
0001101101 0.0392456 -3.14159
0001101110 0.0662231 0
0001101111 0.00969696 0
0001110000 0.040741 -3.14159
0001110001 0.0131454 0
0001110010 0.0444336 -3.14159
0001110011 0.0174255 0
0001110100 0.00326347 0
0001110101 0.0046463 -3.14159
0001110110 0.0227051 -3.14159
0001110111 0.0224762 -3.14159
0001111000 0.00989532 0
0001111001 0.0362549 -3.14159
0001111010 0.0208282 0
0001111011 0.0142899 0
0001111100 0.0258331 -3.14159
0001111101 0.0334167 0
0001111110 0.00049305 0
0001111111 0.0292969 0
0010000000 0.00827026 0
0010000001 0.00622177 -3.14159
0010000010 0.0115509 0
0010000011 0.00390244 0
0010000100 0.0336914 -3.14159
0010000101 0.0214386 -3.14159
0010000110 0.0194244 -3.14159
0010000111 0.0661621 -3.14159
0010001000 0.0448608 -3.14159
0010001001 0.0164948 -3.14159
0010001010 0.0125427 -3.14159
0010001011 0.0176544 -3.14159
0010001100 0.00828552 -3.14159
0010001101 0.0378418 -3.14159
0010001110 0.0187836 0
0010001111 0.014534 -3.14159
0010010000 0.0700073 -3.14159
0010010001 0.0155869 -3.14159
0010010010 0.0254822 -3.14159
0010010011 0.0121841 -3.14159
0010010100 0.038147 -3.14159
0010010101 0.0358887 -3.14159
0010010110 0.0149307 0
0010010111 0.00815582 0
0010011000 0.0192566 0
0010011001 0.0500793 -3.14159
0010011010 0.0137863 0
0010011011 0.0455017 0
0010011100 0.0130234 0
0010011101 0.0501099 0
0010011110 0.0110626 -3.14159
0010011111 0.0267334 0
0010100000 0.0193329 -3.14159
0010100001 0.00804138 0
0010100010 0.0743408 -3.14159
0010100011 0.00296783 -3.14159
0010100100 0.0166168 -3.14159
0010100101 0.0057373 -3.14159
0010100110 0.0200195 0
0010100111 0.0243378 0
0010101000 0.00702667 0
0010101001 0.00248718 -3.14159
0010101010 0.0142517 -3.14159
0010101011 0.0306244 -3.14159
0010101100 0.0434265 -3.14159
0010101101 0.0362244 0
0010101110 0.0121994 -3.14159
0010101111 0.000243187 -3.14159
0010110000 0.00281143 -3.14159
0010110001 0.00459671 -3.14159
0010110010 0.019104 0
0010110011 0.00489426 0
0010110100 0.0253296 0
0010110101 0.00841522 0
0010110110 0.0183258 0
0010110111 0.0166168 -3.14159
0010111000 0.00744247 0
0010111001 0.000639915 -3.14159
0010111010 0.014595 -3.14159
0010111011 0.0422058 0
0010111100 0.0141602 -3.14159
0010111101 0.0268555 -3.14159
0010111110 0.0160828 0
0010111111 0.0124207 -3.14159
0011000000 0.0451965 -3.14159
0011000001 0.00966644 0
0011000010 0.0533752 0
0011000011 0.0218964 0
0011000100 0.0116043 -3.14159
0011000101 0.00423431 -3.14159
0011000110 0.0115356 -3.14159
0011000111 0.016922 -3.14159
0011001000 0.0545959 0
0011001001 0.0154114 0
0011001010 0.03125 0
0011001011 0.0445251 -3.14159
0011001100 0.0121918 0
0011001101 0.038208 -3.14159
0011001110 0.100525 0
0011001111 0.00609589 -3.14159
0011010000 0.00127983 0
0011010001 0.0137711 0
0011010010 0.00357628 -3.14159
0011010011 0.0266876 -3.14159
0011010100 0.000563622 -3.14159
0011010101 0.0231323 -3.14159
0011010110 0.00967407 -3.14159
0011010111 0.0266571 0
0011011000 0.0141678 0
0011011001 0.0177612 -3.14159
0011011010 0.0164185 0
0011011011 0.0122681 -3.14159
0011011100 0.00396347 -3.14159
0011011101 0.027298 -3.14159
0011011110 0.00526047 0
0011011111 0.0643921 0
0011100000 0.023468 0
0011100001 0.0224762 -3.14159
0011100010 0.00836945 0
0011100011 0.019165 -3.14159
0011100100 0.0243988 -3.14159
0011100101 0.00148869 -3.14159
0011100110 0.00658035 0
0011100111 0.0447083 0
0011101000 0.0586243 -3.14159
0011101001 0.000711441 -3.14159
0011101010 0.0231171 0
0011101011 0.0248718 0
0011101100 0.00785065 -3.14159
0011101101 0.0209351 0
0011101110 0.0281525 -3.14159
0011101111 0.0211639 -3.14159
0011110000 0.0116959 -3.14159
0011110001 0.0445251 0
0011110010 0.0161896 0
0011110011 0.0576172 0
0011110100 0.0372925 -3.14159
0011110101 0.0525513 0
0011110110 0.0281067 -3.14159
0011110111 0.0210876 0
0011111000 0.00642395 0
0011111001 0.0343628 -3.14159
0011111010 0.000697613 0
0011111011 0.0554504 -3.14159
0011111100 0.0116196 -3.14159
0011111101 0.0130081 -3.14159
0011111110 0.0281525 0
0011111111 0.0108261 0
0100000000 0.0117874 -3.14159
0100000001 0.0153503 -3.14159
0100000010 0.0125351 -3.14159
0100000011 0.00350761 0
0100000100 0.0652466 -3.14159
0100000101 0.0197449 0
0100000110 0.0377502 0
0100000111 0.0272675 -3.14159
0100001000 0.0397949 0
0100001001 0.00249481 -3.14159
0100001010 0.00863647 0
0100001011 0.0273132 -3.14159
0100001100 0.0125275 -3.14159
0100001101 0.0585022 -3.14159
0100001110 0.0291595 0
0100001111 0.01297 -3.14159
0100010000 0.0169067 0
0100010001 0.0703735 -3.14159
0100010010 0.017395 0
0100010011 0.0227661 -3.14159
0100010100 0.0880127 -3.14159
0100010101 0.0631104 -3.14159
0100010110 0.0260773 0
0100010111 0.0386658 -3.14159
0100011000 0.0499878 -3.14159
0100011001 0.037262 0
0100011010 0.0178528 -3.14159
0100011011 0.0194397 0
0100011100 0.00578308 -3.14159
0100011101 0.00106335 0
0100011110 0.0119247 0
0100011111 0.00707626 0
0100100000 0.0210419 0
0100100001 0.0692749 0
0100100010 0.00271606 0
0100100011 0.0259705 0
0100100100 0.0166626 0
0100100101 0.00933075 -3.14159
0100100110 0.0870972 0
0100100111 0.00607681 -3.14159
0100101000 0.0197144 0
0100101001 0.0344849 -3.14159
0100101010 0.00699615 -3.14159
0100101011 0.0383301 0
0100101100 0.0154419 -3.14159
0100101101 0.0153275 0
0100101110 0.0164642 -3.14159
0100101111 0.0393066 0
0100110000 0.0513611 0
0100110001 0.0025425 0
0100110010 0.0142593 0
0100110011 0.0635986 -3.14159
0100110100 0.032074 0
0100110101 0.0246124 0
0100110110 0.0240784 -3.14159
0100110111 0.0109482 0
0100111000 0.0293884 0
0100111001 0.00692749 0
0100111010 0.0212402 0
0100111011 0.00225258 0
0100111100 0.0270386 -3.14159
0100111101 0.0218048 0
0100111110 0.0216217 0
0100111111 2.68221e-05 -3.14159
0101000000 0.0226135 0
0101000001 0.0228882 -3.14159
0101000010 0.0488892 -3.14159
0101000011 0.0156555 -3.14159
0101000100 0.0113297 0
0101000101 0.0646362 0
0101000110 0.0275421 -3.14159
0101000111 0.0327148 0
0101001000 0.0129623 -3.14159
0101001001 0.0559998 -3.14159
0101001010 0.00124645 -3.14159
0101001011 0.0368347 0
0101001100 0.0124512 -3.14159
0101001101 0.011795 -3.14159
0101001110 0.00904083 0
0101001111 0.000921249 -3.14159
0101010000 0.0156403 -3.14159
0101010001 0.0122986 0
0101010010 0.0191345 -3.14159
0101010011 0.00761414 -3.14159
0101010100 0.0261993 -3.14159
0101010101 0.00801849 0
0101010110 0.00473022 -3.14159
0101010111 0.0355225 0
0101011000 0.017807 0
0101011001 0.0131531 0
0101011010 0.0133896 -3.14159
0101011011 0.0283356 -3.14159
0101011100 0.0045433 -3.14159
0101011101 0.0102463 0
0101011110 0.0422363 -3.14159
0101011111 0.00749588 0
0101100000 0.0165405 -3.14159
0101100001 0.0213623 -3.14159
0101100010 0.017334 0
0101100011 0.0323486 -3.14159
0101100100 0.0166168 -3.14159
0101100101 0.00424194 -3.14159
0101100110 0.0455017 -3.14159
0101100111 0.016037 0
0101101000 0.0553894 0
0101101001 0.00510406 0
0101101010 0.065918 -3.14159
0101101011 0.0130081 -3.14159
0101101100 0.0180054 0
0101101101 0.0351868 0
0101101110 0.0401001 -3.14159
0101101111 0.0473328 -3.14159
0101110000 0.0143051 0
0101110001 0.0160065 -3.14159
0101110010 0.0380859 -3.14159
0101110011 0.00528336 -3.14159
0101110100 0.0204163 -3.14159
0101110101 0.0104752 0
0101110110 0.0319214 -3.14159
0101110111 0.0289612 0
0101111000 0.0233154 -3.14159
0101111001 0.00185204 0
0101111010 0.0167389 -3.14159
0101111011 0.0172424 0
0101111100 0.0194855 0
0101111101 0.0298615 -3.14159
0101111110 0.00984192 0
0101111111 0.0566101 0
0110000000 0.0192261 -3.14159
0110000001 0.044342 -3.14159
0110000010 0.00318146 -3.14159
0110000011 0.0417786 0
0110000100 0.0132141 -3.14159
0110000101 0.020401 0
0110000110 0.0167999 0
0110000111 0.0509033 -3.14159
0110001000 0.0121689 -3.14159
0110001001 0.0198517 0
0110001010 0.0361328 0
0110001011 0.0263824 -3.14159
0110001100 0.0353394 0
0110001101 0.052124 -3.14159
0110001110 0.0209045 0
0110001111 0.0103455 0
0110010000 0.0483704 0
0110010001 0.0277863 -3.14159
0110010010 0.0447998 0
0110010011 0.0259247 0
0110010100 0.00186157 -3.14159
0110010101 0.0595398 -3.14159
0110010110 0.0354309 0
0110010111 0.0294952 0
0110011000 0.0142212 -3.14159
0110011001 0.0730591 -3.14159
0110011010 0.0152206 -3.14159
0110011011 0.00950623 -3.14159
0110011100 0.00675583 0
0110011101 0.0271301 -3.14159
0110011110 0.0169678 0
0110011111 0.0550842 0
0110100000 0.0171204 0
0110100001 0.00165462 0
0110100010 0.00282669 0
0110100011 0.0179138 0
0110100100 0.00872803 -3.14159
0110100101 0.0646362 0
0110100110 0.0124512 -3.14159
0110100111 0.0569153 0
0110101000 0.0365906 -3.14159
0110101001 0.0166321 0
0110101010 0.0154572 0
0110101011 0.0112152 0
0110101100 0.0492859 -3.14159
0110101101 0.00824738 0
0110101110 0.042511 0
0110101111 0.00609589 -3.14159
0110110000 0.000542164 0
0110110001 0.042511 0
0110110010 0.0207672 0
0110110011 0.0130615 0
0110110100 0.00875854 0
0110110101 0.0474854 0
0110110110 0.0167542 0
0110110111 0.0259857 -3.14159
0110111000 0.051178 -3.14159
0110111001 0.0334167 0
0110111010 0.00660324 -3.14159
0110111011 0.0831909 0
0110111100 0.0262756 -3.14159
0110111101 0.0533752 -3.14159
0110111110 0.0248718 0
0110111111 0.0014801 -3.14159
0111000000 0.00411224 0
0111000001 0.00212669 0
0111000010 0.00587463 0
0111000011 0.0257568 -3.14159
0111000100 0.000808716 -3.14159
0111000101 0.031189 -3.14159
0111000110 0.00527573 -3.14159
0111000111 0.0587769 -3.14159
0111001000 0.0345764 0
0111001001 0.0310974 -3.14159
0111001010 0.0211334 0
0111001011 0.00672531 0
0111001100 0.0129318 0
0111001101 0.0544128 -3.14159
0111001110 0.0430298 0
0111001111 0.00928497 -3.14159
0111010000 0.00054884 -3.14159
0111010001 0.00868225 0
0111010010 0.0531616 0
0111010011 0.0449524 0
0111010100 0.0110245 -3.14159
0111010101 0.00100327 -3.14159
0111010110 0.0578003 0
0111010111 0.0112686 0
0111011000 0.013298 -3.14159
0111011001 0.00150967 0
0111011010 0.00688171 0
0111011011 0.0137558 -3.14159
0111011100 0.0134277 0
0111011101 0.0208588 -3.14159
0111011110 0.0462952 -3.14159
0111011111 0.0136948 -3.14159
0111100000 0.0313721 0
0111100001 0.00586319 0
0111100010 0.00318527 0
0111100011 0.017868 -3.14159
0111100100 0.000747204 -3.14159
0111100101 0.0150146 0
0111100110 0.0181732 -3.14159
0111100111 0.00646973 0
0111101000 0.0504761 -3.14159
0111101001 0.0108948 0
0111101010 0.00312233 0
0111101011 0.015419 0
0111101100 0.0256958 -3.14159
0111101101 0.0608826 -3.14159
0111101110 0.0343628 0
0111101111 0.0181732 0
0111110000 0.00552368 -3.14159
0111110001 4.34518e-05 -3.14159
0111110010 0.0367737 -3.14159
0111110011 0.0300293 -3.14159
0111110100 0.0552368 -3.14159
0111110101 0.0395813 -3.14159
0111110110 0.0138016 -3.14159
0111110111 0.00996399 0
0111111000 0.0109177 0
0111111001 0.0388794 0
0111111010 0.0710449 -3.14159
0111111011 0.0404663 -3.14159
0111111100 0.0370483 -3.14159
0111111101 0.0110321 0
0111111110 0.0327148 -3.14159
0111111111 0.00726318 0
1000000000 0.00611496 -3.14159
1000000001 0.0212097 -3.14159
1000000010 0.000968456 0
1000000011 0.0262299 0
1000000100 0.020401 0
1000000101 0.0226288 -3.14159
1000000110 0.00576782 0
1000000111 0.0220642 0
1000001000 0.0110779 -3.14159
1000001001 0.0426025 0
1000001010 0.0117264 -3.14159
1000001011 0.018692 0
1000001100 0.0441589 -3.14159
1000001101 0.0260773 -3.14159
1000001110 0.0138092 0
1000001111 0.0114746 -3.14159
1000010000 0.00368118 0
1000010001 0.00322342 -3.14159
1000010010 0.0273132 -3.14159
1000010011 0.000601292 0
1000010100 0.0530701 0
1000010101 0.030838 -3.14159
1000010110 0.0156097 0
1000010111 0.0205994 0
1000011000 0.0530701 0
1000011001 0.0671997 -3.14159
1000011010 0.0232849 0
1000011011 0.0288391 0
1000011100 0.0245209 0
1000011101 0.0374146 0
1000011110 0.00901031 0
1000011111 0.00432587 -3.14159
1000100000 0.0155029 -3.14159
1000100001 0.0155029 0
1000100010 0.00675583 -3.14159
1000100011 0.0322266 0
1000100100 0.0375366 -3.14159
1000100101 0.040741 -3.14159
1000100110 0.0348816 -3.14159
1000100111 0.0228729 -3.14159
1000101000 0.00464249 -3.14159
1000101001 0.00126553 0
1000101010 0.0111389 0
1000101011 0.0444641 0
1000101100 0.0106659 -3.14159
1000101101 0.0471802 -3.14159
1000101110 0.0381775 -3.14159
1000101111 0.00965881 -3.14159
1000110000 0.0044632 0
1000110001 0.0142746 -3.14159
1000110010 0.010582 0
1000110011 0.00764084 -3.14159
1000110100 0.0175934 -3.14159
1000110101 0.016983 0
1000110110 0.0317078 0
1000110111 0.0333557 0
1000111000 0.0652466 -3.14159
1000111001 0.010231 0
1000111010 0.00748444 -3.14159
1000111011 0.0119781 0
1000111100 0.0294037 0
1000111101 0.0233917 0
1000111110 0.0377197 0
1000111111 0.0100479 0
1001000000 0.00334167 0
1001000001 0.00768661 -3.14159
1001000010 0.0113144 -3.14159
1001000011 0.0103455 0
1001000100 0.0357971 -3.14159
1001000101 0.0235901 0
1001000110 0.00839996 -3.14159
1001000111 0.0500183 -3.14159
1001001000 0.0554199 0
1001001001 0.0130768 -3.14159
1001001010 0.0134048 -3.14159
1001001011 0.0117416 0
1001001100 0.0296936 0
1001001101 0.0186157 -3.14159
1001001110 0.0315552 0
1001001111 0.0490417 -3.14159
1001010000 0.0534973 0
1001010001 0.0185852 0
1001010010 0.0515442 -3.14159
1001010011 0.0521545 -3.14159
1001010100 0.01474 0
1001010101 0.00914764 -3.14159
1001010110 0.0151367 0
1001010111 0.0385132 0
1001011000 0.0520325 -3.14159
1001011001 0.0115051 0
1001011010 0.023941 0
1001011011 0.0115738 -3.14159
1001011100 0.00809479 -3.14159
1001011101 0.0417175 0
1001011110 0.028244 0
1001011111 0.00314331 0
1001100000 0.0117111 -3.14159
1001100001 0.0168762 0
1001100010 0.00582504 0
1001100011 0.00925446 -3.14159
1001100100 0.019455 -3.14159
1001100101 0.0155945 0
1001100110 0.00250626 -3.14159
1001100111 0.0852051 0
1001101000 0.0445557 0
1001101001 0.02034 -3.14159
1001101010 0.0101395 0
1001101011 0.0124359 -3.14159
1001101100 0.00845337 -3.14159
1001101101 0.0538635 0
1001101110 0.0295868 0
1001101111 0.0758057 0
1001110000 0.0330811 0
1001110001 0.0458374 -3.14159
1001110010 0.000584602 0
1001110011 0.0011158 -3.14159
1001110100 0.00757599 -3.14159
1001110101 0.0106049 0
1001110110 0.0522156 0
1001110111 0.0270081 -3.14159
1001111000 0.00380516 0
1001111001 0.00600052 0
1001111010 0.0296478 0
1001111011 0.0334778 -3.14159
1001111100 0.000525951 0
1001111101 0.00974274 -3.14159
1001111110 0.032135 -3.14159
1001111111 0.0112152 -3.14159
1010000000 0.00328827 0
1010000001 0.0110779 -3.14159
1010000010 0.0421753 -3.14159
1010000011 0.0414429 -3.14159
1010000100 0.00450897 -3.14159
1010000101 0.0505981 0
1010000110 0.0369263 0
1010000111 0.0499573 -3.14159
1010001000 0.0221863 -3.14159
1010001001 0.0878296 0
1010001010 0.0349731 -3.14159
1010001011 0.0171356 0
1010001100 0.0117416 0
1010001101 0.028717 0
1010001110 0.0184784 -3.14159
1010001111 0.00990295 0
1010010000 0.0343323 0
1010010001 0.0440674 -3.14159
1010010010 0.0258331 -3.14159
1010010011 0.00209618 0
1010010100 0.0211792 -3.14159
1010010101 0.000656128 -3.14159
1010010110 0.0359497 -3.14159
1010010111 0.0272522 0
1010011000 0.0172119 0
1010011001 0.0643921 0
1010011010 0.00167274 -3.14159
1010011011 0.00184917 0
1010011100 0.00408554 0
1010011101 0.0370483 0
1010011110 0.00875092 0
1010011111 0.0101089 -3.14159
1010100000 0.03302 -3.14159
1010100001 0.0148697 0
1010100010 0.0136719 -3.14159
1010100011 0.0194397 -3.14159
1010100100 0.030838 -3.14159
1010100101 0.0455017 0
1010100110 0.0098877 0
1010100111 0.0193481 0
1010101000 0.0261841 -3.14159
1010101001 0.00284004 -3.14159
1010101010 0.0135117 0
1010101011 0.100769 0
1010101100 0.0291901 0
1010101101 0.0170593 0
1010101110 0.0143433 -3.14159
1010101111 0.0229492 -3.14159
1010110000 0.0419617 0
1010110001 0.0628052 -3.14159
1010110010 0.0369568 -3.14159
1010110011 0.032959 0
1010110100 0.0121918 -3.14159
1010110101 0.0256805 0
1010110110 0.00102234 -3.14159
1010110111 0.0130234 -3.14159
1010111000 0.0161438 -3.14159
1010111001 0.0355225 0
1010111010 0.0423584 -3.14159
1010111011 0.0190887 0
1010111100 0.0221405 -3.14159
1010111101 0.000351429 0
1010111110 0.0401306 -3.14159
1010111111 0.0270386 -3.14159
1011000000 0.0196838 0
1011000001 0.00891113 -3.14159
1011000010 0.000478268 0
1011000011 0.000763893 0
1011000100 0.0414429 0
1011000101 0.0378418 0
1011000110 0.0382996 -3.14159
1011000111 0.0242157 -3.14159
1011001000 0.0680542 -3.14159
1011001001 0.01828 0
1011001010 0.00154591 -3.14159
1011001011 0.0166321 0
1011001100 0.00639343 0
1011001101 0.0279999 0
1011001110 0.00855255 -3.14159
1011001111 0.0449524 -3.14159
1011010000 0.0315857 0
1011010001 0.0420227 -3.14159
1011010010 0.0076828 0
1011010011 0.00608444 -3.14159
1011010100 0.00136948 -3.14159
1011010101 0.0546265 -3.14159
1011010110 0.0196533 -3.14159
1011010111 0.0512085 -3.14159
1011011000 0.0156403 -3.14159
1011011001 0.0148315 0
1011011010 0.0103378 -3.14159
1011011011 0.0190887 -3.14159
1011011100 0.0256348 -3.14159
1011011101 0.0121689 0
1011011110 0.0404358 -3.14159
1011011111 0.0245209 -3.14159
1011100000 0.00127792 0
1011100001 0.00336266 0
1011100010 0.00522995 0
1011100011 0.0569763 0
1011100100 0.0714722 0
1011100101 0.00336838 0
1011100110 0.00588608 0
1011100111 0.0287628 0
1011101000 0.0501099 0
1011101001 0.0492859 -3.14159
1011101010 0.011261 0
1011101011 0.0279236 -3.14159
1011101100 0.0184326 0
1011101101 0.0171509 -3.14159
1011101110 0.0321045 0
1011101111 0.0999146 0
1011110000 0.0166168 0
1011110001 0.00482941 -3.14159
1011110010 0.0107651 0
1011110011 0.0101089 -3.14159
1011110100 0.0205994 -3.14159
1011110101 0.0327454 0
1011110110 0.0630493 -3.14159
1011110111 0.026062 -3.14159
1011111000 0.0311584 0
1011111001 0.0335999 -3.14159
1011111010 0.00117588 0
1011111011 0.0101624 -3.14159
1011111100 0.0626221 0
1011111101 0.0458984 0
1011111110 0.0671997 0
1011111111 0.00997162 0
1100000000 0.032196 -3.14159
1100000001 0.0431519 0
1100000010 0.0120163 -3.14159
1100000011 0.0120316 -3.14159
1100000100 0.0226135 -3.14159
1100000101 0.012146 0
1100000110 0.00502396 -3.14159
1100000111 0.016983 0
1100001000 0.000673294 -3.14159
1100001001 0.0198517 -3.14159
1100001010 0.0151825 0
1100001011 0.00965118 -3.14159
1100001100 0.00541306 0
1100001101 0.0130692 -3.14159
1100001110 0.0287476 0
1100001111 0.0174408 0
1100010000 0.0650024 0
1100010001 0.00939178 0
1100010010 0.011879 0
1100010011 0.0637817 -3.14159
1100010100 0.00288391 -3.14159
1100010101 0.0365601 -3.14159
1100010110 0.0173645 -3.14159
1100010111 0.0744019 0
1100011000 0.0540466 -3.14159
1100011001 0.000341654 -3.14159
1100011010 0.00503159 -3.14159
1100011011 0.0132141 0
1100011100 0.0223236 -3.14159
1100011101 0.0209503 0
1100011110 0.00842285 -3.14159
1100011111 0.0117493 -3.14159
1100100000 0.00354004 0
1100100001 0.0543213 -3.14159
1100100010 0.0321655 0
1100100011 0.00994873 0
1100100100 0.0319214 0
1100100101 0.0472107 -3.14159
1100100110 0.00633621 -3.14159
1100100111 0.00737 0
1100101000 0.0178528 -3.14159
1100101001 0.0335083 0
1100101010 0.0243988 0
1100101011 0.0276947 0
1100101100 0.0533752 -3.14159
1100101101 0.0343933 -3.14159
1100101110 0.0768433 0
1100101111 0.00508118 0
1100110000 0.00942993 0
1100110001 0.00835419 -3.14159
1100110010 0.0547791 0
1100110011 0.0220947 -3.14159
1100110100 0.0082016 0
1100110101 0.00762939 0
1100110110 0.0535278 0
1100110111 0.0110855 -3.14159
1100111000 0.00737381 -3.14159
1100111001 0.0151901 0
1100111010 0.0215454 -3.14159
1100111011 0.055603 -3.14159
1100111100 0.0300446 -3.14159
1100111101 0.0279236 -3.14159
1100111110 0.0317688 -3.14159
1100111111 0.0227661 -3.14159
1101000000 0.0646973 0
1101000001 0.00470352 -3.14159
1101000010 0.0137634 -3.14159
1101000011 0.0316467 -3.14159
1101000100 0.0359497 0
1101000101 0.055603 0
1101000110 0.0354614 0
1101000111 0.013298 -3.14159
1101001000 0.0819702 0
1101001001 0.0221405 0
1101001010 0.00609207 -3.14159
1101001011 0.00137711 0
1101001100 0.0033741 0
1101001101 0.0209503 0
1101001110 0.00104618 0
1101001111 0.00584412 0
1101010000 0.00670624 0
1101010001 0.00419235 0
1101010010 0.0111618 0
1101010011 0.0623779 0
1101010100 0.0132446 0
1101010101 0.0151672 -3.14159
1101010110 0.0261383 0
1101010111 0.0301819 0
1101011000 0.0253601 -3.14159
1101011001 0.0175781 0
1101011010 0.0328674 0
1101011011 0.00878906 -3.14159
1101011100 0.0150909 0
1101011101 0.0447998 0
1101011110 0.0361023 -3.14159
1101011111 0.0400085 -3.14159
1101100000 0.0136261 0
1101100001 0.0143127 -3.14159
1101100010 0.0211639 -3.14159
1101100011 0.0388184 0
1101100100 0.0336609 -3.14159
1101100101 0.0493164 -3.14159
1101100110 0.00705719 -3.14159
1101100111 0.0175934 0
1101101000 0.0297241 0
1101101001 0.0075264 0
1101101010 0.00449753 -3.14159
1101101011 0.0177307 0
1101101100 0.0259552 -3.14159
1101101101 0.0215454 0
1101101110 0.0289764 0
1101101111 0.0447998 -3.14159
1101110000 0.0128021 -3.14159
1101110001 0.0269318 0
1101110010 0.0100098 -3.14159
1101110011 0.0451355 -3.14159
1101110100 0.00303459 -3.14159
1101110101 0.0244751 0
1101110110 0.0368042 -3.14159
1101110111 0.0477905 -3.14159
1101111000 0.0623474 -3.14159
1101111001 0.0116425 0
1101111010 0.0156555 0
1101111011 0.027771 -3.14159
1101111100 0.039856 0
1101111101 0.0274811 -3.14159
1101111110 0.00952148 0
1101111111 0.010994 -3.14159
1110000000 0.0189667 -3.14159
1110000001 0.0173798 0
1110000010 0.0685425 0
1110000011 0.0205383 -3.14159
1110000100 0.00959015 -3.14159
1110000101 0.034729 0
1110000110 0.0290985 -3.14159
1110000111 0.0377197 0
1110001000 0.000488758 -3.14159
1110001001 0.0139923 0
1110001010 0.0232391 0
1110001011 0.0182953 0
1110001100 0.0196533 -3.14159
1110001101 0.0640259 0
1110001110 0.0205078 0
1110001111 0.0426941 0
1110010000 0.0201111 -3.14159
1110010001 0.0147324 0
1110010010 0.000404358 -3.14159
1110010011 0.0531006 0
1110010100 0.0353394 -3.14159
1110010101 0.0230255 -3.14159
1110010110 0.0384521 0
1110010111 0.0320129 -3.14159
1110011000 0.0119476 0
1110011001 0.0113983 -3.14159
1110011010 0.0228119 0
1110011011 0.0241699 -3.14159
1110011100 0.0177002 0
1110011101 0.0066185 -3.14159
1110011110 0.00800323 -3.14159
1110011111 0.093811 0
1110100000 0.0334778 0
1110100001 0.00431061 -3.14159
1110100010 0.0450134 -3.14159
1110100011 0.00206184 -3.14159
1110100100 0.0164948 -3.14159
1110100101 0.0296783 0
1110100110 0.0507812 -3.14159
1110100111 0.0230255 0
1110101000 0.0274658 -3.14159
1110101001 0.0394897 0
1110101010 0.0300903 0
1110101011 0.00418472 -3.14159
1110101100 0.0165253 0
1110101101 0.0035553 -3.14159
1110101110 0.00966644 0
1110101111 0.000617027 -3.14159
1110110000 0.00701141 0
1110110001 0.0159607 -3.14159
1110110010 0.0260468 -3.14159
1110110011 0.0667725 -3.14159
1110110100 0.00971985 0
1110110101 0.0671387 -3.14159
1110110110 0.0174103 0
1110110111 0.0233307 -3.14159
1110111000 0.0166016 -3.14159
1110111001 0.103027 -3.14159
1110111010 0.0691528 -3.14159
1110111011 0.0261841 0
1110111100 0.0266418 -3.14159
1110111101 0.011116 0
1110111110 0.0161438 -3.14159
1110111111 0.0512695 -3.14159
1111000000 0.0387268 0
1111000001 0.0295715 -3.14159
1111000010 0.0601501 0
1111000011 0.0103455 -3.14159
1111000100 0.0201111 -3.14159
1111000101 0.0118866 -3.14159
1111000110 0.0428772 0
1111000111 0.0105591 -3.14159
1111001000 0.0193634 -3.14159
1111001001 0.0243683 -3.14159
1111001010 0.0072403 0
1111001011 0.0241089 0
1111001100 0.00894928 -3.14159
1111001101 0.00610733 -3.14159
1111001110 0.0135498 0
1111001111 0.097168 0
1111010000 0.0161285 -3.14159
1111010001 0.0177155 -3.14159
1111010010 0.00174236 -3.14159
1111010011 0.00675964 0
1111010100 0.0204773 0
1111010101 0.0158997 -3.14159
1111010110 0.0127182 -3.14159
1111010111 0.0227051 0
1111011000 0.0487366 0
1111011001 0.00515747 -3.14159
1111011010 0.0485535 -3.14159
1111011011 0.0195312 0
1111011100 0.00861359 0
1111011101 0.0170135 -3.14159
1111011110 0.0338745 -3.14159
1111011111 0.0107269 -3.14159
1111100000 0.0323792 0
1111100001 0.00817871 0
1111100010 0.00415421 0
1111100011 0.051239 -3.14159
1111100100 0.0175934 0
1111100101 0.0400696 -3.14159
1111100110 0.0343628 0
1111100111 0.00233269 0
1111101000 0.000393391 -3.14159
1111101001 0.0240784 0
1111101010 0.0226288 -3.14159
1111101011 0.0479126 -3.14159
1111101100 0.0768433 0
1111101101 0.0438538 -3.14159
1111101110 0.0487061 0
1111101111 0.0603943 0
1111110000 0.043396 -3.14159
1111110001 0.0480042 0
1111110010 0.00827026 -3.14159
1111110011 0.0380249 -3.14159
1111110100 0.0377808 -3.14159
1111110101 0.0397339 0
1111110110 0.0547791 -3.14159
1111110111 0.0362244 0
1111111000 0.0715942 -3.14159
1111111001 0.0203705 -3.14159
1111111010 0.0152817 -3.14159
1111111011 0.00622177 -3.14159
1111111100 0.036438 0
1111111101 0.0275421 0
1111111110 0.0266876 0
1111111111 0.00649643 0
