0000000000 0.00147343 -3.14159
0000000001 0.0491333 0
0000000010 0.0238953 0
0000000011 0.00627518 -3.14159
0000000100 0.0475769 -3.14159
0000000101 0.012001 0
0000000110 0.030304 -3.14159
0000000111 0.0291138 -3.14159
0000001000 0.0164337 0
0000001001 0.00888062 0
0000001010 0.00673676 0
0000001011 0.0222778 -3.14159
0000001100 0.0033226 -3.14159
0000001101 0.0196228 -3.14159
0000001110 0.0250854 0
0000001111 0.00686264 -3.14159
0000010000 0.0297241 0
0000010001 0.0134659 -3.14159
0000010010 0.0346069 -3.14159
0000010011 0.00708008 -3.14159
0000010100 0.0206299 -3.14159
0000010101 0.0460205 -3.14159
0000010110 0.0196991 -3.14159
0000010111 0.00995636 -3.14159
0000011000 0.0272369 -3.14159
0000011001 0.0146484 0
0000011010 0.0122299 0
0000011011 0.0197906 0
0000011100 0.00227356 0
0000011101 0.00365448 0
0000011110 0.0560608 -3.14159
0000011111 0.0757446 0
0000100000 0.0739136 -3.14159
0000100001 0.023056 -3.14159
0000100010 0.0689087 -3.14159
0000100011 0.030304 0
0000100100 0.0329895 -3.14159
0000100101 0.0299835 0
0000100110 0.018631 0
0000100111 0.0244446 0
0000101000 0.00662994 0
0000101001 0.0123672 0
0000101010 0.0317688 -3.14159
0000101011 0.0775146 0
0000101100 0.00468063 0
0000101101 0.00759125 0
0000101110 0.00764847 -3.14159
0000101111 0.0159454 0
0000110000 0.0168304 0
0000110001 0.00322723 0
0000110010 0.0204163 0
0000110011 0.0280457 0
0000110100 0.0665283 -3.14159
0000110101 0.02771 0
0000110110 0.0218658 0
0000110111 0.00545883 -3.14159
0000111000 0.00247574 -3.14159
0000111001 0.0370483 -3.14159
0000111010 0.0131226 -3.14159
0000111011 0.00695038 -3.14159
0000111100 0.00216484 0
0000111101 0.0464478 0
0000111110 0.0270233 -3.14159
0000111111 0.00954437 -3.14159
0001000000 0.0143738 0
0001000001 0.0351868 -3.14159
0001000010 0.0265961 -3.14159
0001000011 0.0100021 -3.14159
0001000100 0.0148392 -3.14159
0001000101 0.0216675 0
0001000110 0.0108261 0
0001000111 0.0155869 -3.14159
0001001000 0.0897217 -3.14159
0001001001 0.000225663 0
0001001010 0.0260773 -3.14159
0001001011 0.0258179 -3.14159
0001001100 0.000203729 0
0001001101 0.0578918 -3.14159
0001001110 0.0362854 0
0001001111 0.0242462 0
0001010000 0.0322876 0
0001010001 0.00320625 -3.14159
0001010010 0.0672607 0
0001010011 0.0225677 0
0001010100 0.00381088 -3.14159
0001010101 0.0100479 0
0001010110 0.002491 -3.14159
0001010111 0.0498352 -3.14159
0001011000 0.0366821 0
0001011001 0.0256653 0
0001011010 0.00234222 0
0001011011 0.0809326 -3.14159
0001011100 0.0395508 0
0001011101 0.0167694 -3.14159
0001011110 0.0440369 -3.14159
0001011111 0.0260773 -3.14159
0001100000 0.0515137 -3.14159
0001100001 0.0157471 0
0001100010 0.0580139 -3.14159
0001100011 0.00111103 -3.14159
0001100100 0.0281067 0
0001100101 0.00173855 -3.14159
0001100110 0.0221405 -3.14159
0001100111 0.106384 0
0001101000 0.033783 0
0001101001 0.00764847 -3.14159
0001101010 0.011261 -3.14159
0001101011 0.0357056 -3.14159
0001101100 0.0426025 -3.14159
0001101101 0.0469055 -3.14159
0001101110 0.0613403 0
0001101111 0.0238953 0
0001110000 0.0490112 -3.14159
0001110001 0.00822449 0
0001110010 0.0235901 -3.14159
0001110011 0.0148392 0
0001110100 0.0022068 0
0001110101 2.85506e-05 0
0001110110 0.0301056 -3.14159
0001110111 0.0115662 -3.14159
0001111000 0.00690079 -3.14159
0001111001 0.0336914 -3.14159
0001111010 0.0229187 0
0001111011 0.029953 0
0001111100 0.0361328 -3.14159
0001111101 0.0431824 0
0001111110 0.0145874 0
0001111111 0.0365906 0
0010000000 0.0115814 0
0010000001 0.0112457 0
0010000010 0.0124741 -3.14159
0010000011 0.0201569 -3.14159
0010000100 0.038147 -3.14159
0010000101 0.0355225 -3.14159
0010000110 0.0304565 -3.14159
0010000111 0.0730591 -3.14159
0010001000 0.026947 -3.14159
0010001001 0.0244293 0
0010001010 0.00216103 0
0010001011 0.0306702 -3.14159
0010001100 0.0340271 -3.14159
0010001101 0.0290222 -3.14159
0010001110 0.0269623 0
0010001111 0.0185699 -3.14159
0010010000 0.0671387 -3.14159
0010010001 0.0232239 -3.14159
0010010010 0.0309143 -3.14159
0010010011 0.0270233 -3.14159
0010010100 0.0435791 -3.14159
0010010101 0.021698 -3.14159
0010010110 0.00309753 0
0010010111 0.00655746 0
0010011000 0.014183 0
0010011001 0.0455322 -3.14159
0010011010 0.0131836 0
0010011011 0.0454102 0
0010011100 0.0202332 0
0010011101 0.0495911 0
0010011110 0.000421047 -3.14159
0010011111 0.00559616 0
0010100000 0.0412598 -3.14159
0010100001 0.00557327 0
0010100010 0.0672607 -3.14159
0010100011 0.0322876 -3.14159
0010100100 0.0152893 -3.14159
0010100101 0.0193024 -3.14159
0010100110 0.0393677 0
0010100111 0.0240326 0
0010101000 0.0119629 0
0010101001 0.0121078 0
0010101010 0.0520325 -3.14159
0010101011 0.0324402 -3.14159
0010101100 0.028656 -3.14159
0010101101 0.0585327 0
0010101110 0.014122 -3.14159
0010101111 0.0029583 0
0010110000 0.00684357 0
0010110001 0.0091095 -3.14159
0010110010 0.00875092 0
0010110011 0.0153503 -3.14159
0010110100 0.0274506 0
0010110101 0.00866699 0
0010110110 0.0169983 0
0010110111 0.0161743 -3.14159
0010111000 0.0178528 0
0010111001 0.00796509 0
0010111010 0.0154343 -3.14159
0010111011 0.0329895 0
0010111100 0.0194244 -3.14159
0010111101 0.0295105 -3.14159
0010111110 0.0269623 0
0010111111 0.0075264 0
0011000000 0.0215607 -3.14159
0011000001 0.0231781 0
0011000010 0.0439758 0
0011000011 0.0230713 0
0011000100 0.00966644 -3.14159
0011000101 0.0110016 -3.14159
0011000110 0.00470734 -3.14159
0011000111 0.0285339 -3.14159
0011001000 0.0307617 0
0011001001 0.0102844 0
0011001010 0.0305939 0
0011001011 0.0487366 -3.14159
0011001100 0.0046196 -3.14159
0011001101 0.0224609 -3.14159
0011001110 0.101807 0
0011001111 0.00458145 0
0011010000 0.0216217 -3.14159
0011010001 0.00646973 0
0011010010 0.0140152 0
0011010011 0.0395203 -3.14159
0011010100 0.00696945 -3.14159
0011010101 0.0240021 -3.14159
0011010110 0.00147057 -3.14159
0011010111 0.0224304 0
0011011000 0.0085144 0
0011011001 0.0225067 -3.14159
0011011010 0.00384521 0
0011011011 0.00609207 -3.14159
0011011100 0.00650024 0
0011011101 0.00943756 -3.14159
0011011110 0.016983 0
0011011111 0.0529175 0
0011100000 0.00596619 0
0011100001 0.01651 -3.14159
0011100010 0.0145493 0
0011100011 0.0184479 -3.14159
0011100100 0.0225677 -3.14159
0011100101 0.00693512 0
0011100110 0.0263977 0
0011100111 0.0521545 0
0011101000 0.0475464 -3.14159
0011101001 0.00884247 0
0011101010 0.0176239 0
0011101011 0.0220184 0
0011101100 0.0156708 -3.14159
0011101101 0.0167542 0
0011101110 0.0481262 -3.14159
0011101111 0.0126877 -3.14159
0011110000 0.0336609 -3.14159
0011110001 0.0339355 0
0011110010 0.0292969 0
0011110011 0.0254211 0
0011110100 0.0233917 -3.14159
0011110101 0.0405884 0
0011110110 0.0267334 -3.14159
0011110111 0.0336609 0
0011111000 0.00200844 -3.14159
0011111001 0.0351562 -3.14159
0011111010 0.00950623 0
0011111011 0.030899 -3.14159
0011111100 0.0196838 -3.14159
0011111101 0.0185242 -3.14159
0011111110 0.0369873 0
0011111111 0.00395584 0
0100000000 0.00960541 -3.14159
0100000001 0.0254517 -3.14159
0100000010 0.0123062 -3.14159
0100000011 0.0135498 0
0100000100 0.0757446 -3.14159
0100000101 0.0267181 0
0100000110 0.0295258 0
0100000111 0.0450134 -3.14159
0100001000 0.0130386 0
0100001001 0.0119934 0
0100001010 0.00772095 -3.14159
0100001011 0.0112839 -3.14159
0100001100 3.27229e-05 -3.14159
0100001101 0.0454102 -3.14159
0100001110 0.026474 0
0100001111 0.00481796 -3.14159
0100010000 0.0345764 0
0100010001 0.0748901 -3.14159
0100010010 0.00493622 0
0100010011 0.00428772 0
0100010100 0.0789185 -3.14159
0100010101 0.0514526 -3.14159
0100010110 0.0133896 0
0100010111 0.0579224 -3.14159
0100011000 0.0424805 -3.14159
0100011001 0.0426636 0
0100011010 0.00524521 -3.14159
0100011011 0.0148468 0
0100011100 0.00753021 -3.14159
0100011101 0.0217896 -3.14159
0100011110 0.0129471 0
0100011111 0.00871277 0
0100100000 0.00517273 0
0100100001 0.0544434 0
0100100010 0.00837708 -3.14159
0100100011 0.0375061 0
0100100100 0.012291 0
0100100101 0.0143051 -3.14159
0100100110 0.0923462 0
0100100111 0.0196991 -3.14159
0100101000 0.0372314 0
0100101001 0.0413818 -3.14159
0100101010 0.00307274 -3.14159
0100101011 0.0533447 0
0100101100 0.0148697 -3.14159
0100101101 0.000731945 -3.14159
0100101110 0.00514603 -3.14159
0100101111 0.0398865 0
0100110000 0.0474854 0
0100110001 0.00485229 -3.14159
0100110010 0.0082016 0
0100110011 0.0643311 -3.14159
0100110100 0.0357361 0
0100110101 0.0328674 0
0100110110 0.0104294 -3.14159
0100110111 0.0227966 0
0100111000 0.0149918 0
0100111001 0.0135803 0
0100111010 0.0049324 0
0100111011 0.00174809 -3.14159
0100111100 0.0183868 -3.14159
0100111101 0.0160828 0
0100111110 0.0163269 0
0100111111 0.00351334 -3.14159
0101000000 0.00457001 0
0101000001 0.0238495 -3.14159
0101000010 0.0543213 -3.14159
0101000011 0.0247192 -3.14159
0101000100 0.00381088 0
0101000101 0.0535583 0
0101000110 0.0222931 -3.14159
0101000111 0.0225525 0
0101001000 0.0319824 -3.14159
0101001001 0.0465698 -3.14159
0101001010 0.00518417 -3.14159
0101001011 0.0190735 0
0101001100 0.00621414 -3.14159
0101001101 0.000413656 -3.14159
0101001110 0.00505447 0
0101001111 0.0076561 0
0101010000 0.0116119 -3.14159
0101010001 0.0117188 0
0101010010 0.0235138 -3.14159
0101010011 0.0335693 -3.14159
0101010100 0.032074 -3.14159
0101010101 0.0124054 0
0101010110 0.0101852 -3.14159
0101010111 0.0273285 0
0101011000 0.0257568 0
0101011001 0.0240326 0
0101011010 0.00340462 0
0101011011 0.0229187 -3.14159
0101011100 0.00289345 -3.14159
0101011101 0.0298309 0
0101011110 0.0350037 -3.14159
0101011111 0.00484467 -3.14159
0101100000 0.0405579 -3.14159
0101100001 0.00561523 -3.14159
0101100010 0.0271912 0
0101100011 0.0392151 -3.14159
0101100100 0.0205841 -3.14159
0101100101 0.000126123 -3.14159
0101100110 0.0254517 -3.14159
0101100111 0.0129013 0
0101101000 0.0368958 0
0101101001 0.0103683 -3.14159
0101101010 0.057373 -3.14159
0101101011 0.00622177 -3.14159
0101101100 0.0206299 0
0101101101 0.0441895 0
0101101110 0.0474243 -3.14159
0101101111 0.0419922 -3.14159
0101110000 0.00814056 0
0101110001 0.0331116 -3.14159
0101110010 0.0340576 -3.14159
0101110011 0.013031 0
0101110100 0.00335312 -3.14159
0101110101 0.00214005 -3.14159
0101110110 0.0380859 -3.14159
0101110111 0.0200806 0
0101111000 0.0184479 -3.14159
0101111001 0.0139389 0
0101111010 0.0125885 -3.14159
0101111011 0.00291824 -3.14159
0101111100 0.0354919 0
0101111101 0.00905609 -3.14159
0101111110 0.00973511 0
0101111111 0.0483093 0
0110000000 0.0323792 -3.14159
0110000001 0.0393066 -3.14159
0110000010 0.00139141 -3.14159
0110000011 0.0251465 0
0110000100 0.0189056 -3.14159
0110000101 0.00377083 -3.14159
0110000110 0.0172577 0
0110000111 0.0448608 -3.14159
0110001000 0.00253677 -3.14159
0110001001 0.0200653 0
0110001010 0.0268097 0
0110001011 0.0473328 -3.14159
0110001100 0.017395 0
0110001101 0.0475464 -3.14159
0110001110 0.000874043 -3.14159
0110001111 0.000694275 0
0110010000 0.0469971 0
0110010001 0.0360107 -3.14159
0110010010 0.0560303 0
0110010011 0.0173645 0
0110010100 0.00293732 -3.14159
0110010101 0.0616455 -3.14159
0110010110 0.0528564 0
0110010111 0.0557861 0
0110011000 0.0178375 -3.14159
0110011001 0.0855103 -3.14159
0110011010 0.000792503 0
0110011011 0.00447083 -3.14159
0110011100 0.0201416 0
0110011101 0.0328064 -3.14159
0110011110 0.0018425 -3.14159
0110011111 0.041626 0
0110100000 0.0361023 0
0110100001 0.0145035 -3.14159
0110100010 0.00598145 -3.14159
0110100011 0.00521088 0
0110100100 0.00611496 -3.14159
0110100101 0.065979 0
0110100110 0.0105591 -3.14159
0110100111 0.049469 0
0110101000 0.0204468 -3.14159
0110101001 0.0274963 0
0110101010 0.0385132 0
0110101011 0.0256348 0
0110101100 0.0377197 -3.14159
0110101101 0.00330925 -3.14159
0110101110 0.0440369 0
0110101111 0.0092392 -3.14159
0110110000 0.00856781 0
0110110001 0.0665283 0
0110110010 0.0172272 0
0110110011 0.0109024 0
0110110100 0.0146255 -3.14159
0110110101 0.0448303 0
0110110110 0.0177612 0
0110110111 0.0515747 -3.14159
0110111000 0.0530396 -3.14159
0110111001 0.0405273 0
0110111010 0.00313759 0
0110111011 0.0876465 0
0110111100 0.0444031 -3.14159
0110111101 0.0464478 -3.14159
0110111110 0.0246124 0
0110111111 0.00847626 -3.14159
0111000000 0.00450897 0
0111000001 0.00392151 0
0111000010 0.0163269 0
0111000011 0.0282593 -3.14159
0111000100 0.00217438 0
0111000101 0.0314026 -3.14159
0111000110 0.0163422 -3.14159
0111000111 0.0519409 -3.14159
0111001000 0.0346375 0
0111001001 0.0176239 -3.14159
0111001010 0.0101318 0
0111001011 0.0108643 0
0111001100 0.00459671 -3.14159
0111001101 0.0342407 -3.14159
0111001110 0.0396729 0
0111001111 0.00997162 -3.14159
0111010000 0.00455856 0
0111010001 0.00762939 0
0111010010 0.050293 0
0111010011 0.0310516 0
0111010100 0.00605011 0
0111010101 0.00618362 0
0111010110 0.0531921 0
0111010111 0.0172882 0
0111011000 0.00961304 0
0111011001 0.0043602 -3.14159
0111011010 0.00230598 0
0111011011 0.00289536 -3.14159
0111011100 0.0147934 0
0111011101 0.00182438 0
0111011110 0.0452576 -3.14159
0111011111 0.00359535 -3.14159
0111100000 0.0346985 0
0111100001 0.00605392 0
0111100010 0.00387764 0
0111100011 0.0219574 -3.14159
0111100100 0.000939846 -3.14159
0111100101 0.0257111 0
0111100110 0.0271759 -3.14159
0111100111 2.86102e-05 0
0111101000 0.0469666 -3.14159
0111101001 0.0227203 0
0111101010 0.0104904 0
0111101011 0.0122452 0
0111101100 0.0149155 -3.14159
0111101101 0.0653687 -3.14159
0111101110 0.0268707 0
0111101111 0.0222321 0
0111110000 0.000342369 -3.14159
0111110001 0.00547791 -3.14159
0111110010 0.0393677 -3.14159
0111110011 0.0262146 -3.14159
0111110100 0.0491943 -3.14159
0111110101 0.0365906 -3.14159
0111110110 0.00733185 0
0111110111 0.00715637 -3.14159
0111111000 0.0178375 0
0111111001 0.0415649 0
0111111010 0.0670166 -3.14159
0111111011 0.0447693 -3.14159
0111111100 0.00991821 -3.14159
0111111101 0.0190277 0
0111111110 0.0134735 -3.14159
0111111111 0.0224304 0
1000000000 0.0140457 -3.14159
1000000001 0.0280914 -3.14159
1000000010 0.00162601 0
1000000011 0.0385437 0
1000000100 0.0223389 0
1000000101 0.0333557 -3.14159
1000000110 0.00632095 0
1000000111 0.0169983 0
1000001000 0.022934 -3.14159
1000001001 0.0563354 0
1000001010 0.0143051 -3.14159
1000001011 0.0150604 0
1000001100 0.0488281 -3.14159
1000001101 0.0252533 -3.14159
1000001110 0.0247192 0
1000001111 0.00654602 -3.14159
1000010000 0.000410318 -3.14159
1000010001 0.000161886 -3.14159
1000010010 0.0315552 -3.14159
1000010011 0.00110435 0
1000010100 0.0578613 0
1000010101 0.0291595 -3.14159
1000010110 0.0191193 0
1000010111 0.0193481 0
1000011000 0.0358582 0
1000011001 0.0837402 -3.14159
1000011010 0.0144348 0
1000011011 0.022995 0
1000011100 0.0190735 0
1000011101 0.045166 0
1000011110 0.0122452 0
1000011111 0.00190258 -3.14159
1000100000 0.0247192 -3.14159
1000100001 0.0204163 0
1000100010 0.00416183 0
1000100011 0.0315857 0
1000100100 0.0243073 -3.14159
1000100101 0.0405273 -3.14159
1000100110 0.0205078 -3.14159
1000100111 0.0167999 -3.14159
1000101000 0.0119781 -3.14159
1000101001 0.00658035 -3.14159
1000101010 0.0275879 0
1000101011 0.0362244 0
1000101100 0.00602722 -3.14159
1000101101 0.0408936 -3.14159
1000101110 0.0338135 -3.14159
1000101111 0.0283051 -3.14159
1000110000 0.00328064 0
1000110001 0.00630188 -3.14159
1000110010 0.0122223 0
1000110011 0.00849915 -3.14159
1000110100 0.00187683 -3.14159
1000110101 0.0108185 0
1000110110 0.01474 0
1000110111 0.0353088 0
1000111000 0.0708618 -3.14159
1000111001 0.0111771 0
1000111010 0.0117416 -3.14159
1000111011 0.0105591 0
1000111100 0.0435486 0
1000111101 0.0113144 0
1000111110 0.026947 0
1000111111 0.0161438 0
1001000000 0.0116119 0
1001000001 0.0267181 -3.14159
1001000010 0.0178528 -3.14159
1001000011 0.00682449 0
1001000100 0.0102844 -3.14159
1001000101 0.00561523 0
1001000110 0.0120087 -3.14159
1001000111 0.036499 -3.14159
1001001000 0.0461731 0
1001001001 0.0135574 -3.14159
1001001010 0.010643 -3.14159
1001001011 0.0174561 0
1001001100 0.0179138 0
1001001101 0.0138931 -3.14159
1001001110 0.0254974 0
1001001111 0.0554199 -3.14159
1001010000 0.0522766 0
1001010001 0.01651 0
1001010010 0.0549316 -3.14159
1001010011 0.0296173 -3.14159
1001010100 0.00862122 0
1001010101 0.00380135 0
1001010110 0.00295639 -3.14159
1001010111 0.040802 0
1001011000 0.0492859 -3.14159
1001011001 0.00891113 -3.14159
1001011010 0.0177917 0
1001011011 0.0136108 -3.14159
1001011100 0.0046196 -3.14159
1001011101 0.0409546 0
1001011110 0.0391235 0
1001011111 0.00285721 -3.14159
1001100000 0.00658035 -3.14159
1001100001 0.0230713 0
1001100010 0.00258636 0
1001100011 0.00351524 0
1001100100 0.0270386 -3.14159
1001100101 0.0227051 0
1001100110 0.000816822 0
1001100111 0.0908813 0
1001101000 0.0455627 0
1001101001 0.0111542 -3.14159
1001101010 0.0132904 0
1001101011 2.66433e-05 -3.14159
1001101100 0.0110779 0
1001101101 0.0586243 0
1001101110 0.0224915 0
1001101111 0.0661011 0
1001110000 0.0253143 0
1001110001 0.0587463 -3.14159
1001110010 0.00562286 -3.14159
1001110011 0.0164948 0
1001110100 0.0241547 -3.14159
1001110101 0.0332642 0
1001110110 0.0596313 0
1001110111 0.0122528 -3.14159
1001111000 0.0217438 0
1001111001 0.0285339 -3.14159
1001111010 0.0476379 0
1001111011 0.0251312 -3.14159
1001111100 0.000415087 -3.14159
1001111101 0.0161285 -3.14159
1001111110 0.0347595 -3.14159
1001111111 0.0105743 -3.14159
1010000000 0.0139084 -3.14159
1010000001 0.0230103 -3.14159
1010000010 0.0396118 -3.14159
1010000011 0.0441284 -3.14159
1010000100 0.00143623 -3.14159
1010000101 0.0364685 0
1010000110 0.0332031 0
1010000111 0.0350342 -3.14159
1010001000 0.0359802 -3.14159
1010001001 0.0848999 0
1010001010 0.0288086 -3.14159
1010001011 0.0201569 0
1010001100 0.0190735 0
1010001101 0.00717163 0
1010001110 0.00109196 -3.14159
1010001111 0.00661087 0
1010010000 0.0269318 0
1010010001 0.0403748 -3.14159
1010010010 0.023819 -3.14159
1010010011 0.00257683 0
1010010100 0.0210114 -3.14159
1010010101 0.00309944 0
1010010110 0.00875854 -3.14159
1010010111 0.00242615 0
1010011000 0.0122223 0
1010011001 0.0663452 0
1010011010 0.00334167 0
1010011011 0.00326157 -3.14159
1010011100 0.0135498 -3.14159
1010011101 0.0435791 0
1010011110 0.0102615 0
1010011111 0.00376129 0
1010100000 0.0285797 -3.14159
1010100001 0.0230713 0
1010100010 0.0216675 -3.14159
1010100011 0.0361328 -3.14159
1010100100 0.0305481 -3.14159
1010100101 0.019928 0
1010100110 0.00993347 0
1010100111 0.0289307 0
1010101000 0.020813 -3.14159
1010101001 0.0126495 0
1010101010 0.00296402 0
1010101011 0.100708 0
1010101100 0.0245361 0
1010101101 0.00564957 0
1010101110 0.00898743 -3.14159
1010101111 0.0224152 -3.14159
1010110000 0.0710449 0
1010110001 0.0451355 -3.14159
1010110010 0.0309601 -3.14159
1010110011 0.0133667 0
1010110100 0.00439453 0
1010110101 0.0272827 0
1010110110 0.00475693 -3.14159
1010110111 0.00927734 -3.14159
1010111000 0.00345039 0
1010111001 0.0289612 0
1010111010 0.0409851 -3.14159
1010111011 0.00998688 0
1010111100 0.0267792 -3.14159
1010111101 0.0246124 0
1010111110 0.036438 -3.14159
1010111111 0.0329895 -3.14159
1011000000 0.00989532 0
1011000001 0.0191498 -3.14159
1011000010 0.0170441 0
1011000011 0.0100479 0
1011000100 0.0307312 0
1011000101 0.0394897 0
1011000110 0.0372925 -3.14159
1011000111 0.00267601 -3.14159
1011001000 0.0516357 -3.14159
1011001001 0.00375557 0
1011001010 0.00452042 0
1011001011 0.00812531 0
1011001100 0.0245667 0
1011001101 0.0137253 0
1011001110 0.0176849 -3.14159
1011001111 0.0324097 -3.14159
1011010000 0.00920105 0
1011010001 0.0490417 -3.14159
1011010010 0.015686 0
1011010011 0.012207 -3.14159
1011010100 0.00325203 -3.14159
1011010101 0.0651855 -3.14159
1011010110 0.0240784 -3.14159
1011010111 0.0497742 -3.14159
1011011000 0.0183716 -3.14159
1011011001 0.0207672 0
1011011010 0.0129852 -3.14159
1011011011 0.0041008 -3.14159
1011011100 0.0191803 -3.14159
1011011101 0.0267487 0
1011011110 0.0388489 -3.14159
1011011111 0.0308075 -3.14159
1011100000 0.0153046 0
1011100001 0.00251961 0
1011100010 0.00443268 -3.14159
1011100011 0.056366 0
1011100100 0.0879517 0
1011100101 0.0142517 0
1011100110 0.00103569 0
1011100111 0.0188141 0
1011101000 0.0419006 0
1011101001 0.026886 -3.14159
1011101010 0.00867462 0
1011101011 0.00513077 -3.14159
1011101100 0.0262451 0
1011101101 0.0195923 -3.14159
1011101110 0.0291138 0
1011101111 0.103577 0
1011110000 0.00836182 0
1011110001 0.0277405 -3.14159
1011110010 0.00518417 0
1011110011 0.00695419 -3.14159
1011110100 0.00630569 -3.14159
1011110101 0.041748 0
1011110110 0.0586853 -3.14159
1011110111 0.0278931 -3.14159
1011111000 0.0175781 0
1011111001 0.039978 -3.14159
1011111010 0.00447464 0
1011111011 0.0176849 -3.14159
1011111100 0.0691528 0
1011111101 0.0375977 0
1011111110 0.0603333 0
1011111111 0.0147171 0
1100000000 0.0169678 -3.14159
1100000001 0.0339966 0
1100000010 0.00741577 -3.14159
1100000011 0.00420761 -3.14159
1100000100 0.0392151 -3.14159
1100000101 0.00575256 -3.14159
1100000110 0.00550461 0
1100000111 0.0118027 0
1100001000 0.0131836 -3.14159
1100001001 0.00387383 -3.14159
1100001010 0.0141602 0
1100001011 0.000302315 0
1100001100 0.00124168 -3.14159
1100001101 0.00774765 -3.14159
1100001110 0.0202179 0
1100001111 0.00827026 0
1100010000 0.0661011 0
1100010001 0.029953 0
1100010010 0.01474 0
1100010011 0.0610352 -3.14159
1100010100 0.00394058 0
1100010101 0.0456238 -3.14159
1100010110 0.02565 -3.14159
1100010111 0.0593262 0
1100011000 0.0476379 -3.14159
1100011001 0.0154419 -3.14159
1100011010 0.000447273 0
1100011011 0.0111008 0
1100011100 0.00634003 -3.14159
1100011101 0.0215759 0
1100011110 0.00104141 0
1100011111 0.0117264 -3.14159
1100100000 0.00990295 0
1100100001 0.0376892 -3.14159
1100100010 0.0226288 0
1100100011 0.0108337 0
1100100100 0.0164337 0
1100100101 0.0603027 -3.14159
1100100110 0.0137939 0
1100100111 0.00156021 -3.14159
1100101000 0.0256042 -3.14159
1100101001 0.0425415 0
1100101010 0.0144424 0
1100101011 0.0427551 0
1100101100 0.0376892 -3.14159
1100101101 0.0423889 -3.14159
1100101110 0.0828857 0
1100101111 0.0066185 0
1100110000 0.000818253 -3.14159
1100110001 0.00450516 -3.14159
1100110010 0.0438232 0
1100110011 0.0201263 -3.14159
1100110100 0.00487518 0
1100110101 0.00780869 0
1100110110 0.048584 0
1100110111 0.0146866 -3.14159
1100111000 0.0184937 -3.14159
1100111001 0.0172272 0
1100111010 0.0235138 -3.14159
1100111011 0.0392456 -3.14159
1100111100 0.0387268 -3.14159
1100111101 0.0297546 -3.14159
1100111110 0.0242157 -3.14159
1100111111 0.0293732 -3.14159
1101000000 0.0817261 0
1101000001 0.00281334 -3.14159
1101000010 0.00190353 -3.14159
1101000011 0.0217438 -3.14159
1101000100 0.0208435 0
1101000101 0.0465393 0
1101000110 0.0291901 0
1101000111 0.00127125 0
1101001000 0.0679932 0
1101001001 0.00621796 0
1101001010 0.00330544 -3.14159
1101001011 0.0197601 0
1101001100 0.0126114 0
1101001101 0.0399475 0
1101001110 0.00364494 0
1101001111 0.00740433 0
1101010000 0.00315094 0
1101010001 0.0184326 -3.14159
1101010010 0.0217133 0
1101010011 0.0623779 0
1101010100 0.00712585 0
1101010101 0.00862122 0
1101010110 0.00333595 0
1101010111 0.0269012 0
1101011000 0.0184021 -3.14159
1101011001 0.00987244 0
1101011010 0.0418091 0
1101011011 0.0215607 -3.14159
1101011100 0.00924683 0
1101011101 0.0252228 0
1101011110 0.0275116 -3.14159
1101011111 0.0518799 -3.14159
1101100000 0.00129795 0
1101100001 0.00284958 0
1101100010 0.0211639 -3.14159
1101100011 0.0191345 0
1101100100 0.0329895 -3.14159
1101100101 0.0331726 -3.14159
1101100110 0.00699997 -3.14159
1101100111 0.031189 0
1101101000 0.0326843 0
1101101001 0.0211945 0
1101101010 0.0262146 0
1101101011 0.00968933 0
1101101100 0.0302734 -3.14159
1101101101 0.0078125 0
1101101110 0.0446167 0
1101101111 0.0334778 -3.14159
1101110000 0.0193481 -3.14159
1101110001 0.0353699 0
1101110010 0.0221405 -3.14159
1101110011 0.0479736 -3.14159
1101110100 0.0130463 -3.14159
1101110101 0.023056 0
1101110110 0.0388794 -3.14159
1101110111 0.0391541 -3.14159
1101111000 0.0545654 -3.14159
1101111001 0.00869751 -3.14159
1101111010 0.000882626 0
1101111011 0.0159149 -3.14159
1101111100 0.036499 0
1101111101 0.0448608 -3.14159
1101111110 0.0156021 0
1101111111 0.00705719 -3.14159
1110000000 0.00367928 0
1110000001 0.022049 0
1110000010 0.0731201 0
1110000011 0.0253906 -3.14159
1110000100 0.0150223 -3.14159
1110000101 0.0145874 0
1110000110 0.0395203 -3.14159
1110000111 0.0426025 0
1110001000 0.00268173 -3.14159
1110001001 0.00053215 0
1110001010 0.0281677 0
1110001011 0.00898743 0
1110001100 0.0177612 -3.14159
1110001101 0.0695801 0
1110001110 0.0159607 0
1110001111 0.0307617 0
1110010000 0.0105438 -3.14159
1110010001 0.0131989 0
1110010010 0.00834656 -3.14159
1110010011 0.0423889 0
1110010100 0.0326233 -3.14159
1110010101 0.0462646 -3.14159
1110010110 0.0406799 0
1110010111 0.0301819 -3.14159
1110011000 0.0117569 -3.14159
1110011001 0.0175018 -3.14159
1110011010 0.00878143 0
1110011011 0.0317383 -3.14159
1110011100 0.0394287 0
1110011101 0.00952148 -3.14159
1110011110 0.0147705 -3.14159
1110011111 0.0787964 0
1110100000 0.0393066 0
1110100001 0.00691605 -3.14159
1110100010 0.0457764 -3.14159
1110100011 0.00429153 -3.14159
1110100100 0.00853729 -3.14159
1110100101 0.0420227 0
1110100110 0.0385437 -3.14159
1110100111 0.0232086 0
1110101000 0.0205231 -3.14159
1110101001 0.0350037 0
1110101010 0.0361328 0
1110101011 0.0166168 0
1110101100 0.0379944 0
1110101101 0.00585938 0
1110101110 0.00824738 0
1110101111 0.00118923 -3.14159
1110110000 0.0225983 0
1110110001 0.0206451 -3.14159
1110110010 0.0372314 -3.14159
1110110011 0.0703125 -3.14159
1110110100 0.000122428 -3.14159
1110110101 0.0643311 -3.14159
1110110110 0.0288086 0
1110110111 0.0324402 -3.14159
1110111000 0.0178986 -3.14159
1110111001 0.109558 -3.14159
1110111010 0.0491333 -3.14159
1110111011 0.0263672 0
1110111100 0.0395508 -3.14159
1110111101 0.0113297 0
1110111110 0.00974274 -3.14159
1110111111 0.0341187 -3.14159
1111000000 0.0395203 0
1111000001 0.0466309 -3.14159
1111000010 0.0568542 0
1111000011 0.00778961 0
1111000100 0.0384827 -3.14159
1111000101 0.0388489 -3.14159
1111000110 0.0468445 0
1111000111 0.0193787 -3.14159
1111001000 0.00759506 -3.14159
1111001001 0.0421448 -3.14159
1111001010 0.0172424 0
1111001011 0.0155182 0
1111001100 0.026062 -3.14159
1111001101 0.0173645 -3.14159
1111001110 0.0186615 0
1111001111 0.0905762 0
1111010000 0.00303841 0
1111010001 0.0301666 -3.14159
1111010010 0.00772858 -3.14159
1111010011 0.0160522 0
1111010100 0.0102005 0
1111010101 0.00503922 0
1111010110 0.0033989 0
1111010111 0.0153427 0
1111011000 0.0146942 0
1111011001 0.0117493 -3.14159
1111011010 0.0456238 -3.14159
1111011011 0.0140228 0
1111011100 0.00759506 -3.14159
1111011101 0.0149078 -3.14159
1111011110 0.021347 -3.14159
1111011111 0.011467 -3.14159
1111100000 0.0353394 0
1111100001 0.00180817 0
1111100010 0.00582504 0
1111100011 0.0593872 -3.14159
1111100100 0.0118637 0
1111100101 0.0477905 -3.14159
1111100110 0.036438 0
1111100111 0.0105362 0
1111101000 0.00828552 0
1111101001 0.0204315 0
1111101010 0.039978 -3.14159
1111101011 0.0453186 -3.14159
1111101100 0.0819092 0
1111101101 0.036377 -3.14159
1111101110 0.054657 0
1111101111 0.0508728 0
1111110000 0.0291443 -3.14159
1111110001 0.0648804 0
1111110010 0.0129776 -3.14159
1111110011 0.0391541 -3.14159
1111110100 0.0505066 -3.14159
1111110101 0.0408325 0
1111110110 0.0458984 -3.14159
1111110111 0.0264282 0
1111111000 0.056427 -3.14159
1111111001 0.0409546 -3.14159
1111111010 0.0153656 -3.14159
1111111011 0.00976562 -3.14159
1111111100 0.0180206 0
1111111101 0.0287933 0
1111111110 0.0244141 0
1111111111 0.015976 0
