0000000000 0.026413 0
0000000001 0.0159302 0
0000000010 0.00295639 -3.14159
0000000011 0.0375977 -3.14159
0000000100 0.0153656 -3.14159
0000000101 0.0305023 0
0000000110 0.0366821 -3.14159
0000000111 0.005867 -3.14159
0000001000 0.000862598 0
0000001001 0.0349426 -3.14159
0000001010 0.00105381 0
0000001011 0.00905609 0
0000001100 0.00198555 -3.14159
0000001101 0.0100555 0
0000001110 0.00840759 0
0000001111 0.00561905 -3.14159
0000010000 0.0145874 0
0000010001 0.00756454 -3.14159
0000010010 0.0222321 -3.14159
0000010011 0.0561829 -3.14159
0000010100 0.0262756 -3.14159
0000010101 0.00614166 0
0000010110 0.0107117 -3.14159
0000010111 0.0450439 0
0000011000 0.053772 0
0000011001 0.0402527 -3.14159
0000011010 0.0295258 -3.14159
0000011011 0.0395813 -3.14159
0000011100 0.00100327 -3.14159
0000011101 0.01371 -3.14159
0000011110 0.0171051 0
0000011111 0.0210114 -3.14159
0000100000 0.079834 -3.14159
0000100001 0.0267334 -3.14159
0000100010 0.0672607 -3.14159
0000100011 0.0141983 -3.14159
0000100100 0.0171356 0
0000100101 0.00843811 -3.14159
0000100110 0.00635529 0
0000100111 0.00409698 0
0000101000 0.00832367 0
0000101001 0.0114441 -3.14159
0000101010 0.0608826 -3.14159
0000101011 0.00410461 0
0000101100 0.0562744 -3.14159
0000101101 0.00827789 0
0000101110 0.013237 -3.14159
0000101111 0.0220642 -3.14159
0000110000 0.00935364 0
0000110001 0.0489502 -3.14159
0000110010 0.0614624 -3.14159
0000110011 0.0103607 0
0000110100 0.0313416 -3.14159
0000110101 0.00125694 0
0000110110 0.00423431 0
0000110111 0.0640259 0
0000111000 0.0370789 -3.14159
0000111001 0.0259247 -3.14159
0000111010 0.0094223 0
0000111011 0.0104599 -3.14159
0000111100 0.0172119 0
0000111101 0.0199738 0
0000111110 0.0125656 0
0000111111 0.00664139 0
0001000000 0.0535278 0
0001000001 0.0189209 0
0001000010 0.0170593 -3.14159
0001000011 0.0238953 0
0001000100 0.0200806 -3.14159
0001000101 0.000754356 -3.14159
0001000110 0.0169067 -3.14159
0001000111 0.0126038 -3.14159
0001001000 0.0141449 -3.14159
0001001001 0.0168762 -3.14159
0001001010 0.00427628 0
0001001011 0.0177917 -3.14159
0001001100 0.0330811 -3.14159
0001001101 0.0094986 -3.14159
0001001110 0.0269318 0
0001001111 0.00753784 0
0001010000 0.00400543 0
0001010001 0.0260773 -3.14159
0001010010 0.0296021 -3.14159
0001010011 0.0126266 0
0001010100 0.0306702 0
0001010101 0.0210571 -3.14159
0001010110 0.0075798 -3.14159
0001010111 0.00447083 -3.14159
0001011000 0.010376 0
0001011001 0.000543594 0
0001011010 0.0256042 0
0001011011 0.0235748 -3.14159
0001011100 0.0368042 0
0001011101 0.00595474 -3.14159
0001011110 0.0285187 -3.14159
0001011111 0.0268707 0
0001100000 0.00191307 -3.14159
0001100001 0.026474 -3.14159
0001100010 0.0629883 -3.14159
0001100011 0.0285797 -3.14159
0001100100 0.0241241 -3.14159
0001100101 0.0374146 0
0001100110 0.00609207 0
0001100111 0.0319214 0
0001101000 0.0206909 -3.14159
0001101001 0.0921631 0
0001101010 0.0125275 -3.14159
0001101011 0.0240021 0
0001101100 0.000634193 -3.14159
0001101101 0.0175629 -3.14159
0001101110 0.0113297 -3.14159
0001101111 0.016571 0
0001110000 0.0524597 -3.14159
0001110001 0.0238647 -3.14159
0001110010 0.0455933 -3.14159
0001110011 0.0173645 0
0001110100 0.0260315 -3.14159
0001110101 0.0200348 -3.14159
0001110110 0.00421906 0
0001110111 0.027832 -3.14159
0001111000 0.0605774 -3.14159
0001111001 0.0145187 0
0001111010 0.0256348 -3.14159
0001111011 0.00153255 -3.14159
0001111100 0.0410461 -3.14159
0001111101 0.0223694 0
0001111110 0.0101852 0
0001111111 0.0167236 -3.14159
0010000000 0.0451355 0
0010000001 0.04245 -3.14159
0010000010 0.0148849 0
0010000011 0.0264282 -3.14159
0010000100 0.00757217 0
0010000101 0.0163727 0
0010000110 0.0303802 0
0010000111 0.000566959 0
0010001000 0.00375366 0
0010001001 0.0101547 0
0010001010 0.0285034 0
0010001011 0.00141239 0
0010001100 0.0212555 0
0010001101 0.0138855 0
0010001110 0.0233612 0
0010001111 0.0186462 0
0010010000 0.0208282 -3.14159
0010010001 0.00520325 -3.14159
0010010010 0.00766754 -3.14159
0010010011 0.0186157 -3.14159
0010010100 0.0164948 -3.14159
0010010101 0.0186615 -3.14159
0010010110 0.0053215 -3.14159
0010010111 0.0277405 0
0010011000 0.000605106 0
0010011001 0.0251923 -3.14159
0010011010 0.00719452 0
0010011011 0.0099411 0
0010011100 0.0448608 -3.14159
0010011101 0.0105743 -3.14159
0010011110 0.0185394 -3.14159
0010011111 0.00387764 -3.14159
0010100000 0.0193176 0
0010100001 0.00769806 0
0010100010 0.000401735 -3.14159
0010100011 0.0211945 -3.14159
0010100100 0.0254364 0
0010100101 0.0195007 -3.14159
0010100110 0.0414124 0
0010100111 0.0150452 0
0010101000 0.00528336 -3.14159
0010101001 0.0139923 0
0010101010 0.0119705 0
0010101011 0.038208 0
0010101100 0.0146103 0
0010101101 0.00430679 0
0010101110 0.00158501 0
0010101111 0.000738144 -3.14159
0010110000 0.00489044 0
0010110001 0.0545349 -3.14159
0010110010 0.00652695 0
0010110011 0.0180054 0
0010110100 0.0537415 0
0010110101 0.00881958 -3.14159
0010110110 0.0113297 0
0010110111 0.0191345 -3.14159
0010111000 0.00269508 0
0010111001 0.0326233 -3.14159
0010111010 0.00305176 -3.14159
0010111011 0.0173492 0
0010111100 0.0472412 0
0010111101 0.0588989 -3.14159
0010111110 0.0222778 -3.14159
0010111111 0.0651245 -3.14159
0011000000 0.0558777 0
0011000001 0.0277863 0
0011000010 0.0107269 0
0011000011 0.0392456 0
0011000100 0.0102463 -3.14159
0011000101 0.0219727 0
0011000110 0.0258179 0
0011000111 0.0106735 -3.14159
0011001000 0.0129929 -3.14159
0011001001 0.00720596 0
0011001010 0.0119324 -3.14159
0011001011 0.00741577 -3.14159
0011001100 0.0284271 0
0011001101 0.0232544 -3.14159
0011001110 0.01194 0
0011001111 0.0292816 0
0011010000 0.00918579 0
0011010001 0.00273132 0
0011010010 0.0184479 0
0011010011 0.00513458 -3.14159
0011010100 0.0091095 -3.14159
0011010101 0.0453186 -3.14159
0011010110 0.0449524 -3.14159
0011010111 0.0533142 0
0011011000 0.0258026 0
0011011001 0.0039444 0
0011011010 0.00614548 0
0011011011 0.00971222 -3.14159
0011011100 0.0166473 0
0011011101 0.0453491 -3.14159
0011011110 0.0443115 -3.14159
0011011111 0.00961304 -3.14159
0011100000 0.0117874 0
0011100001 0.00466537 0
0011100010 0.000336885 0
0011100011 0.0223846 -3.14159
0011100100 0.0438843 0
0011100101 0.048584 0
0011100110 0.0452881 -3.14159
0011100111 0.00884247 0
0011101000 0.000223041 0
0011101001 0.00871277 0
0011101010 0.0638428 -3.14159
0011101011 0.00622559 0
0011101100 0.0113297 -3.14159
0011101101 0.0353394 -3.14159
0011101110 0.00705338 0
0011101111 0.0429382 0
0011110000 0.00539017 0
0011110001 0.0108261 0
0011110010 0.00797272 -3.14159
0011110011 0.0599976 -3.14159
0011110100 0.00166798 0
0011110101 0.0339661 0
0011110110 0.0352783 0
0011110111 0.00330925 0
0011111000 0.115845 0
0011111001 0.0132217 0
0011111010 0.00439072 0
0011111011 0.0318604 -3.14159
0011111100 0.0237579 0
0011111101 0.0156708 -3.14159
0011111110 0.0216522 0
0011111111 0.0188446 0
0100000000 0.0446167 0
0100000001 0.0193939 0
0100000010 0.0212555 -3.14159
0100000011 0.0272064 0
0100000100 0.0657349 -3.14159
0100000101 0.00440598 -3.14159
0100000110 0.0195923 0
0100000111 0.00828552 0
0100001000 0.0132599 -3.14159
0100001001 0.0108414 -3.14159
0100001010 0.00623322 0
0100001011 0.0470886 -3.14159
0100001100 0.0109482 -3.14159
0100001101 0.0204163 -3.14159
0100001110 0.0118027 0
0100001111 0.0292816 -3.14159
0100010000 0.00830841 0
0100010001 0.0635986 -3.14159
0100010010 0.0324097 0
0100010011 0.0163574 -3.14159
0100010100 0.0633545 0
0100010101 0.0144272 -3.14159
0100010110 0.006073 -3.14159
0100010111 0.00218201 -3.14159
0100011000 0.0017643 -3.14159
0100011001 0.0203857 0
0100011010 0.0066185 -3.14159
0100011011 0.0946655 -3.14159
0100011100 0.00965881 -3.14159
0100011101 0.013237 0
0100011110 0.0296631 -3.14159
0100011111 0.0575562 0
0100100000 0.00270462 0
0100100001 0.0118561 0
0100100010 0.0194092 -3.14159
0100100011 0.000682831 -3.14159
0100100100 0.0108566 -3.14159
0100100101 0.0254669 -3.14159
0100100110 0.0774536 -3.14159
0100100111 0.0519714 -3.14159
0100101000 0.0606384 0
0100101001 0.0986328 -3.14159
0100101010 0.0505066 0
0100101011 0.0129013 0
0100101100 0.0600586 0
0100101101 0.0310822 -3.14159
0100101110 0.0358887 0
0100101111 0.00573349 0
0100110000 0.0406494 0
0100110001 0.0298615 -3.14159
0100110010 0.0241089 0
0100110011 0.0534058 -3.14159
0100110100 0.0310211 0
0100110101 0.0294037 0
0100110110 0.0123367 0
0100110111 0.00840759 0
0100111000 0.0453491 -3.14159
0100111001 0.0286713 -3.14159
0100111010 0.0267181 -3.14159
0100111011 0.0394897 -3.14159
0100111100 0.0471802 -3.14159
0100111101 0.0105133 0
0100111110 0.0549622 0
0100111111 0.0340271 -3.14159
0101000000 0.0147858 -3.14159
0101000001 0.0078125 -3.14159
0101000010 0.0166016 0
0101000011 0.0326843 0
0101000100 0.0315552 -3.14159
0101000101 0.00774765 0
0101000110 0.00807953 -3.14159
0101000111 0.0317078 -3.14159
0101001000 0.0149307 0
0101001001 0.00218201 -3.14159
0101001010 0.0312805 0
0101001011 0.0401001 0
0101001100 0.00886536 -3.14159
0101001101 0.00265503 -3.14159
0101001110 0.041748 0
0101001111 0.00188255 -3.14159
0101010000 0.0228729 0
0101010001 0.00992584 0
0101010010 0.026535 0
0101010011 0.0441284 -3.14159
0101010100 0.00817871 0
0101010101 0.0232391 0
0101010110 0.00289917 0
0101010111 0.000687122 0
0101011000 0.0557861 0
0101011001 0.0245209 0
0101011010 0.0160522 -3.14159
0101011011 0.0652466 -3.14159
0101011100 0.0160522 -3.14159
0101011101 0.0653687 0
0101011110 0.00300789 0
0101011111 0.0465393 0
0101100000 0.00943756 0
0101100001 0.0144119 -3.14159
0101100010 0.0120926 -3.14159
0101100011 0.0324707 -3.14159
0101100100 0.00531006 -3.14159
0101100101 0.0524902 0
0101100110 0.0397034 -3.14159
0101100111 0.00067234 -3.14159
0101101000 0.038208 -3.14159
0101101001 0.0116196 -3.14159
0101101010 0.0335999 0
0101101011 0.00709152 0
0101101100 0.0182495 0
0101101101 0.0366821 -3.14159
0101101110 0.0227203 -3.14159
0101101111 0.0200195 0
0101110000 0.0206451 -3.14159
0101110001 0.00948334 -3.14159
0101110010 0.0346069 -3.14159
0101110011 0.0202789 0
0101110100 0.0546265 0
0101110101 0.0126419 0
0101110110 0.0184021 0
0101110111 0.0369263 0
0101111000 0.00836182 -3.14159
0101111001 0.0276184 0
0101111010 0.0490417 0
0101111011 0.0397034 -3.14159
0101111100 0.0157013 -3.14159
0101111101 0.0357056 -3.14159
0101111110 0.0207672 0
0101111111 0.069519 0
0110000000 0.00317001 0
0110000001 0.0320129 0
0110000010 0.04599 -3.14159
0110000011 0.0651855 0
0110000100 0.0820312 -3.14159
0110000101 0.00525665 0
0110000110 0.00360107 0
0110000111 0.00941467 0
0110001000 0.00933075 0
0110001001 0.0331726 -3.14159
0110001010 0.0308685 0
0110001011 0.0210114 -3.14159
0110001100 0.00576782 0
0110001101 0.0121002 -3.14159
0110001110 0.00654984 0
0110001111 0.0137863 0
0110010000 0.0481873 0
0110010001 0.0304108 0
0110010010 0.0221405 -3.14159
0110010011 0.0049324 -3.14159
0110010100 0.0788574 -3.14159
0110010101 0.0633545 -3.14159
0110010110 0.00548935 -3.14159
0110010111 0.00504684 -3.14159
0110011000 0.0182953 -3.14159
0110011001 0.00865173 -3.14159
0110011010 0.0390015 0
0110011011 0.0537415 0
0110011100 0.0162048 -3.14159
0110011101 0.021759 0
0110011110 0.0333557 0
0110011111 0.0273285 0
0110100000 0.0478821 0
0110100001 0.0215607 0
0110100010 0.0319519 0
0110100011 0.0351257 -3.14159
0110100100 0.0454102 0
0110100101 0.0170593 -3.14159
0110100110 0.0246735 -3.14159
0110100111 0.0198364 -3.14159
0110101000 0.0397034 -3.14159
0110101001 0.0254517 -3.14159
0110101010 0.0191498 0
0110101011 0.035553 -3.14159
0110101100 0.00798035 -3.14159
0110101101 0.00898743 0
0110101110 0.00976562 0
0110101111 0.00206566 0
0110110000 0.0286407 -3.14159
0110110001 0.057251 -3.14159
0110110010 0.0256958 0
0110110011 0.00936127 -3.14159
0110110100 0.0125961 -3.14159
0110110101 0.0305786 0
0110110110 0.0597229 0
0110110111 0.00216103 -3.14159
0110111000 0.049469 -3.14159
0110111001 0.0100937 -3.14159
0110111010 0.0129166 0
0110111011 0.0637207 0
0110111100 0.0243988 -3.14159
0110111101 0.0113068 0
0110111110 0.0366516 -3.14159
0110111111 0.0386047 -3.14159
0111000000 0.0140457 0
0111000001 0.0222168 -3.14159
0111000010 0.00407791 -3.14159
0111000011 0.00918579 -3.14159
0111000100 0.00898743 -3.14159
0111000101 0.0330811 0
0111000110 0.00880432 -3.14159
0111000111 0.00393295 -3.14159
0111001000 0.00121212 0
0111001001 0.0504761 0
0111001010 0.0167542 0
0111001011 0.00182056 -3.14159
0111001100 0.0171356 -3.14159
0111001101 0.0270996 -3.14159
0111001110 0.0281219 0
0111001111 0.0497742 0
0111010000 0.00732422 0
0111010001 0.0206757 0
0111010010 0.0178986 0
0111010011 0.0655518 0
0111010100 0.0292206 0
0111010101 0.0213013 -3.14159
0111010110 0.0223999 0
0111010111 0.00492477 0
0111011000 0.000853539 -3.14159
0111011001 0.00589371 0
0111011010 0.00965118 0
0111011011 0.0181122 0
0111011100 0.00160122 0
0111011101 0.00920105 0
0111011110 0.0150757 0
0111011111 0.0361633 -3.14159
0111100000 0.0188904 0
0111100001 0.000335693 0
0111100010 0.0202332 0
0111100011 0.0250092 0
0111100100 0.0210724 -3.14159
0111100101 0.0123596 -3.14159
0111100110 0.0264587 -3.14159
0111100111 0.0210266 0
0111101000 0.0227051 -3.14159
0111101001 0.00367165 0
0111101010 0.0557861 -3.14159
0111101011 0.00817108 0
0111101100 0.0232544 -3.14159
0111101101 0.000319004 0
0111101110 0.0221558 0
0111101111 0.0116501 -3.14159
0111110000 0.00272942 0
0111110001 0.00305748 -3.14159
0111110010 0.00752258 0
0111110011 0.0578918 -3.14159
0111110100 0.00454712 0
0111110101 0.0114517 -3.14159
0111110110 0.0126801 0
0111110111 0.0147705 0
0111111000 0.0437927 -3.14159
0111111001 0.0478821 0
0111111010 0.0314331 -3.14159
0111111011 0.0361938 0
0111111100 0.00869751 -3.14159
0111111101 0.00214005 -3.14159
0111111110 0.0151443 -3.14159
0111111111 0.0553894 0
1000000000 0.0213318 0
1000000001 0.00193119 0
1000000010 0.0172424 -3.14159
1000000011 0.0318604 -3.14159
1000000100 0.00257874 -3.14159
1000000101 0.0618591 0
1000000110 0.0352783 0
1000000111 0.0273743 0
1000001000 0.0133286 -3.14159
1000001001 0.0509338 0
1000001010 0.0159607 -3.14159
1000001011 0.0226593 -3.14159
1000001100 0.0106125 0
1000001101 0.0331421 -3.14159
1000001110 0.0484314 -3.14159
1000001111 0.0557251 -3.14159
1000010000 0.0020237 -3.14159
1000010001 0.0604248 -3.14159
1000010010 0.021225 0
1000010011 0.0512085 0
1000010100 0.0322571 0
1000010101 0.00597763 -3.14159
1000010110 0.0035305 0
1000010111 0.0241241 0
1000011000 0.00411987 0
1000011001 0.0141144 -3.14159
1000011010 0.0193329 -3.14159
1000011011 0.0239258 0
1000011100 0.00279617 -3.14159
1000011101 0.00335121 -3.14159
1000011110 0.00552368 -3.14159
1000011111 0.0194397 -3.14159
1000100000 0.0460205 -3.14159
1000100001 0.0550537 -3.14159
1000100010 0.00021255 -3.14159
1000100011 0.0257721 0
1000100100 0.0044136 -3.14159
1000100101 0.0653687 -3.14159
1000100110 0.0521851 -3.14159
1000100111 0.0479126 0
1000101000 0.0141754 0
1000101001 0.00524139 0
1000101010 0.00421143 -3.14159
1000101011 0.0167999 -3.14159
1000101100 0.0432739 -3.14159
1000101101 0.000842094 -3.14159
1000101110 0.00833893 0
1000101111 0.0318604 0
1000110000 0.00886536 0
1000110001 0.0166626 0
1000110010 0.0293427 0
1000110011 0.0250702 -3.14159
1000110100 0.0172577 -3.14159
1000110101 0.0119553 -3.14159
1000110110 0.0490417 -3.14159
1000110111 0.0141373 0
1000111000 3.95775e-05 -3.14159
1000111001 0.048584 -3.14159
1000111010 0.0674438 0
1000111011 0.00891876 0
1000111100 0.00657654 0
1000111101 0.025177 0
1000111110 0.010788 -3.14159
1000111111 0.00935364 0
1001000000 0.00302124 0
1001000001 0.0201263 -3.14159
1001000010 0.03125 0
1001000011 0.0184631 0
1001000100 0.0307007 -3.14159
1001000101 0.0146942 0
1001000110 0.0426025 -3.14159
1001000111 0.0458374 -3.14159
1001001000 0.0335693 0
1001001001 0.00798798 -3.14159
1001001010 0.0271301 -3.14159
1001001011 0.0119629 0
1001001100 0.0237885 0
1001001101 0.0564575 -3.14159
1001001110 0.0249329 -3.14159
1001001111 0.0207977 0
1001010000 0.00732803 -3.14159
1001010001 0.00745773 0
1001010010 0.00317383 0
1001010011 0.0324707 -3.14159
1001010100 0.0224609 -3.14159
1001010101 0.0157318 -3.14159
1001010110 0.0536194 0
1001010111 0.0341187 -3.14159
1001011000 0.0238495 0
1001011001 0.0110016 0
1001011010 0.0180511 0
1001011011 0.0491333 0
1001011100 0.0165253 -3.14159
1001011101 0.0105972 -3.14159
1001011110 0.0223541 -3.14159
1001011111 0.0175018 -3.14159
1001100000 0.062561 0
1001100001 0.0352783 0
1001100010 0.0374146 -3.14159
1001100011 0.0621643 0
1001100100 0.0147018 -3.14159
1001100101 0.00170612 -3.14159
1001100110 0.017395 0
1001100111 0.0793457 0
1001101000 0.017395 0
1001101001 0.00857544 -3.14159
1001101010 0.0520935 0
1001101011 0.0166931 0
1001101100 0.0565186 0
1001101101 0.00119972 0
1001101110 0.0594177 -3.14159
1001101111 0.0100327 0
1001110000 0.0657959 0
1001110001 0.0718384 -3.14159
1001110010 0.00553894 -3.14159
1001110011 0.0111923 0
1001110100 0.0184631 -3.14159
1001110101 0.00815582 0
1001110110 0.0235748 0
1001110111 0.0360107 -3.14159
1001111000 0.00860596 0
1001111001 0.0265045 0
1001111010 0.0289917 0
1001111011 0.0444031 0
1001111100 0.0292053 0
1001111101 0.032196 -3.14159
1001111110 0.0331726 -3.14159
1001111111 0.000206828 -3.14159
1010000000 0.00875092 -3.14159
1010000001 0.0262756 0
1010000010 0.00913239 -3.14159
1010000011 0.0109253 0
1010000100 0.016922 -3.14159
1010000101 0.0153198 -3.14159
1010000110 0.0219116 -3.14159
1010000111 0.0296631 -3.14159
1010001000 0.0227356 -3.14159
1010001001 0.0505676 0
1010001010 0.0319214 0
1010001011 0.0396423 0
1010001100 0.0291443 0
1010001101 0.0198212 0
1010001110 0.0379028 0
1010001111 0.0229645 0
1010010000 0.0424194 0
1010010001 0.0231934 0
1010010010 0.0425415 -3.14159
1010010011 0.0488892 0
1010010100 0.0174866 -3.14159
1010010101 0.0113297 -3.14159
1010010110 0.0125885 -3.14159
1010010111 0.026474 -3.14159
1010011000 0.0652466 0
1010011001 0.0107193 -3.14159
1010011010 0.00861359 -3.14159
1010011011 0.0471497 -3.14159
1010011100 0.0723267 0
1010011101 0.0211792 -3.14159
1010011110 0.00579834 0
1010011111 0.00527191 0
1010100000 0.031189 -3.14159
1010100001 0.0387268 -3.14159
1010100010 0.0491638 -3.14159
1010100011 0.00849152 0
1010100100 0.00671768 0
1010100101 0.0126114 -3.14159
1010100110 0.0244141 0
1010100111 0.0187836 -3.14159
1010101000 0.0069809 -3.14159
1010101001 0.0450439 0
1010101010 0.0130615 -3.14159
1010101011 0.0121841 -3.14159
1010101100 0.0412598 0
1010101101 0.0348816 -3.14159
1010101110 0.01091 -3.14159
1010101111 0.0120392 -3.14159
1010110000 0.0751953 0
1010110001 0.0139008 0
1010110010 0.0125809 -3.14159
1010110011 0.00743484 0
1010110100 0.0124664 -3.14159
1010110101 0.00845337 -3.14159
1010110110 0.011116 0
1010110111 0.00976562 -3.14159
1010111000 0.0175781 0
1010111001 0.0110245 -3.14159
1010111010 0.0423584 -3.14159
1010111011 6.05583e-05 -3.14159
1010111100 0.00331688 -3.14159
1010111101 0.00460434 -3.14159
1010111110 0.0324402 -3.14159
1010111111 0.0281525 0
1011000000 0.035614 -3.14159
1011000001 0.0318604 0
1011000010 0.0419922 0
1011000011 0.000595093 0
1011000100 0.00988007 -3.14159
1011000101 0.00508499 -3.14159
1011000110 0.0184631 0
1011000111 0.00273323 0
1011001000 0.0110474 -3.14159
1011001001 0.0322571 -3.14159
1011001010 0.022522 -3.14159
1011001011 0.0380859 -3.14159
1011001100 0.0284882 -3.14159
1011001101 0.0126724 -3.14159
1011001110 0.0077095 0
1011001111 0.0395508 -3.14159
1011010000 0.00224304 -3.14159
1011010001 0.00737762 -3.14159
1011010010 0.00341225 -3.14159
1011010011 0.00823212 -3.14159
1011010100 0.0266266 -3.14159
1011010101 0.0603638 0
1011010110 0.0188751 0
1011010111 0.014267 -3.14159
1011011000 0.000202894 -3.14159
1011011001 0.0608826 0
1011011010 0.0139084 -3.14159
1011011011 0.00219536 -3.14159
1011011100 0.0167084 0
1011011101 0.0204926 0
1011011110 0.013855 -3.14159
1011011111 0.026886 0
1011100000 0.0110855 -3.14159
1011100001 0.0437927 -3.14159
1011100010 0.0406189 0
1011100011 0.00237465 -3.14159
1011100100 0.0302887 0
1011100101 0.0783081 0
1011100110 0.0213013 0
1011100111 0.017395 -3.14159
1011101000 0.048645 -3.14159
1011101001 0.0133133 -3.14159
1011101010 0.0176086 -3.14159
1011101011 0.0397034 0
1011101100 0.023819 0
1011101101 0.0257568 0
1011101110 0.00508499 0
1011101111 0.0496521 0
1011110000 0.0456848 -3.14159
1011110001 0.00765228 0
1011110010 0.00231743 0
1011110011 0.000486851 0
1011110100 0.00152874 0
1011110101 0.0102081 0
1011110110 0.0285645 -3.14159
1011110111 0.0136337 0
1011111000 0.00408173 0
1011111001 0.000237107 -3.14159
1011111010 0.0426941 -3.14159
1011111011 0.0778809 0
1011111100 0.0242004 0
1011111101 0.00925446 0
1011111110 0.0858765 0
1011111111 0.00507736 -3.14159
1100000000 0.0018301 0
1100000001 0.00954437 -3.14159
1100000010 0.00823975 -3.14159
1100000011 0.00773239 -3.14159
1100000100 0.0037365 0
1100000101 0.0360718 0
1100000110 0.0160522 0
1100000111 0.0348206 -3.14159
1100001000 0.0298004 -3.14159
1100001001 0.0478821 -3.14159
1100001010 0.015625 -3.14159
1100001011 0.0280151 0
1100001100 0.0279388 0
1100001101 0.00928497 0
1100001110 0.0285034 -3.14159
1100001111 0.0453186 0
1100010000 0.0675049 -3.14159
1100010001 0.0161133 0
1100010010 0.069458 0
1100010011 0.0182343 -3.14159
1100010100 0.0558777 -3.14159
1100010101 0.0188599 -3.14159
1100010110 0.011055 -3.14159
1100010111 0.0652466 0
1100011000 0.0740967 -3.14159
1100011001 0.0310211 0
1100011010 0.0170135 -3.14159
1100011011 0.0573425 0
1100011100 0.0342102 0
1100011101 0.0117874 0
1100011110 0.00336266 -3.14159
1100011111 0.0717163 -3.14159
1100100000 0.0424194 0
1100100001 0.0342407 0
1100100010 0.00440216 -3.14159
1100100011 0.019043 0
1100100100 0.0126724 0
1100100101 0.0497131 -3.14159
1100100110 0.00292778 0
1100100111 0.0340576 -3.14159
1100101000 0.0558472 0
1100101001 0.0223236 0
1100101010 0.0207367 -3.14159
1100101011 0.00914764 0
1100101100 0.0263824 -3.14159
1100101101 0.0169067 -3.14159
1100101110 0.0588684 0
1100101111 0.0449829 0
1100110000 0.0277863 -3.14159
1100110001 0.0581055 -3.14159
1100110010 0.0161285 -3.14159
1100110011 0.0202179 0
1100110100 0.0248413 0
1100110101 0.0131912 0
1100110110 0.0350037 0
1100110111 0.0341187 -3.14159
1100111000 0.0196838 -3.14159
1100111001 0.0496216 -3.14159
1100111010 0.033783 0
1100111011 0.00032115 -3.14159
1100111100 0.0105286 -3.14159
1100111101 0.0045929 0
1100111110 0.0492554 -3.14159
1100111111 0.0376892 -3.14159
1101000000 0.059845 -3.14159
1101000001 0.0094986 -3.14159
1101000010 0.0482178 -3.14159
1101000011 0.0104904 -3.14159
1101000100 0.0539246 0
1101000101 0.0129166 0
1101000110 0.0163422 -3.14159
1101000111 0.0436707 0
1101001000 0.0323181 0
1101001001 0.0736084 0
1101001010 0.00113773 -3.14159
1101001011 0.0493469 0
1101001100 0.00635147 -3.14159
1101001101 0.00243187 -3.14159
1101001110 0.0197296 0
1101001111 0.0149841 0
1101010000 0.0544128 -3.14159
1101010001 0.0235443 0
1101010010 0.00688934 -3.14159
1101010011 0.0808105 -3.14159
1101010100 0.0406189 0
1101010101 0.0319824 -3.14159
1101010110 0.0560913 -3.14159
1101010111 0.0153503 0
1101011000 0.0348511 -3.14159
1101011001 0.000209093 -3.14159
1101011010 0.0274963 0
1101011011 0.0863647 -3.14159
1101011100 0.00608444 0
1101011101 0.0607605 -3.14159
1101011110 0.0287628 0
1101011111 0.0601807 -3.14159
1101100000 0.0657349 0
1101100001 0.043457 0
1101100010 0.0392151 -3.14159
1101100011 0.00705338 -3.14159
1101100100 4.08292e-05 -3.14159
1101100101 0.0145416 -3.14159
1101100110 0.00525284 0
1101100111 0.0464172 -3.14159
1101101000 0.00532532 -3.14159
1101101001 0.014946 0
1101101010 0.0142517 0
1101101011 0.0301208 -3.14159
1101101100 0.0200195 -3.14159
1101101101 0.0274506 -3.14159
1101101110 0.00257301 0
1101101111 0.00561142 0
1101110000 0.0106354 -3.14159
1101110001 0.0549927 0
1101110010 0.00804901 -3.14159
1101110011 0.0300598 -3.14159
1101110100 0.0017767 0
1101110101 0.0536499 -3.14159
1101110110 0.000138879 0
1101110111 0.022644 0
1101111000 0.0470276 0
1101111001 0.00901031 0
1101111010 0.00601578 -3.14159
1101111011 0.00174713 -3.14159
1101111100 0.0127335 0
1101111101 0.0421448 -3.14159
1101111110 0.04599 -3.14159
1101111111 0.0807495 0
1110000000 0.0248413 -3.14159
1110000001 0.0109863 -3.14159
1110000010 0.0637817 0
1110000011 0.0163727 0
1110000100 0.0249329 0
1110000101 0.0583801 0
1110000110 0.0291138 -3.14159
1110000111 0.0157318 0
1110001000 0.00409317 -3.14159
1110001001 0.0171204 0
1110001010 0.0133667 0
1110001011 0.0232849 -3.14159
1110001100 0.0223694 0
1110001101 0.00558472 0
1110001110 0.0437317 0
1110001111 0.00485992 -3.14159
1110010000 0.0161133 0
1110010001 0.0521545 -3.14159
1110010010 0.0119476 -3.14159
1110010011 0.0281677 -3.14159
1110010100 0.0452271 -3.14159
1110010101 0.0419617 -3.14159
1110010110 0.0026207 -3.14159
1110010111 0.0200806 -3.14159
1110011000 0.0181122 0
1110011001 0.0101471 0
1110011010 0.0532227 -3.14159
1110011011 0.0368042 -3.14159
1110011100 0.0430908 0
1110011101 0.013092 -3.14159
1110011110 0.00200653 -3.14159
1110011111 0.0154343 0
1110100000 0.00926971 0
1110100001 0.010231 0
1110100010 0.0330811 0
1110100011 0.00878906 0
1110100100 0.0910034 0
1110100101 0.00680923 0
1110100110 0.0473328 -3.14159
1110100111 0.00111294 -3.14159
1110101000 0.0168304 -3.14159
1110101001 0.0508728 0
1110101010 0.0348206 0
1110101011 0.0114441 0
1110101100 0.03479 -3.14159
1110101101 0.00177956 0
1110101110 0.000155568 0
1110101111 0.0519409 -3.14159
1110110000 0.0193024 0
1110110001 0.00489807 0
1110110010 0.0561218 -3.14159
1110110011 0.0387268 -3.14159
1110110100 0.00687027 0
1110110101 0.0383301 0
1110110110 0.0094986 -3.14159
1110110111 0.0305786 -3.14159
1110111000 0.00727463 0
1110111001 0.0450134 0
1110111010 0.0124588 0
1110111011 0.0163879 -3.14159
1110111100 0.000382185 -3.14159
1110111101 0.0143051 -3.14159
1110111110 0.0213623 0
1110111111 0.0120926 0
1111000000 0.0196381 0
1111000001 0.0388794 0
1111000010 0.0438843 0
1111000011 0.00888062 -3.14159
1111000100 0.0107803 0
1111000101 0.0532227 -3.14159
1111000110 0.0251465 0
1111000111 0.01828 -3.14159
1111001000 0.0558472 0
1111001001 0.0315552 0
1111001010 0.0228882 -3.14159
1111001011 0.0209503 -3.14159
1111001100 0.0288391 0
1111001101 0.0429993 0
1111001110 0.0110779 -3.14159
1111001111 0.0211487 -3.14159
1111010000 0.00108051 -3.14159
1111010001 0.0294952 -3.14159
1111010010 0.0174103 -3.14159
1111010011 0.00212479 -3.14159
1111010100 0.0166931 0
1111010101 0.0303802 -3.14159
1111010110 0.0553284 0
1111010111 0.049469 0
1111011000 0.0342102 0
1111011001 0.00466537 0
1111011010 0.026062 -3.14159
1111011011 0.0176086 0
1111011100 0.00712967 0
1111011101 0.0304413 0
1111011110 0.00774765 0
1111011111 0.0246429 -3.14159
1111100000 0.0755615 0
1111100001 0.00199318 -3.14159
1111100010 0.00447083 -3.14159
1111100011 0.00691223 -3.14159
1111100100 0.0805054 -3.14159
1111100101 0.00990295 -3.14159
1111100110 0.0360107 -3.14159
1111100111 0.0128326 -3.14159
1111101000 0.0239105 -3.14159
1111101001 0.0176239 -3.14159
1111101010 0.0410156 -3.14159
1111101011 0.0653687 0
1111101100 0.0709229 0
1111101101 0.0320129 -3.14159
1111101110 0.0481567 0
1111101111 0.0231781 0
1111110000 0.0201721 -3.14159
1111110001 0.0222015 0
1111110010 0.0172729 -3.14159
1111110011 0.000332355 -3.14159
1111110100 0.0171967 0
1111110101 0.0127792 -3.14159
1111110110 0.0332336 0
1111110111 0.0303802 0
1111111000 0.0279846 0
1111111001 0.0777588 -3.14159
1111111010 0.0206299 0
1111111011 0.0394287 -3.14159
1111111100 0.0258942 -3.14159
1111111101 0.00645828 -3.14159
1111111110 0.0110321 -3.14159
1111111111 0.00889587 -3.14159
