0000000000 0.0122604 0
0000000001 0.0168762 0
0000000010 0.0220795 0
0000000011 0.00502777 0
0000000100 0.0153961 0
0000000101 0.0127411 0
0000000110 0.0306549 -3.14159
0000000111 0.0138321 -3.14159
0000001000 0.00695419 0
0000001001 0.0232239 -3.14159
0000001010 0.0325317 -3.14159
0000001011 0.00976562 0
0000001100 0.0532837 -3.14159
0000001101 0.0206451 0
0000001110 0.00225067 0
0000001111 0.0368652 0
0000010000 0.0198212 0
0000010001 0.0492859 -3.14159
0000010010 0.0221863 -3.14159
0000010011 0.0197296 -3.14159
0000010100 0.0281677 -3.14159
0000010101 0.0382996 0
0000010110 0.0100784 -3.14159
0000010111 0.0154343 0
0000011000 0.0357361 0
0000011001 0.0352783 -3.14159
0000011010 0.0175476 -3.14159
0000011011 0.0545654 -3.14159
0000011100 0.0209808 -3.14159
0000011101 0.0110855 -3.14159
0000011110 0.00327873 0
0000011111 0.0129242 -3.14159
0000100000 0.0759277 -3.14159
0000100001 0.00557327 -3.14159
0000100010 0.0605774 -3.14159
0000100011 0.0211792 -3.14159
0000100100 0.0166321 0
0000100101 0.00232315 0
0000100110 0.0249939 -3.14159
0000100111 0.00543976 0
0000101000 0.00727081 0
0000101001 0.0318604 -3.14159
0000101010 0.0324097 -3.14159
0000101011 0.0242157 -3.14159
0000101100 0.0762939 -3.14159
0000101101 0.00653076 -3.14159
0000101110 0.00498199 0
0000101111 0.0114136 0
0000110000 0.0328979 0
0000110001 0.0662842 -3.14159
0000110010 0.0449829 -3.14159
0000110011 0.0134201 -3.14159
0000110100 0.0269318 -3.14159
0000110101 0.0146637 -3.14159
0000110110 0.00694275 -3.14159
0000110111 0.02948 0
0000111000 0.0322876 -3.14159
0000111001 0.0192108 -3.14159
0000111010 0.0224762 -3.14159
0000111011 0.0299683 -3.14159
0000111100 0.0117188 0
0000111101 0.0180817 0
0000111110 0.0165558 -3.14159
0000111111 0.00225449 0
0001000000 0.0765381 0
0001000001 0.0287628 0
0001000010 0.00431824 -3.14159
0001000011 0.0147705 0
0001000100 0.0117874 -3.14159
0001000101 0.0198059 -3.14159
0001000110 0.0101013 -3.14159
0001000111 0.0104828 0
0001001000 0.0383606 -3.14159
0001001001 0.0143127 0
0001001010 0.0276337 0
0001001011 0.0324402 -3.14159
0001001100 0.00635529 -3.14159
0001001101 0.0167847 0
0001001110 0.00572586 -3.14159
0001001111 0.00125313 0
0001010000 0.0102386 -3.14159
0001010001 0.0457764 -3.14159
0001010010 0.00708771 -3.14159
0001010011 0.0180817 0
0001010100 0.0326233 0
0001010101 0.00631714 -3.14159
0001010110 0.0281982 0
0001010111 0.00530243 0
0001011000 0.0246429 -3.14159
0001011001 0.0129013 0
0001011010 0.00546265 0
0001011011 0.00822449 0
0001011100 0.0592346 0
0001011101 0.0473022 -3.14159
0001011110 0.0263519 -3.14159
0001011111 0.0455627 0
0001100000 0.0122452 -3.14159
0001100001 0.0264435 -3.14159
0001100010 0.0441895 -3.14159
0001100011 0.00431061 -3.14159
0001100100 0.0472717 -3.14159
0001100101 0.0157928 0
0001100110 0.0155029 -3.14159
0001100111 0.045166 0
0001101000 0.0181274 -3.14159
0001101001 0.0996704 0
0001101010 0.0162201 -3.14159
0001101011 0.01017 -3.14159
0001101100 0.0127106 0
0001101101 0.0430603 -3.14159
0001101110 0.0147171 -3.14159
0001101111 5.20945e-05 0
0001110000 0.0461426 -3.14159
0001110001 0.0186615 -3.14159
0001110010 0.0273743 -3.14159
0001110011 0.043457 0
0001110100 0.0117722 -3.14159
0001110101 0.00796509 -3.14159
0001110110 0.00164223 0
0001110111 0.0146637 0
0001111000 0.0393677 -3.14159
0001111001 0.0100479 -3.14159
0001111010 0.0263977 -3.14159
0001111011 0.0073967 -3.14159
0001111100 0.0264282 -3.14159
0001111101 0.0240479 0
0001111110 0.0111084 -3.14159
0001111111 0.0102463 -3.14159
0010000000 0.0287933 0
0010000001 0.0220642 -3.14159
0010000010 0.0317993 0
0010000011 0.0406799 -3.14159
0010000100 0.0103455 0
0010000101 0.0335388 -3.14159
0010000110 0.0224762 0
0010000111 0.016449 0
0010001000 0.0187836 -3.14159
0010001001 0.00769043 0
0010001010 0.00120163 -3.14159
0010001011 0.0175171 -3.14159
0010001100 0.0306396 0
0010001101 0.00316811 0
0010001110 0.0466919 0
0010001111 0.00834656 -3.14159
0010010000 0.0128632 -3.14159
0010010001 0.00659561 -3.14159
0010010010 0.0129471 0
0010010011 0.0201569 -3.14159
0010010100 0.0218964 -3.14159
0010010101 0.00536346 0
0010010110 0.0169983 -3.14159
0010010111 0.0180969 0
0010011000 0.00211906 -3.14159
0010011001 0.00741196 -3.14159
0010011010 0.00273895 0
0010011011 0.0108261 0
0010011100 0.0210419 -3.14159
0010011101 0.00735855 0
0010011110 0.0162201 -3.14159
0010011111 0.0149307 0
0010100000 0.0114975 0
0010100001 0.0184174 0
0010100010 0.0215759 0
0010100011 0.0144196 -3.14159
0010100100 0.00297546 -3.14159
0010100101 0.0194702 -3.14159
0010100110 0.000693798 -3.14159
0010100111 0.00421524 0
0010101000 0.00983429 0
0010101001 0.0155182 0
0010101010 0.033783 0
0010101011 0.0222931 0
0010101100 0.00765991 0
0010101101 0.016449 0
0010101110 0.00228882 -3.14159
0010101111 0.00489044 0
0010110000 0.00190639 -3.14159
0010110001 0.0583801 -3.14159
0010110010 0.0379639 -3.14159
0010110011 0.039917 0
0010110100 0.0403442 0
0010110101 0.035614 -3.14159
0010110110 0.0191956 0
0010110111 0.0448303 -3.14159
0010111000 0.000831127 -3.14159
0010111001 0.022995 -3.14159
0010111010 0.00529861 -3.14159
0010111011 0.017746 -3.14159
0010111100 0.0548401 0
0010111101 0.0520325 -3.14159
0010111110 0.00619888 0
0010111111 0.0651855 -3.14159
0011000000 0.0516357 0
0011000001 0.0028801 -3.14159
0011000010 0.0202789 0
0011000011 0.0217285 0
0011000100 0.0112381 0
0011000101 0.0115814 0
0011000110 0.0591736 0
0011000111 0.000564098 -3.14159
0011001000 0.00100613 -3.14159
0011001001 0.0070343 -3.14159
0011001010 0.0163422 -3.14159
0011001011 0.00643539 -3.14159
0011001100 0.0270386 -3.14159
0011001101 0.0380249 -3.14159
0011001110 0.00408936 0
0011001111 0.0219269 0
0011010000 0.00558472 -3.14159
0011010001 0.00813293 -3.14159
0011010010 0.0283813 0
0011010011 0.00131989 -3.14159
0011010100 0.019455 0
0011010101 0.0355225 -3.14159
0011010110 0.0283356 -3.14159
0011010111 0.0679932 0
0011011000 0.00679016 -3.14159
0011011001 0.0336914 0
0011011010 0.0230865 0
0011011011 0.00191498 -3.14159
0011011100 0.0151291 0
0011011101 0.0496216 -3.14159
0011011110 0.0486145 -3.14159
0011011111 0.0196533 0
0011100000 0.0181274 0
0011100001 0.019989 0
0011100010 0.00732422 -3.14159
0011100011 0.0218964 -3.14159
0011100100 0.0334778 0
0011100101 0.0405273 0
0011100110 0.00349808 0
0011100111 0.00143814 -3.14159
0011101000 0.0379639 -3.14159
0011101001 0.00999451 0
0011101010 0.102051 -3.14159
0011101011 0.0140991 0
0011101100 0.0113068 -3.14159
0011101101 0.00588989 -3.14159
0011101110 0.00925446 0
0011101111 0.0469055 0
0011110000 0.00417328 0
0011110001 0.0198212 0
0011110010 0.0331726 0
0011110011 0.0600891 -3.14159
0011110100 0.0113144 -3.14159
0011110101 0.00117779 0
0011110110 0.0138168 0
0011110111 0.00192451 -3.14159
0011111000 0.0898438 0
0011111001 0.0279236 0
0011111010 0.00574875 0
0011111011 0.00308037 -3.14159
0011111100 0.0103073 0
0011111101 0.06604 -3.14159
0011111110 0.0151138 0
0011111111 0.00733185 0
0100000000 0.0479736 0
0100000001 0.0107651 0
0100000010 0.00597382 -3.14159
0100000011 0.0232849 0
0100000100 0.010498 -3.14159
0100000101 0.00203705 -3.14159
0100000110 0.0263062 0
0100000111 0.0423584 0
0100001000 0.0228271 -3.14159
0100001001 0.0173492 -3.14159
0100001010 0.00555038 0
0100001011 0.0653687 -3.14159
0100001100 0.0104523 -3.14159
0100001101 0.0230408 -3.14159
0100001110 0.0225525 0
0100001111 0.0282288 -3.14159
0100010000 0.0270386 0
0100010001 0.0530396 -3.14159
0100010010 0.00930786 -3.14159
0100010011 0.00287437 -3.14159
0100010100 0.0334167 0
0100010101 0.00868225 -3.14159
0100010110 0.00862885 0
0100010111 0.0180206 -3.14159
0100011000 0.0157623 -3.14159
0100011001 0.0142746 0
0100011010 0.0249634 -3.14159
0100011011 0.0824585 -3.14159
0100011100 0.0131531 0
0100011101 0.0138474 0
0100011110 0.0461121 -3.14159
0100011111 0.0111237 0
0100100000 0.0180969 -3.14159
0100100001 0.00366211 0
0100100010 0.00520325 0
0100100011 0.00695038 0
0100100100 0.00611115 0
0100100101 0.046051 0
0100100110 0.0445557 -3.14159
0100100111 0.0588684 -3.14159
0100101000 0.0419617 0
0100101001 0.0857544 -3.14159
0100101010 0.0531921 0
0100101011 0.00257874 -3.14159
0100101100 0.038147 0
0100101101 0.0591736 -3.14159
0100101110 0.0533447 0
0100101111 0.00151253 -3.14159
0100110000 0.0545654 0
0100110001 0.0246277 -3.14159
0100110010 0.00145245 -3.14159
0100110011 0.0185394 -3.14159
0100110100 0.0107956 0
0100110101 0.0192566 0
0100110110 0.0135651 -3.14159
0100110111 0.000412941 -3.14159
0100111000 0.0317993 -3.14159
0100111001 0.0562439 -3.14159
0100111010 0.0542908 -3.14159
0100111011 0.0333557 -3.14159
0100111100 0.0436096 -3.14159
0100111101 0.0513611 -3.14159
0100111110 0.0453491 0
0100111111 0.00164127 -3.14159
0101000000 0.0012188 -3.14159
0101000001 0.00706863 0
0101000010 0.0257568 -3.14159
0101000011 0.00441742 -3.14159
0101000100 0.0249634 -3.14159
0101000101 0.03479 0
0101000110 0.0430908 -3.14159
0101000111 0.0241852 -3.14159
0101001000 0.00941467 0
0101001001 0.00129604 0
0101001010 0.039032 0
0101001011 0.0376892 0
0101001100 0.00775909 -3.14159
0101001101 0.00719833 0
0101001110 0.0127106 0
0101001111 0.00396347 -3.14159
0101010000 0.020462 0
0101010001 0.0380859 -3.14159
0101010010 0.0370178 0
0101010011 0.0420532 -3.14159
0101010100 0.0219879 0
0101010101 0.0241699 0
0101010110 0.0187378 0
0101010111 0.0163422 0
0101011000 0.033783 0
0101011001 0.00874329 0
0101011010 0.0144882 -3.14159
0101011011 0.0447388 -3.14159
0101011100 0.0261688 -3.14159
0101011101 0.071106 0
0101011110 0.0205231 0
0101011111 0.00765991 0
0101100000 0.0179596 0
0101100001 0.039093 -3.14159
0101100010 0.0166016 -3.14159
0101100011 0.029541 -3.14159
0101100100 0.0124817 -3.14159
0101100101 0.010376 0
0101100110 0.0461426 -3.14159
0101100111 0.0266571 -3.14159
0101101000 0.0497131 -3.14159
0101101001 0.0232391 -3.14159
0101101010 0.0418396 0
0101101011 0.0265045 0
0101101100 0.0270386 -3.14159
0101101101 0.0328674 -3.14159
0101101110 0.000827312 0
0101101111 0.00514603 0
0101110000 0.0268707 -3.14159
0101110001 0.0110703 -3.14159
0101110010 0.0284119 -3.14159
0101110011 0.0301208 0
0101110100 0.0383301 0
0101110101 0.038208 0
0101110110 0.0231171 0
0101110111 0.011795 0
0101111000 0.0249023 0
0101111001 0.0483093 0
0101111010 0.0243073 0
0101111011 0.0311737 -3.14159
0101111100 0.0218201 -3.14159
0101111101 0.0108261 0
0101111110 0.0160828 0
0101111111 0.0580139 0
0110000000 0.0235596 0
0110000001 0.0298615 0
0110000010 0.0357361 -3.14159
0110000011 0.0518494 0
0110000100 0.0808716 -3.14159
0110000101 0.00962067 0
0110000110 0.0345154 0
0110000111 0.0150604 0
0110001000 0.0191345 -3.14159
0110001001 0.0298767 -3.14159
0110001010 0.00953674 -3.14159
0110001011 0.0129776 -3.14159
0110001100 0.0193939 0
0110001101 0.025589 -3.14159
0110001110 0.011116 0
0110001111 0.0362549 -3.14159
0110010000 0.0481567 0
0110010001 0.0174255 -3.14159
0110010010 0.0119781 -3.14159
0110010011 0.0216522 0
0110010100 0.0829468 -3.14159
0110010101 0.0588989 -3.14159
0110010110 0.00613785 0
0110010111 0.0393372 0
0110011000 0.00738907 -3.14159
0110011001 0.0298309 -3.14159
0110011010 0.0102463 0
0110011011 0.0602112 0
0110011100 0.00313377 -3.14159
0110011101 0.0108414 0
0110011110 0.0302582 0
0110011111 0.00117588 0
0110100000 0.0610962 0
0110100001 0.0141144 0
0110100010 0.0155716 0
0110100011 0.0144501 -3.14159
0110100100 0.0341492 0
0110100101 0.0287018 0
0110100110 0.0232697 0
0110100111 0.0100784 -3.14159
0110101000 0.012558 -3.14159
0110101001 0.0254059 -3.14159
0110101010 0.0256805 0
0110101011 0.0284424 -3.14159
0110101100 0.0202789 -3.14159
0110101101 0.0246277 0
0110101110 0.0258942 0
0110101111 0.00960541 0
0110110000 0.0246429 -3.14159
0110110001 0.0837402 -3.14159
0110110010 0.0387268 0
0110110011 0.000932217 0
0110110100 0.00887299 0
0110110101 0.0248718 0
0110110110 0.0487671 0
0110110111 0.0352783 0
0110111000 0.0316162 -3.14159
0110111001 0.00754547 -3.14159
0110111010 0.0154495 -3.14159
0110111011 0.0622253 0
0110111100 0.0407104 -3.14159
0110111101 0.00183105 -3.14159
0110111110 0.019577 -3.14159
0110111111 0.0370178 -3.14159
0111000000 0.0102158 0
0111000001 0.0455017 -3.14159
0111000010 0.00436401 0
0111000011 0.0208282 -3.14159
0111000100 0.0230103 -3.14159
0111000101 0.016983 0
0111000110 0.000817776 -3.14159
0111000111 0.0166168 -3.14159
0111001000 0.0050087 0
0111001001 0.0289001 0
0111001010 0.0109253 -3.14159
0111001011 0.0022316 -3.14159
0111001100 0.00327492 -3.14159
0111001101 0.0236664 -3.14159
0111001110 0.0386658 0
0111001111 0.0626831 0
0111010000 0.0427856 0
0111010001 0.0258484 0
0111010010 0.0172272 -3.14159
0111010011 0.0635376 0
0111010100 0.0279083 0
0111010101 0.00962067 -3.14159
0111010110 0.00516891 0
0111010111 0.0263824 -3.14159
0111011000 0.020401 0
0111011001 0.0322571 0
0111011010 0.00951385 0
0111011011 0.00798798 0
0111011100 0.0230408 0
0111011101 0.0198975 0
0111011110 0.0282288 0
0111011111 0.0147781 -3.14159
0111100000 0.0223846 -3.14159
0111100001 0.0122681 0
0111100010 0.0344543 0
0111100011 0.00212288 0
0111100100 0.0262756 0
0111100101 0.0272522 -3.14159
0111100110 0.0227814 -3.14159
0111100111 0.0110703 -3.14159
0111101000 0.0398865 -3.14159
0111101001 0.00482559 0
0111101010 0.0330505 -3.14159
0111101011 0.0316467 -3.14159
0111101100 0.0221863 -3.14159
0111101101 0.0077858 -3.14159
0111101110 0.0394287 0
0111101111 0.00282288 0
0111110000 0.00945282 -3.14159
0111110001 0.0523376 -3.14159
0111110010 0.0306854 0
0111110011 0.0692749 -3.14159
0111110100 0.00695419 0
0111110101 0.000979424 -3.14159
0111110110 0.0328064 0
0111110111 0.0211639 0
0111111000 0.0482483 -3.14159
0111111001 0.0225372 0
0111111010 0.0300751 -3.14159
0111111011 0.010994 0
0111111100 0.0233917 0
0111111101 0.0106125 -3.14159
0111111110 0.022049 -3.14159
0111111111 0.0464172 0
1000000000 0.0368652 0
1000000001 0.0236206 -3.14159
1000000010 0.01548 -3.14159
1000000011 0.00177193 0
1000000100 0.0224609 0
1000000101 0.0455017 0
1000000110 0.0281219 0
1000000111 0.00362206 0
1000001000 0.0161133 0
1000001001 0.0220184 0
1000001010 0.00648499 -3.14159
1000001011 0.0475159 -3.14159
1000001100 0.0101318 -3.14159
1000001101 0.0437317 -3.14159
1000001110 0.0712891 -3.14159
1000001111 0.0153961 -3.14159
1000010000 0.00286293 -3.14159
1000010001 0.0495911 -3.14159
1000010010 0.0182953 -3.14159
1000010011 0.0279236 0
1000010100 0.0123444 0
1000010101 0.0266113 0
1000010110 0.0336609 0
1000010111 0.00465775 -3.14159
1000011000 0.0382996 0
1000011001 0.0203705 0
1000011010 0.00743866 -3.14159
1000011011 0.0460815 0
1000011100 0.0121613 -3.14159
1000011101 0.0170288 -3.14159
1000011110 0.00265694 0
1000011111 0.00432968 0
1000100000 0.0171356 -3.14159
1000100001 0.0745239 -3.14159
1000100010 0.0354004 0
1000100011 0.000592232 0
1000100100 0.00727081 0
1000100101 0.0581665 -3.14159
1000100110 0.0290527 -3.14159
1000100111 0.0795898 0
1000101000 0.00192928 0
1000101001 0.0129929 -3.14159
1000101010 0.009758 -3.14159
1000101011 0.00118446 0
1000101100 0.00243759 -3.14159
1000101101 0.0403137 0
1000101110 0.0250549 0
1000101111 0.0232239 0
1000110000 0.000284195 -3.14159
1000110001 0.00121212 0
1000110010 0.0161896 0
1000110011 0.0316162 -3.14159
1000110100 0.0575867 -3.14159
1000110101 0.0219116 0
1000110110 0.0392151 -3.14159
1000110111 0.0214233 0
1000111000 0.0260925 -3.14159
1000111001 0.0316772 -3.14159
1000111010 0.0451355 0
1000111011 0.00507736 0
1000111100 0.0290527 0
1000111101 0.0289764 0
1000111110 0.0130692 0
1000111111 0.00535583 -3.14159
1001000000 0.0308228 0
1001000001 0.0186768 -3.14159
1001000010 0.0110855 0
1001000011 0.0153046 0
1001000100 0.011879 -3.14159
1001000101 0.0116196 0
1001000110 0.0509033 -3.14159
1001000111 0.0499573 -3.14159
1001001000 0.0209045 0
1001001001 0.00308037 -3.14159
1001001010 0.0231018 -3.14159
1001001011 0.0035038 0
1001001100 0.0111542 0
1001001101 0.0461731 -3.14159
1001001110 0.0454407 -3.14159
1001001111 0.013237 0
1001010000 0.00185108 0
1001010001 0.00473022 -3.14159
1001010010 0.0103302 0
1001010011 0.0162506 -3.14159
1001010100 0.0227814 -3.14159
1001010101 0.0387878 -3.14159
1001010110 0.00331688 0
1001010111 0.0190887 -3.14159
1001011000 0.00531387 -3.14159
1001011001 0.0325012 0
1001011010 0.00266457 -3.14159
1001011011 0.00413513 0
1001011100 0.0063324 -3.14159
1001011101 0.0189209 -3.14159
1001011110 0.00137234 0
1001011111 0.0146637 -3.14159
1001100000 0.00656891 -3.14159
1001100001 0.00712204 0
1001100010 0.0228424 -3.14159
1001100011 0.0235596 0
1001100100 0.0329895 -3.14159
1001100101 0.0178375 0
1001100110 0.0524902 0
1001100111 0.0717163 0
1001101000 0.00819397 0
1001101001 0.0197296 -3.14159
1001101010 0.0551147 0
1001101011 0.0376282 0
1001101100 0.0323181 0
1001101101 0.0100784 -3.14159
1001101110 0.0471497 -3.14159
1001101111 0.00498581 -3.14159
1001110000 0.040741 0
1001110001 0.0619202 -3.14159
1001110010 0.0236053 -3.14159
1001110011 0.0131149 0
1001110100 0.0166473 -3.14159
1001110101 0.0317993 -3.14159
1001110110 0.00873566 0
1001110111 0.0315247 -3.14159
1001111000 0.0256653 0
1001111001 0.0171356 0
1001111010 0.0114441 0
1001111011 0.043457 0
1001111100 0.00795746 -3.14159
1001111101 0.00307655 -3.14159
1001111110 0.03479 -3.14159
1001111111 0.00942993 -3.14159
1010000000 0.002882 0
1010000001 0.00894165 0
1010000010 0.00606918 -3.14159
1010000011 0.0152206 -3.14159
1010000100 0.00887299 0
1010000101 0.037323 -3.14159
1010000110 0.022995 -3.14159
1010000111 0.0209656 -3.14159
1010001000 0.0447693 -3.14159
1010001001 0.0118484 0
1010001010 0.00201225 0
1010001011 0.0282745 0
1010001100 0.0206757 -3.14159
1010001101 0.00816345 0
1010001110 0.0278168 0
1010001111 0.0570374 0
1010010000 0.0647583 0
1010010001 0.0141907 -3.14159
1010010010 0.0604248 -3.14159
1010010011 0.0481567 0
1010010100 0.0198822 0
1010010101 0.0194397 0
1010010110 0.00623703 0
1010010111 0.024353 -3.14159
1010011000 0.102722 0
1010011001 0.00582123 -3.14159
1010011010 0.0142288 -3.14159
1010011011 0.0367432 -3.14159
1010011100 0.00631332 0
1010011101 0.0024662 0
1010011110 0.0287018 -3.14159
1010011111 0.00369263 -3.14159
1010100000 0.0276031 -3.14159
1010100001 0.0246124 -3.14159
1010100010 0.0218201 -3.14159
1010100011 0.00159931 -3.14159
1010100100 0.0180206 0
1010100101 0.0188293 0
1010100110 0.0146103 -3.14159
1010100111 0.0327148 -3.14159
1010101000 0.0159912 0
1010101001 0.0343018 0
1010101010 0.0391846 -3.14159
1010101011 0.0158844 0
1010101100 0.0631714 0
1010101101 0.0142059 -3.14159
1010101110 0.00245476 -3.14159
1010101111 0.0160675 0
1010110000 0.0664062 0
1010110001 0.0305481 -3.14159
1010110010 0.00431442 -3.14159
1010110011 0.0216827 -3.14159
1010110100 0.0385742 -3.14159
1010110101 0.0160065 0
1010110110 0.0159607 0
1010110111 0.0165558 0
1010111000 0.0324402 -3.14159
1010111001 0.00292015 -3.14159
1010111010 0.0389709 -3.14159
1010111011 0.00419235 -3.14159
1010111100 0.0217133 -3.14159
1010111101 0.0276031 0
1010111110 0.0339966 -3.14159
1010111111 0.00815582 0
1011000000 0.0449219 -3.14159
1011000001 0.0332947 0
1011000010 0.0261841 0
1011000011 0.037384 -3.14159
1011000100 0.0284119 -3.14159
1011000101 0.0170898 0
1011000110 0.026535 0
1011000111 0.00313187 -3.14159
1011001000 0.00314903 -3.14159
1011001001 0.0375671 -3.14159
1011001010 0.0382385 -3.14159
1011001011 0.0390015 -3.14159
1011001100 0.032135 -3.14159
1011001101 0.0138702 -3.14159
1011001110 0.00263405 0
1011001111 0.0206451 -3.14159
1011010000 0.00205612 -3.14159
1011010001 0.0409546 -3.14159
1011010010 0.00939941 0
1011010011 0.00807953 0
1011010100 0.0250549 -3.14159
1011010101 0.00235558 -3.14159
1011010110 0.0523376 0
1011010111 0.0103455 0
1011011000 0.00817108 0
1011011001 0.0418396 0
1011011010 0.0257721 -3.14159
1011011011 0.0315857 -3.14159
1011011100 0.0162659 0
1011011101 0.0311432 0
1011011110 0.00455475 0
1011011111 0.00615311 0
1011100000 0.0107956 -3.14159
1011100001 0.024765 -3.14159
1011100010 0.0375061 0
1011100011 0.0198364 0
1011100100 0.0292358 0
1011100101 0.0527039 0
1011100110 0.0155411 0
1011100111 0.0217896 -3.14159
1011101000 0.0655518 -3.14159
1011101001 0.00362778 -3.14159
1011101010 0.0670776 -3.14159
1011101011 0.0329285 0
1011101100 0.016037 0
1011101101 0.0358276 0
1011101110 0.0105743 -3.14159
1011101111 0.0493469 0
1011110000 0.056488 -3.14159
1011110001 0.012352 -3.14159
1011110010 0.00419998 -3.14159
1011110011 0.0111694 0
1011110100 0.000484467 -3.14159
1011110101 0.0149155 0
1011110110 0.0255432 -3.14159
1011110111 0.0162048 0
1011111000 0.0142212 0
1011111001 0.0113754 0
1011111010 0.0255737 -3.14159
1011111011 0.0690308 0
1011111100 0.0253601 -3.14159
1011111101 0.0227356 0
1011111110 0.0490417 0
1011111111 0.0136108 0
1100000000 0.029541 0
1100000001 0.00608826 -3.14159
1100000010 0.018631 -3.14159
1100000011 0.0639038 -3.14159
1100000100 0.0420837 -3.14159
1100000101 0.0757446 0
1100000110 0.00279045 -3.14159
1100000111 0.0107346 0
1100001000 0.0337524 -3.14159
1100001001 0.0493469 -3.14159
1100001010 0.000754833 -3.14159
1100001011 0.000499249 -3.14159
1100001100 0.00133801 -3.14159
1100001101 0.00865936 -3.14159
1100001110 0.0634155 -3.14159
1100001111 0.0653687 0
1100010000 0.0199432 -3.14159
1100010001 0.0186157 0
1100010010 0.0490112 0
1100010011 0.0243073 -3.14159
1100010100 0.0145111 -3.14159
1100010101 0.0229492 -3.14159
1100010110 0.0234375 0
1100010111 0.0617065 0
1100011000 0.0828247 -3.14159
1100011001 0.00167561 0
1100011010 0.0420227 -3.14159
1100011011 0.0501709 0
1100011100 0.0432434 0
1100011101 0.0407104 0
1100011110 0.0120392 0
1100011111 0.0385132 -3.14159
1100100000 0.0556335 0
1100100001 0.0577393 0
1100100010 0.0248871 -3.14159
1100100011 0.0258179 0
1100100100 0.0169983 0
1100100101 0.054718 -3.14159
1100100110 0.0098114 -3.14159
1100100111 0.0286865 -3.14159
1100101000 0.0292969 0
1100101001 0.00407791 0
1100101010 0.00789642 -3.14159
1100101011 0.0137787 -3.14159
1100101100 0.00873566 -3.14159
1100101101 0.00382233 -3.14159
1100101110 0.0499268 0
1100101111 0.0121994 0
1100110000 0.00975037 0
1100110001 0.0718994 -3.14159
1100110010 0.0091629 -3.14159
1100110011 0.0303345 0
1100110100 0.0302277 0
1100110101 0.0131912 0
1100110110 0.01828 0
1100110111 0.0125122 -3.14159
1100111000 0.0154114 -3.14159
1100111001 0.0942993 -3.14159
1100111010 0.0337219 0
1100111011 0.0317993 -3.14159
1100111100 0.0352783 -3.14159
1100111101 0.00843811 -3.14159
1100111110 0.0512085 -3.14159
1100111111 0.0388794 -3.14159
1101000000 0.0717163 -3.14159
1101000001 0.00962067 0
1101000010 0.00990295 0
1101000011 0.013031 -3.14159
1101000100 0.0490112 0
1101000101 0.0173035 0
1101000110 0.0328674 -3.14159
1101000111 0.0723267 0
1101001000 0.00597382 -3.14159
1101001001 0.0517883 0
1101001010 0.013504 0
1101001011 0.0287628 0
1101001100 0.00117397 -3.14159
1101001101 0.0169983 0
1101001110 0.0463867 0
1101001111 0.0434265 0
1101010000 0.0116806 -3.14159
1101010001 0.000731468 -3.14159
1101010010 0.0137405 -3.14159
1101010011 0.0552063 -3.14159
1101010100 0.0488586 0
1101010101 0.0195007 -3.14159
1101010110 0.0388184 -3.14159
1101010111 0.0305328 0
1101011000 0.0307617 -3.14159
1101011001 0.0228882 0
1101011010 0.00349426 0
1101011011 0.0449829 -3.14159
1101011100 0.00849915 0
1101011101 0.017868 -3.14159
1101011110 0.00427628 -3.14159
1101011111 0.0241547 -3.14159
1101100000 0.0828247 0
1101100001 0.0548096 0
1101100010 0.000386715 0
1101100011 0.00712204 -3.14159
1101100100 0.000754356 -3.14159
1101100101 0.0301514 -3.14159
1101100110 0.00738907 -3.14159
1101100111 0.0245972 -3.14159
1101101000 0.00125313 0
1101101001 0.0122757 0
1101101010 0.0203247 0
1101101011 0.0107346 -3.14159
1101101100 0.0168457 -3.14159
1101101101 0.0105362 -3.14159
1101101110 0.0143433 -3.14159
1101101111 0.00574112 -3.14159
1101110000 0.00212669 0
1101110001 0.0675659 0
1101110010 0.00741577 0
1101110011 0.0509338 -3.14159
1101110100 0.0208893 0
1101110101 0.0307617 -3.14159
1101110110 0.0322266 -3.14159
1101110111 0.0107193 -3.14159
1101111000 0.0269318 0
1101111001 0.0278473 0
1101111010 0.0155182 0
1101111011 0.0130157 -3.14159
1101111100 0.00670624 -3.14159
1101111101 0.0402222 -3.14159
1101111110 0.0379639 -3.14159
1101111111 0.0696411 0
1110000000 0.0462646 -3.14159
1110000001 0.0238953 -3.14159
1110000010 0.0553284 0
1110000011 0.0200958 0
1110000100 0.0483704 0
1110000101 0.0655518 0
1110000110 0.0248108 -3.14159
1110000111 0.0049057 -3.14159
1110001000 0.00535583 0
1110001001 0.0113297 0
1110001010 0.0652466 0
1110001011 0.0190582 -3.14159
1110001100 0.0101776 -3.14159
1110001101 0.00766373 0
1110001110 0.00231743 -3.14159
1110001111 0.00385666 -3.14159
1110010000 0.0310059 0
1110010001 0.0539856 -3.14159
1110010010 0.0206757 -3.14159
1110010011 0.010376 0
1110010100 0.0767212 -3.14159
1110010101 0.0352478 -3.14159
1110010110 0.00996399 0
1110010111 0.0744019 -3.14159
1110011000 0.0262299 0
1110011001 0.0177155 -3.14159
1110011010 0.0355225 -3.14159
1110011011 0.0233154 -3.14159
1110011100 0.0216827 0
1110011101 0.042511 -3.14159
1110011110 0.00255394 0
1110011111 0.0190735 0
1110100000 0.00765228 -3.14159
1110100001 0.0259552 0
1110100010 0.053833 0
1110100011 0.0364685 -3.14159
1110100100 0.0595093 0
1110100101 0.0411377 0
1110100110 0.0172424 -3.14159
1110100111 0.0244446 0
1110101000 0.000975609 -3.14159
1110101001 0.00137997 0
1110101010 0.0386963 0
1110101011 0.0132141 0
1110101100 0.0524902 -3.14159
1110101101 0.0256805 0
1110101110 0.0258484 -3.14159
1110101111 0.0157013 -3.14159
1110110000 0.0240784 -3.14159
1110110001 0.00201607 -3.14159
1110110010 0.0522461 -3.14159
1110110011 0.0436707 -3.14159
1110110100 0.0171051 -3.14159
1110110101 0.0634766 0
1110110110 0.00924683 -3.14159
1110110111 0.00874329 -3.14159
1110111000 0.00550461 0
1110111001 0.0375671 0
1110111010 0.0197601 0
1110111011 0.0245819 0
1110111100 0.00603104 0
1110111101 0.0231628 -3.14159
1110111110 0.0106201 -3.14159
1110111111 0.0305481 0
1111000000 0.0154648 -3.14159
1111000001 0.0810547 0
1111000010 0.0393677 0
1111000011 0.00938416 -3.14159
1111000100 0.00323486 0
1111000101 0.0231171 -3.14159
1111000110 0.016098 -3.14159
1111000111 0.0162964 0
1111001000 0.0427856 0
1111001001 0.0192261 0
1111001010 0.02771 -3.14159
1111001011 0.0204163 -3.14159
1111001100 0.0151062 0
1111001101 0.0806274 0
1111001110 0.0149841 -3.14159
1111001111 0.0255432 0
1111010000 0.0148621 -3.14159
1111010001 0.0247498 0
1111010010 0.0219116 -3.14159
1111010011 0.0290527 -3.14159
1111010100 0.00656891 0
1111010101 0.000283241 -3.14159
1111010110 0.0331116 0
1111010111 0.0256195 0
1111011000 0.0569153 0
1111011001 0.0100479 -3.14159
1111011010 0.00642395 0
1111011011 0.0130844 0
1111011100 0.007061 0
1111011101 0.030426 0
1111011110 0.0154114 0
1111011111 0.0364075 -3.14159
1111100000 0.0894775 0
1111100001 0.0054245 -3.14159
1111100010 0.01371 -3.14159
1111100011 0.0397034 0
1111100100 0.0679932 -3.14159
1111100101 0.0176697 -3.14159
1111100110 0.0873413 -3.14159
1111100111 0.0498352 -3.14159
1111101000 0.00912476 -3.14159
1111101001 0.02388 -3.14159
1111101010 0.0357361 -3.14159
1111101011 0.101624 0
1111101100 0.0631104 0
1111101101 0.0151062 -3.14159
1111101110 0.0362854 0
1111101111 0.0109024 0
1111110000 0.00400162 0
1111110001 0.00777054 0
1111110010 0.0392151 -3.14159
1111110011 0.000261784 -3.14159
1111110100 0.0187073 0
1111110101 0.00598145 0
1111110110 0.0245667 0
1111110111 0.0158997 0
1111111000 0.0111618 0
1111111001 0.0501099 -3.14159
1111111010 0.0039444 0
1111111011 0.0365906 -3.14159
1111111100 0.0022049 0
1111111101 0.0369263 0
1111111110 0.0107498 -3.14159
1111111111 0.0114136 -3.14159
