0000000000 0.0149002 0
0000000001 0.0370789 0
0000000010 0.0173492 0
0000000011 0.0113525 0
0000000100 0.00955963 0
0000000101 0.0421143 0
0000000110 0.00527954 -3.14159
0000000111 0.0501099 -3.14159
0000001000 0.0337219 -3.14159
0000001001 0.0302734 0
0000001010 0.0162506 -3.14159
0000001011 0.0092926 0
0000001100 0.0519714 -3.14159
0000001101 0.0233307 0
0000001110 0.00132561 0
0000001111 0.0804443 0
0000010000 0.00526428 -3.14159
0000010001 0.0299683 -3.14159
0000010010 0.00814819 -3.14159
0000010011 0.0261993 -3.14159
0000010100 0.0503235 -3.14159
0000010101 0.0153198 0
0000010110 0.0247955 -3.14159
0000010111 0.00714493 0
0000011000 0.0576172 0
0000011001 0.0177917 0
0000011010 0.0119019 0
0000011011 0.0525513 -3.14159
0000011100 0.0318909 -3.14159
0000011101 0.00982666 0
0000011110 0.025589 0
0000011111 0.0123825 -3.14159
0000100000 0.0758667 -3.14159
0000100001 0.0460815 -3.14159
0000100010 0.0588379 -3.14159
0000100011 0.0395508 -3.14159
0000100100 0.00721359 0
0000100101 0.0104065 -3.14159
0000100110 0.0164337 0
0000100111 0.00102043 0
0000101000 0.0220642 -3.14159
0000101001 0.0304413 -3.14159
0000101010 0.0200806 -3.14159
0000101011 0.00535965 -3.14159
0000101100 0.0698853 -3.14159
0000101101 0.0225525 0
0000101110 0.00338936 -3.14159
0000101111 0.00586319 -3.14159
0000110000 0.0423584 0
0000110001 0.0507202 -3.14159
0000110010 0.0243225 -3.14159
0000110011 0.0148621 0
0000110100 0.0190887 -3.14159
0000110101 0.00800323 0
0000110110 0.00126171 0
0000110111 0.0311432 0
0000111000 0.0224304 -3.14159
0000111001 0.0263672 -3.14159
0000111010 0.0290222 -3.14159
0000111011 0.0267181 -3.14159
0000111100 0.0394592 0
0000111101 0.00327301 0
0000111110 0.0209045 0
0000111111 0.0149994 -3.14159
0001000000 0.0503845 0
0001000001 0.00751877 -3.14159
0001000010 0.024826 -3.14159
0001000011 0.00313759 -3.14159
0001000100 0.00432968 -3.14159
0001000101 0.0360413 -3.14159
0001000110 0.0025959 0
0001000111 0.0173492 0
0001001000 0.0469971 -3.14159
0001001001 0.00564194 -3.14159
0001001010 0.0193481 0
0001001011 0.0105057 0
0001001100 0.00519562 -3.14159
0001001101 0.00161648 0
0001001110 0.0135269 0
0001001111 0.00217819 0
0001010000 0.0317078 0
0001010001 0.0363464 -3.14159
0001010010 0.0498657 -3.14159
0001010011 0.00342751 -3.14159
0001010100 0.0354614 0
0001010101 0.0186005 0
0001010110 0.00931549 0
0001010111 0.0202332 0
0001011000 0.01297 -3.14159
0001011001 0.0293579 0
0001011010 0.0225983 0
0001011011 0.00804901 0
0001011100 0.0363159 0
0001011101 0.00306129 -3.14159
0001011110 0.0269318 -3.14159
0001011111 0.0217896 0
0001100000 0.019104 -3.14159
0001100001 0.027771 -3.14159
0001100010 0.0400696 -3.14159
0001100011 0.00945282 -3.14159
0001100100 0.0400391 -3.14159
0001100101 0.0283813 -3.14159
0001100110 0.0427551 -3.14159
0001100111 0.00727081 0
0001101000 0.0192719 0
0001101001 0.081604 0
0001101010 0.00583267 -3.14159
0001101011 0.0366211 0
0001101100 0.00413513 0
0001101101 0.0321655 -3.14159
0001101110 0.0213013 0
0001101111 0.0321655 -3.14159
0001110000 0.0612793 -3.14159
0001110001 0.0231018 -3.14159
0001110010 0.0610962 -3.14159
0001110011 0.0165405 0
0001110100 0.0423584 -3.14159
0001110101 0.00911713 -3.14159
0001110110 0.0326843 -3.14159
0001110111 0.0184937 -3.14159
0001111000 0.0852051 -3.14159
0001111001 0.00455093 0
0001111010 0.0298309 -3.14159
0001111011 0.00343895 0
0001111100 0.0302277 -3.14159
0001111101 0.0305328 0
0001111110 0.00788879 -3.14159
0001111111 0.0241241 -3.14159
0010000000 0.0365601 0
0010000001 0.0435791 -3.14159
0010000010 0.0131531 0
0010000011 0.0466003 -3.14159
0010000100 0.0041008 -3.14159
0010000101 0.0325623 -3.14159
0010000110 0.0450134 0
0010000111 0.00796509 0
0010001000 0.0074501 0
0010001001 0.023407 0
0010001010 0.0077858 -3.14159
0010001011 0.0276184 -3.14159
0010001100 0.0704956 0
0010001101 0.0290222 0
0010001110 0.00768661 0
0010001111 0.026947 -3.14159
0010010000 0.019455 -3.14159
0010010001 0.0288086 -3.14159
0010010010 0.00297737 0
0010010011 0.00423813 0
0010010100 0.0314636 -3.14159
0010010101 0.0237732 0
0010010110 0.022171 -3.14159
0010010111 0.0155106 0
0010011000 0.0332947 -3.14159
0010011001 0.00310135 -3.14159
0010011010 0.0300751 0
0010011011 0.0111771 0
0010011100 0.00983429 0
0010011101 0.0111618 0
0010011110 0.0257111 0
0010011111 0.0440674 0
0010100000 0.0231171 0
0010100001 0.0282135 -3.14159
0010100010 0.0484314 -3.14159
0010100011 0.0224152 -3.14159
0010100100 0.0176392 0
0010100101 0.0042038 -3.14159
0010100110 0.0226288 -3.14159
0010100111 0.0397034 0
0010101000 0.00558853 -3.14159
0010101001 0.0152664 0
0010101010 0.00946045 0
0010101011 0.0271454 0
0010101100 0.0314941 0
0010101101 0.014389 0
0010101110 0.0123672 -3.14159
0010101111 0.0153503 0
0010110000 0.0104675 -3.14159
0010110001 0.0451355 -3.14159
0010110010 0.00310898 -3.14159
0010110011 0.0379639 0
0010110100 0.0542908 0
0010110101 0.0100784 0
0010110110 0.0281067 0
0010110111 0.032135 -3.14159
0010111000 0.00621033 0
0010111001 0.0315552 -3.14159
0010111010 0.0116348 -3.14159
0010111011 0.0202332 0
0010111100 0.0305786 0
0010111101 0.0340271 -3.14159
0010111110 0.0171051 0
0010111111 0.0727539 -3.14159
0011000000 0.0250549 0
0011000001 0.00894165 0
0011000010 0.00785828 -3.14159
0011000011 0.0432129 0
0011000100 0.0043869 -3.14159
0011000101 0.00300789 -3.14159
0011000110 0.0150833 0
0011000111 0.00369835 0
0011001000 0.0342407 0
0011001001 0.0135803 -3.14159
0011001010 0.017395 0
0011001011 0.0320435 -3.14159
0011001100 0.0161133 -3.14159
0011001101 0.00692368 -3.14159
0011001110 0.00907898 -3.14159
0011001111 0.00226784 0
0011010000 0.0293274 0
0011010001 0.00748062 -3.14159
0011010010 0.0386353 0
0011010011 0.00147438 0
0011010100 0.0165405 0
0011010101 0.0182495 -3.14159
0011010110 0.0119781 -3.14159
0011010111 0.0489197 0
0011011000 0.0369568 0
0011011001 0.0234375 0
0011011010 0.0145569 0
0011011011 0.0313721 -3.14159
0011011100 0.0172729 0
0011011101 0.0331726 -3.14159
0011011110 0.0728149 -3.14159
0011011111 0.039978 0
0011100000 0.00757599 0
0011100001 0.0163116 0
0011100010 0.0158081 -3.14159
0011100011 0.0396729 -3.14159
0011100100 0.0112915 0
0011100101 0.0705566 0
0011100110 0.0360718 -3.14159
0011100111 0.039917 -3.14159
0011101000 0.0357971 -3.14159
0011101001 0.0153351 0
0011101010 0.039856 -3.14159
0011101011 0.00569153 -3.14159
0011101100 0.0401306 -3.14159
0011101101 0.0463867 -3.14159
0011101110 0.0427246 -3.14159
0011101111 0.0617065 0
0011110000 0.00244522 0
0011110001 0.0471802 -3.14159
0011110010 0.0191345 0
0011110011 0.0396729 -3.14159
0011110100 0.0160675 0
0011110101 0.00441742 -3.14159
0011110110 0.0254211 0
0011110111 0.0278015 0
0011111000 0.0733032 0
0011111001 0.0240784 0
0011111010 0.00203705 -3.14159
0011111011 0.0018816 -3.14159
0011111100 5.57899e-05 0
0011111101 0.0432739 -3.14159
0011111110 0.0410767 0
0011111111 0.03479 0
0100000000 0.0601501 0
0100000001 0.0258636 0
0100000010 0.0173645 -3.14159
0100000011 0.0112076 0
0100000100 0.018631 -3.14159
0100000101 0.0250092 -3.14159
0100000110 0.0192719 0
0100000111 0.0166016 0
0100001000 0.00098896 0
0100001001 0.0544128 -3.14159
0100001010 0.0247192 0
0100001011 0.0447693 -3.14159
0100001100 0.00498581 -3.14159
0100001101 0.0170441 0
0100001110 0.00480652 0
0100001111 0.00765228 0
0100010000 0.0501709 0
0100010001 0.0518188 -3.14159
0100010010 0.0254211 0
0100010011 0.00772858 -3.14159
0100010100 0.0271301 -3.14159
0100010101 0.0179443 -3.14159
0100010110 0.0189819 0
0100010111 0.0172882 -3.14159
0100011000 0.00255775 -3.14159
0100011001 0.039856 0
0100011010 0.000267029 -3.14159
0100011011 0.0889893 -3.14159
0100011100 0.00901031 -3.14159
0100011101 0.0391846 0
0100011110 0.0276031 -3.14159
0100011111 0.0431519 0
0100100000 0.0109024 0
0100100001 0.0133591 -3.14159
0100100010 0.00211716 0
0100100011 0.0131912 0
0100100100 0.0194397 -3.14159
0100100101 0.0515747 0
0100100110 0.00426102 0
0100100111 0.0164032 -3.14159
0100101000 0.00626373 0
0100101001 0.0805664 -3.14159
0100101010 0.0230408 0
0100101011 0.0150146 -3.14159
0100101100 0.0336609 0
0100101101 0.0568542 -3.14159
0100101110 0.024292 0
0100101111 0.032074 0
0100110000 0.0181732 0
0100110001 0.023468 -3.14159
0100110010 0.0104599 0
0100110011 0.0251465 -3.14159
0100110100 0.0209808 0
0100110101 0.0401611 0
0100110110 0.0140381 0
0100110111 0.00797272 -3.14159
0100111000 0.0277252 -3.14159
0100111001 0.0334167 -3.14159
0100111010 0.0220032 -3.14159
0100111011 0.0643311 -3.14159
0100111100 0.0227509 -3.14159
0100111101 0.00487137 0
0100111110 0.0429993 0
0100111111 0.0209656 0
0101000000 0.0181274 0
0101000001 0.0239563 0
0101000010 0.0100861 -3.14159
0101000011 0.0140533 0
0101000100 0.0235443 0
0101000101 0.0250244 0
0101000110 0.0115814 0
0101000111 0.0267639 0
0101001000 0.00392532 -3.14159
0101001001 0.0517578 -3.14159
0101001010 0.0241241 -3.14159
0101001011 0.0235596 -3.14159
0101001100 0.00180721 0
0101001101 0.00925446 -3.14159
0101001110 0.00166321 -3.14159
0101001111 0.0180664 0
0101010000 0.0429688 0
0101010001 0.0204163 0
0101010010 0.0344849 0
0101010011 0.0475769 -3.14159
0101010100 0.0247345 0
0101010101 0.0061264 0
0101010110 0.022583 -3.14159
0101010111 0.00450516 -3.14159
0101011000 0.0179596 0
0101011001 0.0531921 0
0101011010 0.0378723 -3.14159
0101011011 0.0367126 -3.14159
0101011100 0.0242615 -3.14159
0101011101 0.0386047 0
0101011110 0.0253906 0
0101011111 0.0484619 0
0101100000 0.030365 0
0101100001 0.0756226 -3.14159
0101100010 0.0128784 0
0101100011 0.0199432 -3.14159
0101100100 0.0123901 -3.14159
0101100101 0.0218811 -3.14159
0101100110 0.00236893 -3.14159
0101100111 0.020401 -3.14159
0101101000 0.04422 -3.14159
0101101001 0.0145111 -3.14159
0101101010 0.0635986 0
0101101011 0.0291595 0
0101101100 0.000342846 -3.14159
0101101101 0.0306702 -3.14159
0101101110 0.00619507 0
0101101111 0.0208588 0
0101110000 0.0290527 -3.14159
0101110001 0.0198822 -3.14159
0101110010 0.0551453 -3.14159
0101110011 0.0055809 -3.14159
0101110100 0.0377502 0
0101110101 0.00746536 0
0101110110 0.0055275 0
0101110111 0.0169525 0
0101111000 0.0402222 0
0101111001 0.0397644 0
0101111010 0.0206451 0
0101111011 0.0189819 -3.14159
0101111100 0.0290222 -3.14159
0101111101 0.0248108 -3.14159
0101111110 0.0256958 0
0101111111 0.0608215 0
0110000000 0.00308037 -3.14159
0110000001 0.0175781 0
0110000010 0.031189 -3.14159
0110000011 0.0189819 0
0110000100 0.0719604 -3.14159
0110000101 0.032959 0
0110000110 0.00762558 0
0110000111 2.92063e-06 0
0110001000 0.00790405 -3.14159
0110001001 0.0161133 -3.14159
0110001010 0.0182648 -3.14159
0110001011 0.0159607 0
0110001100 0.0123138 0
0110001101 0.0572815 -3.14159
0110001110 0.0350342 0
0110001111 0.035675 0
0110010000 0.0298309 0
0110010001 0.00794983 -3.14159
0110010010 0.0285187 0
0110010011 0.0135727 0
0110010100 0.0449524 -3.14159
0110010101 0.0519409 -3.14159
0110010110 0.0146255 -3.14159
0110010111 0.00318336 -3.14159
0110011000 0.0155563 0
0110011001 0.0453491 -3.14159
0110011010 0.0328674 0
0110011011 0.0630493 0
0110011100 0.00321198 0
0110011101 0.00365639 0
0110011110 0.0490723 0
0110011111 0.025238 0
0110100000 0.00290489 0
0110100001 0.0116196 0
0110100010 0.0091629 0
0110100011 0.0390015 -3.14159
0110100100 0.0314636 0
0110100101 0.0457764 0
0110100110 0.00710297 -3.14159
0110100111 0.0458984 -3.14159
0110101000 0.0178223 -3.14159
0110101001 0.00248337 0
0110101010 0.00318336 -3.14159
0110101011 0.0364685 -3.14159
0110101100 0.0309143 -3.14159
0110101101 0.0299377 0
0110101110 0.00761795 0
0110101111 0.0107193 -3.14159
0110110000 0.0140076 0
0110110001 0.0822144 -3.14159
0110110010 0.0188293 0
0110110011 0.0015173 -3.14159
0110110100 0.0288544 0
0110110101 0.035553 0
0110110110 0.00300598 0
0110110111 0.0225677 0
0110111000 0.00716019 -3.14159
0110111001 0.0207062 -3.14159
0110111010 0.0756836 0
0110111011 0.0725708 0
0110111100 0.00756836 0
0110111101 0.00740051 -3.14159
0110111110 0.0519409 -3.14159
0110111111 0.0309143 -3.14159
0111000000 0.0320435 -3.14159
0111000001 0.017807 -3.14159
0111000010 0.00910187 -3.14159
0111000011 0.00919342 -3.14159
0111000100 0.00766754 -3.14159
0111000101 0.0598755 -3.14159
0111000110 0.00589752 -3.14159
0111000111 0.016098 -3.14159
0111001000 0.0341797 0
0111001001 0.0475769 0
0111001010 0.00595856 0
0111001011 0.000247717 0
0111001100 0.00987244 0
0111001101 0.0144424 0
0111001110 0.0428467 0
0111001111 0.04422 0
0111010000 0.0279083 0
0111010001 0.0111084 0
0111010010 0.0045433 0
0111010011 0.00762558 0
0111010100 0.00209427 0
0111010101 0.00301933 -3.14159
0111010110 0.00205803 0
0111010111 0.0239105 0
0111011000 0.015274 -3.14159
0111011001 0.0509949 -3.14159
0111011010 0.0147781 0
0111011011 0.0130234 0
0111011100 0.00787354 -3.14159
0111011101 0.0328064 0
0111011110 0.000236988 0
0111011111 0.0155869 0
0111100000 0.0217896 -3.14159
0111100001 0.0329285 -3.14159
0111100010 0.00746536 -3.14159
0111100011 0.0177307 0
0111100100 0.017746 0
0111100101 0.0556641 -3.14159
0111100110 0.0236969 -3.14159
0111100111 0.0499268 -3.14159
0111101000 0.0390625 -3.14159
0111101001 0.0296021 -3.14159
0111101010 0.0227356 -3.14159
0111101011 0.0201263 -3.14159
0111101100 0.00592804 0
0111101101 0.0196838 -3.14159
0111101110 0.00300407 -3.14159
0111101111 0.0179443 0
0111110000 0.00301933 -3.14159
0111110001 0.0292816 -3.14159
0111110010 0.0779419 0
0111110011 0.0485229 -3.14159
0111110100 0.0162659 0
0111110101 0.0117035 -3.14159
0111110110 0.0413513 -3.14159
0111110111 0.0273132 0
0111111000 0.0510864 -3.14159
0111111001 0.0635376 0
0111111010 0.00482941 -3.14159
0111111011 0.0170898 -3.14159
0111111100 0.0112534 -3.14159
0111111101 0.024704 0
0111111110 0.0254669 -3.14159
0111111111 0.00502777 0
1000000000 0.00106621 0
1000000001 0.0114288 -3.14159
1000000010 0.00776291 0
1000000011 0.0397644 -3.14159
1000000100 0.0147934 0
1000000101 0.04422 0
1000000110 0.0243225 0
1000000111 0.00686264 -3.14159
1000001000 0.025116 -3.14159
1000001001 0.00827789 -3.14159
1000001010 0.00915527 -3.14159
1000001011 0.0698853 -3.14159
1000001100 0.00907898 0
1000001101 0.039032 -3.14159
1000001110 0.0180817 -3.14159
1000001111 0.0100327 -3.14159
1000010000 0.00829315 -3.14159
1000010001 0.0646362 -3.14159
1000010010 0.0169067 0
1000010011 0.000819683 0
1000010100 0.0151367 0
1000010101 0.00131607 -3.14159
1000010110 0.00724411 0
1000010111 0.0339966 -3.14159
1000011000 0.0203705 0
1000011001 0.0266571 0
1000011010 0.019516 0
1000011011 0.00238037 0
1000011100 0.0229034 -3.14159
1000011101 0.0225372 -3.14159
1000011110 0.0179443 -3.14159
1000011111 0.0192719 0
1000100000 0.0327759 -3.14159
1000100001 0.00735474 -3.14159
1000100010 0.00245094 0
1000100011 0.0104294 -3.14159
1000100100 0.006073 -3.14159
1000100101 0.0413208 -3.14159
1000100110 0.0121765 -3.14159
1000100111 0.0854492 0
1000101000 0.023407 0
1000101001 0.0458679 -3.14159
1000101010 0.0122299 0
1000101011 0.0188446 -3.14159
1000101100 0.0227203 -3.14159
1000101101 0.00585938 0
1000101110 0.0251465 0
1000101111 0.0241852 0
1000110000 0.0297546 0
1000110001 0.000357389 0
1000110010 0.00914001 0
1000110011 0.021759 0
1000110100 0.0208435 -3.14159
1000110101 0.0145111 0
1000110110 0.0289459 -3.14159
1000110111 0.0170441 -3.14159
1000111000 0.0326233 0
1000111001 0.0175781 -3.14159
1000111010 0.0789185 0
1000111011 0.0285492 0
1000111100 0.00544357 0
1000111101 0.01017 0
1000111110 0.00946808 -3.14159
1000111111 0.00555038 -3.14159
1001000000 0.0198517 -3.14159
1001000001 0.0256042 -3.14159
1001000010 0.0471497 0
1001000011 0.00585556 0
1001000100 0.0315552 -3.14159
1001000101 0.0336914 0
1001000110 0.0353394 -3.14159
1001000111 0.0578308 -3.14159
1001001000 0.00206757 0
1001001001 0.00949097 -3.14159
1001001010 0.0351868 -3.14159
1001001011 0.000676155 0
1001001100 0.0157013 0
1001001101 0.00121307 -3.14159
1001001110 0.044342 -3.14159
1001001111 0.00863647 0
1001010000 0.0213623 0
1001010001 0.042572 -3.14159
1001010010 0.0187988 -3.14159
1001010011 0.0334473 -3.14159
1001010100 0.0268402 -3.14159
1001010101 0.0253601 -3.14159
1001010110 0.0201111 0
1001010111 0.0266418 -3.14159
1001011000 0.0161438 0
1001011001 0.0191345 0
1001011010 0.00707626 0
1001011011 0.00652695 0
1001011100 0.0194855 -3.14159
1001011101 0.0263824 -3.14159
1001011110 0.0296326 -3.14159
1001011111 0.0270844 -3.14159
1001100000 0.0534058 0
1001100001 0.0115356 0
1001100010 0.0189209 0
1001100011 0.0188599 0
1001100100 0.0543213 -3.14159
1001100101 0.00131702 0
1001100110 0.0812988 0
1001100111 0.0698242 0
1001101000 0.0173492 -3.14159
1001101001 0.0302429 -3.14159
1001101010 0.0507812 0
1001101011 0.0311127 0
1001101100 0.0301361 0
1001101101 0.00582123 -3.14159
1001101110 0.0348511 -3.14159
1001101111 0.020401 -3.14159
1001110000 0.0888062 0
1001110001 0.0300598 -3.14159
1001110010 0.0157623 0
1001110011 0.0145798 -3.14159
1001110100 0.00367355 -3.14159
1001110101 0.0192108 -3.14159
1001110110 0.0296021 -3.14159
1001110111 0.0106735 0
1001111000 0.0182495 0
1001111001 0.0419006 0
1001111010 0.0225983 0
1001111011 0.0593872 0
1001111100 0.00419617 0
1001111101 0.0292511 0
1001111110 0.0269165 -3.14159
1001111111 0.00817871 0
1010000000 0.0486755 -3.14159
1010000001 0.0278931 0
1010000010 0.027359 -3.14159
1010000011 0.0393372 -3.14159
1010000100 0.0226898 0
1010000101 0.0379333 -3.14159
1010000110 0.0329285 -3.14159
1010000111 0.0106659 -3.14159
1010001000 0.00245667 0
1010001001 0.00432968 0
1010001010 0.0260162 0
1010001011 0.0271149 0
1010001100 0.0228729 0
1010001101 0.00286484 0
1010001110 0.0120926 0
1010001111 0.0386353 0
1010010000 0.0632324 0
1010010001 0.00843811 0
1010010010 0.0354614 -3.14159
1010010011 0.00473022 0
1010010100 0.0205536 0
1010010101 0.00124645 -3.14159
1010010110 0.0315552 0
1010010111 0.0162811 0
1010011000 0.0585938 0
1010011001 0.00878906 0
1010011010 0.0105896 -3.14159
1010011011 0.0210724 -3.14159
1010011100 0.0192413 0
1010011101 0.00773621 0
1010011110 0.015686 0
1010011111 0.0180817 0
1010100000 0.0119171 -3.14159
1010100001 0.0199432 -3.14159
1010100010 0.0237732 -3.14159
1010100011 0.0445251 -3.14159
1010100100 0.0327454 0
1010100101 0.0236664 -3.14159
1010100110 0.040741 0
1010100111 0.0478821 -3.14159
1010101000 0.0271149 0
1010101001 0.0343628 0
1010101010 0.0325928 -3.14159
1010101011 0.0118179 0
1010101100 0.03479 0
1010101101 0.00925446 -3.14159
1010101110 0.0122833 0
1010101111 0.002388 -3.14159
1010110000 0.0307465 0
1010110001 0.0203552 -3.14159
1010110010 0.0138702 0
1010110011 0.00697327 0
1010110100 0.00932312 0
1010110101 0.0244904 0
1010110110 0.00941467 -3.14159
1010110111 0.00853729 0
1010111000 0.0313721 0
1010111001 0.00888824 0
1010111010 0.00435638 -3.14159
1010111011 0.0358582 -3.14159
1010111100 0.0291138 0
1010111101 0.0380249 0
1010111110 0.0147247 -3.14159
1010111111 0.0197906 0
1011000000 0.036438 -3.14159
1011000001 0.00667953 -3.14159
1011000010 0.0877686 0
1011000011 0.00129414 -3.14159
1011000100 0.0155029 -3.14159
1011000101 0.00673294 0
1011000110 0.0370178 0
1011000111 0.0114365 0
1011001000 0.0216522 -3.14159
1011001001 0.067688 -3.14159
1011001010 0.0683594 -3.14159
1011001011 0.00771332 0
1011001100 0.0285797 -3.14159
1011001101 0.0358276 -3.14159
1011001110 0.0258331 0
1011001111 0.0316467 -3.14159
1011010000 0.0183868 0
1011010001 0.0413818 -3.14159
1011010010 0.0150986 -3.14159
1011010011 0.0375977 0
1011010100 0.00252533 -3.14159
1011010101 0.0480652 0
1011010110 0.0495605 0
1011010111 0.00421906 -3.14159
1011011000 0.000793457 0
1011011001 0.0105743 0
1011011010 0.0158691 0
1011011011 0.0549927 -3.14159
1011011100 0.00552368 -3.14159
1011011101 0.039917 0
1011011110 0.0267334 0
1011011111 0.0177917 0
1011100000 0.0108566 -3.14159
1011100001 0.0367126 -3.14159
1011100010 0.0271149 0
1011100011 0.011055 0
1011100100 0.00178242 -3.14159
1011100101 0.061676 0
1011100110 0.000131011 0
1011100111 0.0192413 -3.14159
1011101000 0.0665283 -3.14159
1011101001 0.0258179 -3.14159
1011101010 0.0620117 -3.14159
1011101011 0.0361023 0
1011101100 0.0121002 -3.14159
1011101101 0.0290527 0
1011101110 0.00284958 -3.14159
1011101111 0.0684204 0
1011110000 0.0142517 -3.14159
1011110001 0.0101471 -3.14159
1011110010 0.00985718 -3.14159
1011110011 0.0246429 0
1011110100 0.0229187 -3.14159
1011110101 0.0224152 0
1011110110 0.0238495 -3.14159
1011110111 0.00923157 -3.14159
1011111000 0.0449524 0
1011111001 0.0265961 0
1011111010 0.0140686 0
1011111011 0.0250854 0
1011111100 0.0296631 0
1011111101 0.0267639 -3.14159
1011111110 0.0096283 0
1011111111 0.00160408 -3.14159
1100000000 0.06073 0
1100000001 0.0185699 0
1100000010 0.0306091 -3.14159
1100000011 0.0482788 -3.14159
1100000100 0.0230865 -3.14159
1100000101 0.0581665 0
1100000110 0.00727844 0
1100000111 0.0174561 -3.14159
1100001000 0.0432739 -3.14159
1100001001 0.0401001 -3.14159
1100001010 0.00650406 -3.14159
1100001011 0.0380554 0
1100001100 0.00315094 0
1100001101 0.0077095 -3.14159
1100001110 0.057373 -3.14159
1100001111 0.0409851 0
1100010000 0.0258636 -3.14159
1100010001 0.00928497 0
1100010010 0.0494995 0
1100010011 0.0282898 -3.14159
1100010100 0.0127106 -3.14159
1100010101 0.0152054 -3.14159
1100010110 0.0178528 0
1100010111 0.0561829 0
1100011000 0.0645142 -3.14159
1100011001 0.0158386 0
1100011010 0.0229492 -3.14159
1100011011 0.0129242 -3.14159
1100011100 0.000324488 0
1100011101 0.0340881 0
1100011110 0.0279846 0
1100011111 0.035553 -3.14159
1100100000 0.00248337 -3.14159
1100100001 0.0720825 0
1100100010 0.0129776 0
1100100011 0.0152512 0
1100100100 0.0149994 -3.14159
1100100101 0.0609436 -3.14159
1100100110 0.0628662 0
1100100111 0.0350037 -3.14159
1100101000 0.0504761 0
1100101001 0.00642776 -3.14159
1100101010 0.0154037 -3.14159
1100101011 0.0145569 0
1100101100 0.0103149 0
1100101101 0.00118446 0
1100101110 0.0523071 0
1100101111 0.0257721 0
1100110000 0.00180149 0
1100110001 0.0789795 -3.14159
1100110010 0.0401306 -3.14159
1100110011 0.0347595 0
1100110100 0.00277901 -3.14159
1100110101 0.0176086 0
1100110110 0.00695801 0
1100110111 0.00284386 -3.14159
1100111000 0.0186157 -3.14159
1100111001 0.0911255 -3.14159
1100111010 0.00829315 -3.14159
1100111011 0.0307007 -3.14159
1100111100 0.00702286 -3.14159
1100111101 0.00606918 0
1100111110 0.00580215 -3.14159
1100111111 0.00664139 -3.14159
1101000000 0.024353 -3.14159
1101000001 0.00193405 -3.14159
1101000010 0.0224304 -3.14159
1101000011 0.000455379 0
1101000100 0.0404358 0
1101000101 0.0414124 0
1101000110 0.0533142 -3.14159
1101000111 0.0256958 0
1101001000 0.024353 -3.14159
1101001001 0.0421448 0
1101001010 0.0158691 0
1101001011 0.00328255 0
1101001100 0.0161438 0
1101001101 0.0131378 0
1101001110 0.0299225 0
1101001111 0.0132523 -3.14159
1101010000 0.016449 0
1101010001 0.0143204 0
1101010010 0.00901794 -3.14159
1101010011 0.0600586 -3.14159
1101010100 0.0326233 0
1101010101 0.00473022 -3.14159
1101010110 0.0426331 -3.14159
1101010111 0.0226593 0
1101011000 0.036377 -3.14159
1101011001 0.0420227 0
1101011010 0.0170746 0
1101011011 0.0296021 -3.14159
1101011100 0.0386047 -3.14159
1101011101 0.0292206 -3.14159
1101011110 0.00804901 0
1101011111 0.0290833 -3.14159
1101100000 0.0790405 0
1101100001 0.0344238 0
1101100010 0.0459595 -3.14159
1101100011 0.00710678 0
1101100100 0.021637 -3.14159
1101100101 0.0119019 -3.14159
1101100110 0.0305023 0
1101100111 0.0441284 -3.14159
1101101000 0.00624847 -3.14159
1101101001 0.000388861 -3.14159
1101101010 0.0213318 0
1101101011 0.0157928 0
1101101100 0.00770187 -3.14159
1101101101 0.022522 -3.14159
1101101110 0.0220642 -3.14159
1101101111 0.0157623 0
1101110000 0.0269775 -3.14159
1101110001 0.0646973 0
1101110010 0.0287781 -3.14159
1101110011 0.0482788 -3.14159
1101110100 0.0361938 -3.14159
1101110101 0.0513916 -3.14159
1101110110 0.00815582 -3.14159
1101110111 0.00894165 -3.14159
1101111000 0.0303955 0
1101111001 0.0344238 -3.14159
1101111010 0.00704575 0
1101111011 0.0330505 -3.14159
1101111100 0.0368652 0
1101111101 0.0428772 -3.14159
1101111110 0.0178833 0
1101111111 0.0723877 0
1110000000 0.0284424 -3.14159
1110000001 0.0112228 -3.14159
1110000010 0.0559692 0
1110000011 0.0435486 0
1110000100 0.0181274 -3.14159
1110000101 0.0258942 0
1110000110 0.0291443 -3.14159
1110000111 0.0140762 0
1110001000 0.0134201 0
1110001001 0.0187073 0
1110001010 0.0657349 0
1110001011 0.00355339 -3.14159
1110001100 0.0609436 0
1110001101 0.0153732 0
1110001110 0.0206451 -3.14159
1110001111 0.0120468 -3.14159
1110010000 0.0542603 0
1110010001 0.0153351 -3.14159
1110010010 0.0194092 -3.14159
1110010011 0.0261383 0
1110010100 0.0253601 -3.14159
1110010101 0.046936 -3.14159
1110010110 0.0232849 0
1110010111 0.028183 -3.14159
1110011000 0.0036869 0
1110011001 0.0158691 0
1110011010 0.0506592 -3.14159
1110011011 0.0297546 -3.14159
1110011100 0.0251617 0
1110011101 0.030304 -3.14159
1110011110 0.00525284 0
1110011111 0.0196075 0
1110100000 0.00959778 -3.14159
1110100001 0.00300598 -3.14159
1110100010 0.0185089 0
1110100011 0.0028286 0
1110100100 0.0412903 0
1110100101 0.0288086 0
1110100110 0.0447998 -3.14159
1110100111 0.00521469 0
1110101000 0.0281067 -3.14159
1110101001 0.0604858 0
1110101010 0.0375366 -3.14159
1110101011 0.012886 0
1110101100 0.0332947 0
1110101101 0.0311127 0
1110101110 0.0190735 -3.14159
1110101111 0.000617981 -3.14159
1110110000 0.0134048 0
1110110001 0.0288239 0
1110110010 0.062439 -3.14159
1110110011 0.0492554 -3.14159
1110110100 0.00307655 -3.14159
1110110101 0.0463562 0
1110110110 0.0471802 -3.14159
1110110111 0.0134354 -3.14159
1110111000 0.00379562 0
1110111001 0.0222626 0
1110111010 0.0447998 0
1110111011 0.00790405 0
1110111100 0.0176086 -3.14159
1110111101 0.0183411 0
1110111110 0.0411072 0
1110111111 0.0119019 0
1111000000 0.00155163 -3.14159
1111000001 0.0412598 0
1111000010 0.0215149 0
1111000011 0.00328636 -3.14159
1111000100 0.00268364 -3.14159
1111000101 0.0300751 -3.14159
1111000110 0.00683212 -3.14159
1111000111 0.0086441 0
1111001000 0.0186768 0
1111001001 0.0113525 -3.14159
1111001010 0.0197754 -3.14159
1111001011 0.0298615 -3.14159
1111001100 0.0281219 0
1111001101 0.0737305 0
1111001110 0.0333862 -3.14159
1111001111 0.0115356 0
1111010000 0.0392151 -3.14159
1111010001 0.00125122 0
1111010010 0.000440598 -3.14159
1111010011 0.0651855 -3.14159
1111010100 0.00515366 0
1111010101 0.0368042 -3.14159
1111010110 0.0252075 0
1111010111 0.00610352 0
1111011000 0.0559998 0
1111011001 0.0295563 0
1111011010 0.0037117 0
1111011011 0.00418091 -3.14159
1111011100 0.0022583 0
1111011101 0.0176239 0
1111011110 0.0228882 0
1111011111 0.00711823 -3.14159
1111100000 0.0596008 0
1111100001 0.0346069 -3.14159
1111100010 0.0160217 -3.14159
1111100011 0.0529175 0
1111100100 0.0515137 -3.14159
1111100101 0.0311432 0
1111100110 0.102356 -3.14159
1111100111 0.0386963 -3.14159
1111101000 0.0116653 -3.14159
1111101001 0.0550232 -3.14159
1111101010 0.0678101 -3.14159
1111101011 0.0686646 0
1111101100 0.0614929 0
1111101101 0.00597763 -3.14159
1111101110 0.0288849 0
1111101111 0.00066185 -3.14159
1111110000 0.00983429 0
1111110001 0.0134964 0
1111110010 0.0485229 -3.14159
1111110011 0.000288248 0
1111110100 0.000134587 0
1111110101 0.0417175 0
1111110110 0.00148392 0
1111110111 0.0193176 0
1111111000 0.00837708 -3.14159
1111111001 0.0913086 -3.14159
1111111010 0.0233612 0
1111111011 0.0318909 -3.14159
1111111100 0.00136089 -3.14159
1111111101 0.0324707 0
1111111110 0.0159454 -3.14159
1111111111 0.0297546 -3.14159
