0000000000 0.00213623 -3.14159
0000000001 0.0289612 0
0000000010 0.0102463 0
0000000011 0.00883484 0
0000000100 0.0112228 -3.14159
0000000101 0.00119781 -3.14159
0000000110 0.0162659 -3.14159
0000000111 0.0531311 -3.14159
0000001000 0.0437012 0
0000001001 0.0360107 0
0000001010 0.0249634 -3.14159
0000001011 0.0224457 -3.14159
0000001100 0.0180511 0
0000001101 0.000239372 0
0000001110 0.0162048 0
0000001111 0.00598907 -3.14159
0000010000 0.0116653 0
0000010001 0.0397949 0
0000010010 0.0392456 -3.14159
0000010011 0.0345764 -3.14159
0000010100 0.0235748 -3.14159
0000010101 0.0516968 -3.14159
0000010110 0.0354919 -3.14159
0000010111 0.0035305 0
0000011000 0.0217133 -3.14159
0000011001 0.0143356 0
0000011010 0.0216675 0
0000011011 0.0518799 0
0000011100 0.0256958 0
0000011101 0.00441742 -3.14159
0000011110 0.0471497 -3.14159
0000011111 0.0656738 0
0000100000 0.0809937 -3.14159
0000100001 0.0100632 -3.14159
0000100010 0.0748901 -3.14159
0000100011 0.0261688 0
0000100100 0.0247803 -3.14159
0000100101 0.0244904 0
0000100110 0.026886 0
0000100111 0.00295448 0
0000101000 0.0234528 0
0000101001 0.0515137 0
0000101010 0.0273132 -3.14159
0000101011 0.0657959 0
0000101100 0.00601196 0
0000101101 0.0273132 0
0000101110 0.0174561 -3.14159
0000101111 0.00671005 0
0000110000 0.0273743 0
0000110001 0.00748825 -3.14159
0000110010 0.0248871 0
0000110011 0.0167236 0
0000110100 0.0589905 -3.14159
0000110101 0.0174255 0
0000110110 0.0379333 0
0000110111 0.00672531 -3.14159
0000111000 0.0155716 0
0000111001 0.0495605 -3.14159
0000111010 0.00813293 0
0000111011 0.00361633 0
0000111100 0.0173492 -3.14159
0000111101 0.054718 0
0000111110 0.00105572 0
0000111111 0.0151978 -3.14159
0001000000 0.0131912 0
0001000001 0.0302887 -3.14159
0001000010 0.0134048 -3.14159
0001000011 0.00701523 -3.14159
0001000100 0.0331421 -3.14159
0001000101 0.0245056 0
0001000110 0.0128937 0
0001000111 0.0128403 0
0001001000 0.0722656 -3.14159
0001001001 0.00506973 -3.14159
0001001010 0.00222778 -3.14159
0001001011 0.0196838 -3.14159
0001001100 0.0153503 0
0001001101 0.0293121 -3.14159
0001001110 0.0255585 0
0001001111 0.0170898 0
0001010000 0.0220184 0
0001010001 0.0029583 -3.14159
0001010010 0.0725098 0
0001010011 0.00959015 -3.14159
0001010100 0.0273743 -3.14159
0001010101 0.00954437 0
0001010110 0.00509262 -3.14159
0001010111 0.0369568 -3.14159
0001011000 0.0775146 0
0001011001 0.0497742 0
0001011010 0.0011549 0
0001011011 0.0678101 -3.14159
0001011100 0.0385132 0
0001011101 0.00682449 0
0001011110 0.052887 -3.14159
0001011111 0.00400162 -3.14159
0001100000 0.0645752 -3.14159
0001100001 0.00919342 0
0001100010 0.0128708 -3.14159
0001100011 0.00505829 0
0001100100 0.0385132 0
0001100101 0.0271301 -3.14159
0001100110 0.0101318 0
0001100111 0.0997925 0
0001101000 0.0541992 0
0001101001 0.00767899 0
0001101010 0.00317955 -3.14159
0001101011 0.00574493 -3.14159
0001101100 0.0491333 -3.14159
0001101101 0.0268402 -3.14159
0001101110 0.0492859 0
0001101111 0.00500488 0
0001110000 0.0426025 -3.14159
0001110001 0.0140381 0
0001110010 0.0538635 -3.14159
0001110011 0.016449 0
0001110100 0.0368347 0
0001110101 0.0134201 -3.14159
0001110110 0.0219116 -3.14159
0001110111 0.0220337 -3.14159
0001111000 0.0242615 -3.14159
0001111001 0.0232849 -3.14159
0001111010 0.00891113 0
0001111011 0.037323 0
0001111100 0.00696945 -3.14159
0001111101 0.0446167 0
0001111110 0.00290108 -3.14159
0001111111 0.0289764 0
0010000000 0.00369072 0
0010000001 0.0408325 0
0010000010 0.0266876 -3.14159
0010000011 0.0385437 -3.14159
0010000100 0.00312996 -3.14159
0010000101 0.00933075 -3.14159
0010000110 0.0242615 -3.14159
0010000111 0.0487671 -3.14159
0010001000 0.00166035 0
0010001001 0.0185394 0
0010001010 0.00625229 0
0010001011 0.0237122 -3.14159
0010001100 0.0141373 -3.14159
0010001101 0.0620117 -3.14159
0010001110 0.0207367 0
0010001111 0.019043 -3.14159
0010010000 0.0853271 -3.14159
0010010001 0.017746 -3.14159
0010010010 0.0175323 -3.14159
0010010011 0.0255585 -3.14159
0010010100 0.0570068 -3.14159
0010010101 0.0312042 -3.14159
0010010110 0.00127983 -3.14159
0010010111 0.00856781 0
0010011000 0.00692749 -3.14159
0010011001 0.0146332 -3.14159
0010011010 0.0267487 0
0010011011 0.0424805 0
0010011100 0.033783 0
0010011101 0.0432129 0
0010011110 2.63453e-05 -3.14159
0010011111 0.0190277 0
0010100000 0.0289001 -3.14159
0010100001 0.00664902 0
0010100010 0.0457764 -3.14159
0010100011 0.0205383 -3.14159
0010100100 0.00234032 -3.14159
0010100101 0.000496387 0
0010100110 0.0546875 0
0010100111 0.0421143 0
0010101000 0.00315666 -3.14159
0010101001 0.00976562 -3.14159
0010101010 0.013298 -3.14159
0010101011 0.0222015 -3.14159
0010101100 0.0316772 -3.14159
0010101101 0.0814819 0
0010101110 0.00521088 0
0010101111 0.00449371 0
0010110000 0.0306396 -3.14159
0010110001 4.41074e-06 0
0010110010 0.0171051 0
0010110011 0.0176697 -3.14159
0010110100 0.0465698 0
0010110101 0.0108109 0
0010110110 0.027359 -3.14159
0010110111 0.0106583 -3.14159
0010111000 0.0271301 0
0010111001 0.0245361 -3.14159
0010111010 0.004673 -3.14159
0010111011 0.00926208 0
0010111100 0.0132904 -3.14159
0010111101 0.0193176 -3.14159
0010111110 0.0196075 0
0010111111 0.0116425 0
0011000000 0.00496674 0
0011000001 0.0370483 0
0011000010 0.0611572 0
0011000011 0.00694275 0
0011000100 0.00921631 0
0011000101 0.0214996 0
0011000110 0.00538635 0
0011000111 0.0148849 -3.14159
0011001000 0.0305328 0
0011001001 0.0189972 0
0011001010 0.0376587 0
0011001011 0.0445557 -3.14159
0011001100 0.0108109 0
0011001101 0.0396118 -3.14159
0011001110 0.0817261 0
0011001111 0.0173798 0
0011010000 0.0240631 -3.14159
0011010001 0.0027256 0
0011010010 0.0128708 -3.14159
0011010011 0.0245361 -3.14159
0011010100 0.0270386 -3.14159
0011010101 0.0421753 -3.14159
0011010110 0.00664902 -3.14159
0011010111 0.0127411 0
0011011000 0.0094986 0
0011011001 0.0040741 -3.14159
0011011010 0.01371 -3.14159
0011011011 0.0196991 -3.14159
0011011100 0.0049324 0
0011011101 0.0429993 -3.14159
0011011110 0.0198975 0
0011011111 0.0453796 0
0011100000 0.0409851 0
0011100001 0.00300217 0
0011100010 0.0105972 -3.14159
0011100011 0.0152283 0
0011100100 0.0163574 -3.14159
0011100101 0.0261688 0
0011100110 0.0201111 0
0011100111 0.0400696 0
0011101000 0.0166626 -3.14159
0011101001 0.00537491 0
0011101010 0.0188751 0
0011101011 0.0366821 0
0011101100 0.0129318 0
0011101101 0.00424576 -3.14159
0011101110 0.0466003 -3.14159
0011101111 0.0388794 -3.14159
0011110000 0.00236893 -3.14159
0011110001 0.0662231 0
0011110010 0.0167999 0
0011110011 0.0305786 0
0011110100 0.0103302 -3.14159
0011110101 0.0134735 0
0011110110 0.0557556 -3.14159
0011110111 0.0406799 0
0011111000 0.00168991 0
0011111001 0.0459595 -3.14159
0011111010 0.0133133 0
0011111011 0.0321655 -3.14159
0011111100 0.0240173 -3.14159
0011111101 0.0123367 -3.14159
0011111110 0.0250702 0
0011111111 0.00952911 -3.14159
0100000000 0.0346069 0
0100000001 0.00991821 -3.14159
0100000010 0.00396347 -3.14159
0100000011 0.00622559 0
0100000100 0.0713501 -3.14159
0100000101 0.0327454 0
0100000110 0.0438538 0
0100000111 0.0526428 -3.14159
0100001000 0.0351868 0
0100001001 0.0146713 0
0100001010 0.00734711 -3.14159
0100001011 0.0207214 -3.14159
0100001100 0.00184345 0
0100001101 0.0207825 -3.14159
0100001110 0.0100632 0
0100001111 0.00366592 0
0100010000 0.0262299 0
0100010001 0.078186 -3.14159
0100010010 0.000655174 0
0100010011 0.00836945 0
0100010100 0.0683594 -3.14159
0100010101 0.0548706 -3.14159
0100010110 0.0200043 0
0100010111 0.0453796 -3.14159
0100011000 0.00321579 -3.14159
0100011001 0.0422668 0
0100011010 0.0211945 -3.14159
0100011011 0.00727463 0
0100011100 0.0290985 -3.14159
0100011101 0.0278168 -3.14159
0100011110 0.0306549 0
0100011111 0.0183716 -3.14159
0100100000 0.00971222 -3.14159
0100100001 0.0340576 0
0100100010 0.00145817 -3.14159
0100100011 0.0340271 0
0100100100 0.00585556 0
0100100101 0.0397034 -3.14159
0100100110 0.100098 0
0100100111 0.0277252 -3.14159
0100101000 0.0414429 0
0100101001 0.0538635 -3.14159
0100101010 0.00594711 0
0100101011 0.0709839 0
0100101100 0.0431213 -3.14159
0100101101 0.0137482 0
0100101110 0.0497742 -3.14159
0100101111 0.0215912 0
0100110000 0.0508728 0
0100110001 0.00875092 0
0100110010 0.00271034 0
0100110011 0.0488281 -3.14159
0100110100 0.0352783 0
0100110101 0.00888062 0
0100110110 0.000867844 0
0100110111 0.0371399 0
0100111000 0.00763321 -3.14159
0100111001 0.0390625 0
0100111010 0.0115891 0
0100111011 0.00269127 -3.14159
0100111100 0.01548 0
0100111101 0.0340881 0
0100111110 0.0143051 0
0100111111 0.00656891 -3.14159
0101000000 0.01651 0
0101000001 0.0259247 -3.14159
0101000010 0.0548706 -3.14159
0101000011 0.0279999 -3.14159
0101000100 0.0135269 0
0101000101 0.0400696 0
0101000110 0.0266266 0
0101000111 0.0335693 0
0101001000 0.0166016 -3.14159
0101001001 0.0535583 -3.14159
0101001010 0.00775146 0
0101001011 0.019516 0
0101001100 0.00830078 -3.14159
0101001101 0.00194263 0
0101001110 0.0112 -3.14159
0101001111 0.0434265 0
0101010000 0.00769806 0
0101010001 0.00612259 0
0101010010 0.0207367 -3.14159
0101010011 0.00511551 0
0101010100 0.0266876 -3.14159
0101010101 0.0253754 0
0101010110 0.0342102 -3.14159
0101010111 0.028656 0
0101011000 0.0256805 0
0101011001 0.00816345 0
0101011010 0.0402527 0
0101011011 0.00463867 -3.14159
0101011100 0.0462952 0
0101011101 0.000558853 -3.14159
0101011110 0.035553 -3.14159
0101011111 0.000168443 -3.14159
0101100000 0.0392151 -3.14159
0101100001 0.02388 -3.14159
0101100010 0.00278282 0
0101100011 0.0271606 -3.14159
0101100100 0.0413818 -3.14159
0101100101 0.00197792 0
0101100110 0.0360107 -3.14159
0101100111 0.0237732 0
0101101000 0.00666046 -3.14159
0101101001 0.0325928 -3.14159
0101101010 0.0613098 -3.14159
0101101011 0.00765991 -3.14159
0101101100 0.0243225 0
0101101101 0.033905 0
0101101110 0.0185089 -3.14159
0101101111 0.0170288 -3.14159
0101110000 0.0520935 0
0101110001 0.0275879 -3.14159
0101110010 0.0656738 -3.14159
0101110011 0.0283051 0
0101110100 0.0024929 0
0101110101 0.0176239 -3.14159
0101110110 0.0294495 -3.14159
0101110111 0.00121212 -3.14159
0101111000 0.0483398 -3.14159
0101111001 0.0104675 0
0101111010 0.00277901 0
0101111011 0.016098 -3.14159
0101111100 0.0318909 0
0101111101 0.00295639 -3.14159
0101111110 0.0325928 0
0101111111 0.0218964 0
0110000000 0.0395813 -3.14159
0110000001 0.0015707 -3.14159
0110000010 0.00806427 0
0110000011 0.0217438 0
0110000100 0.0127411 -3.14159
0110000101 0.00504303 -3.14159
0110000110 0.0109863 0
0110000111 0.0612183 -3.14159
0110001000 0.00178146 0
0110001001 0.022522 0
0110001010 0.026001 0
0110001011 0.0513306 -3.14159
0110001100 0.0382996 0
0110001101 0.0541382 -3.14159
0110001110 0.043335 0
0110001111 0.032074 0
0110010000 0.0349426 0
0110010001 0.0126266 -3.14159
0110010010 0.0299835 0
0110010011 0.019165 0
0110010100 0.0219727 -3.14159
0110010101 0.0630493 -3.14159
0110010110 0.0266571 0
0110010111 0.0113831 -3.14159
0110011000 0.030426 -3.14159
0110011001 0.114746 -3.14159
0110011010 0.0126038 0
0110011011 0.00663376 0
0110011100 6.53863e-05 -3.14159
0110011101 0.0328674 -3.14159
0110011110 0.0279999 -3.14159
0110011111 0.0142288 0
0110100000 0.00963593 0
0110100001 0.0216064 -3.14159
0110100010 0.022583 0
0110100011 0.0287933 0
0110100100 0.0021553 0
0110100101 0.0845337 0
0110100110 0.00978851 -3.14159
0110100111 0.0602417 0
0110101000 0.0171661 -3.14159
0110101001 0.0191345 0
0110101010 0.0251007 0
0110101011 0.0369568 0
0110101100 0.059967 -3.14159
0110101101 0.012207 0
0110101110 0.0395813 0
0110101111 0.0170593 -3.14159
0110110000 0.0116959 0
0110110001 0.0495911 0
0110110010 0.0198059 0
0110110011 0.0335388 0
0110110100 0.011322 -3.14159
0110110101 0.0516052 0
0110110110 0.0419312 0
0110110111 0.0628052 -3.14159
0110111000 0.0471497 -3.14159
0110111001 0.0277557 0
0110111010 0.0318604 -3.14159
0110111011 0.100342 0
0110111100 0.0402527 -3.14159
0110111101 0.0476685 -3.14159
0110111110 0.00486755 0
0110111111 0.0232239 0
0111000000 0.0138092 0
0111000001 0.0189819 -3.14159
0111000010 0.0353394 0
0111000011 0.0386963 -3.14159
0111000100 0.00823212 -3.14159
0111000101 0.069397 -3.14159
0111000110 0.00446701 0
0111000111 0.0358276 -3.14159
0111001000 0.000353336 0
0111001001 0.00972748 -3.14159
0111001010 0.0176544 0
0111001011 0.0271912 0
0111001100 0.0159454 -3.14159
0111001101 0.0540161 -3.14159
0111001110 0.00292015 0
0111001111 0.00383949 -3.14159
0111010000 0.0279388 -3.14159
0111010001 0.0162354 -3.14159
0111010010 0.0358276 0
0111010011 0.0377502 0
0111010100 0.0250244 -3.14159
0111010101 0.00107002 -3.14159
0111010110 0.0629272 0
0111010111 0.00668716 -3.14159
0111011000 0.0205078 -3.14159
0111011001 0.0233459 -3.14159
0111011010 0.0289764 0
0111011011 0.011734 -3.14159
0111011100 0.0267181 0
0111011101 0.000715256 -3.14159
0111011110 0.0578308 -3.14159
0111011111 0.0128479 -3.14159
0111100000 0.0188141 0
0111100001 0.00438309 -3.14159
0111100010 0.0042038 0
0111100011 0.027298 -3.14159
0111100100 0.00145912 -3.14159
0111100101 0.032959 0
0111100110 0.0241699 -3.14159
0111100111 0.0120621 -3.14159
0111101000 0.0403748 -3.14159
0111101001 0.0185699 0
0111101010 0.00387573 0
0111101011 0.017746 -3.14159
0111101100 0.0127258 -3.14159
0111101101 0.0449219 -3.14159
0111101110 0.0335999 0
0111101111 0.0464783 0
0111110000 0.00182533 0
0111110001 0.0121002 0
0111110010 0.0479126 -3.14159
0111110011 0.0141296 0
0111110100 0.00906372 -3.14159
0111110101 0.00246048 -3.14159
0111110110 0.0227966 -3.14159
0111110111 0.00985718 0
0111111000 0.00528717 -3.14159
0111111001 0.041626 0
0111111010 0.0688477 -3.14159
0111111011 0.0285492 -3.14159
0111111100 0.00727463 -3.14159
0111111101 0.0294037 0
0111111110 0.00566864 -3.14159
0111111111 0.00618362 0
1000000000 0.00701523 0
1000000001 0.000253916 0
1000000010 0.00307083 -3.14159
1000000011 0.0207672 0
1000000100 0.0317993 0
1000000101 0.0090332 -3.14159
1000000110 0.0229187 -3.14159
1000000111 0.00919342 -3.14159
1000001000 0.0116959 -3.14159
1000001001 0.00807953 0
1000001010 0.0261078 -3.14159
1000001011 0.016037 -3.14159
1000001100 0.0426331 -3.14159
1000001101 0.0185242 -3.14159
1000001110 0.015213 0
1000001111 0.0190582 -3.14159
1000010000 0.00952911 -3.14159
1000010001 0.0121765 0
1000010010 0.0109787 -3.14159
1000010011 0.0179596 -3.14159
1000010100 0.0316772 0
1000010101 0.0170135 -3.14159
1000010110 0.0335083 0
1000010111 0.0310059 0
1000011000 0.0211945 0
1000011001 0.0623474 -3.14159
1000011010 0.052002 0
1000011011 0.00429153 -3.14159
1000011100 0.0331421 0
1000011101 0.0411987 0
1000011110 0.00469208 0
1000011111 0.00486755 -3.14159
1000100000 0.00439835 -3.14159
1000100001 0.0316162 0
1000100010 0.0135956 -3.14159
1000100011 0.0131302 0
1000100100 0.0351562 -3.14159
1000100101 0.0164185 -3.14159
1000100110 0.0375061 -3.14159
1000100111 0.0285492 -3.14159
1000101000 0.00780869 0
1000101001 0.043335 0
1000101010 0.00676346 0
1000101011 0.0102615 -3.14159
1000101100 0.0258179 -3.14159
1000101101 0.0591125 -3.14159
1000101110 0.0395203 -3.14159
1000101111 0.0234528 -3.14159
1000110000 0.0327454 -3.14159
1000110001 0.00933838 0
1000110010 0.0172729 0
1000110011 0.00587845 0
1000110100 0.0116806 -3.14159
1000110101 0.0113068 0
1000110110 0.00371361 0
1000110111 0.00039959 0
1000111000 0.0588074 -3.14159
1000111001 0.0122833 0
1000111010 0.00408554 0
1000111011 0.00469589 -3.14159
1000111100 0.00244141 -3.14159
1000111101 0.0282745 0
1000111110 0.00471878 -3.14159
1000111111 0.0019083 -3.14159
1001000000 0.0167542 -3.14159
1001000001 0.0299377 -3.14159
1001000010 0.0139465 0
1001000011 0.00155926 -3.14159
1001000100 0.00189686 0
1001000101 0.00606537 -3.14159
1001000110 0.00257111 -3.14159
1001000111 0.0257263 -3.14159
1001001000 0.0382385 0
1001001001 0.0086441 -3.14159
1001001010 0.0237579 0
1001001011 0.0249023 0
1001001100 0.0409546 0
1001001101 0.0127869 -3.14159
1001001110 0.0135193 0
1001001111 0.0256805 -3.14159
1001010000 0.0338745 0
1001010001 0.0366516 0
1001010010 0.0446472 -3.14159
1001010011 0.0341492 -3.14159
1001010100 0.0198364 -3.14159
1001010101 0.0012207 -3.14159
1001010110 0.00479507 0
1001010111 0.0225677 0
1001011000 0.0276642 -3.14159
1001011001 0.0102615 0
1001011010 0.00733566 0
1001011011 0.0122681 -3.14159
1001011100 0.018692 -3.14159
1001011101 0.0166016 0
1001011110 0.0222626 0
1001011111 0.00179291 0
1001100000 5.13792e-05 -3.14159
1001100001 0.0213165 0
1001100010 0.0213165 -3.14159
1001100011 0.0220184 0
1001100100 0.0395813 -3.14159
1001100101 0.0169067 0
1001100110 0.00823975 0
1001100111 0.0936279 0
1001101000 0.00670242 -3.14159
1001101001 0.0430603 -3.14159
1001101010 0.0291748 0
1001101011 0.00308228 -3.14159
1001101100 6.54459e-05 -3.14159
1001101101 0.0523376 0
1001101110 0.00544357 -3.14159
1001101111 0.0441895 0
1001110000 0.0154724 0
1001110001 0.0241089 -3.14159
1001110010 0.00619888 0
1001110011 0.0355225 0
1001110100 0.0470581 -3.14159
1001110101 0.0385742 0
1001110110 0.0317078 0
1001110111 0.00206947 -3.14159
1001111000 0.013031 0
1001111001 0.00179195 -3.14159
1001111010 0.000366449 0
1001111011 0.010498 -3.14159
1001111100 0.00810242 -3.14159
1001111101 0.00284386 0
1001111110 0.0214844 -3.14159
1001111111 0.0203247 -3.14159
1010000000 0.0125961 -3.14159
1010000001 0.013649 -3.14159
1010000010 0.0383911 -3.14159
1010000011 0.033844 -3.14159
1010000100 0.0125961 -3.14159
1010000101 0.0418701 0
1010000110 0.0575867 0
1010000111 0.03302 -3.14159
1010001000 0.0406189 -3.14159
1010001001 0.0525818 0
1010001010 0.0412292 -3.14159
1010001011 0.0158081 0
1010001100 0.024765 0
1010001101 0.0226135 0
1010001110 0.0418396 -3.14159
1010001111 0.00299072 -3.14159
1010010000 0.0085144 0
1010010001 0.0426636 -3.14159
1010010010 0.0436707 -3.14159
1010010011 0.0415039 -3.14159
1010010100 0.0232391 -3.14159
1010010101 0.00605011 -3.14159
1010010110 0.0305481 -3.14159
1010010111 0.0345764 0
1010011000 0.00432968 0
1010011001 0.0350647 0
1010011010 0.0206299 -3.14159
1010011011 0.0143051 -3.14159
1010011100 0.00253868 0
1010011101 0.0213928 0
1010011110 0.0507812 0
1010011111 0.00714874 0
1010100000 0.00139999 -3.14159
1010100001 0.00612259 -3.14159
1010100010 0.00928497 -3.14159
1010100011 0.00930786 -3.14159
1010100100 0.0263519 -3.14159
1010100101 0.0263519 0
1010100110 0.000690937 -3.14159
1010100111 0.0341492 0
1010101000 0.027832 -3.14159
1010101001 0.0338135 0
1010101010 0.00932312 0
1010101011 0.119812 0
1010101100 0.0121918 0
1010101101 0.00212479 0
1010101110 0.00442886 0
1010101111 0.00746536 -3.14159
1010110000 0.0472717 0
1010110001 0.0436707 -3.14159
1010110010 0.0157928 -3.14159
1010110011 0.020462 0
1010110100 0.00522995 0
1010110101 0.0128021 0
1010110110 0.0232697 -3.14159
1010110111 0.0253143 -3.14159
1010111000 0.0217133 -3.14159
1010111001 0.0291595 0
1010111010 0.0309601 -3.14159
1010111011 0.00592804 -3.14159
1010111100 0.026123 -3.14159
1010111101 0.0552063 0
1010111110 0.0144348 -3.14159
1010111111 0.0157166 -3.14159
1011000000 0.0223389 0
1011000001 0.0155411 -3.14159
1011000010 0.0283966 0
1011000011 0.0114365 0
1011000100 0.0337219 0
1011000101 0.0193024 0
1011000110 0.0041008 0
1011000111 0.0129395 0
1011001000 0.0610657 -3.14159
1011001001 0.0238647 0
1011001010 0.00413513 -3.14159
1011001011 2.8193e-05 0
1011001100 0.0241699 0
1011001101 0.0156403 0
1011001110 0.0352478 -3.14159
1011001111 0.00715637 0
1011010000 0.0166321 -3.14159
1011010001 0.0347595 -3.14159
1011010010 0.0114441 0
1011010011 0.0192871 -3.14159
1011010100 0.0177612 0
1011010101 0.061676 -3.14159
1011010110 0.0149689 -3.14159
1011010111 0.0213318 -3.14159
1011011000 0.00237274 -3.14159
1011011001 0.034668 0
1011011010 0.0128021 0
1011011011 0.00316048 -3.14159
1011011100 0.0163116 -3.14159
1011011101 0.0374451 0
1011011110 0.0343933 -3.14159
1011011111 0.052063 -3.14159
1011100000 0.0311737 0
1011100001 0.018158 0
1011100010 0.0143738 -3.14159
1011100011 0.0718994 0
1011100100 0.0266876 0
1011100101 0.0270691 0
1011100110 0.017868 0
1011100111 0.0170898 0
1011101000 0.0223999 0
1011101001 0.0235138 -3.14159
1011101010 0.00525665 0
1011101011 0.0146637 -3.14159
1011101100 0.0252228 0
1011101101 0.000757694 0
1011101110 0.0599976 0
1011101111 0.111877 0
1011110000 0.0180359 0
1011110001 0.00987244 -3.14159
1011110010 0.024704 0
1011110011 0.0119171 -3.14159
1011110100 0.0180359 -3.14159
1011110101 0.0181427 0
1011110110 0.0523376 -3.14159
1011110111 0.00798035 -3.14159
1011111000 0.00800323 0
1011111001 0.04422 -3.14159
1011111010 0.0193176 -3.14159
1011111011 0.00309944 0
1011111100 0.0482788 0
1011111101 0.0336304 0
1011111110 0.0523376 0
1011111111 0.0223083 0
1100000000 0.0292816 -3.14159
1100000001 0.0332642 0
1100000010 0.00576019 -3.14159
1100000011 0.0146637 0
1100000100 0.0312042 -3.14159
1100000101 0.00304604 -3.14159
1100000110 0.0253754 0
1100000111 0.0232697 0
1100001000 0.0200043 0
1100001001 0.0215454 0
1100001010 0.0160065 0
1100001011 0.0388184 0
1100001100 0.0148544 -3.14159
1100001101 0.00265694 0
1100001110 0.02771 0
1100001111 0.0200043 0
1100010000 0.0518188 0
1100010001 0.00354195 0
1100010010 0.00846863 -3.14159
1100010011 0.0406189 -3.14159
1100010100 0.0109558 0
1100010101 0.0329895 -3.14159
1100010110 0.0037632 -3.14159
1100010111 0.067688 0
1100011000 0.0335693 -3.14159
1100011001 0.0285339 -3.14159
1100011010 0.000789165 0
1100011011 0.0333862 0
1100011100 0.0126343 -3.14159
1100011101 0.00685501 0
1100011110 0.00133324 -3.14159
1100011111 0.027359 -3.14159
1100100000 0.0447693 0
1100100001 0.0244446 -3.14159
1100100010 0.0201416 0
1100100011 0.0161743 0
1100100100 0.0252533 0
1100100101 0.0454102 -3.14159
1100100110 0.00922394 -3.14159
1100100111 0.000885487 0
1100101000 0.0321655 -3.14159
1100101001 0.033844 0
1100101010 0.00645447 0
1100101011 0.0675049 0
1100101100 0.02771 -3.14159
1100101101 0.0389709 -3.14159
1100101110 0.0891113 0
1100101111 0.0132828 0
1100110000 0.000243783 -3.14159
1100110001 0.0206451 -3.14159
1100110010 0.0284882 0
1100110011 0.0220184 -3.14159
1100110100 0.000962257 -3.14159
1100110101 0.0349426 -3.14159
1100110110 0.033783 0
1100110111 0.000892639 -3.14159
1100111000 0.00644684 -3.14159
1100111001 0.0108719 0
1100111010 0.00841522 -3.14159
1100111011 0.0446167 -3.14159
1100111100 0.0379028 -3.14159
1100111101 0.0322876 -3.14159
1100111110 0.040802 -3.14159
1100111111 0.0307312 -3.14159
1101000000 0.0541382 0
1101000001 0.0171967 -3.14159
1101000010 0.00545883 0
1101000011 0.0130844 -3.14159
1101000100 0.059021 0
1101000101 0.0732422 0
1101000110 0.0264587 0
1101000111 0.00337219 -3.14159
1101001000 0.0175934 0
1101001001 0.000675678 0
1101001010 0.014267 -3.14159
1101001011 0.031311 0
1101001100 0.00620651 0
1101001101 0.00936127 0
1101001110 0.00311279 0
1101001111 0.0050087 -3.14159
1101010000 0.022522 0
1101010001 0.00382423 0
1101010010 0.0181732 0
1101010011 0.0643311 0
1101010100 0.00818634 0
1101010101 0.00628662 -3.14159
1101010110 0.0136185 0
1101010111 0.035675 0
1101011000 0.00763321 0
1101011001 0.0308685 0
1101011010 0.0324097 0
1101011011 0.0017252 0
1101011100 0.0178375 0
1101011101 0.0125198 0
1101011110 0.023819 -3.14159
1101011111 0.0461121 -3.14159
1101100000 0.00161171 -3.14159
1101100001 0.0167542 -3.14159
1101100010 0.0128632 -3.14159
1101100011 0.0488892 0
1101100100 0.0328979 -3.14159
1101100101 0.0748291 -3.14159
1101100110 0.0306702 -3.14159
1101100111 0.0247955 0
1101101000 0.055542 0
1101101001 0.0244446 0
1101101010 0.0478821 0
1101101011 0.0122528 0
1101101100 0.0181274 -3.14159
1101101101 0.00870514 0
1101101110 0.0186615 0
1101101111 0.0662842 -3.14159
1101110000 0.0341187 -3.14159
1101110001 0.0491333 0
1101110010 0.00283051 0
1101110011 0.0342712 -3.14159
1101110100 0.0263214 -3.14159
1101110101 0.0144348 0
1101110110 0.0151138 -3.14159
1101110111 0.052063 -3.14159
1101111000 0.0328369 -3.14159
1101111001 0.00959778 -3.14159
1101111010 0.00745392 -3.14159
1101111011 0.0219727 -3.14159
1101111100 0.0558167 0
1101111101 0.0201263 -3.14159
1101111110 0.0180359 0
1101111111 0.0163574 -3.14159
1110000000 0.00449371 0
1110000001 0.00784302 0
1110000010 0.0794678 0
1110000011 0.00131035 -3.14159
1110000100 0.0306091 -3.14159
1110000101 0.0107193 0
1110000110 0.0124283 -3.14159
1110000111 0.038147 0
1110001000 0.001091 0
1110001001 0.0123978 -3.14159
1110001010 0.0106812 0
1110001011 0.00468445 0
1110001100 0.011734 -3.14159
1110001101 0.0667114 0
1110001110 0.0316772 0
1110001111 0.00933838 0
1110010000 0.0501404 -3.14159
1110010001 0.0209351 0
1110010010 0.00899506 -3.14159
1110010011 0.0234222 0
1110010100 0.0605469 -3.14159
1110010101 0.0400696 -3.14159
1110010110 0.0596008 0
1110010111 0.00704575 -3.14159
1110011000 0.00172997 -3.14159
1110011001 0.0212555 -3.14159
1110011010 0.0386353 0
1110011011 0.0437012 -3.14159
1110011100 0.0212402 0
1110011101 0.00868988 -3.14159
1110011110 0.030838 -3.14159
1110011111 0.0555725 0
1110100000 0.0323181 0
1110100001 0.0096817 0
1110100010 0.0534973 -3.14159
1110100011 0.00653839 -3.14159
1110100100 0.0162964 0
1110100101 0.0319824 0
1110100110 0.0172272 -3.14159
1110100111 0.0176697 0
1110101000 0.0116959 -3.14159
1110101001 0.00946808 0
1110101010 0.00749969 0
1110101011 0.0139771 0
1110101100 0.013298 0
1110101101 0.0253754 0
1110101110 0.0212097 0
1110101111 0.00689697 -3.14159
1110110000 0.0104752 0
1110110001 0.0249634 -3.14159
1110110010 0.0151367 -3.14159
1110110011 0.074646 -3.14159
1110110100 0.0292358 0
1110110101 0.0452271 -3.14159
1110110110 0.0441589 0
1110110111 0.00608826 -3.14159
1110111000 0.0107422 -3.14159
1110111001 0.101135 -3.14159
1110111010 0.00230408 0
1110111011 0.0119171 -3.14159
1110111100 0.0187073 -3.14159
1110111101 0.0288544 0
1110111110 0.0253754 -3.14159
1110111111 0.0354004 -3.14159
1111000000 0.0111694 0
1111000001 0.020401 -3.14159
1111000010 0.0187378 0
1111000011 0.0211487 -3.14159
1111000100 0.0234528 -3.14159
1111000101 0.0264435 -3.14159
1111000110 0.0272217 0
1111000111 0.00204849 -3.14159
1111001000 0.0150757 -3.14159
1111001001 0.0149765 0
1111001010 0.0019455 -3.14159
1111001011 0.0439758 0
1111001100 0.00667953 -3.14159
1111001101 0.0427856 -3.14159
1111001110 0.00370216 0
1111001111 0.0890503 0
1111010000 0.012352 -3.14159
1111010001 0.0270081 -3.14159
1111010010 0.00728607 0
1111010011 0.00673676 0
1111010100 0.0110703 0
1111010101 0.0125732 0
1111010110 0.0207825 0
1111010111 0.0055542 -3.14159
1111011000 0.0496521 0
1111011001 0.0242462 -3.14159
1111011010 0.0474243 -3.14159
1111011011 0.0019989 0
1111011100 0.0158234 -3.14159
1111011101 0.0319214 -3.14159
1111011110 0.00704956 -3.14159
1111011111 0.0332336 -3.14159
1111100000 0.0127411 0
1111100001 0.0126038 -3.14159
1111100010 0.0114746 0
1111100011 0.0827637 -3.14159
1111100100 0.0378113 0
1111100101 0.0384521 -3.14159
1111100110 0.0357056 0
1111100111 0.000323772 -3.14159
1111101000 0.00151443 -3.14159
1111101001 0.00326538 0
1111101010 0.0374146 -3.14159
1111101011 0.0472717 -3.14159
1111101100 0.085083 0
1111101101 0.038269 -3.14159
1111101110 0.0355835 0
1111101111 0.057312 0
1111110000 0.0319824 -3.14159
1111110001 0.0700073 0
1111110010 0.00832367 -3.14159
1111110011 0.0368042 -3.14159
1111110100 0.0515747 -3.14159
1111110101 0.0156403 0
1111110110 0.0388184 -3.14159
1111110111 0.0187531 0
1111111000 0.011322 -3.14159
1111111001 0.0592957 -3.14159
1111111010 0.01828 -3.14159
1111111011 0.017395 -3.14159
1111111100 0.0127869 0
1111111101 0.0125351 0
1111111110 0.0476685 0
1111111111 0.0137711 0
