0000000000 0.0265808 -3.14159
0000000001 0.0243225 0
0000000010 0.0332947 0
0000000011 0.00835419 -3.14159
0000000100 0.0412292 -3.14159
0000000101 0.00931549 0
0000000110 0.0221252 -3.14159
0000000111 0.0621338 -3.14159
0000001000 0.0487061 0
0000001001 0.0236511 0
0000001010 0.00133419 0
0000001011 0.015625 -3.14159
0000001100 0.00881195 0
0000001101 0.0026989 -3.14159
0000001110 0.0260925 0
0000001111 0.00305176 -3.14159
0000010000 0.0249634 0
0000010001 0.0126038 0
0000010010 0.0600281 -3.14159
0000010011 0.030838 -3.14159
0000010100 0.0120163 -3.14159
0000010101 0.0685425 -3.14159
0000010110 0.0525818 -3.14159
0000010111 0.021225 -3.14159
0000011000 0.0270691 -3.14159
0000011001 0.024826 0
0000011010 0.0197906 0
0000011011 0.0462646 0
0000011100 0.0121155 0
0000011101 0.00653076 -3.14159
0000011110 0.055542 -3.14159
0000011111 0.0449829 0
0000100000 0.0823364 -3.14159
0000100001 0.0179901 -3.14159
0000100010 0.0740356 -3.14159
0000100011 0.0157928 0
0000100100 0.00749207 -3.14159
0000100101 0.0474854 0
0000100110 0.0415039 0
0000100111 0.000764847 -3.14159
0000101000 0.0279083 0
0000101001 0.0481567 0
0000101010 0.0434265 -3.14159
0000101011 0.0836792 0
0000101100 0.0134811 0
0000101101 0.0361023 0
0000101110 0.00301743 0
0000101111 0.00498199 0
0000110000 0.0408325 0
0000110001 0.00413513 0
0000110010 0.0317993 0
0000110011 0.00832367 -3.14159
0000110100 0.0529785 -3.14159
0000110101 0.00687027 0
0000110110 0.029953 0
0000110111 0.0068512 -3.14159
0000111000 0.00386047 -3.14159
0000111001 0.0472107 -3.14159
0000111010 0.00330353 -3.14159
0000111011 0.0139847 -3.14159
0000111100 0.0135956 -3.14159
0000111101 0.0402527 0
0000111110 0.00259018 0
0000111111 0.000722408 0
0001000000 0.0074501 -3.14159
0001000001 0.0229492 -3.14159
0001000010 0.0283813 -3.14159
0001000011 0.00154114 -3.14159
0001000100 0.00263023 -3.14159
0001000101 0.0114975 0
0001000110 0.0115967 -3.14159
0001000111 0.00246048 -3.14159
0001001000 0.0669556 -3.14159
0001001001 0.0145569 -3.14159
0001001010 0.0120239 -3.14159
0001001011 0.01548 -3.14159
0001001100 0.0172577 0
0001001101 0.0452271 -3.14159
0001001110 0.0241089 0
0001001111 0.0138321 0
0001010000 0.0266113 0
0001010001 0.0137405 -3.14159
0001010010 0.0705566 0
0001010011 0.00585175 -3.14159
0001010100 0.0218201 -3.14159
0001010101 0.0176239 0
0001010110 0.00261497 -3.14159
0001010111 0.0300446 -3.14159
0001011000 0.0283051 0
0001011001 0.0545349 0
0001011010 0.00904083 -3.14159
0001011011 0.0866699 -3.14159
0001011100 0.0185699 0
0001011101 0.0103073 0
0001011110 0.0267792 -3.14159
0001011111 0.0168152 -3.14159
0001100000 0.0933838 -3.14159
0001100001 0.0057373 -3.14159
0001100010 0.018692 -3.14159
0001100011 0.0163116 0
0001100100 0.0446167 0
0001100101 0.00840759 -3.14159
0001100110 0.00833893 0
0001100111 0.11261 0
0001101000 0.0410156 0
0001101001 0.043335 -3.14159
0001101010 0.000865459 -3.14159
0001101011 0.0325623 -3.14159
0001101100 0.043335 -3.14159
0001101101 0.0145798 0
0001101110 0.0501099 0
0001101111 0.0295868 -3.14159
0001110000 0.0529175 -3.14159
0001110001 0.0292969 0
0001110010 0.04245 -3.14159
0001110011 0.021637 0
0001110100 0.0126801 0
0001110101 0.0213318 -3.14159
0001110110 0.0377197 -3.14159
0001110111 0.0186768 -3.14159
0001111000 0.0296783 -3.14159
0001111001 0.0357666 -3.14159
0001111010 0.00537872 0
0001111011 0.0198059 0
0001111100 0.0158234 -3.14159
0001111101 0.0256348 0
0001111110 0.00582123 0
0001111111 0.0101395 0
0010000000 0.00341988 -3.14159
0010000001 0.00582886 0
0010000010 0.0126495 -3.14159
0010000011 0.0254211 -3.14159
0010000100 0.00286674 0
0010000101 0.0102539 0
0010000110 0.00965118 -3.14159
0010000111 0.0381775 -3.14159
0010001000 0.0227051 -3.14159
0010001001 0.0204468 -3.14159
0010001010 0.0165558 -3.14159
0010001011 0.034729 -3.14159
0010001100 0.0099411 0
0010001101 0.0279083 -3.14159
0010001110 0.0278778 0
0010001111 0.0158081 -3.14159
0010010000 0.0931396 -3.14159
0010010001 0.0426636 -3.14159
0010010010 0.0318604 -3.14159
0010010011 0.0277557 -3.14159
0010010100 0.050415 -3.14159
0010010101 0.0383606 -3.14159
0010010110 0.0172882 -3.14159
0010010111 0.0143967 0
0010011000 0.00689316 -3.14159
0010011001 0.0128021 -3.14159
0010011010 0.0184937 0
0010011011 0.0506592 0
0010011100 0.0480652 0
0010011101 0.0325012 0
0010011110 0.0070076 0
0010011111 0.0152817 -3.14159
0010100000 0.0175934 -3.14159
0010100001 0.0183716 -3.14159
0010100010 0.0689087 -3.14159
0010100011 0.00818634 -3.14159
0010100100 0.0125046 -3.14159
0010100101 0.0126877 0
0010100110 0.0560608 0
0010100111 0.0745239 0
0010101000 0.0150146 0
0010101001 0.00565338 -3.14159
0010101010 0.00140285 -3.14159
0010101011 0.0215454 -3.14159
0010101100 0.0292969 -3.14159
0010101101 0.0693359 0
0010101110 0.00114346 -3.14159
0010101111 0.00926971 -3.14159
0010110000 0.00688171 -3.14159
0010110001 0.00223732 -3.14159
0010110010 0.0201569 0
0010110011 0.00455093 -3.14159
0010110100 0.0286255 0
0010110101 0.00695419 0
0010110110 0.00625229 -3.14159
0010110111 0.0144958 -3.14159
0010111000 0.0521851 0
0010111001 0.00642014 -3.14159
0010111010 0.0300446 -3.14159
0010111011 0.0246887 0
0010111100 0.0183868 -3.14159
0010111101 0.0181885 -3.14159
0010111110 0.00439453 0
0010111111 0.00408936 -3.14159
0011000000 0.0168457 0
0011000001 0.0350647 0
0011000010 0.0419312 0
0011000011 0.0491638 0
0011000100 0.00910187 0
0011000101 0.0180511 0
0011000110 0.0163422 -3.14159
0011000111 0.0207977 0
0011001000 0.0335083 0
0011001001 0.0230103 0
0011001010 0.051239 0
0011001011 0.0328369 -3.14159
0011001100 0.0151596 0
0011001101 0.0330505 -3.14159
0011001110 0.0834351 0
0011001111 0.0153198 0
0011010000 0.00683212 0
0011010001 0.00143814 0
0011010010 0.0129547 -3.14159
0011010011 0.0181427 -3.14159
0011010100 0.0204926 -3.14159
0011010101 0.039093 -3.14159
0011010110 0.017334 -3.14159
0011010111 0.0279999 0
0011011000 0.0111008 0
0011011001 0.0262299 0
0011011010 0.0106812 -3.14159
0011011011 0.0202179 -3.14159
0011011100 0.0364685 0
0011011101 0.00933075 -3.14159
0011011110 0.00576019 0
0011011111 0.0628052 0
0011100000 0.0388489 0
0011100001 0.0123901 0
0011100010 0.00196266 0
0011100011 0.00814056 -3.14159
0011100100 0.00323486 0
0011100101 0.0193024 0
0011100110 0.0238647 0
0011100111 0.0334167 0
0011101000 0.0311737 -3.14159
0011101001 0.0217285 -3.14159
0011101010 0.039917 0
0011101011 0.0524902 0
0011101100 0.00823212 0
0011101101 0.0125046 -3.14159
0011101110 0.0138855 -3.14159
0011101111 0.0137253 -3.14159
0011110000 0.00834656 0
0011110001 0.0662231 0
0011110010 0.00466156 0
0011110011 0.0189056 0
0011110100 0.0288849 -3.14159
0011110101 0.0306396 0
0011110110 0.0617676 -3.14159
0011110111 0.0163727 0
0011111000 0.00966644 0
0011111001 0.0301514 -3.14159
0011111010 0.00445938 -3.14159
0011111011 0.0675049 -3.14159
0011111100 0.0388489 -3.14159
0011111101 0.0271454 -3.14159
0011111110 0.0183258 0
0011111111 0.00891876 -3.14159
0100000000 0.0106125 -3.14159
0100000001 0.0318909 -3.14159
0100000010 0.0091629 -3.14159
0100000011 0.0117798 0
0100000100 0.0514832 -3.14159
0100000101 0.0248413 0
0100000110 0.0459595 0
0100000111 0.0425415 -3.14159
0100001000 0.00434113 0
0100001001 0.00962067 0
0100001010 0.0341797 -3.14159
0100001011 0.000584602 -3.14159
0100001100 0.022934 -3.14159
0100001101 0.0475769 -3.14159
0100001110 0.00128841 0
0100001111 0.00826263 0
0100010000 0.026474 0
0100010001 0.0762329 -3.14159
0100010010 0.0161285 0
0100010011 0.0164948 0
0100010100 0.0878906 -3.14159
0100010101 0.0475769 -3.14159
0100010110 0.0162354 0
0100010111 0.0311127 -3.14159
0100011000 0.0180359 -3.14159
0100011001 0.0128174 0
0100011010 0.0299225 -3.14159
0100011011 0.0143356 0
0100011100 0.0175629 -3.14159
0100011101 0.0303955 -3.14159
0100011110 0.0341187 0
0100011111 0.0159607 -3.14159
0100100000 0.00230217 -3.14159
0100100001 0.0389709 0
0100100010 0.0248413 0
0100100011 0.0251923 0
0100100100 0.00561523 0
0100100101 0.0158997 -3.14159
0100100110 0.0932617 0
0100100111 0.0191193 -3.14159
0100101000 0.0499268 0
0100101001 0.0734863 -3.14159
0100101010 0.0164032 0
0100101011 0.0468445 0
0100101100 0.0533142 -3.14159
0100101101 0.0179596 0
0100101110 0.0174713 -3.14159
0100101111 0.0385132 0
0100110000 0.0227661 0
0100110001 0.00388336 -3.14159
0100110010 0.0289764 0
0100110011 0.0422974 -3.14159
0100110100 0.0193329 0
0100110101 0.0154648 -3.14159
0100110110 0.00244331 -3.14159
0100110111 0.0195923 0
0100111000 9.24468e-05 -3.14159
0100111001 0.0230713 0
0100111010 0.019928 0
0100111011 0.00453568 -3.14159
0100111100 4.41074e-05 0
0100111101 0.0215454 0
0100111110 0.00861359 0
0100111111 0.00213432 -3.14159
0101000000 0.0122375 0
0101000001 0.0154495 -3.14159
0101000010 0.0620117 -3.14159
0101000011 0.0241394 -3.14159
0101000100 0.0213928 0
0101000101 0.0383911 0
0101000110 0.0137024 -3.14159
0101000111 0.0300751 0
0101001000 0.0214691 -3.14159
0101001001 0.0402222 -3.14159
0101001010 0.0445251 0
0101001011 0.00514984 -3.14159
0101001100 0.0328064 -3.14159
0101001101 0.00689697 0
0101001110 0.0032177 -3.14159
0101001111 0.0219421 0
0101010000 0.0137634 -3.14159
0101010001 0.00716019 -3.14159
0101010010 0.0442505 -3.14159
0101010011 0.021759 -3.14159
0101010100 0.0227966 -3.14159
0101010101 0.00811005 0
0101010110 0.00307274 0
0101010111 0.019043 0
0101011000 0.0308228 0
0101011001 0.0118256 0
0101011010 0.0137863 0
0101011011 0.00660324 -3.14159
0101011100 0.0317383 0
0101011101 0.00190353 0
0101011110 0.05896 -3.14159
0101011111 0.0180206 -3.14159
0101100000 0.0185699 -3.14159
0101100001 0.011795 -3.14159
0101100010 0.00205421 -3.14159
0101100011 0.00446701 -3.14159
0101100100 0.0178375 -3.14159
0101100101 0.0228577 0
0101100110 0.039978 -3.14159
0101100111 0.0202637 0
0101101000 0.0142288 0
0101101001 0.00637817 -3.14159
0101101010 0.0583801 -3.14159
0101101011 0.00597382 -3.14159
0101101100 0.0203705 -3.14159
0101101101 0.0379333 0
0101101110 0.009758 0
0101101111 0.0297241 -3.14159
0101110000 0.060791 0
0101110001 0.0360718 -3.14159
0101110010 0.0594482 -3.14159
0101110011 0.0285797 0
0101110100 0.00213814 -3.14159
0101110101 0.0215149 -3.14159
0101110110 0.0191193 -3.14159
0101110111 0.0307159 0
0101111000 0.00959015 -3.14159
0101111001 0.00310135 0
0101111010 0.000193119 -3.14159
0101111011 0.00344849 -3.14159
0101111100 0.00439072 -3.14159
0101111101 0.0260315 -3.14159
0101111110 0.0293427 0
0101111111 0.0102615 0
0110000000 0.0324402 -3.14159
0110000001 0.0437927 -3.14159
0110000010 0.00305939 0
0110000011 0.0446777 0
0110000100 0.00887299 -3.14159
0110000101 0.00227356 0
0110000110 0.0121307 0
0110000111 0.0490723 -3.14159
0110001000 0.0113144 0
0110001001 0.0174713 -3.14159
0110001010 0.0202484 0
0110001011 0.0555725 -3.14159
0110001100 0.0391235 0
0110001101 0.0560303 -3.14159
0110001110 0.0276489 0
0110001111 0.0315857 0
0110010000 0.029068 0
0110010001 0.00939178 -3.14159
0110010010 0.0170441 0
0110010011 0.0185699 0
0110010100 0.00688171 -3.14159
0110010101 0.0648804 -3.14159
0110010110 0.00679779 0
0110010111 0.0306549 -3.14159
0110011000 0.0400085 -3.14159
0110011001 0.104736 -3.14159
0110011010 0.0136032 0
0110011011 0.00283432 0
0110011100 0.00621796 0
0110011101 0.0051918 -3.14159
0110011110 0.0324707 -3.14159
0110011111 0.0322876 0
0110100000 0.0249329 0
0110100001 0.024704 -3.14159
0110100010 0.0073967 0
0110100011 0.014183 0
0110100100 0.00807953 -3.14159
0110100101 0.0875854 0
0110100110 0.00166321 -3.14159
0110100111 0.0640869 0
0110101000 0.0340881 -3.14159
0110101001 0.0354614 0
0110101010 0.00513458 0
0110101011 0.0447693 0
0110101100 0.0852051 -3.14159
0110101101 0.0447693 0
0110101110 0.0319214 0
0110101111 0.0118561 -3.14159
0110110000 0.00699997 -3.14159
0110110001 0.0388489 0
0110110010 0.0151978 0
0110110011 0.0224457 0
0110110100 0.00745773 0
0110110101 0.0489502 0
0110110110 0.00920105 -3.14159
0110110111 0.0377808 -3.14159
0110111000 0.0523376 -3.14159
0110111001 0.0234375 0
0110111010 0.0243378 -3.14159
0110111011 0.100281 0
0110111100 0.0204773 -3.14159
0110111101 0.0237885 -3.14159
0110111110 0.0266571 -3.14159
0110111111 0.0209808 0
0111000000 0.0066185 -3.14159
0111000001 0.00688553 -3.14159
0111000010 0.0533447 0
0111000011 0.00913239 -3.14159
0111000100 0.0226135 0
0111000101 0.0551758 -3.14159
0111000110 0.0313416 0
0111000111 0.0290527 -3.14159
0111001000 0.015976 0
0111001001 0.0283966 -3.14159
0111001010 0.0185394 0
0111001011 0.0175171 0
0111001100 0.0109787 -3.14159
0111001101 0.061554 -3.14159
0111001110 0.00750732 -3.14159
0111001111 0.0167847 0
0111010000 0.0256042 -3.14159
0111010001 0.000760555 0
0111010010 0.0485229 0
0111010011 0.0397339 0
0111010100 0.0423584 -3.14159
0111010101 0.00843811 0
0111010110 0.0703125 0
0111010111 0.000812531 -3.14159
0111011000 0.0202332 -3.14159
0111011001 0.00439453 0
0111011010 0.0283051 0
0111011011 0.0131226 0
0111011100 0.0216675 0
0111011101 0.00882721 0
0111011110 0.0550232 -3.14159
0111011111 0.000428915 -3.14159
0111100000 0.000768661 0
0111100001 0.0101242 0
0111100010 0.01297 0
0111100011 0.00718689 -3.14159
0111100100 0.000695705 -3.14159
0111100101 0.0510254 0
0111100110 0.0208435 -3.14159
0111100111 0.019165 0
0111101000 0.0172119 -3.14159
0111101001 0.0195007 0
0111101010 0.00571823 -3.14159
0111101011 0.0318909 0
0111101100 0.00755692 -3.14159
0111101101 0.0126572 -3.14159
0111101110 0.0350952 0
0111101111 0.00748825 0
0111110000 0.00152397 -3.14159
0111110001 0.0265198 0
0111110010 0.0276337 -3.14159
0111110011 0.00527954 0
0111110100 0.0134506 -3.14159
0111110101 0.0390625 -3.14159
0111110110 0.0188751 -3.14159
0111110111 0.000551701 -3.14159
0111111000 0.00145912 0
0111111001 0.057251 0
0111111010 0.0154495 -3.14159
0111111011 0.0455933 -3.14159
0111111100 0.00291252 0
0111111101 0.0107574 0
0111111110 0.0199585 -3.14159
0111111111 0.0186615 -3.14159
1000000000 0.0161743 0
1000000001 0.0105896 -3.14159
1000000010 0.0191803 0
1000000011 0.00772476 0
1000000100 0.0379333 0
1000000101 0.00951385 -3.14159
1000000110 0.00913239 -3.14159
1000000111 0.00250816 -3.14159
1000001000 0.0103455 -3.14159
1000001001 0.0042572 0
1000001010 0.0307617 -3.14159
1000001011 0.00853729 -3.14159
1000001100 0.0345459 -3.14159
1000001101 0.0339966 -3.14159
1000001110 0.00762558 -3.14159
1000001111 0.0044136 -3.14159
1000010000 0.0032196 -3.14159
1000010001 0.0198669 0
1000010010 0.00885773 0
1000010011 0.0328979 -3.14159
1000010100 0.0483093 0
1000010101 0.00411606 -3.14159
1000010110 8.36849e-05 0
1000010111 0.0269012 0
1000011000 0.0370178 0
1000011001 0.0241547 -3.14159
1000011010 0.0636597 0
1000011011 0.00850677 -3.14159
1000011100 0.0138168 0
1000011101 0.0452881 0
1000011110 0.00555038 -3.14159
1000011111 0.0110016 -3.14159
1000100000 0.0198364 -3.14159
1000100001 0.0278473 0
1000100010 0.000362396 -3.14159
1000100011 0.0264587 0
1000100100 0.0328979 -3.14159
1000100101 0.021637 -3.14159
1000100110 0.0298004 -3.14159
1000100111 0.00995636 -3.14159
1000101000 0.00372887 -3.14159
1000101001 0.0184174 0
1000101010 0.0157471 0
1000101011 0.000319719 0
1000101100 0.0379944 -3.14159
1000101101 0.050415 -3.14159
1000101110 0.0592346 -3.14159
1000101111 0.00815582 -3.14159
1000110000 0.0367432 -3.14159
1000110001 0.00129318 0
1000110010 0.0149536 0
1000110011 0.0189819 -3.14159
1000110100 0.00704956 -3.14159
1000110101 0.0209198 0
1000110110 0.0282593 0
1000110111 0.00105476 0
1000111000 0.0312347 -3.14159
1000111001 0.0205078 0
1000111010 0.00917816 0
1000111011 0.0211792 0
1000111100 0.00403595 0
1000111101 0.0139236 0
1000111110 0.00759888 -3.14159
1000111111 0.018631 -3.14159
1001000000 0.0217133 -3.14159
1001000001 0.0109253 -3.14159
1001000010 0.00630951 0
1001000011 0.00296402 -3.14159
1001000100 0.00119495 -3.14159
1001000101 0.00566864 -3.14159
1001000110 0.00422287 0
1001000111 0.0208435 -3.14159
1001001000 0.0382385 0
1001001001 0.00820923 -3.14159
1001001010 0.00127602 0
1001001011 0.0189819 0
1001001100 0.017746 0
1001001101 0.0368347 -3.14159
1001001110 0.0145187 0
1001001111 0.0156174 -3.14159
1001010000 0.0379028 0
1001010001 0.0442505 0
1001010010 0.00699997 0
1001010011 0.0410156 -3.14159
1001010100 0.017746 -3.14159
1001010101 0.00228882 -3.14159
1001010110 0.00257874 -3.14159
1001010111 0.0448608 0
1001011000 0.0300293 -3.14159
1001011001 0.0128784 0
1001011010 0.00721359 -3.14159
1001011011 0.0129547 -3.14159
1001011100 0.0029583 0
1001011101 0.00617218 -3.14159
1001011110 6.55651e-07 0
1001011111 0.0159302 0
1001100000 0.0214539 -3.14159
1001100001 0.00642395 -3.14159
1001100010 0.0326843 -3.14159
1001100011 0.0113373 0
1001100100 0.0226898 -3.14159
1001100101 0.00465775 0
1001100110 0.000761986 -3.14159
1001100111 0.0944214 0
1001101000 0.000616074 0
1001101001 0.031311 -3.14159
1001101010 0.0115662 0
1001101011 0.0145035 -3.14159
1001101100 0.0141525 -3.14159
1001101101 0.086792 0
1001101110 0.00813293 0
1001101111 0.0314026 0
1001110000 0.00392914 0
1001110001 0.00716782 -3.14159
1001110010 0.00688553 0
1001110011 0.0234222 0
1001110100 0.0213623 -3.14159
1001110101 0.036499 0
1001110110 0.0248718 0
1001110111 0.00715256 0
1001111000 0.0351257 0
1001111001 0.0108337 0
1001111010 0.0138779 0
1001111011 0.0128479 -3.14159
1001111100 0.0105896 -3.14159
1001111101 0.0131073 -3.14159
1001111110 0.0367737 -3.14159
1001111111 0.0149155 -3.14159
1010000000 0.0138855 0
1010000001 0.0109482 0
1010000010 0.0496826 -3.14159
1010000011 0.0205383 -3.14159
1010000100 0.0148849 0
1010000101 0.0302277 0
1010000110 0.0578613 0
1010000111 0.0362549 -3.14159
1010001000 0.0202484 -3.14159
1010001001 0.0628052 0
1010001010 0.0379639 -3.14159
1010001011 0.0195923 0
1010001100 0.0198059 0
1010001101 0.0171661 0
1010001110 0.0189972 -3.14159
1010001111 0.00628662 0
1010010000 0.0326233 0
1010010001 0.0145645 -3.14159
1010010010 0.0375366 -3.14159
1010010011 0.00718307 -3.14159
1010010100 0.0122681 -3.14159
1010010101 0.028244 -3.14159
1010010110 0.0143433 -3.14159
1010010111 0.0406494 0
1010011000 0.0127106 0
1010011001 0.0477295 0
1010011010 0.0169678 -3.14159
1010011011 0.0197144 -3.14159
1010011100 0.00613022 -3.14159
1010011101 0.026062 0
1010011110 0.0574646 0
1010011111 0.012619 -3.14159
1010100000 0.00892639 0
1010100001 0.00213432 -3.14159
1010100010 0.0253754 -3.14159
1010100011 0.0166931 -3.14159
1010100100 0.00807953 -3.14159
1010100101 0.0258484 0
1010100110 0.0240784 0
1010100111 0.00189972 -3.14159
1010101000 0.0255585 -3.14159
1010101001 0.016037 0
1010101010 0.0204468 0
1010101011 0.11322 0
1010101100 0.00706863 -3.14159
1010101101 0.0354614 0
1010101110 0.00391006 0
1010101111 0.0113678 -3.14159
1010110000 0.053894 0
1010110001 0.0549011 -3.14159
1010110010 0.00500488 -3.14159
1010110011 0.0259399 0
1010110100 0.0220184 -3.14159
1010110101 0.0445557 0
1010110110 0.0308228 -3.14159
1010110111 0.0374756 -3.14159
1010111000 0.0189667 0
1010111001 0.0255737 0
1010111010 0.0212708 -3.14159
1010111011 0.0194855 0
1010111100 0.027832 -3.14159
1010111101 0.0344238 0
1010111110 0.000286341 -3.14159
1010111111 0.0160065 -3.14159
1011000000 0.00313187 -3.14159
1011000001 0.00654221 -3.14159
1011000010 0.0389709 0
1011000011 0.00140381 0
1011000100 0.0216675 0
1011000101 0.040802 0
1011000110 0.00197792 -3.14159
1011000111 0.0201416 -3.14159
1011001000 0.0809937 -3.14159
1011001001 0.00645447 -3.14159
1011001010 0.0127258 -3.14159
1011001011 0.00806427 0
1011001100 0.0175629 0
1011001101 0.0111847 0
1011001110 0.014946 -3.14159
1011001111 0.00439072 0
1011010000 0.00260544 0
1011010001 0.0366821 -3.14159
1011010010 0.00206184 0
1011010011 0.00136566 0
1011010100 0.0107346 0
1011010101 0.0574036 -3.14159
1011010110 0.00792694 -3.14159
1011010111 0.0474854 -3.14159
1011011000 0.0151291 0
1011011001 0.0226135 0
1011011010 0.0171356 0
1011011011 0.0252991 -3.14159
1011011100 0.00737381 -3.14159
1011011101 0.00370216 0
1011011110 0.0420532 -3.14159
1011011111 0.0595703 -3.14159
1011100000 0.00672913 0
1011100001 0.00653076 0
1011100010 0.0215149 -3.14159
1011100011 0.0658569 0
1011100100 0.053772 0
1011100101 0.000740051 -3.14159
1011100110 0.0271912 0
1011100111 0.021698 0
1011101000 0.0341187 0
1011101001 0.0541687 -3.14159
1011101010 0.0430908 -3.14159
1011101011 0.00442886 0
1011101100 0.0279999 0
1011101101 0.00120068 0
1011101110 0.0631714 0
1011101111 0.0961914 0
1011110000 0.0211029 0
1011110001 0.0070076 0
1011110010 0.00369835 0
1011110011 0.024231 -3.14159
1011110100 0.0247192 0
1011110101 0.00987244 0
1011110110 0.0616455 -3.14159
1011110111 0.0473022 -3.14159
1011111000 0.023056 0
1011111001 0.0238037 -3.14159
1011111010 0.00614929 -3.14159
1011111011 0.0131454 0
1011111100 0.050354 0
1011111101 0.0361023 0
1011111110 0.056488 0
1011111111 0.00441742 0
1100000000 0.0461121 -3.14159
1100000001 0.013176 0
1100000010 0.00186062 0
1100000011 0.0206604 -3.14159
1100000100 0.0407104 -3.14159
1100000101 0.00743103 -3.14159
1100000110 0.000782967 0
1100000111 0.00571823 0
1100001000 0.00418854 -3.14159
1100001001 0.0071907 0
1100001010 0.0110397 0
1100001011 0.0148392 0
1100001100 0.0011425 0
1100001101 0.0216522 -3.14159
1100001110 0.0249481 0
1100001111 0.0217743 0
1100010000 0.0629883 0
1100010001 0.0201416 -3.14159
1100010010 0.00285149 -3.14159
1100010011 0.0283661 -3.14159
1100010100 0.0246429 -3.14159
1100010101 0.00579071 -3.14159
1100010110 0.000267267 0
1100010111 0.0439453 0
1100011000 0.052002 -3.14159
1100011001 0.0288239 -3.14159
1100011010 0.00528717 -3.14159
1100011011 0.00672913 0
1100011100 0.00990295 -3.14159
1100011101 0.0491638 0
1100011110 0.00527954 0
1100011111 0.0149307 -3.14159
1100100000 0.00463104 0
1100100001 0.0124969 -3.14159
1100100010 0.0209656 0
1100100011 0.0148392 0
1100100100 0.037323 0
1100100101 0.0206757 -3.14159
1100100110 0.00955963 -3.14159
1100100111 0.00118256 0
1100101000 0.0359192 -3.14159
1100101001 0.0458679 0
1100101010 0.00630188 0
1100101011 0.0579529 0
1100101100 0.0323486 -3.14159
1100101101 0.0335388 -3.14159
1100101110 0.0871582 0
1100101111 0.0119324 0
1100110000 0.0254211 0
1100110001 0.0383301 -3.14159
1100110010 0.0297852 0
1100110011 0.00511551 0
1100110100 0.0284271 0
1100110101 0.0113525 -3.14159
1100110110 0.0238953 0
1100110111 0.00462341 -3.14159
1100111000 0.00793457 0
1100111001 0.016449 0
1100111010 0.0409851 -3.14159
1100111011 0.0331116 -3.14159
1100111100 0.046875 -3.14159
1100111101 0.00561142 -3.14159
1100111110 0.0470581 -3.14159
1100111111 0.0440063 -3.14159
1101000000 0.0628052 0
1101000001 0.00406647 -3.14159
1101000010 0.0233765 -3.14159
1101000011 0.0234375 -3.14159
1101000100 0.0626831 0
1101000101 0.0610046 0
1101000110 0.00157166 0
1101000111 0.010788 0
1101001000 0.0295258 0
1101001001 0.00116348 -3.14159
1101001010 0.00622177 0
1101001011 0.00201607 -3.14159
1101001100 0.0204773 0
1101001101 0.0089035 -3.14159
1101001110 0.0186005 -3.14159
1101001111 0.02034 -3.14159
1101010000 0.0204315 -3.14159
1101010001 0.00859833 -3.14159
1101010010 0.00720215 0
1101010011 0.0622864 0
1101010100 0.0186462 0
1101010101 0.00767136 -3.14159
1101010110 0.0220795 0
1101010111 0.0288086 0
1101011000 0.0234222 -3.14159
1101011001 0.00928497 0
1101011010 0.0129929 0
1101011011 0.0032692 0
1101011100 0.0164948 0
1101011101 0.033783 0
1101011110 0.0512085 -3.14159
1101011111 0.0428467 -3.14159
1101100000 0.0143967 0
1101100001 0.0189819 -3.14159
1101100010 0.0223083 0
1101100011 0.0350647 0
1101100100 0.0370789 -3.14159
1101100101 0.0545654 -3.14159
1101100110 0.0405273 -3.14159
1101100111 0.0178986 0
1101101000 0.0552063 0
1101101001 0.00865173 0
1101101010 0.026413 0
1101101011 0.0257568 0
1101101100 0.00832367 -3.14159
1101101101 0.0334778 0
1101101110 0.0162201 0
1101101111 0.048584 -3.14159
1101110000 0.013176 -3.14159
1101110001 0.0536499 0
1101110010 0.0135956 -3.14159
1101110011 0.0609436 -3.14159
1101110100 0.00324059 -3.14159
1101110101 0.0165863 0
1101110110 0.0271454 -3.14159
1101110111 0.021637 -3.14159
1101111000 0.0385437 -3.14159
1101111001 0.00744629 0
1101111010 0.0240936 -3.14159
1101111011 0.0238342 -3.14159
1101111100 0.0419312 0
1101111101 0.0110016 -3.14159
1101111110 0.0247803 0
1101111111 0.00625229 -3.14159
1110000000 0.0203247 -3.14159
1110000001 0.0139694 0
1110000010 0.0801392 0
1110000011 0.00317001 -3.14159
1110000100 0.0302887 -3.14159
1110000101 0.00364876 0
1110000110 0.0157623 -3.14159
1110000111 0.0613098 0
1110001000 0.00061512 0
1110001001 0.0112762 0
1110001010 0.0162506 0
1110001011 0.000489712 -3.14159
1110001100 0.0308838 -3.14159
1110001101 0.0739746 0
1110001110 0.0169373 0
1110001111 0.0133896 0
1110010000 0.0358582 -3.14159
1110010001 0.0201569 0
1110010010 0.0253754 0
1110010011 0.00335503 0
1110010100 0.0439148 -3.14159
1110010101 0.0154037 -3.14159
1110010110 0.0330505 0
1110010111 0.0190277 -3.14159
1110011000 0.00621796 0
1110011001 0.0479736 -3.14159
1110011010 0.0245667 0
1110011011 0.0542603 -3.14159
1110011100 0.0361938 0
1110011101 0.00201988 -3.14159
1110011110 0.00915527 0
1110011111 0.0567932 0
1110100000 0.0211792 0
1110100001 0.0116425 0
1110100010 0.0650635 -3.14159
1110100011 0.00340271 0
1110100100 0.0188904 0
1110100101 0.0155945 0
1110100110 0.0278931 -3.14159
1110100111 0.0517273 0
1110101000 0.00179672 -3.14159
1110101001 0.00124454 -3.14159
1110101010 0.0224457 0
1110101011 0.0258484 0
1110101100 0.00179958 -3.14159
1110101101 0.019989 0
1110101110 0.0368347 0
1110101111 0.0186005 0
1110110000 0.0219421 0
1110110001 0.0336304 -3.14159
1110110010 0.0256348 -3.14159
1110110011 0.0737305 -3.14159
1110110100 0.0364685 0
1110110101 0.0558777 -3.14159
1110110110 0.0683594 0
1110110111 0.00354767 0
1110111000 0.0105743 0
1110111001 0.06604 -3.14159
1110111010 0.0330505 -3.14159
1110111011 0.0264587 0
1110111100 0.0502625 -3.14159
1110111101 0.0435791 0
1110111110 0.00689316 -3.14159
1110111111 0.0133667 -3.14159
1111000000 0.00953674 0
1111000001 0.0318298 -3.14159
1111000010 0.0647583 0
1111000011 0.0119019 -3.14159
1111000100 0.0117722 -3.14159
1111000101 0.00398636 0
1111000110 0.0199127 0
1111000111 0.00812531 0
1111001000 0.0486755 -3.14159
1111001001 0.0239105 0
1111001010 0.00363922 -3.14159
1111001011 0.0226898 0
1111001100 0.0290375 -3.14159
1111001101 0.00506973 -3.14159
1111001110 0.0162201 -3.14159
1111001111 0.0872803 0
1111010000 0.00400925 0
1111010001 0.0290527 -3.14159
1111010010 0.0128479 0
1111010011 0.0318909 0
1111010100 0.0011282 0
1111010101 0.0170135 0
1111010110 0.00632477 0
1111010111 0.0336914 -3.14159
1111011000 0.0453491 0
1111011001 0.00973511 -3.14159
1111011010 0.0526123 -3.14159
1111011011 0.0244446 0
1111011100 0.019455 -3.14159
1111011101 0.0333862 -3.14159
1111011110 0.00531006 0
1111011111 0.0101242 -3.14159
1111100000 0.00922394 0
1111100001 0.0168762 -3.14159
1111100010 0.0117111 -3.14159
1111100011 0.0427246 -3.14159
1111100100 0.0382996 0
1111100101 0.0070343 -3.14159
1111100110 0.0577698 0
1111100111 0.0146179 0
1111101000 0.00402451 0
1111101001 0.010704 -3.14159
1111101010 0.0489502 -3.14159
1111101011 0.0403442 -3.14159
1111101100 0.0849609 0
1111101101 0.0534363 -3.14159
1111101110 0.0786133 0
1111101111 0.0356445 0
1111110000 0.0350647 -3.14159
1111110001 0.0478516 0
1111110010 0.0248108 -3.14159
1111110011 0.0288544 -3.14159
1111110100 0.0320129 -3.14159
1111110101 0.00636292 0
1111110110 0.0256653 -3.14159
1111110111 0.0131836 0
1111111000 0.0473022 -3.14159
1111111001 0.0632324 -3.14159
1111111010 0.032959 -3.14159
1111111011 0.0186157 0
1111111100 0.0077095 0
1111111101 0.0383301 0
1111111110 0.0466003 0
1111111111 0.0094223 -3.14159
