0000000000 0.00189209 0
0000000001 0.058197 0
0000000010 0.0283661 0
0000000011 0.0211182 -3.14159
0000000100 0.0324097 -3.14159
0000000101 0.0177765 0
0000000110 0.0170135 -3.14159
0000000111 0.0410461 -3.14159
0000001000 2.6226e-06 -3.14159
0000001001 0.0136642 0
0000001010 0.0113449 -3.14159
0000001011 0.0287933 -3.14159
0000001100 0.0134125 0
0000001101 0.028183 -3.14159
0000001110 0.0269165 0
0000001111 0.00987244 -3.14159
0000010000 0.0336914 0
0000010001 0.00437927 -3.14159
0000010010 0.0271454 -3.14159
0000010011 0.0199432 -3.14159
0000010100 0.0274658 -3.14159
0000010101 0.0352783 -3.14159
0000010110 0.0219879 -3.14159
0000010111 0.012558 -3.14159
0000011000 0.0437927 -3.14159
0000011001 0.0156555 0
0000011010 0.0152512 0
0000011011 0.0227661 0
0000011100 0.00027895 0
0000011101 0.0204468 0
0000011110 0.049469 -3.14159
0000011111 0.0663452 0
0000100000 0.0657959 -3.14159
0000100001 0.0231934 -3.14159
0000100010 0.0617371 -3.14159
0000100011 0.0418091 0
0000100100 0.0311432 -3.14159
0000100101 0.0261536 0
0000100110 0.0141373 0
0000100111 0.0166321 0
0000101000 0.0127716 -3.14159
0000101001 0.0205231 0
0000101010 0.0244141 -3.14159
0000101011 0.106201 0
0000101100 0.00939941 0
0000101101 0.0175934 0
0000101110 0.0132675 -3.14159
0000101111 0.0213776 0
0000110000 0.0156555 0
0000110001 0.017334 -3.14159
0000110010 0.0253754 0
0000110011 0.0209961 0
0000110100 0.0518188 -3.14159
0000110101 0.00327301 0
0000110110 0.0269165 0
0000110111 0.00482559 -3.14159
0000111000 0.00771332 0
0000111001 0.0200348 -3.14159
0000111010 0.01194 -3.14159
0000111011 0.000965595 0
0000111100 0.0175171 -3.14159
0000111101 0.0420532 0
0000111110 0.0185242 -3.14159
0000111111 0.0210114 -3.14159
0001000000 0.0359192 0
0001000001 0.0305634 -3.14159
0001000010 0.0318298 -3.14159
0001000011 0.0107269 -3.14159
0001000100 0.0259552 -3.14159
0001000101 0.0109253 0
0001000110 0.00873566 0
0001000111 0.0133514 -3.14159
0001001000 0.10614 -3.14159
0001001001 0.00347328 -3.14159
0001001010 0.0270996 -3.14159
0001001011 0.0115662 -3.14159
0001001100 0.00529099 0
0001001101 0.0472717 -3.14159
0001001110 0.0368347 0
0001001111 0.0275726 0
0001010000 0.0178375 0
0001010001 0.00787354 -3.14159
0001010010 0.0747681 0
0001010011 0.00230408 -3.14159
0001010100 0.00217819 0
0001010101 0.00194359 -3.14159
0001010110 0.0118256 -3.14159
0001010111 0.0309296 -3.14159
0001011000 0.0227661 0
0001011001 0.0285187 0
0001011010 0.00230789 -3.14159
0001011011 0.0736694 -3.14159
0001011100 0.046051 0
0001011101 0.0244141 -3.14159
0001011110 0.0237579 -3.14159
0001011111 0.0193176 -3.14159
0001100000 0.0673828 -3.14159
0001100001 0.0207367 0
0001100010 0.0453796 -3.14159
0001100011 0.0162964 -3.14159
0001100100 0.0037899 0
0001100101 0.00187206 -3.14159
0001100110 0.00942993 -3.14159
0001100111 0.0865479 0
0001101000 0.0460815 0
0001101001 0.00189781 -3.14159
0001101010 0.00125885 -3.14159
0001101011 0.0204315 -3.14159
0001101100 0.0343323 -3.14159
0001101101 0.0447388 -3.14159
0001101110 0.0429077 0
0001101111 0.0291901 0
0001110000 0.043335 -3.14159
0001110001 0.0167236 0
0001110010 0.0487061 -3.14159
0001110011 0.0251312 0
0001110100 0.00359917 -3.14159
0001110101 0.00717926 -3.14159
0001110110 0.0344238 -3.14159
0001110111 0.0168762 -3.14159
0001111000 0.00303268 -3.14159
0001111001 0.0325623 -3.14159
0001111010 0.0211487 0
0001111011 0.0189972 0
0001111100 0.0391846 -3.14159
0001111101 0.0454407 0
0001111110 0.00205994 0
0001111111 0.0419312 0
0010000000 0.0128326 0
0010000001 0.0142975 0
0010000010 0.00358009 -3.14159
0010000011 0.0305176 -3.14159
0010000100 0.0345459 -3.14159
0010000101 0.0291748 -3.14159
0010000110 0.0226746 -3.14159
0010000111 0.0810547 -3.14159
0010001000 0.0164948 -3.14159
0010001001 0.0103607 0
0010001010 0.00477982 -3.14159
0010001011 0.00856781 -3.14159
0010001100 0.0197296 -3.14159
0010001101 0.0352783 -3.14159
0010001110 0.0147934 0
0010001111 0.0117264 -3.14159
0010010000 0.0686646 -3.14159
0010010001 0.0197296 -3.14159
0010010010 0.0199585 -3.14159
0010010011 0.0187378 -3.14159
0010010100 0.0408936 -3.14159
0010010101 0.0286255 -3.14159
0010010110 0.00780487 0
0010010111 0.00258446 0
0010011000 0.0198822 0
0010011001 0.0435486 -3.14159
0010011010 0.0246887 0
0010011011 0.0334473 0
0010011100 0.0218201 0
0010011101 0.0456238 0
0010011110 0.00826263 -3.14159
0010011111 0.0108871 0
0010100000 0.034668 -3.14159
0010100001 0.00397491 0
0010100010 0.083313 -3.14159
0010100011 0.0204163 -3.14159
0010100100 0.00862122 -3.14159
0010100101 0.0220032 -3.14159
0010100110 0.0424194 0
0010100111 0.0254211 0
0010101000 0.0214233 0
0010101001 0.00361443 -3.14159
0010101010 0.0329895 -3.14159
0010101011 0.0305176 -3.14159
0010101100 0.052002 -3.14159
0010101101 0.0652466 0
0010101110 0.0178528 -3.14159
0010101111 0.0118484 0
0010110000 0.00664139 -3.14159
0010110001 0.00938416 -3.14159
0010110010 0.0216827 0
0010110011 0.00435638 -3.14159
0010110100 0.0210266 0
0010110101 0.0087204 0
0010110110 0.0261078 0
0010110111 0.0093689 0
0010111000 0.0208588 0
0010111001 0.000720978 -3.14159
0010111010 0.00529099 -3.14159
0010111011 0.0395813 0
0010111100 0.0109711 -3.14159
0010111101 0.028717 -3.14159
0010111110 0.0368958 0
0010111111 0.000880718 -3.14159
0011000000 0.0315857 -3.14159
0011000001 0.0295715 0
0011000010 0.0421753 0
0011000011 0.0209045 0
0011000100 0.00797272 0
0011000101 0.000788689 0
0011000110 0.000684261 0
0011000111 0.0349426 -3.14159
0011001000 0.0513916 0
0011001001 0.000579834 -3.14159
0011001010 0.0138931 0
0011001011 0.0544739 -3.14159
0011001100 0.00273132 0
0011001101 0.0365601 -3.14159
0011001110 0.107239 0
0011001111 0.00531769 -3.14159
0011010000 0.0137405 -3.14159
0011010001 0.00182724 -3.14159
0011010010 0.0113525 0
0011010011 0.03479 -3.14159
0011010100 0.00058794 -3.14159
0011010101 0.0224762 -3.14159
0011010110 0.0124359 0
0011010111 0.0222015 0
0011011000 0.0327454 0
0011011001 0.0201416 -3.14159
0011011010 0.0120621 0
0011011011 0.00434494 -3.14159
0011011100 0.00530243 -3.14159
0011011101 0.0246735 -3.14159
0011011110 6.58631e-05 -3.14159
0011011111 0.0670776 0
0011100000 0.0133362 0
0011100001 0.0112076 -3.14159
0011100010 0.020813 0
0011100011 0.0223694 -3.14159
0011100100 0.0284119 -3.14159
0011100101 0.00130081 0
0011100110 0.0146942 0
0011100111 0.0401611 0
0011101000 0.0478516 -3.14159
0011101001 0.0131912 0
0011101010 0.0153122 0
0011101011 0.0234985 0
0011101100 0.0103531 -3.14159
0011101101 0.0177002 0
0011101110 0.0520935 -3.14159
0011101111 0.0230865 -3.14159
0011110000 0.019577 -3.14159
0011110001 0.0325928 0
0011110010 0.0359192 0
0011110011 0.0297394 0
0011110100 0.0244446 -3.14159
0011110101 0.039856 0
0011110110 0.0117111 -3.14159
0011110111 0.0352783 0
0011111000 0.00536346 -3.14159
0011111001 0.0291443 -3.14159
0011111010 0.0127029 0
0011111011 0.0484924 -3.14159
0011111100 0.0256195 -3.14159
0011111101 0.0124664 -3.14159
0011111110 0.0323181 0
0011111111 0.00300217 0
0100000000 0.00713348 -3.14159
0100000001 0.0156097 -3.14159
0100000010 0.0269012 -3.14159
0100000011 0.0123901 0
0100000100 0.0667114 -3.14159
0100000101 0.0339966 0
0100000110 0.0321045 0
0100000111 0.0272369 -3.14159
0100001000 0.0348511 0
0100001001 0.00513077 0
0100001010 0.00927734 0
0100001011 0.0217438 -3.14159
0100001100 0.00200081 0
0100001101 0.0387268 -3.14159
0100001110 0.02005 0
0100001111 0.0124893 -3.14159
0100010000 0.0294342 0
0100010001 0.0682373 -3.14159
0100010010 0.00397873 0
0100010011 0.0210114 -3.14159
0100010100 0.0875854 -3.14159
0100010101 0.0479736 -3.14159
0100010110 0.00458145 0
0100010111 0.0533447 -3.14159
0100011000 0.0485535 -3.14159
0100011001 0.0316772 0
0100011010 0.00932312 -3.14159
0100011011 0.0132065 0
0100011100 0.00519562 -3.14159
0100011101 0.00521851 -3.14159
0100011110 0.0326233 0
0100011111 0.0116119 0
0100100000 0.0176697 0
0100100001 0.0552368 0
0100100010 0.033783 -3.14159
0100100011 0.0462646 0
0100100100 0.0116119 0
0100100101 0.0203552 -3.14159
0100100110 0.0825806 0
0100100111 0.0142746 -3.14159
0100101000 0.0243988 0
0100101001 0.0418701 -3.14159
0100101010 0.00524521 -3.14159
0100101011 0.0497742 0
0100101100 0.0176086 -3.14159
0100101101 0.00529861 -3.14159
0100101110 0.0274963 -3.14159
0100101111 0.0308838 0
0100110000 0.0456238 0
0100110001 0.00654602 0
0100110010 0.0140839 0
0100110011 0.0578613 -3.14159
0100110100 0.0301056 0
0100110101 0.0291748 0
0100110110 0.0193939 -3.14159
0100110111 0.00167751 0
0100111000 0.0272217 0
0100111001 0.0214386 0
0100111010 0.00147724 0
0100111011 0.00191021 -3.14159
0100111100 0.0102768 -3.14159
0100111101 0.0207672 0
0100111110 0.00961304 0
0100111111 0.00187492 -3.14159
0101000000 0.0050354 -3.14159
0101000001 0.0269165 -3.14159
0101000010 0.0432434 -3.14159
0101000011 0.0274506 -3.14159
0101000100 0.00638199 0
0101000101 0.0521545 0
0101000110 0.0201569 -3.14159
0101000111 0.0221252 0
0101001000 0.0267487 -3.14159
0101001001 0.0548401 -3.14159
0101001010 0.0063324 -3.14159
0101001011 0.017868 0
0101001100 0.00840759 -3.14159
0101001101 0.0105515 -3.14159
0101001110 0.0124207 -3.14159
0101001111 0.0244446 0
0101010000 0.00288582 -3.14159
0101010001 0.0232544 0
0101010010 0.0190277 -3.14159
0101010011 0.0135727 -3.14159
0101010100 0.0272369 -3.14159
0101010101 0.0247803 0
0101010110 0.00854492 -3.14159
0101010111 0.0210266 0
0101011000 0.0245972 0
0101011001 0.0163879 0
0101011010 0.0168915 -3.14159
0101011011 0.026062 -3.14159
0101011100 0.00276756 -3.14159
0101011101 0.0122299 0
0101011110 0.0237427 -3.14159
0101011111 0.00603104 -3.14159
0101100000 0.0376587 -3.14159
0101100001 0.0182495 -3.14159
0101100010 0.0260162 0
0101100011 0.0501404 -3.14159
0101100100 0.0220642 -3.14159
0101100101 0.00774384 -3.14159
0101100110 0.0380554 -3.14159
0101100111 0.020874 0
0101101000 0.0297089 0
0101101001 0.00665665 -3.14159
0101101010 0.0667114 -3.14159
0101101011 0.00457382 -3.14159
0101101100 0.0191956 0
0101101101 0.036377 0
0101101110 0.0480042 -3.14159
0101101111 0.0395203 -3.14159
0101110000 0.0224304 0
0101110001 0.0264587 -3.14159
0101110010 0.0583496 -3.14159
0101110011 0.00253868 0
0101110100 0.0135727 -3.14159
0101110101 0.00824738 -3.14159
0101110110 0.0362854 -3.14159
0101110111 0.0331726 0
0101111000 0.00630188 -3.14159
0101111001 0.00773239 0
0101111010 0.0275421 -3.14159
0101111011 0.0140839 0
0101111100 0.0164948 0
0101111101 0.0221252 -3.14159
0101111110 0.00340462 0
0101111111 0.0610046 0
0110000000 0.0188446 -3.14159
0110000001 0.0472717 -3.14159
0110000010 0.00291634 0
0110000011 0.029953 0
0110000100 0.0193634 -3.14159
0110000101 0.00116062 0
0110000110 0.0236969 0
0110000111 0.0409851 -3.14159
0110001000 0.00860596 -3.14159
0110001001 0.0267487 0
0110001010 0.0409241 0
0110001011 0.0304108 -3.14159
0110001100 0.0171509 0
0110001101 0.0258484 -3.14159
0110001110 0.0309906 0
0110001111 0.00519943 0
0110010000 0.0371399 0
0110010001 0.0309601 -3.14159
0110010010 0.0628052 0
0110010011 0.0332031 0
0110010100 0.0205231 0
0110010101 0.057251 -3.14159
0110010110 0.0459595 0
0110010111 0.0210571 0
0110011000 0.0203094 -3.14159
0110011001 0.0805054 -3.14159
0110011010 0.00131416 0
0110011011 0.0197906 -3.14159
0110011100 0.0167694 0
0110011101 0.0421448 -3.14159
0110011110 7.28965e-05 0
0110011111 0.0563354 0
0110100000 0.0241241 0
0110100001 0.00721741 0
0110100010 4.55379e-05 0
0110100011 0.0123596 0
0110100100 0.0046463 0
0110100101 0.0420532 0
0110100110 0.0145569 -3.14159
0110100111 0.0498962 0
0110101000 0.0136871 -3.14159
0110101001 0.00938416 0
0110101010 0.0135651 0
0110101011 0.0302124 0
0110101100 0.0411682 -3.14159
0110101101 0.00255775 0
0110101110 0.019165 0
0110101111 0.0124359 -3.14159
0110110000 0.00152016 0
0110110001 0.0418091 0
0110110010 0.0164642 0
0110110011 0.0177612 0
0110110100 0.00831604 0
0110110101 0.0434875 0
0110110110 0.0379028 0
0110110111 0.0285797 -3.14159
0110111000 0.036499 -3.14159
0110111001 0.0378418 0
0110111010 0.0118484 -3.14159
0110111011 0.0794067 0
0110111100 0.0152435 -3.14159
0110111101 0.0508118 -3.14159
0110111110 0.0308075 0
0110111111 0.020462 -3.14159
0111000000 0.00534439 0
0111000001 0.00382233 0
0111000010 0.0116196 0
0111000011 0.0252991 -3.14159
0111000100 0.0196533 -3.14159
0111000101 0.0472412 -3.14159
0111000110 0.0169067 -3.14159
0111000111 0.0569763 -3.14159
0111001000 0.0385742 0
0111001001 0.0175018 -3.14159
0111001010 0.00835419 0
0111001011 0.0130997 0
0111001100 0.0144577 -3.14159
0111001101 0.0336914 -3.14159
0111001110 0.0493164 0
0111001111 0.0183258 -3.14159
0111010000 0.0111389 0
0111010001 0.00294113 0
0111010010 0.056427 0
0111010011 0.0310516 0
0111010100 0.00175285 -3.14159
0111010101 0.0072403 0
0111010110 0.055481 0
0111010111 0.000354767 -3.14159
0111011000 0.00611877 -3.14159
0111011001 0.0102997 -3.14159
0111011010 0.00609589 0
0111011011 0.0115814 -3.14159
0111011100 0.0107193 0
0111011101 0.0115204 -3.14159
0111011110 0.0404358 -3.14159
0111011111 0.0055275 0
0111100000 0.0268097 0
0111100001 0.00416183 -3.14159
0111100010 0.00156116 0
0111100011 0.0275116 -3.14159
0111100100 0.0150604 -3.14159
0111100101 0.00263596 -3.14159
0111100110 0.0317993 -3.14159
0111100111 0.00158596 0
0111101000 0.0565491 -3.14159
0111101001 0.0099411 0
0111101010 0.00554657 0
0111101011 0.000853062 -3.14159
0111101100 0.0325012 -3.14159
0111101101 0.0563049 -3.14159
0111101110 0.0316467 0
0111101111 0.0107803 0
0111110000 0.023468 0
0111110001 0.0100708 -3.14159
0111110010 0.0463257 -3.14159
0111110011 0.0217438 -3.14159
0111110100 0.0565491 -3.14159
0111110101 0.0306244 -3.14159
0111110110 0.00146103 0
0111110111 0.0198364 -3.14159
0111111000 0.00663757 0
0111111001 0.0402222 0
0111111010 0.0750122 -3.14159
0111111011 0.0504761 -3.14159
0111111100 0.0226135 -3.14159
0111111101 0.00598526 0
0111111110 0.0269928 -3.14159
0111111111 0.0240631 0
1000000000 0.0168304 -3.14159
1000000001 0.0218201 -3.14159
1000000010 0.0140228 -3.14159
1000000011 0.0280457 0
1000000100 0.0187531 0
1000000101 0.027298 -3.14159
1000000110 0.00686264 -3.14159
1000000111 0.00575638 0
1000001000 0.0292358 -3.14159
1000001001 0.0568542 0
1000001010 0.00120544 -3.14159
1000001011 0.00520325 0
1000001100 0.039978 -3.14159
1000001101 0.0163269 -3.14159
1000001110 0.0271301 0
1000001111 0.00456238 -3.14159
1000010000 0.00470734 0
1000010001 0.00949097 -3.14159
1000010010 0.037323 -3.14159
1000010011 0.0176086 -3.14159
1000010100 0.0347595 0
1000010101 0.0232391 -3.14159
1000010110 0.0299072 0
1000010111 0.0137329 0
1000011000 0.0547485 0
1000011001 0.0641479 -3.14159
1000011010 0.0207367 0
1000011011 0.00936127 0
1000011100 0.0153351 0
1000011101 0.0418701 0
1000011110 0.00115776 -3.14159
1000011111 0.00925446 -3.14159
1000100000 0.0249176 -3.14159
1000100001 0.0274048 0
1000100010 0.0008111 -3.14159
1000100011 0.0441284 0
1000100100 0.0345459 -3.14159
1000100101 0.0422974 -3.14159
1000100110 0.0263519 -3.14159
1000100111 0.0170135 -3.14159
1000101000 0.0051918 0
1000101001 0.000736237 -3.14159
1000101010 0.0172119 0
1000101011 0.0428467 0
1000101100 0.0127716 -3.14159
1000101101 0.0469971 -3.14159
1000101110 0.0258789 -3.14159
1000101111 0.0066452 -3.14159
1000110000 0.0172577 -3.14159
1000110001 0.0032959 -3.14159
1000110010 0.0128403 0
1000110011 0.0126419 0
1000110100 0.0238342 -3.14159
1000110101 0.021759 0
1000110110 0.0116882 0
1000110111 0.0316162 0
1000111000 0.0662231 -3.14159
1000111001 0.00894165 0
1000111010 0.000743866 -3.14159
1000111011 0.0244446 0
1000111100 0.0246582 0
1000111101 0.0147247 0
1000111110 0.0238495 0
1000111111 0.013382 0
1001000000 6.08563e-05 -3.14159
1001000001 0.0248566 -3.14159
1001000010 0.00562286 -3.14159
1001000011 0.000352621 0
1001000100 0.0226593 -3.14159
1001000101 0.000695229 0
1001000110 0.0222168 -3.14159
1001000111 0.0328064 -3.14159
1001001000 0.0310974 0
1001001001 0.0183411 -3.14159
1001001010 0.022522 -3.14159
1001001011 0.00388145 0
1001001100 0.0344543 0
1001001101 0.0132523 -3.14159
1001001110 0.0138931 0
1001001111 0.0412903 -3.14159
1001010000 0.0496826 0
1001010001 0.0329285 0
1001010010 0.0750122 -3.14159
1001010011 0.046875 -3.14159
1001010100 0.0256653 0
1001010101 0.00225449 -3.14159
1001010110 0.00779724 0
1001010111 0.0460815 0
1001011000 0.0497437 -3.14159
1001011001 0.00652695 0
1001011010 0.0152206 0
1001011011 0.00787354 -3.14159
1001011100 0.0178528 -3.14159
1001011101 0.0303345 0
1001011110 0.039856 0
1001011111 0.00777435 0
1001100000 0.0105743 -3.14159
1001100001 0.0139008 0
1001100010 0.0100327 0
1001100011 0.01371 -3.14159
1001100100 0.036499 -3.14159
1001100101 0.00619507 0
1001100110 0.00495148 0
1001100111 0.0828857 0
1001101000 0.0348206 0
1001101001 0.0278473 -3.14159
1001101010 0.0231781 0
1001101011 0.00170803 0
1001101100 0.00101852 0
1001101101 0.0476685 0
1001101110 0.0211945 0
1001101111 0.0793457 0
1001110000 0.0379639 0
1001110001 0.0410156 -3.14159
1001110010 0.0119705 0
1001110011 0.00873566 0
1001110100 0.0288086 -3.14159
1001110101 0.022049 0
1001110110 0.0569763 0
1001110111 0.0170593 -3.14159
1001111000 0.0159302 0
1001111001 0.00555801 -3.14159
1001111010 0.0268097 0
1001111011 0.0378113 -3.14159
1001111100 0.00535583 -3.14159
1001111101 0.00654984 -3.14159
1001111110 0.0408936 -3.14159
1001111111 0.0178833 -3.14159
1010000000 0.00986481 -3.14159
1010000001 0.0276031 -3.14159
1010000010 0.0287018 -3.14159
1010000011 0.0218353 -3.14159
1010000100 0.0094986 -3.14159
1010000101 0.0406494 0
1010000110 0.0462341 0
1010000111 0.0381775 -3.14159
1010001000 0.0328064 -3.14159
1010001001 0.0910034 0
1010001010 0.0480347 -3.14159
1010001011 0.0415344 0
1010001100 0.01371 0
1010001101 0.0238342 0
1010001110 0.0342102 -3.14159
1010001111 0.00663757 -3.14159
1010010000 0.0327148 0
1010010001 0.0466309 -3.14159
1010010010 0.0173492 -3.14159
1010010011 0.00918579 -3.14159
1010010100 0.0185089 -3.14159
1010010101 0.00189209 -3.14159
1010010110 0.0272369 -3.14159
1010010111 0.0133057 0
1010011000 0.0148773 0
1010011001 0.0688477 0
1010011010 0.00175762 -3.14159
1010011011 0.00791168 0
1010011100 0.00263214 0
1010011101 0.0213013 0
1010011110 0.0171051 0
1010011111 0.00146103 -3.14159
1010100000 0.0301361 -3.14159
1010100001 0.006073 0
1010100010 0.000782013 0
1010100011 0.0301208 -3.14159
1010100100 0.0243225 -3.14159
1010100101 0.0423584 0
1010100110 0.0244446 0
1010100111 0.0334778 0
1010101000 0.0219116 -3.14159
1010101001 0.0069809 0
1010101010 0.0144501 0
1010101011 0.100952 0
1010101100 0.0204926 0
1010101101 0.00884247 0
1010101110 0.0188141 -3.14159
1010101111 0.0254211 -3.14159
1010110000 0.0572815 0
1010110001 0.0476074 -3.14159
1010110010 0.0196533 -3.14159
1010110011 0.0212708 0
1010110100 0.00342369 -3.14159
1010110101 0.0209198 0
1010110110 0.00276756 0
1010110111 0.0050621 -3.14159
1010111000 0.00799561 0
1010111001 0.0270996 0
1010111010 0.0461426 -3.14159
1010111011 0.00944519 0
1010111100 0.0187683 -3.14159
1010111101 0.0224609 0
1010111110 0.0495605 -3.14159
1010111111 0.0274048 -3.14159
1011000000 0.00249481 0
1011000001 0.0165558 -3.14159
1011000010 0.0163422 0
1011000011 0.0051918 -3.14159
1011000100 0.0276031 0
1011000101 0.0547485 0
1011000110 0.0361633 -3.14159
1011000111 0.00802612 -3.14159
1011001000 0.0720825 -3.14159
1011001001 0.0189972 0
1011001010 0.00366211 0
1011001011 0.00613403 0
1011001100 0.00832367 0
1011001101 0.0385132 0
1011001110 0.01474 -3.14159
1011001111 0.0389404 -3.14159
1011010000 0.013031 0
1011010001 0.041626 -3.14159
1011010010 0.0210266 0
1011010011 0.0134125 -3.14159
1011010100 0.00683212 -3.14159
1011010101 0.0661621 -3.14159
1011010110 0.0181732 -3.14159
1011010111 0.0499573 -3.14159
1011011000 0.0157166 -3.14159
1011011001 0.0217743 0
1011011010 0.00762939 -3.14159
1011011011 0.00498199 -3.14159
1011011100 0.0244141 -3.14159
1011011101 0.0223083 0
1011011110 0.0381775 -3.14159
1011011111 0.0223999 -3.14159
1011100000 0.0128326 0
1011100001 0.00727463 -3.14159
1011100010 0.00186062 -3.14159
1011100011 0.0579224 0
1011100100 0.0693359 0
1011100101 0.0093689 0
1011100110 0.00654984 0
1011100111 0.018692 0
1011101000 0.056427 0
1011101001 0.0387268 -3.14159
1011101010 0.016037 0
1011101011 0.0161743 -3.14159
1011101100 0.0285339 0
1011101101 0.012886 -3.14159
1011101110 0.0240784 0
1011101111 0.110718 0
1011110000 0.011261 0
1011110001 0.0142212 -3.14159
1011110010 0.00932312 0
1011110011 0.00116634 0
1011110100 0.0249329 -3.14159
1011110101 0.0307159 0
1011110110 0.0562439 -3.14159
1011110111 0.0256958 -3.14159
1011111000 0.0174408 0
1011111001 0.0405273 -3.14159
1011111010 0.013443 -3.14159
1011111011 0.00978851 -3.14159
1011111100 0.0688477 0
1011111101 0.0320435 0
1011111110 0.0544434 0
1011111111 0.016449 0
1100000000 0.0218353 -3.14159
1100000001 0.0375061 0
1100000010 0.00950623 -3.14159
1100000011 0.00624466 0
1100000100 0.0284576 -3.14159
1100000101 0.026947 0
1100000110 0.00348473 0
1100000111 0.0340271 0
1100001000 0.0154953 -3.14159
1100001001 0.0149002 -3.14159
1100001010 0.00904846 0
1100001011 0.00953674 -3.14159
1100001100 0.00180149 0
1100001101 0.0033989 0
1100001110 0.0241699 0
1100001111 0.00473404 0
1100010000 0.0735474 0
1100010001 0.00828552 0
1100010010 0.00350952 0
1100010011 0.0756226 -3.14159
1100010100 0.00174236 0
1100010101 0.0402527 -3.14159
1100010110 0.0221558 -3.14159
1100010111 0.0534973 0
1100011000 0.0444031 -3.14159
1100011001 0.00329018 0
1100011010 0.000162482 0
1100011011 0.00510406 0
1100011100 0.017334 -3.14159
1100011101 0.0159912 0
1100011110 0.0134583 -3.14159
1100011111 0.0222015 -3.14159
1100100000 0.0207062 0
1100100001 0.0384521 -3.14159
1100100010 0.026062 0
1100100011 0.0229492 0
1100100100 0.0325012 0
1100100101 0.0607605 -3.14159
1100100110 0.00808716 0
1100100111 0.00268555 0
1100101000 0.0319824 -3.14159
1100101001 0.0335388 0
1100101010 0.020462 0
1100101011 0.0411987 0
1100101100 0.0527039 -3.14159
1100101101 0.0287933 -3.14159
1100101110 0.0761108 0
1100101111 0.00743103 -3.14159
1100110000 0.0134659 0
1100110001 0.00590515 -3.14159
1100110010 0.0552368 0
1100110011 0.0228729 -3.14159
1100110100 0.00290298 -3.14159
1100110101 0.009758 0
1100110110 0.0607605 0
1100110111 0.000967979 -3.14159
1100111000 0.01297 -3.14159
1100111001 0.0161743 0
1100111010 0.00196648 -3.14159
1100111011 0.0431519 -3.14159
1100111100 0.0282745 -3.14159
1100111101 0.0294952 -3.14159
1100111110 0.0281372 -3.14159
1100111111 0.0324707 -3.14159
1101000000 0.0844116 0
1101000001 0.00593567 -3.14159
1101000010 0.0150604 -3.14159
1101000011 0.0273132 -3.14159
1101000100 0.0455322 0
1101000101 0.0531616 0
1101000110 0.0258636 0
1101000111 0.0212097 -3.14159
1101001000 0.0808716 0
1101001001 0.00340462 0
1101001010 0.0107498 0
1101001011 0.0107269 0
1101001100 0.00227737 -3.14159
1101001101 0.0299988 0
1101001110 0.00292015 -3.14159
1101001111 0.0150223 0
1101010000 0.00466156 0
1101010001 0.00155163 -3.14159
1101010010 0.0166931 0
1101010011 0.0555115 0
1101010100 0.00298882 0
1101010101 0.0208282 0
1101010110 0.0177307 0
1101010111 0.036499 0
1101011000 0.0103073 -3.14159
1101011001 0.0168915 0
1101011010 0.026947 0
1101011011 0.00443268 -3.14159
1101011100 0.0169373 0
1101011101 0.0269012 0
1101011110 0.0267487 -3.14159
1101011111 0.0423279 -3.14159
1101100000 0.00876617 0
1101100001 0.00609207 -3.14159
1101100010 0.0180817 -3.14159
1101100011 0.0429382 0
1101100100 0.0340576 -3.14159
1101100101 0.0502625 -3.14159
1101100110 0.00646591 -3.14159
1101100111 0.0214386 0
1101101000 0.0260468 0
1101101001 0.0121002 0
1101101010 0.0145493 0
1101101011 0.00097847 0
1101101100 0.0329285 -3.14159
1101101101 0.00229263 0
1101101110 0.028717 0
1101101111 0.0429382 -3.14159
1101110000 0.0106888 -3.14159
1101110001 0.0401001 0
1101110010 0.00731277 -3.14159
1101110011 0.0568848 -3.14159
1101110100 0.0202942 -3.14159
1101110101 0.0206451 0
1101110110 0.022522 -3.14159
1101110111 0.039917 -3.14159
1101111000 0.0665894 -3.14159
1101111001 0.00189018 0
1101111010 0.0224304 0
1101111011 0.0118027 -3.14159
1101111100 0.0270996 0
1101111101 0.0301971 -3.14159
1101111110 0.010788 0
1101111111 0.0344238 -3.14159
1110000000 0.0162201 -3.14159
1110000001 0.00116062 0
1110000010 0.06604 0
1110000011 0.0370789 -3.14159
1110000100 0.0109024 -3.14159
1110000101 0.017868 0
1110000110 0.0333862 -3.14159
1110000111 0.0419617 0
1110001000 0.0038147 -3.14159
1110001001 0.0162201 0
1110001010 0.0169983 0
1110001011 0.0182495 0
1110001100 0.0240021 -3.14159
1110001101 0.0629272 0
1110001110 0.025238 0
1110001111 0.0354004 0
1110010000 0.0133286 -3.14159
1110010001 0.0204926 0
1110010010 0.0053978 -3.14159
1110010011 0.0413513 0
1110010100 0.0334473 -3.14159
1110010101 0.0448303 -3.14159
1110010110 0.0414429 0
1110010111 0.0313721 -3.14159
1110011000 0.00766754 0
1110011001 0.00934601 -3.14159
1110011010 0.0121918 0
1110011011 0.0204315 -3.14159
1110011100 0.025589 0
1110011101 0.00841522 -3.14159
1110011110 0.0173492 -3.14159
1110011111 0.0768433 0
1110100000 0.017334 0
1110100001 0.0192719 -3.14159
1110100010 0.0531006 -3.14159
1110100011 0.0027523 -3.14159
1110100100 0.0030632 0
1110100101 0.0385742 0
1110100110 0.0352478 -3.14159
1110100111 0.0114059 0
1110101000 0.021347 -3.14159
1110101001 0.0358887 0
1110101010 0.0255432 0
1110101011 0.00601959 0
1110101100 0.0172577 0
1110101101 0.00117874 -3.14159
1110101110 0.00162601 0
1110101111 0.00939941 -3.14159
1110110000 0.0278931 0
1110110001 0.0242157 -3.14159
1110110010 0.0367737 -3.14159
1110110011 0.0679321 -3.14159
1110110100 0.00388718 0
1110110101 0.0726318 -3.14159
1110110110 0.0151138 0
1110110111 0.0152359 -3.14159
1110111000 0.0241699 -3.14159
1110111001 0.116089 -3.14159
1110111010 0.0473938 -3.14159
1110111011 0.0181885 0
1110111100 0.0300598 -3.14159
1110111101 0.00845337 0
1110111110 0.00548935 -3.14159
1110111111 0.0350647 -3.14159
1111000000 0.0325012 0
1111000001 0.0344543 -3.14159
1111000010 0.053833 0
1111000011 0.014183 -3.14159
1111000100 0.0438232 -3.14159
1111000101 0.0289917 -3.14159
1111000110 0.037323 0
1111000111 0.0116882 -3.14159
1111001000 0.0170746 -3.14159
1111001001 0.0361938 -3.14159
1111001010 0.0163269 0
1111001011 0.0351868 0
1111001100 0.0178223 -3.14159
1111001101 0.0140381 -3.14159
1111001110 0.00513458 0
1111001111 0.103088 0
1111010000 0.00879669 0
1111010001 0.0290222 -3.14159
1111010010 0.0101166 -3.14159
1111010011 0.00588226 0
1111010100 0.0189209 0
1111010101 0.0101318 -3.14159
1111010110 0.00255203 0
1111010111 0.02211 0
1111011000 0.0327759 0
1111011001 0.0096283 -3.14159
1111011010 0.0440369 -3.14159
1111011011 0.0160675 0
1111011100 0.00237656 0
1111011101 0.00954437 -3.14159
1111011110 0.0164948 -3.14159
1111011111 0.0237579 -3.14159
1111100000 0.0394592 0
1111100001 0.00637436 -3.14159
1111100010 0.00636292 -3.14159
1111100011 0.0593567 -3.14159
1111100100 0.0127869 0
1111100101 0.026001 -3.14159
1111100110 0.0461731 0
1111100111 0.00146294 0
1111101000 0.000839233 0
1111101001 0.00722504 0
1111101010 0.0422363 -3.14159
1111101011 0.0477905 -3.14159
1111101100 0.0755615 0
1111101101 0.0444031 -3.14159
1111101110 0.0591736 0
1111101111 0.0508423 0
1111110000 0.0278473 -3.14159
1111110001 0.0514221 0
1111110010 0.00853729 -3.14159
1111110011 0.0375061 -3.14159
1111110100 0.0455627 -3.14159
1111110101 0.0463867 0
1111110110 0.067688 -3.14159
1111110111 0.0240936 0
1111111000 0.0505676 -3.14159
1111111001 0.0299072 -3.14159
1111111010 0.0222168 -3.14159
1111111011 0.00181007 -3.14159
1111111100 0.0075531 0
1111111101 0.0247192 0
1111111110 0.0288239 0
1111111111 0.0060463 0
