0000000000 0.00159073 0
0000000001 0.019516 0
0000000010 0.0140839 0
0000000011 0.00326157 -3.14159
0000000100 0.0169373 -3.14159
0000000101 0.0151062 0
0000000110 0.00222397 -3.14159
0000000111 0.0482483 -3.14159
0000001000 0.0196533 0
0000001001 0.02388 0
0000001010 0.00274086 0
0000001011 0.0234375 -3.14159
0000001100 0.0121765 0
0000001101 0.0155945 -3.14159
0000001110 0.0368042 0
0000001111 0.010376 0
0000010000 0.0232391 0
0000010001 0.00963593 0
0000010010 0.0504761 -3.14159
0000010011 0.0307465 -3.14159
0000010100 0.0290375 -3.14159
0000010101 0.0610046 -3.14159
0000010110 0.0506897 -3.14159
0000010111 6.52075e-05 0
0000011000 0.0202484 -3.14159
0000011001 0.00783539 0
0000011010 0.0135345 0
0000011011 0.0596924 0
0000011100 0.0170288 0
0000011101 0.004879 -3.14159
0000011110 0.0458679 -3.14159
0000011111 0.0646973 0
0000100000 0.0849609 -3.14159
0000100001 0.00955963 -3.14159
0000100010 0.0779419 -3.14159
0000100011 0.0214996 0
0000100100 0.00880432 -3.14159
0000100101 0.026001 0
0000100110 0.026001 0
0000100111 0.00788116 -3.14159
0000101000 0.0215607 0
0000101001 0.0593872 0
0000101010 0.0121765 -3.14159
0000101011 0.0726318 0
0000101100 0.00143433 -3.14159
0000101101 0.00580978 -3.14159
0000101110 0.0258789 -3.14159
0000101111 0.0210571 0
0000110000 0.0402527 0
0000110001 0.00699615 -3.14159
0000110010 0.0233765 0
0000110011 0.0226593 0
0000110100 0.0592346 -3.14159
0000110101 0.00644302 0
0000110110 0.0295258 0
0000110111 6.76513e-05 0
0000111000 0.00846863 0
0000111001 0.0490112 -3.14159
0000111010 0.00431061 -3.14159
0000111011 0.000514984 -3.14159
0000111100 0.000859737 0
0000111101 0.0379333 0
0000111110 0.0102081 -3.14159
0000111111 0.00904846 0
0001000000 0.0243073 0
0001000001 0.0386658 -3.14159
0001000010 0.0236969 -3.14159
0001000011 0.000316381 -3.14159
0001000100 0.0158234 -3.14159
0001000101 0.0223694 0
0001000110 0.00806427 -3.14159
0001000111 0.0139465 0
0001001000 0.0742798 -3.14159
0001001001 0.0082016 -3.14159
0001001010 0.0157166 -3.14159
0001001011 0.0110092 -3.14159
0001001100 0.0175934 0
0001001101 0.0348511 -3.14159
0001001110 0.0436401 0
0001001111 0.0124588 0
0001010000 0.0211945 0
0001010001 0.0136948 -3.14159
0001010010 0.0565186 0
0001010011 0.00309944 -3.14159
0001010100 0.0163116 -3.14159
0001010101 0.0161438 0
0001010110 0.0220947 -3.14159
0001010111 0.0309143 -3.14159
0001011000 0.0617065 0
0001011001 0.0544434 0
0001011010 0.0151901 -3.14159
0001011011 0.0736084 -3.14159
0001011100 0.0231018 0
0001011101 0.00601959 -3.14159
0001011110 0.0408325 -3.14159
0001011111 0.00142765 -3.14159
0001100000 0.0690918 -3.14159
0001100001 0.0216675 0
0001100010 0.0523071 -3.14159
0001100011 0.00891113 0
0001100100 0.0374756 0
0001100101 0.0452576 -3.14159
0001100110 0.0182953 0
0001100111 0.110413 0
0001101000 0.0395508 0
0001101001 0.00554657 -3.14159
0001101010 0.0069313 -3.14159
0001101011 0.0136642 -3.14159
0001101100 0.0518494 -3.14159
0001101101 0.0195007 -3.14159
0001101110 0.0458984 0
0001101111 0.00500107 -3.14159
0001110000 0.0435181 -3.14159
0001110001 0.0214691 0
0001110010 0.0335083 -3.14159
0001110011 0.0242157 0
0001110100 0.0326538 0
0001110101 0.0189667 -3.14159
0001110110 0.0324707 -3.14159
0001110111 0.0198059 -3.14159
0001111000 0.0164337 -3.14159
0001111001 0.0151825 -3.14159
0001111010 0.0135422 0
0001111011 0.0314941 0
0001111100 0.0142365 -3.14159
0001111101 0.0376282 0
0001111110 0.0125656 0
0001111111 0.0266571 0
0010000000 0.0105591 -3.14159
0010000001 0.0237732 0
0010000010 0.0252991 -3.14159
0010000011 0.0196686 -3.14159
0010000100 0.0224152 -3.14159
0010000101 0.0114975 -3.14159
0010000110 0.0323486 -3.14159
0010000111 0.058197 -3.14159
0010001000 0.00407791 -3.14159
0010001001 0.021225 0
0010001010 0.00584412 0
0010001011 0.028717 -3.14159
0010001100 0.023819 -3.14159
0010001101 0.0240936 -3.14159
0010001110 0.0369568 0
0010001111 0.0147324 0
0010010000 0.0802612 -3.14159
0010010001 0.0209198 -3.14159
0010010010 0.039093 -3.14159
0010010011 0.0272369 -3.14159
0010010100 0.0598755 -3.14159
0010010101 0.0254059 -3.14159
0010010110 0.0324707 0
0010010111 0.00615311 -3.14159
0010011000 0.00242233 0
0010011001 0.0274506 -3.14159
0010011010 0.0113983 0
0010011011 0.0387268 0
0010011100 0.0331726 0
0010011101 0.0550842 0
0010011110 0.0113068 0
0010011111 0.00668716 0
0010100000 0.0267334 -3.14159
0010100001 0.00236893 -3.14159
0010100010 0.054718 -3.14159
0010100011 0.0210114 -3.14159
0010100100 0.0166168 -3.14159
0010100101 0.00568771 -3.14159
0010100110 0.032959 0
0010100111 0.0469666 0
0010101000 0.00358963 -3.14159
0010101001 0.00800323 -3.14159
0010101010 0.022995 -3.14159
0010101011 5.1558e-05 0
0010101100 0.0349121 -3.14159
0010101101 0.0703125 0
0010101110 0.0169067 0
0010101111 0.00573349 0
0010110000 0.0176392 -3.14159
0010110001 0.0115356 0
0010110010 0.0287628 0
0010110011 0.0214996 -3.14159
0010110100 0.0133972 0
0010110101 0.0180206 0
0010110110 0.00727463 -3.14159
0010110111 0.0288696 -3.14159
0010111000 0.0337219 0
0010111001 0.013298 -3.14159
0010111010 0.0184326 -3.14159
0010111011 0.00830841 0
0010111100 0.02005 -3.14159
0010111101 0.0207214 -3.14159
0010111110 0.00521851 0
0010111111 0.0123444 0
0011000000 0.00439072 -3.14159
0011000001 0.0206299 0
0011000010 0.0597534 0
0011000011 0.000437498 -3.14159
0011000100 0.00430679 0
0011000101 0.0297394 0
0011000110 0.00845337 0
0011000111 0.00782013 0
0011001000 0.00991058 0
0011001001 0.0151138 0
0011001010 0.0353394 0
0011001011 0.0384521 -3.14159
0011001100 0.00975037 -3.14159
0011001101 0.0229645 -3.14159
0011001110 0.0869751 0
0011001111 0.0071373 0
0011010000 0.013237 -3.14159
0011010001 0.00962067 0
0011010010 0.0113449 -3.14159
0011010011 0.027771 -3.14159
0011010100 0.0342102 -3.14159
0011010101 0.021225 -3.14159
0011010110 0.0107956 -3.14159
0011010111 0.0244598 0
0011011000 0.00804138 -3.14159
0011011001 0.00104237 -3.14159
0011011010 0.00109196 0
0011011011 0.0131607 -3.14159
0011011100 0.0162659 0
0011011101 0.0266571 -3.14159
0011011110 0.0413513 0
0011011111 0.0571899 0
0011100000 0.0244293 0
0011100001 0.00152302 0
0011100010 0.0118484 0
0011100011 0.00562668 0
0011100100 0.00621414 -3.14159
0011100101 0.0203857 0
0011100110 0.0164337 0
0011100111 0.0289001 0
0011101000 0.0335083 -3.14159
0011101001 0.0208588 0
0011101010 0.0267639 0
0011101011 0.0274658 0
0011101100 0.00233078 -3.14159
0011101101 0.00475693 -3.14159
0011101110 0.0324097 -3.14159
0011101111 0.0277405 -3.14159
0011110000 0.01091 0
0011110001 0.0305634 0
0011110010 0.00884247 0
0011110011 0.042511 0
0011110100 0.0146255 -3.14159
0011110101 0.0210876 0
0011110110 0.0662231 -3.14159
0011110111 0.0648193 0
0011111000 0.019165 0
0011111001 0.0584106 -3.14159
0011111010 0.0218201 0
0011111011 0.0330811 -3.14159
0011111100 0.0335693 -3.14159
0011111101 0.00323486 0
0011111110 0.0513611 0
0011111111 0.011116 0
0100000000 0.0209961 0
0100000001 0.0129166 -3.14159
0100000010 0.0122604 0
0100000011 0.00490952 0
0100000100 0.0786743 -3.14159
0100000101 0.0126724 0
0100000110 0.0510864 0
0100000111 0.0219116 -3.14159
0100001000 0.0243988 0
0100001001 0.0172577 0
0100001010 0.000104487 -3.14159
0100001011 0.0163116 -3.14159
0100001100 0.00312424 -3.14159
0100001101 0.0123978 -3.14159
0100001110 0.00982666 0
0100001111 0.0098114 0
0100010000 0.0200653 0
0100010001 0.0799561 -3.14159
0100010010 0.0032711 0
0100010011 0.00691605 0
0100010100 0.0648193 -3.14159
0100010101 0.0708618 -3.14159
0100010110 0.0246735 0
0100010111 0.0358887 -3.14159
0100011000 0.00868225 -3.14159
0100011001 0.0342102 0
0100011010 0.0213165 -3.14159
0100011011 0.01194 0
0100011100 0.0173187 -3.14159
0100011101 0.0312042 -3.14159
0100011110 0.023056 0
0100011111 0.0132065 -3.14159
0100100000 0.00941467 -3.14159
0100100001 0.0419006 0
0100100010 0.00296402 0
0100100011 0.035675 0
0100100100 0.0178528 0
0100100101 0.0273285 -3.14159
0100100110 0.10553 0
0100100111 0.0285797 -3.14159
0100101000 0.0303955 0
0100101001 0.0393982 -3.14159
0100101010 0.00151634 -3.14159
0100101011 0.0622864 0
0100101100 0.0404053 -3.14159
0100101101 0.0192566 0
0100101110 0.0252991 -3.14159
0100101111 0.0310822 0
0100110000 0.0288239 0
0100110001 0.00391769 -3.14159
0100110010 0.0203094 0
0100110011 0.0374146 -3.14159
0100110100 0.0427551 0
0100110101 0.0181732 0
0100110110 0.00125885 -3.14159
0100110111 0.0271759 0
0100111000 0.0134735 -3.14159
0100111001 0.0207367 0
0100111010 0.00798035 -3.14159
0100111011 0.00895691 0
0100111100 0.00432205 -3.14159
0100111101 0.00960541 0
0100111110 0.00486755 -3.14159
0100111111 0.0090332 -3.14159
0101000000 0.009758 0
0101000001 0.0383301 -3.14159
0101000010 0.0515137 -3.14159
0101000011 0.0332031 -3.14159
0101000100 0.008255 0
0101000101 0.0490417 0
0101000110 0.0127487 0
0101000111 0.0389099 0
0101001000 0.0224762 -3.14159
0101001001 0.0470581 -3.14159
0101001010 0.0109024 0
0101001011 0.0109787 0
0101001100 0.0294647 -3.14159
0101001101 0.0213928 -3.14159
0101001110 0.0122147 -3.14159
0101001111 0.0284424 0
0101010000 0.00467682 -3.14159
0101010001 0.0122375 0
0101010010 0.0238037 -3.14159
0101010011 0.00925446 -3.14159
0101010100 0.0196686 -3.14159
0101010101 0.0182648 0
0101010110 0.0267944 -3.14159
0101010111 0.03125 0
0101011000 0.0307007 0
0101011001 0.0187531 0
0101011010 0.0175018 0
0101011011 0.00558853 -3.14159
0101011100 0.0360107 0
0101011101 0.004879 0
0101011110 0.0405273 -3.14159
0101011111 0.019043 0
0101100000 0.0388794 -3.14159
0101100001 0.0112839 -3.14159
0101100010 0.0027256 0
0101100011 0.0156174 -3.14159
0101100100 0.0296936 -3.14159
0101100101 0.0101547 0
0101100110 0.0368347 -3.14159
0101100111 0.0354004 0
0101101000 0.0140991 -3.14159
0101101001 0.0204468 -3.14159
0101101010 0.0582886 -3.14159
0101101011 0.0102615 -3.14159
0101101100 0.0117493 0
0101101101 0.0263519 0
0101101110 0.0196686 -3.14159
0101101111 0.032196 -3.14159
0101110000 0.0334167 0
0101110001 0.0403442 -3.14159
0101110010 0.0547791 -3.14159
0101110011 0.032196 0
0101110100 0.00437164 -3.14159
0101110101 0.015686 -3.14159
0101110110 0.0175323 -3.14159
0101110111 0.0145187 0
0101111000 0.0205231 -3.14159
0101111001 0.00630951 0
0101111010 0.00299644 0
0101111011 0.00704956 0
0101111100 0.0154037 0
0101111101 0.0271912 -3.14159
0101111110 0.0226135 0
0101111111 0.0365295 0
0110000000 0.0259399 -3.14159
0110000001 0.0181274 -3.14159
0110000010 0.00400543 0
0110000011 0.0166779 0
0110000100 0.0184631 -3.14159
0110000101 0.0169525 0
0110000110 0.00269508 0
0110000111 0.0541077 -3.14159
0110001000 0.00609207 -3.14159
0110001001 0.0197144 0
0110001010 0.0528564 0
0110001011 0.0486145 -3.14159
0110001100 0.0437622 0
0110001101 0.0596008 -3.14159
0110001110 0.0144653 0
0110001111 0.0272522 0
0110010000 0.0279846 0
0110010001 0.0211334 -3.14159
0110010010 0.0267487 0
0110010011 0.0100327 0
0110010100 0.0288086 -3.14159
0110010101 0.0675659 -3.14159
0110010110 0.036499 0
0110010111 0.00576782 0
0110011000 0.00244331 -3.14159
0110011001 0.112244 -3.14159
0110011010 0.00321388 -3.14159
0110011011 0.00536728 -3.14159
0110011100 0.00515366 -3.14159
0110011101 0.0163422 -3.14159
0110011110 0.0188904 -3.14159
0110011111 0.0154419 0
0110100000 0.0147781 0
0110100001 0.0323181 -3.14159
0110100010 0.00571442 0
0110100011 0.0309753 0
0110100100 0.00828552 -3.14159
0110100101 0.0981445 0
0110100110 0.00893402 0
0110100111 0.0556641 0
0110101000 0.0162354 -3.14159
0110101001 0.0236511 0
0110101010 0.039978 0
0110101011 0.0485229 0
0110101100 0.0578308 -3.14159
0110101101 0.00541687 0
0110101110 0.0422363 0
0110101111 0.00296402 -3.14159
0110110000 0.0101089 0
0110110001 0.0572815 0
0110110010 0.0215759 0
0110110011 0.0185089 0
0110110100 0.00589752 -3.14159
0110110101 0.0529175 0
0110110110 0.0149994 0
0110110111 0.0576172 -3.14159
0110111000 0.0548096 -3.14159
0110111001 0.00652313 0
0110111010 0.0166473 -3.14159
0110111011 0.10437 0
0110111100 0.0405884 -3.14159
0110111101 0.0442505 -3.14159
0110111110 0.00984955 0
0110111111 0.0377502 0
0111000000 0.010643 0
0111000001 0.0206909 -3.14159
0111000010 0.0405579 0
0111000011 0.00970459 -3.14159
0111000100 0.0011797 0
0111000101 0.064209 -3.14159
0111000110 0.00870514 0
0111000111 0.0373535 -3.14159
0111001000 0.0145035 0
0111001001 0.0132599 -3.14159
0111001010 0.0176697 0
0111001011 0.0199432 0
0111001100 0.0132599 -3.14159
0111001101 0.0537415 -3.14159
0111001110 0.017334 0
0111001111 0.00605011 0
0111010000 0.0100784 -3.14159
0111010001 0.00952911 -3.14159
0111010010 0.0733643 0
0111010011 0.0419617 0
0111010100 0.0360413 -3.14159
0111010101 0.0154572 0
0111010110 0.0839233 0
0111010111 0.020813 0
0111011000 0.0132828 -3.14159
0111011001 0.01651 -3.14159
0111011010 0.0179291 0
0111011011 0.0105667 -3.14159
0111011100 0.0202026 0
0111011101 0.00252724 -3.14159
0111011110 0.0548706 -3.14159
0111011111 0.00809479 -3.14159
0111100000 0.0256195 0
0111100001 0.0121002 -3.14159
0111100010 0.00703049 0
0111100011 0.0186462 -3.14159
0111100100 0.00635147 0
0111100101 0.0445251 0
0111100110 0.030014 -3.14159
0111100111 0.0232239 -3.14159
0111101000 0.0331116 -3.14159
0111101001 0.009758 0
0111101010 0.0194397 0
0111101011 0.000478983 -3.14159
0111101100 0.00241852 -3.14159
0111101101 0.0638428 -3.14159
0111101110 0.0263672 0
0111101111 0.0402527 0
0111110000 0.0132828 -3.14159
0111110001 0.0135269 0
0111110010 0.0361023 -3.14159
0111110011 0.0206299 0
0111110100 0.0126648 -3.14159
0111110101 0.0293121 -3.14159
0111110110 0.0293427 -3.14159
0111110111 0.00295639 -3.14159
0111111000 0.00419617 0
0111111001 0.0565491 0
0111111010 0.0686035 -3.14159
0111111011 0.0535278 -3.14159
0111111100 0.0318298 -3.14159
0111111101 0.0169373 0
0111111110 0.0181427 -3.14159
0111111111 0.0150375 -3.14159
1000000000 0.0160675 -3.14159
1000000001 0.0283203 -3.14159
1000000010 0.00717545 0
1000000011 0.00350761 0
1000000100 0.0271759 0
1000000101 0.0258942 -3.14159
1000000110 0.0213776 -3.14159
1000000111 0.011261 -3.14159
1000001000 0.0026989 -3.14159
1000001001 0.0117493 0
1000001010 0.0297394 -3.14159
1000001011 0.0092926 -3.14159
1000001100 0.0359497 -3.14159
1000001101 0.0415955 -3.14159
1000001110 0.0185089 0
1000001111 0.0120392 -3.14159
1000010000 0.0155487 -3.14159
1000010001 0.0139923 0
1000010010 0.0143585 -3.14159
1000010011 0.0240936 -3.14159
1000010100 0.0315247 0
1000010101 0.00584412 -3.14159
1000010110 0.0298004 0
1000010111 0.0334167 0
1000011000 0.0358887 0
1000011001 0.0598755 -3.14159
1000011010 0.0466919 0
1000011011 0.00301933 0
1000011100 0.00531387 0
1000011101 0.0373535 0
1000011110 0.00414276 0
1000011111 0.00878143 -3.14159
1000100000 0.017395 -3.14159
1000100001 0.0402832 0
1000100010 0.00209236 0
1000100011 0.0223999 0
1000100100 0.0225067 -3.14159
1000100101 0.00610733 -3.14159
1000100110 0.0247498 -3.14159
1000100111 0.0149994 -3.14159
1000101000 0.0126495 -3.14159
1000101001 0.0341187 0
1000101010 0.0047493 0
1000101011 0.00403214 0
1000101100 0.0424805 -3.14159
1000101101 0.0546875 -3.14159
1000101110 0.0572815 -3.14159
1000101111 0.0275421 -3.14159
1000110000 0.0101471 -3.14159
1000110001 0.00268364 0
1000110010 0.0121307 0
1000110011 0.0244141 0
1000110100 0.0174408 -3.14159
1000110101 0.0134048 0
1000110110 0.0225677 0
1000110111 0.0265961 0
1000111000 0.0549316 -3.14159
1000111001 0.0276031 0
1000111010 0.00965118 -3.14159
1000111011 0.0207062 -3.14159
1000111100 0.00191021 -3.14159
1000111101 0.0241241 0
1000111110 0.0108871 0
1000111111 0.000990868 0
1001000000 0.0289307 -3.14159
1001000001 0.0238342 -3.14159
1001000010 0.00679779 0
1001000011 0.00799561 -3.14159
1001000100 0.0111847 0
1001000101 0.00187492 -3.14159
1001000110 0.0132904 0
1001000111 0.0162354 -3.14159
1001001000 0.0681763 0
1001001001 0.000489712 -3.14159
1001001010 0.0114517 0
1001001011 0.0245056 0
1001001100 0.0442505 0
1001001101 0.027298 -3.14159
1001001110 0.000170708 0
1001001111 0.0335999 -3.14159
1001010000 0.0441895 0
1001010001 0.0278931 0
1001010010 0.0208282 -3.14159
1001010011 0.027359 -3.14159
1001010100 0.0149765 -3.14159
1001010101 0.00126648 0
1001010110 9.95994e-05 0
1001010111 0.0291748 0
1001011000 0.0289001 -3.14159
1001011001 0.00790405 -3.14159
1001011010 0.0083313 0
1001011011 0.00287628 -3.14159
1001011100 0.00937653 0
1001011101 0.00778961 0
1001011110 0.000277519 0
1001011111 0.000190616 0
1001100000 0.0189514 -3.14159
1001100001 0.04245 0
1001100010 0.0141678 -3.14159
1001100011 0.0192108 0
1001100100 0.0353088 -3.14159
1001100101 0.0155182 0
1001100110 0.0131607 0
1001100111 0.0994263 0
1001101000 0.00978088 -3.14159
1001101001 0.0429993 -3.14159
1001101010 0.0305481 0
1001101011 0.00602341 -3.14159
1001101100 0.0156555 0
1001101101 0.0657959 0
1001101110 0.00161076 0
1001101111 0.0411682 0
1001110000 0.0325317 0
1001110001 0.020874 -3.14159
1001110010 0.0133438 -3.14159
1001110011 0.0578308 0
1001110100 0.0371094 -3.14159
1001110101 0.0540466 0
1001110110 0.0347595 0
1001110111 0.00743484 -3.14159
1001111000 0.00178337 0
1001111001 0.00522995 -3.14159
1001111010 0.00267029 0
1001111011 0.0235291 -3.14159
1001111100 0.00587463 -3.14159
1001111101 6.92606e-05 -3.14159
1001111110 0.0115051 -3.14159
1001111111 0.00213814 -3.14159
1010000000 0.0094223 -3.14159
1010000001 0.0368042 -3.14159
1010000010 0.039032 -3.14159
1010000011 0.0451355 -3.14159
1010000100 0.00058651 -3.14159
1010000101 0.0444641 0
1010000110 0.0406189 0
1010000111 0.0383911 -3.14159
1010001000 0.0191803 -3.14159
1010001001 0.0577087 0
1010001010 0.035675 -3.14159
1010001011 0.020813 0
1010001100 0.012619 0
1010001101 0.0189667 0
1010001110 0.020462 -3.14159
1010001111 2.40803e-05 -3.14159
1010010000 0.0234222 0
1010010001 0.0111313 -3.14159
1010010010 0.0392761 -3.14159
1010010011 0.0422363 -3.14159
1010010100 0.02771 -3.14159
1010010101 0.0184631 -3.14159
1010010110 0.0271912 -3.14159
1010010111 0.0211029 0
1010011000 0.00536346 0
1010011001 0.0338135 0
1010011010 0.0185394 -3.14159
1010011011 0.00452042 -3.14159
1010011100 0.0315857 -3.14159
1010011101 0.0462341 0
1010011110 0.0577087 0
1010011111 0.00154305 -3.14159
1010100000 0.0234985 0
1010100001 0.0119095 0
1010100010 0.0110855 -3.14159
1010100011 0.0274048 -3.14159
1010100100 0.0118332 -3.14159
1010100101 0.0301208 0
1010100110 0.0220795 0
1010100111 0.0116882 0
1010101000 0.0164185 -3.14159
1010101001 0.0080719 0
1010101010 0.00286865 0
1010101011 0.117798 0
1010101100 0.0239716 0
1010101101 0.010849 -3.14159
1010101110 0.000323057 0
1010101111 0.000263214 0
1010110000 0.0462952 0
1010110001 0.0381165 -3.14159
1010110010 0.0202179 -3.14159
1010110011 0.0294037 0
1010110100 0.00827026 0
1010110101 0.0146942 0
1010110110 0.0143509 -3.14159
1010110111 0.00466156 -3.14159
1010111000 0.00484467 -3.14159
1010111001 0.0190735 0
1010111010 0.0380859 -3.14159
1010111011 0.00736618 0
1010111100 0.0225677 -3.14159
1010111101 0.0569458 0
1010111110 0.0105209 -3.14159
1010111111 0.0195618 -3.14159
1011000000 0.0341492 0
1011000001 0.0248566 -3.14159
1011000010 0.01194 0
1011000011 0.00888062 0
1011000100 0.0257721 0
1011000101 0.0299072 0
1011000110 0.00486374 0
1011000111 0.0196991 -3.14159
1011001000 0.0752563 -3.14159
1011001001 0.0155792 0
1011001010 0.00396347 0
1011001011 0.00219154 0
1011001100 0.0364685 0
1011001101 0.0241547 0
1011001110 0.0279541 -3.14159
1011001111 0.00983429 -3.14159
1011010000 0.00339699 -3.14159
1011010001 0.0440369 -3.14159
1011010010 0.000668526 0
1011010011 0.00674057 -3.14159
1011010100 0.0134811 0
1011010101 0.0645142 -3.14159
1011010110 0.0274353 -3.14159
1011010111 0.0351868 -3.14159
1011011000 0.00942993 -3.14159
1011011001 0.0104141 0
1011011010 0.00476456 0
1011011011 0.00318146 0
1011011100 0.00886536 -3.14159
1011011101 0.0215454 0
1011011110 0.0358887 -3.14159
1011011111 0.0480957 -3.14159
1011100000 0.0173798 0
1011100001 0.000241637 -3.14159
1011100010 0.00855255 -3.14159
1011100011 0.0639038 0
1011100100 0.0279236 0
1011100101 0.0162201 0
1011100110 0.0184479 0
1011100111 0.0133438 0
1011101000 0.0315247 0
1011101001 0.0264587 -3.14159
1011101010 0.00406647 -3.14159
1011101011 0.0137177 -3.14159
1011101100 0.0210876 0
1011101101 0.00775528 0
1011101110 0.0496216 0
1011101111 0.117981 0
1011110000 0.0262451 0
1011110001 0.00189877 0
1011110010 0.00875092 0
1011110011 0.00894165 -3.14159
1011110100 0.0239258 -3.14159
1011110101 0.0257874 0
1011110110 0.0386047 -3.14159
1011110111 0.0150757 -3.14159
1011111000 0.0155792 0
1011111001 0.0506897 -3.14159
1011111010 0.00439072 -3.14159
1011111011 0.0141602 0
1011111100 0.0685425 0
1011111101 0.0480347 0
1011111110 0.0543518 0
1011111111 0.0448303 0
1100000000 0.0532837 -3.14159
1100000001 0.0408325 0
1100000010 0.00959778 -3.14159
1100000011 0.000576019 0
1100000100 0.0362549 -3.14159
1100000101 0.0115356 -3.14159
1100000110 0.0118179 0
1100000111 0.0101547 0
1100001000 0.00703049 0
1100001001 0.0213318 0
1100001010 0.0149536 0
1100001011 0.0262604 0
1100001100 0.00682068 -3.14159
1100001101 0.00571442 0
1100001110 0.0280457 0
1100001111 0.0144501 0
1100010000 0.0513306 0
1100010001 0.00222206 0
1100010010 0.00148773 -3.14159
1100010011 0.0504761 -3.14159
1100010100 0.00115395 0
1100010101 0.0379944 -3.14159
1100010110 0.0111237 0
1100010111 0.0702515 0
1100011000 0.0447083 -3.14159
1100011001 0.019928 -3.14159
1100011010 0.0140305 0
1100011011 0.0348206 0
1100011100 0.015976 -3.14159
1100011101 0.0243988 0
1100011110 0.00974274 -3.14159
1100011111 0.0296631 -3.14159
1100100000 0.0450134 0
1100100001 0.0258942 -3.14159
1100100010 0.0188141 0
1100100011 0.00897217 0
1100100100 0.0163727 0
1100100101 0.0551147 -3.14159
1100100110 0.0130463 0
1100100111 0.00385284 0
1100101000 0.0211792 -3.14159
1100101001 0.0220642 0
1100101010 0.0116119 0
1100101011 0.0539246 0
1100101100 0.0167084 -3.14159
1100101101 0.0242462 -3.14159
1100101110 0.0922852 0
1100101111 0.00839996 0
1100110000 0.0158234 -3.14159
1100110001 0.0296936 -3.14159
1100110010 0.0387573 0
1100110011 0.00377274 -3.14159
1100110100 0.0169373 0
1100110101 0.0153198 -3.14159
1100110110 0.0387878 0
1100110111 0.0178375 0
1100111000 0.00224686 -3.14159
1100111001 0.00105762 0
1100111010 0.0194397 -3.14159
1100111011 0.0418396 -3.14159
1100111100 0.0381165 -3.14159
1100111101 0.0327454 -3.14159
1100111110 0.0420837 -3.14159
1100111111 0.0285187 -3.14159
1101000000 0.0583496 0
1101000001 0.0161896 -3.14159
1101000010 0.00297546 -3.14159
1101000011 0.00608063 -3.14159
1101000100 0.0427856 0
1101000101 0.0568848 0
1101000110 0.0255585 0
1101000111 0.00354767 0
1101001000 0.0375671 0
1101001001 0.00910187 -3.14159
1101001010 0.00536346 -3.14159
1101001011 0.0265961 0
1101001100 0.00138378 0
1101001101 0.023941 0
1101001110 0.00304413 0
1101001111 0.0148926 -3.14159
1101010000 0.00963593 0
1101010001 0.00763702 -3.14159
1101010010 0.0262756 0
1101010011 0.069519 0
1101010100 0.00984955 0
1101010101 0.014679 0
1101010110 0.0303345 0
1101010111 0.0324097 0
1101011000 0.00246048 -3.14159
1101011001 0.000627995 -3.14159
1101011010 0.0395508 0
1101011011 0.00400543 0
1101011100 0.00221634 -3.14159
1101011101 0.00699997 0
1101011110 0.029892 -3.14159
1101011111 0.0567627 -3.14159
1101100000 0.01651 0
1101100001 0.0132446 -3.14159
1101100010 0.0203552 -3.14159
1101100011 0.0444946 0
1101100100 0.0446167 -3.14159
1101100101 0.041748 -3.14159
1101100110 0.0281982 -3.14159
1101100111 0.0269775 0
1101101000 0.0502625 0
1101101001 0.0111847 0
1101101010 0.0513306 0
1101101011 0.00325584 0
1101101100 0.0195007 -3.14159
1101101101 0.0130539 0
1101101110 0.0335388 0
1101101111 0.0630493 -3.14159
1101110000 0.0357361 -3.14159
1101110001 0.0461426 0
1101110010 0.0130234 -3.14159
1101110011 0.0435181 -3.14159
1101110100 0.0127716 -3.14159
1101110101 0.0197144 0
1101110110 0.0219574 -3.14159
1101110111 0.0322266 -3.14159
1101111000 0.0413208 -3.14159
1101111001 0.0120926 -3.14159
1101111010 0.00132656 0
1101111011 0.0163422 -3.14159
1101111100 0.0681763 0
1101111101 0.0249634 -3.14159
1101111110 0.00551605 -3.14159
1101111111 0.017868 -3.14159
1110000000 0.00592804 -3.14159
1110000001 0.0343018 0
1110000010 0.0825806 0
1110000011 0.00680542 -3.14159
1110000100 0.0208282 -3.14159
1110000101 0.00610733 -3.14159
1110000110 0.0267029 -3.14159
1110000111 0.0350037 0
1110001000 0.00113583 -3.14159
1110001001 0.000385761 0
1110001010 0.0133743 0
1110001011 0.00400162 -3.14159
1110001100 0.00804138 0
1110001101 0.0751953 0
1110001110 0.0345764 0
1110001111 0.0117111 0
1110010000 0.00981903 -3.14159
1110010001 0.0243988 0
1110010010 0.00153923 -3.14159
1110010011 0.0411987 0
1110010100 0.051239 -3.14159
1110010101 0.029953 -3.14159
1110010110 0.042572 0
1110010111 0.0239868 -3.14159
1110011000 0.0100327 -3.14159
1110011001 0.0190887 -3.14159
1110011010 0.0434875 0
1110011011 0.0454712 -3.14159
1110011100 0.0359497 0
1110011101 0.0107498 -3.14159
1110011110 0.0147018 -3.14159
1110011111 0.0697021 0
1110100000 0.033783 0
1110100001 0.00207329 0
1110100010 0.0507507 -3.14159
1110100011 0.0108643 0
1110100100 0.0140991 0
1110100101 0.0342712 0
1110100110 0.0129089 -3.14159
1110100111 0.0225677 0
1110101000 0.00776291 -3.14159
1110101001 0.0187531 0
1110101010 0.0200806 0
1110101011 0.0122147 0
1110101100 0.0307007 0
1110101101 0.0349731 0
1110101110 0.0149536 0
1110101111 0.00422287 0
1110110000 0.0199127 0
1110110001 0.0299835 -3.14159
1110110010 0.0161285 -3.14159
1110110011 0.0747681 -3.14159
1110110100 0.0158081 0
1110110101 0.0509949 -3.14159
1110110110 0.0113297 0
1110110111 0.0126114 -3.14159
1110111000 0.0117493 0
1110111001 0.0817871 -3.14159
1110111010 0.0104828 -3.14159
1110111011 0.00427246 -3.14159
1110111100 0.0110703 -3.14159
1110111101 0.0225525 0
1110111110 0.0146713 -3.14159
1110111111 0.0450439 -3.14159
1111000000 0.0275116 0
1111000001 0.0318909 -3.14159
1111000010 0.0364075 0
1111000011 0.0275116 -3.14159
1111000100 0.0308533 -3.14159
1111000101 0.0280914 -3.14159
1111000110 0.0287628 0
1111000111 0.00354767 -3.14159
1111001000 0.00711823 -3.14159
1111001001 0.0149689 0
1111001010 0.00195026 -3.14159
1111001011 0.0328064 0
1111001100 0.0100174 -3.14159
1111001101 0.0303345 -3.14159
1111001110 0.00732422 0
1111001111 0.0898438 0
1111010000 0.00658035 -3.14159
1111010001 0.0281982 -3.14159
1111010010 0.00813293 -3.14159
1111010011 0.00962067 0
1111010100 0.0171051 0
1111010101 0.0192413 0
1111010110 0.0130539 0
1111010111 0.00447845 -3.14159
1111011000 0.0478516 0
1111011001 0.0271454 -3.14159
1111011010 0.0509033 -3.14159
1111011011 0.025177 0
1111011100 0.007164 -3.14159
1111011101 0.0199738 -3.14159
1111011110 0.0154266 -3.14159
1111011111 0.0327454 -3.14159
1111100000 0.0217743 0
1111100001 0.00335503 0
1111100010 0.0164795 0
1111100011 0.0718994 -3.14159
1111100100 0.0242004 0
1111100101 0.0125046 -3.14159
1111100110 0.0335999 0
1111100111 0.00130558 0
1111101000 0.0157471 -3.14159
1111101001 0.013382 0
1111101010 0.0210419 -3.14159
1111101011 0.0617676 -3.14159
1111101100 0.0890503 0
1111101101 0.0219116 -3.14159
1111101110 0.0461121 0
1111101111 0.0624084 0
1111110000 0.039856 -3.14159
1111110001 0.0662842 0
1111110010 0.00117207 0
1111110011 0.039032 -3.14159
1111110100 0.0445251 -3.14159
1111110101 0.0147858 0
1111110110 0.0345764 -3.14159
1111110111 0.00807953 0
1111111000 0.016571 -3.14159
1111111001 0.0670166 -3.14159
1111111010 0.00539017 -3.14159
1111111011 0.0179749 -3.14159
1111111100 0.0134735 0
1111111101 0.0308075 0
1111111110 0.0301056 0
1111111111 0.0312805 0
