0000000000 0.0361938 0
0000000001 0.0371399 0
0000000010 0.00179291 -3.14159
0000000011 0.00747681 -3.14159
0000000100 0.0181885 -3.14159
0000000101 0.0225677 0
0000000110 0.0348816 -3.14159
0000000111 0.00337982 -3.14159
0000001000 0.0285492 0
0000001001 0.00211525 -3.14159
0000001010 0.0225983 -3.14159
0000001011 0.00598526 0
0000001100 0.0369263 -3.14159
0000001101 0.00253296 -3.14159
0000001110 0.00791168 -3.14159
0000001111 0.0516968 0
0000010000 0.00376892 0
0000010001 0.0184479 -3.14159
0000010010 0.021225 -3.14159
0000010011 0.0275574 -3.14159
0000010100 0.0461731 -3.14159
0000010101 0.0125961 0
0000010110 0.0149307 -3.14159
0000010111 0.0427246 0
0000011000 0.0405579 0
0000011001 0.0212097 -3.14159
0000011010 0.030899 -3.14159
0000011011 0.039978 -3.14159
0000011100 0.0398254 -3.14159
0000011101 0.0190735 -3.14159
0000011110 0.00940704 0
0000011111 0.0117722 -3.14159
0000100000 0.0734253 -3.14159
0000100001 0.0166626 -3.14159
0000100010 0.0574646 -3.14159
0000100011 0.0190887 -3.14159
0000100100 0.0134506 0
0000100101 0.00956726 0
0000100110 0.00331688 -3.14159
0000100111 0.0232544 0
0000101000 0.0367432 -3.14159
0000101001 0.0508423 -3.14159
0000101010 0.0190887 -3.14159
0000101011 0.0296936 -3.14159
0000101100 0.0374146 -3.14159
0000101101 0.0131378 -3.14159
0000101110 0.00732422 0
0000101111 0.00659561 0
0000110000 0.026825 0
0000110001 0.0300446 -3.14159
0000110010 0.0245667 -3.14159
0000110011 0.0385132 0
0000110100 0.00262451 -3.14159
0000110101 0.00494385 -3.14159
0000110110 0.00257301 0
0000110111 0.0358276 0
0000111000 0.0504456 -3.14159
0000111001 0.0082016 -3.14159
0000111010 0.00179386 0
0000111011 0.0387268 -3.14159
0000111100 0.0211945 0
0000111101 0.0346375 0
0000111110 0.0188904 0
0000111111 0.00115108 -3.14159
0001000000 0.0522461 0
0001000001 0.0258026 0
0001000010 0.030426 -3.14159
0001000011 0.0131531 0
0001000100 0.00637436 0
0001000101 0.0453491 -3.14159
0001000110 0.0198822 -3.14159
0001000111 0.0102463 -3.14159
0001001000 0.0525818 -3.14159
0001001001 0.00658035 0
0001001010 0.00951385 0
0001001011 0.0328979 -3.14159
0001001100 0.0594482 -3.14159
0001001101 0.0195312 0
0001001110 0.0376587 0
0001001111 0.00805664 0
0001010000 0.0237427 0
0001010001 0.0130005 -3.14159
0001010010 0.0550537 -3.14159
0001010011 0.0145111 0
0001010100 0.0316162 0
0001010101 0.00310707 0
0001010110 0.0298004 0
0001010111 0.00203514 -3.14159
0001011000 0.00439072 0
0001011001 0.0454712 0
0001011010 0.0535583 0
0001011011 0.0233307 0
0001011100 0.0192871 0
0001011101 0.040741 -3.14159
0001011110 0.043396 -3.14159
0001011111 0.0447083 0
0001100000 0.0049324 -3.14159
0001100001 0.032959 -3.14159
0001100010 0.0769653 -3.14159
0001100011 0.0331116 -3.14159
0001100100 0.0622864 -3.14159
0001100101 0.00862122 0
0001100110 0.00509644 -3.14159
0001100111 0.0314636 0
0001101000 0.0258942 0
0001101001 0.0750732 0
0001101010 0.0180817 -3.14159
0001101011 0.00765228 0
0001101100 0.0119934 -3.14159
0001101101 0.0321655 -3.14159
0001101110 0.00440216 -3.14159
0001101111 0.0324402 -3.14159
0001110000 0.0412903 -3.14159
0001110001 0.0319519 -3.14159
0001110010 0.0700684 -3.14159
0001110011 0.0251007 0
0001110100 0.0148621 -3.14159
0001110101 0.00637817 0
0001110110 0.00630951 -3.14159
0001110111 0.0288086 -3.14159
0001111000 0.0545349 -3.14159
0001111001 0.0175323 0
0001111010 0.0186157 -3.14159
0001111011 0.00587463 -3.14159
0001111100 0.0171967 -3.14159
0001111101 0.00438309 -3.14159
0001111110 0.00017035 -3.14159
0001111111 0.0118256 -3.14159
0010000000 0.0267029 0
0010000001 0.0299988 -3.14159
0010000010 0.0368958 0
0010000011 0.0515747 -3.14159
0010000100 0.020462 0
0010000101 0.0322571 -3.14159
0010000110 0.0450745 0
0010000111 0.0118637 -3.14159
0010001000 4.53591e-05 -3.14159
0010001001 0.0120087 0
0010001010 0.00606155 -3.14159
0010001011 0.0333252 -3.14159
0010001100 0.0211945 0
0010001101 0.0315552 0
0010001110 0.0388184 0
0010001111 0.0220947 -3.14159
0010010000 0.0323792 -3.14159
0010010001 0.0120163 -3.14159
0010010010 0.00807953 -3.14159
0010010011 0.0308685 -3.14159
0010010100 0.00952148 0
0010010101 0.0234222 0
0010010110 0.00400162 -3.14159
0010010111 0.0603638 0
0010011000 0.00908661 -3.14159
0010011001 0.0301208 -3.14159
0010011010 0.0244446 0
0010011011 0.0307159 -3.14159
0010011100 0.0187378 -3.14159
0010011101 0.0189514 0
0010011110 0.0106354 -3.14159
0010011111 0.0139389 -3.14159
0010100000 0.0484009 0
0010100001 0.0267181 -3.14159
0010100010 0.0145569 -3.14159
0010100011 0.0202484 0
0010100100 0.00136948 -3.14159
0010100101 0.00249863 -3.14159
0010100110 0.0366516 0
0010100111 0.0128098 0
0010101000 0.00408554 0
0010101001 0.0263824 0
0010101010 0.00117588 0
0010101011 0.018219 0
0010101100 0.026825 0
0010101101 0.0333862 0
0010101110 0.0110168 -3.14159
0010101111 0.026474 0
0010110000 0.0162201 0
0010110001 0.0692139 -3.14159
0010110010 0.0119629 -3.14159
0010110011 0.0448303 0
0010110100 0.0423889 0
0010110101 0.00675583 -3.14159
0010110110 0.0317993 0
0010110111 0.0374756 -3.14159
0010111000 0.00810242 -3.14159
0010111001 0.0281219 -3.14159
0010111010 0.00871277 -3.14159
0010111011 0.0278778 0
0010111100 0.0440369 0
0010111101 0.040802 -3.14159
0010111110 0.0105515 0
0010111111 0.0519409 -3.14159
0011000000 0.0387878 0
0011000001 0.0195007 0
0011000010 0.0144043 0
0011000011 0.0140686 0
0011000100 0.0171051 -3.14159
0011000101 0.0258942 -3.14159
0011000110 0.0393677 0
0011000111 0.0273438 -3.14159
0011001000 0.018631 0
0011001001 0.0186005 -3.14159
0011001010 0.0294342 0
0011001011 0.0284576 -3.14159
0011001100 0.000565052 -3.14159
0011001101 0.0115356 -3.14159
0011001110 0.00389862 -3.14159
0011001111 0.00484467 0
0011010000 0.0333557 0
0011010001 0.0120621 -3.14159
0011010010 0.0217438 0
0011010011 0.00550842 0
0011010100 0.00535965 0
0011010101 0.0354004 -3.14159
0011010110 0.0233002 -3.14159
0011010111 0.0599365 0
0011011000 0.00464249 0
0011011001 0.0343018 0
0011011010 0.024292 0
0011011011 0.0173798 0
0011011100 0.00983429 -3.14159
0011011101 0.0484619 -3.14159
0011011110 0.0409851 -3.14159
0011011111 0.0223999 -3.14159
0011100000 0.0133591 0
0011100001 0.0296936 0
0011100010 0.0203094 -3.14159
0011100011 0.04953 -3.14159
0011100100 0.038208 0
0011100101 0.0302124 0
0011100110 0.0142975 -3.14159
0011100111 0.0313416 -3.14159
0011101000 0.0264587 -3.14159
0011101001 0.00344086 -3.14159
0011101010 0.0683594 -3.14159
0011101011 0.02211 -3.14159
0011101100 0.00486374 0
0011101101 0.00891876 0
0011101110 0.0106277 0
0011101111 0.0598145 0
0011110000 0.00510788 -3.14159
0011110001 0.0144577 -3.14159
0011110010 0.0578308 0
0011110011 0.0667725 -3.14159
0011110100 0.00868988 -3.14159
0011110101 0.0130157 0
0011110110 0.0256348 0
0011110111 0.00827789 -3.14159
0011111000 0.0745239 0
0011111001 0.0305328 0
0011111010 0.000520229 0
0011111011 0.00350761 -3.14159
0011111100 0.0223694 -3.14159
0011111101 0.0567017 -3.14159
0011111110 0.0197296 0
0011111111 0.0163269 0
0100000000 0.0519409 0
0100000001 0.0344238 0
0100000010 0.0299072 -3.14159
0100000011 0.0119934 0
0100000100 0.0422058 -3.14159
0100000101 0.0129776 -3.14159
0100000110 0.0364685 0
0100000111 0.0479736 0
0100001000 0.0177307 -3.14159
0100001001 0.0235596 -3.14159
0100001010 0.0135956 -3.14159
0100001011 0.029541 -3.14159
0100001100 0.0222931 -3.14159
0100001101 0.00058651 -3.14159
0100001110 0.00670624 0
0100001111 0.0214844 -3.14159
0100010000 0.0343018 0
0100010001 0.0563354 -3.14159
0100010010 0.02742 -3.14159
0100010011 0.0216675 0
0100010100 0.0591125 0
0100010101 0.0254211 -3.14159
0100010110 0.030014 0
0100010111 0.00292587 -3.14159
0100011000 0.00881195 0
0100011001 0.0235748 0
0100011010 0.0149689 -3.14159
0100011011 0.0648193 -3.14159
0100011100 0.00185108 0
0100011101 0.00908661 0
0100011110 0.0151825 -3.14159
0100011111 0.0251007 0
0100100000 0.0379639 -3.14159
0100100001 0.000416994 -3.14159
0100100010 0.00124645 -3.14159
0100100011 0.030899 0
0100100100 0.0223389 -3.14159
0100100101 0.0179291 0
0100100110 0.0503845 -3.14159
0100100111 0.0338745 -3.14159
0100101000 0.0300446 0
0100101001 0.06073 -3.14159
0100101010 0.0669556 0
0100101011 0.0233002 -3.14159
0100101100 0.0398865 0
0100101101 0.025528 -3.14159
0100101110 0.050293 0
0100101111 0.0134201 0
0100110000 0.0325012 0
0100110001 0.0137787 -3.14159
0100110010 0.00388527 0
0100110011 0.00992584 -3.14159
0100110100 0.00153732 0
0100110101 0.0327759 0
0100110110 0.0142975 -3.14159
0100110111 0.00468063 -3.14159
0100111000 0.00679398 -3.14159
0100111001 0.0515442 -3.14159
0100111010 0.0461731 -3.14159
0100111011 0.0470581 -3.14159
0100111100 0.04953 -3.14159
0100111101 0.0201721 -3.14159
0100111110 0.0423889 0
0100111111 6.55651e-07 0
0101000000 0.00357819 0
0101000001 0.0199432 0
0101000010 0.0114594 0
0101000011 0.011322 0
0101000100 0.00853729 0
0101000101 0.0287323 0
0101000110 0.0315247 -3.14159
0101000111 0.0537109 -3.14159
0101001000 0.0035305 0
0101001001 0.0289764 -3.14159
0101001010 0.0119553 0
0101001011 0.0583801 0
0101001100 0.0252686 0
0101001101 0.022049 0
0101001110 0.0176544 0
0101001111 0.00207138 0
0101010000 0.0280914 0
0101010001 0.0199432 -3.14159
0101010010 0.0345459 0
0101010011 0.0457764 -3.14159
0101010100 0.00984955 0
0101010101 0.0123596 0
0101010110 0.00148487 -3.14159
0101010111 0.00908661 -3.14159
0101011000 0.0379639 0
0101011001 0.0195465 0
0101011010 0.0213928 -3.14159
0101011011 0.0511475 -3.14159
0101011100 0.043457 -3.14159
0101011101 0.0814819 0
0101011110 0.00914001 0
0101011111 0.0374756 0
0101100000 0.0134583 0
0101100001 0.0910645 -3.14159
0101100010 0.0264893 -3.14159
0101100011 0.0427246 -3.14159
0101100100 0.0135269 0
0101100101 0.00131416 0
0101100110 0.0358582 -3.14159
0101100111 0.0292969 -3.14159
0101101000 0.0559082 -3.14159
0101101001 0.0171661 -3.14159
0101101010 0.00272369 0
0101101011 0.0595093 0
0101101100 0.0148621 -3.14159
0101101101 0.0324097 -3.14159
0101101110 0.0223999 -3.14159
0101101111 0.0067749 0
0101110000 0.0446167 -3.14159
0101110001 0.02005 -3.14159
0101110010 0.00277519 -3.14159
0101110011 0.00134087 0
0101110100 0.0247345 0
0101110101 0.000971317 0
0101110110 0.0265503 0
0101110111 0.0160522 -3.14159
0101111000 0.0339966 0
0101111001 0.0320435 0
0101111010 0.0156097 0
0101111011 0.0218201 -3.14159
0101111100 0.0253754 -3.14159
0101111101 0.0055809 0
0101111110 0.0153961 -3.14159
0101111111 0.0667114 0
0110000000 0.0121765 0
0110000001 0.0533447 0
0110000010 0.0475769 -3.14159
0110000011 0.0503845 0
0110000100 0.0924072 -3.14159
0110000101 0.0107193 0
0110000110 0.0182037 0
0110000111 0.0318604 0
0110001000 0.00338745 0
0110001001 0.0259857 -3.14159
0110001010 0.00603485 -3.14159
0110001011 0.00148869 0
0110001100 0.00276375 0
0110001101 0.00981903 -3.14159
0110001110 0.040802 0
0110001111 0.0177612 -3.14159
0110010000 0.0234985 0
0110010001 0.0104065 -3.14159
0110010010 0.0293732 -3.14159
0110010011 0.0166168 0
0110010100 0.100891 -3.14159
0110010101 0.0723267 -3.14159
0110010110 0.0029583 -3.14159
0110010111 0.0113907 0
0110011000 0.0100327 0
0110011001 0.0351868 -3.14159
0110011010 0.00400162 0
0110011011 0.0440369 0
0110011100 0.00865936 0
0110011101 0.0381165 0
0110011110 0.0332642 0
0110011111 0.0174103 -3.14159
0110100000 0.0302124 0
0110100001 0.0246124 0
0110100010 0.0109024 0
0110100011 0.0330811 -3.14159
0110100100 0.0222321 0
0110100101 0.0339966 0
0110100110 4.03523e-05 -3.14159
0110100111 0.000545979 0
0110101000 6.55651e-06 -3.14159
0110101001 0.0324097 -3.14159
0110101010 0.0263672 0
0110101011 0.0102768 -3.14159
0110101100 0.0244598 -3.14159
0110101101 0.0155182 0
0110101110 0.0204163 0
0110101111 0.0176849 -3.14159
0110110000 0.00313187 0
0110110001 0.0552673 -3.14159
0110110010 0.0152512 0
0110110011 0.0205841 -3.14159
0110110100 0.0147781 0
0110110101 0.0299683 0
0110110110 0.040741 0
0110110111 0.0030632 0
0110111000 0.0561829 -3.14159
0110111001 0.0148773 -3.14159
0110111010 0.0143814 0
0110111011 0.0594482 0
0110111100 0.0127258 -3.14159
0110111101 0.00443649 -3.14159
0110111110 0.0240479 -3.14159
0110111111 0.0219116 -3.14159
0111000000 0.00730896 0
0111000001 0.0831299 -3.14159
0111000010 0.00152588 -3.14159
0111000011 0.0316467 -3.14159
0111000100 0.00626755 -3.14159
0111000101 0.020874 0
0111000110 0.0171356 -3.14159
0111000111 0.0221405 -3.14159
0111001000 0.0473022 0
0111001001 0.0130005 0
0111001010 0.0075531 -3.14159
0111001011 0.00595093 0
0111001100 0.0335083 0
0111001101 0.0233612 -3.14159
0111001110 0.039856 0
0111001111 0.0704956 0
0111010000 0.0475464 0
0111010001 0.000114322 -3.14159
0111010010 0.0166168 0
0111010011 0.0680542 0
0111010100 0.0234375 0
0111010101 0.0191803 -3.14159
0111010110 0.0277405 -3.14159
0111010111 0.00751877 -3.14159
0111011000 0.0350647 0
0111011001 0.00986481 -3.14159
0111011010 0.02005 0
0111011011 0.0119705 0
0111011100 0.0278168 0
0111011101 0.0365295 0
0111011110 0.0408325 0
0111011111 0.0281372 -3.14159
0111100000 0.0231018 -3.14159
0111100001 0.0115585 -3.14159
0111100010 0.027771 0
0111100011 0.0379028 0
0111100100 0.0080719 0
0111100101 0.0465698 -3.14159
0111100110 0.00022471 -3.14159
0111100111 0.0128632 -3.14159
0111101000 0.0361633 -3.14159
0111101001 0.0049324 -3.14159
0111101010 0.0308228 -3.14159
0111101011 0.0359802 -3.14159
0111101100 0.0140991 -3.14159
0111101101 0.0305481 -3.14159
0111101110 0.0458069 0
0111101111 0.0246887 -3.14159
0111110000 0.0139542 0
0111110001 0.0328064 -3.14159
0111110010 0.0316467 0
0111110011 0.0828247 -3.14159
0111110100 0.0151443 0
0111110101 0.0254211 -3.14159
0111110110 0.00588226 -3.14159
0111110111 0.000543118 -3.14159
0111111000 0.0612793 -3.14159
0111111001 0.0226593 0
0111111010 0.0140152 -3.14159
0111111011 0.0223389 0
0111111100 0.0153961 0
0111111101 0.00737762 0
0111111110 0.00750351 -3.14159
0111111111 0.0419312 0
1000000000 0.00590897 -3.14159
1000000001 0.00510788 0
1000000010 0.0438232 -3.14159
1000000011 0.00334167 -3.14159
1000000100 0.0341187 0
1000000101 0.0617981 0
1000000110 0.0453491 0
1000000111 0.0466919 0
1000001000 0.0129623 0
1000001001 0.0243988 0
1000001010 0.0109406 0
1000001011 0.0370483 -3.14159
1000001100 0.00826263 -3.14159
1000001101 0.0602112 -3.14159
1000001110 0.0454407 -3.14159
1000001111 0.0110474 -3.14159
1000010000 0.0215149 0
1000010001 0.0449524 -3.14159
1000010010 0.0202484 0
1000010011 0.00442886 -3.14159
1000010100 0.02948 0
1000010101 0.00662994 0
1000010110 0.00460815 0
1000010111 0.00965881 0
1000011000 0.0247803 0
1000011001 0.024231 0
1000011010 3.89218e-05 -3.14159
1000011011 0.042511 0
1000011100 0.0197296 -3.14159
1000011101 0.00777054 0
1000011110 0.000844955 0
1000011111 0.0251923 -3.14159
1000100000 0.0321655 -3.14159
1000100001 0.0475464 -3.14159
1000100010 0.025116 0
1000100011 0.00675201 0
1000100100 0.0129166 -3.14159
1000100101 0.0615845 -3.14159
1000100110 0.041626 -3.14159
1000100111 0.0569763 0
1000101000 0.0305786 0
1000101001 0.0138168 -3.14159
1000101010 0.0296631 -3.14159
1000101011 0.00869751 0
1000101100 0.0307617 -3.14159
1000101101 0.0181122 0
1000101110 0.0108414 0
1000101111 0.00991821 0
1000110000 0.0462646 0
1000110001 0.00801849 0
1000110010 0.0217133 0
1000110011 0.0431519 -3.14159
1000110100 0.0415955 -3.14159
1000110101 0.0297699 0
1000110110 0.036377 -3.14159
1000110111 0.0123291 0
1000111000 0.000240326 0
1000111001 0.0179443 -3.14159
1000111010 0.0274811 0
1000111011 0.030899 -3.14159
1000111100 0.0419922 0
1000111101 0.0294037 0
1000111110 0.0141373 0
1000111111 0.00447845 -3.14159
1001000000 0.0245209 0
1001000001 0.0238495 -3.14159
1001000010 0.0146484 0
1001000011 0.0306854 0
1001000100 0.00134087 0
1001000101 0.0102539 0
1001000110 0.0263062 -3.14159
1001000111 0.0376282 -3.14159
1001001000 0.0233307 -3.14159
1001001001 0.00529099 0
1001001010 0.00741577 -3.14159
1001001011 0.0100784 0
1001001100 0.0221558 0
1001001101 0.0325012 -3.14159
1001001110 0.0391541 -3.14159
1001001111 0.0324097 0
1001010000 0.00337219 0
1001010001 0.0226898 -3.14159
1001010010 0.0170898 0
1001010011 0.0104904 -3.14159
1001010100 0.0405579 -3.14159
1001010101 0.053772 -3.14159
1001010110 0.0105133 0
1001010111 0.02388 -3.14159
1001011000 0.00597 0
1001011001 0.0215759 0
1001011010 0.0203705 0
1001011011 0.0203705 0
1001011100 0.0249481 -3.14159
1001011101 0.035614 -3.14159
1001011110 0.0127563 -3.14159
1001011111 0.0160675 -3.14159
1001100000 0.00656128 0
1001100001 0.00860596 0
1001100010 0.0287018 -3.14159
1001100011 0.0279236 0
1001100100 0.0110931 -3.14159
1001100101 0.0137405 0
1001100110 0.027298 0
1001100111 0.0695801 0
1001101000 0.00448608 0
1001101001 0.0154114 -3.14159
1001101010 0.0576172 0
1001101011 0.0431519 0
1001101100 0.0545349 0
1001101101 0.0146103 -3.14159
1001101110 0.0325317 -3.14159
1001101111 0.0127563 -3.14159
1001110000 0.0568848 0
1001110001 0.0663452 -3.14159
1001110010 0.033783 -3.14159
1001110011 0.033844 0
1001110100 0.0275269 -3.14159
1001110101 0.00197411 0
1001110110 0.0142288 0
1001110111 0.0109558 -3.14159
1001111000 0.0600281 0
1001111001 0.0200348 0
1001111010 0.00942993 0
1001111011 0.0433655 0
1001111100 0.00959015 0
1001111101 0.00491333 -3.14159
1001111110 0.035553 -3.14159
1001111111 0.0289154 0
1010000000 0.0332031 0
1010000001 0.0116348 0
1010000010 0.00165176 0
1010000011 0.0145264 -3.14159
1010000100 0.00372887 -3.14159
1010000101 0.0330505 -3.14159
1010000110 0.0469666 -3.14159
1010000111 0.00615311 0
1010001000 0.0112076 -3.14159
1010001001 0.0387573 0
1010001010 0.0273438 0
1010001011 0.0588684 0
1010001100 0.010994 -3.14159
1010001101 0.00654221 0
1010001110 0.0316467 0
1010001111 0.0583191 0
1010010000 0.0522156 0
1010010001 0.0070076 0
1010010010 0.0511475 -3.14159
1010010011 0.0276642 0
1010010100 0.0189514 0
1010010101 0.0102234 0
1010010110 0.00343704 -3.14159
1010010111 0.014595 -3.14159
1010011000 0.0787354 0
1010011001 0.0279846 -3.14159
1010011010 0.0182495 0
1010011011 0.0327148 -3.14159
1010011100 0.0279846 0
1010011101 0.00464249 0
1010011110 0.00701523 0
1010011111 0.0197296 -3.14159
1010100000 0.00551987 -3.14159
1010100001 0.000318289 0
1010100010 0.0498047 -3.14159
1010100011 0.0353088 -3.14159
1010100100 0.00992584 -3.14159
1010100101 0.0155563 -3.14159
1010100110 0.0104599 0
1010100111 0.0191956 -3.14159
1010101000 0.0362854 0
1010101001 0.0242615 0
1010101010 0.0481567 -3.14159
1010101011 0.00952148 0
1010101100 0.0291595 0
1010101101 0.0131989 -3.14159
1010101110 0.0241547 -3.14159
1010101111 0.0292358 0
1010110000 0.0179596 0
1010110001 0.0223694 -3.14159
1010110010 0.030014 0
1010110011 0.0132751 -3.14159
1010110100 0.0410461 -3.14159
1010110101 0.0397339 0
1010110110 0.00394058 -3.14159
1010110111 0.000571728 -3.14159
1010111000 0.00331306 -3.14159
1010111001 0.00574112 0
1010111010 0.0455322 -3.14159
1010111011 0.0237122 -3.14159
1010111100 0.0250244 0
1010111101 0.039856 0
1010111110 0.00144768 -3.14159
1010111111 0.0086441 0
1011000000 0.0214081 -3.14159
1011000001 0.0487061 0
1011000010 0.0173645 0
1011000011 0.0334778 -3.14159
1011000100 0.0136948 -3.14159
1011000101 0.0245209 0
1011000110 0.022522 -3.14159
1011000111 0.00907898 0
1011001000 0.018158 0
1011001001 0.0377502 -3.14159
1011001010 0.0262146 -3.14159
1011001011 0.049469 -3.14159
1011001100 0.037384 -3.14159
1011001101 0.00627518 -3.14159
1011001110 0.0157013 0
1011001111 0.00695419 -3.14159
1011010000 0.0315247 0
1011010001 0.0259552 -3.14159
1011010010 0.0154114 0
1011010011 0.0317383 0
1011010100 0.0380859 -3.14159
1011010101 0.0109787 -3.14159
1011010110 0.0389099 0
1011010111 0.00362206 0
1011011000 0.0047493 -3.14159
1011011001 0.00600433 0
1011011010 0.0144196 -3.14159
1011011011 0.0392151 -3.14159
1011011100 0.0250244 0
1011011101 0.0253296 0
1011011110 0.0111618 0
1011011111 0.00738907 0
1011100000 0.0120697 0
1011100001 0.02948 -3.14159
1011100010 0.0322571 0
1011100011 0.0256042 0
1011100100 0.0341492 0
1011100101 0.0259705 0
1011100110 0.0110931 -3.14159
1011100111 0.0407715 -3.14159
1011101000 0.0933838 -3.14159
1011101001 0.00189495 0
1011101010 0.0622253 -3.14159
1011101011 0.0433044 0
1011101100 0.0237885 0
1011101101 0.00132084 0
1011101110 0.0063858 0
1011101111 0.0650024 0
1011110000 0.0565491 -3.14159
1011110001 0.0180817 -3.14159
1011110010 0.0177612 -3.14159
1011110011 0.0191803 0
1011110100 0.00172234 -3.14159
1011110101 0.00675201 -3.14159
1011110110 0.0259552 -3.14159
1011110111 0.0243835 0
1011111000 0.00859833 0
1011111001 0.0148315 0
1011111010 0.0153198 -3.14159
1011111011 0.0679321 0
1011111100 0.0179749 -3.14159
1011111101 0.00697708 0
1011111110 0.0205841 0
1011111111 0.00878143 -3.14159
1100000000 0.0175323 0
1100000001 0.0177155 0
1100000010 0.0101395 -3.14159
1100000011 0.0351257 -3.14159
1100000100 0.0307465 -3.14159
1100000101 0.0640259 0
1100000110 0.01828 0
1100000111 0.0151062 -3.14159
1100001000 0.0500488 -3.14159
1100001001 0.029129 -3.14159
1100001010 0.0275574 -3.14159
1100001011 0.0261078 0
1100001100 0.0100784 0
1100001101 5.34058e-05 -3.14159
1100001110 0.0489502 -3.14159
1100001111 0.0278168 0
1100010000 0.0130768 -3.14159
1100010001 0.015358 0
1100010010 0.0518494 0
1100010011 0.0317078 -3.14159
1100010100 0.0390015 -3.14159
1100010101 0.00213051 0
1100010110 0.0400085 0
1100010111 0.0945435 0
1100011000 0.0656738 -3.14159
1100011001 0.0172119 0
1100011010 0.0238342 -3.14159
1100011011 0.0499573 0
1100011100 0.0066185 0
1100011101 0.0306091 0
1100011110 0.00193787 0
1100011111 0.0431519 -3.14159
1100100000 0.0401306 0
1100100001 0.0426025 0
1100100010 0.00638962 0
1100100011 0.0213165 0
1100100100 0.0105743 0
1100100101 0.0401001 -3.14159
1100100110 0.0247192 0
1100100111 0.0145111 -3.14159
1100101000 0.0389709 0
1100101001 0.0256653 0
1100101010 0.00427628 -3.14159
1100101011 0.0027523 0
1100101100 0.0216064 0
1100101101 0.00110435 -3.14159
1100101110 0.0513 0
1100101111 0.0541382 0
1100110000 0.00113964 0
1100110001 0.0549011 -3.14159
1100110010 0.0245514 -3.14159
1100110011 0.0169525 0
1100110100 0.0447083 0
1100110101 0.00335121 0
1100110110 0.0253754 0
1100110111 0.00515366 -3.14159
1100111000 0.00400162 0
1100111001 0.0688477 -3.14159
1100111010 0.00852966 0
1100111011 0.0244904 -3.14159
1100111100 0.0469055 -3.14159
1100111101 0.0149307 0
1100111110 0.0169525 -3.14159
1100111111 0.0239868 -3.14159
1101000000 0.0684204 -3.14159
1101000001 0.00985718 0
1101000010 0.00951385 0
1101000011 0.01297 -3.14159
1101000100 0.0471497 0
1101000101 0.0112839 -3.14159
1101000110 0.0230255 -3.14159
1101000111 0.0748901 0
1101001000 0.0452271 0
1101001001 0.057312 0
1101001010 0.00876617 0
1101001011 0.029007 0
1101001100 0.0193939 -3.14159
1101001101 0.00596619 0
1101001110 0.037262 0
1101001111 0.0309753 0
1101010000 0.0145416 -3.14159
1101010001 0.0206299 0
1101010010 0.0531921 -3.14159
1101010011 0.0497131 -3.14159
1101010100 0.0550537 0
1101010101 0.019455 -3.14159
1101010110 0.0344238 -3.14159
1101010111 0.00946045 0
1101011000 0.0379639 -3.14159
1101011001 0.00521469 0
1101011010 0.010025 0
1101011011 0.0210114 -3.14159
1101011100 0.0307465 -3.14159
1101011101 0.0600281 -3.14159
1101011110 0.00581741 0
1101011111 0.0369873 -3.14159
1101100000 0.0908813 0
1101100001 0.0349731 0
1101100010 0.00560379 -3.14159
1101100011 0.0191803 -3.14159
1101100100 0.00449753 0
1101100101 0.0164032 -3.14159
1101100110 0.0108566 -3.14159
1101100111 0.0368347 -3.14159
1101101000 0.0101166 -3.14159
1101101001 0.0067749 0
1101101010 0.00155354 0
1101101011 0.0179443 0
1101101100 0.0205688 -3.14159
1101101101 0.0192871 0
1101101110 0.01651 -3.14159
1101101111 0.023407 -3.14159
1101110000 0.00889587 0
1101110001 0.00972748 0
1101110010 0.00400162 -3.14159
1101110011 0.024231 -3.14159
1101110100 0.0148773 -3.14159
1101110101 0.0374451 -3.14159
1101110110 0.0210419 -3.14159
1101110111 0.0128479 0
1101111000 0.0244598 0
1101111001 0.00775909 0
1101111010 0.00383186 0
1101111011 0.0063591 -3.14159
1101111100 0.00440598 -3.14159
1101111101 0.0331116 -3.14159
1101111110 0.0336914 -3.14159
1101111111 0.0475159 0
1110000000 0.0516052 -3.14159
1110000001 0.0296631 -3.14159
1110000010 0.0543823 0
1110000011 0.0449219 0
1110000100 0.0287933 0
1110000101 0.0405273 0
1110000110 0.0420532 -3.14159
1110000111 0.0106888 0
1110001000 0.00416183 0
1110001001 0.0176544 0
1110001010 0.04953 0
1110001011 0.0491638 -3.14159
1110001100 0.0188293 0
1110001101 0.000946522 0
1110001110 0.00162029 0
1110001111 0.0254517 -3.14159
1110010000 0.00865936 0
1110010001 0.0718994 -3.14159
1110010010 0.0397339 -3.14159
1110010011 0.00465012 0
1110010100 0.0317078 -3.14159
1110010101 0.0255432 -3.14159
1110010110 0.0357056 0
1110010111 0.0315247 -3.14159
1110011000 0.0145035 0
1110011001 0.00821686 -3.14159
1110011010 0.072998 -3.14159
1110011011 0.0271759 -3.14159
1110011100 0.039032 0
1110011101 0.00452042 -3.14159
1110011110 0.0159607 0
1110011111 0.0257568 0
1110100000 0.00183582 0
1110100001 0.017807 0
1110100010 0.0200043 0
1110100011 0.0236206 -3.14159
1110100100 0.0301208 0
1110100101 0.0395813 0
1110100110 0.0331726 -3.14159
1110100111 0.00733185 0
1110101000 0.0241852 -3.14159
1110101001 0.0409546 0
1110101010 0.0258026 0
1110101011 0.00762558 0
1110101100 0.0305786 -3.14159
1110101101 0.0196075 0
1110101110 0.0466309 -3.14159
1110101111 0.0333252 -3.14159
1110110000 0.00697708 -3.14159
1110110001 0.00135231 -3.14159
1110110010 0.052948 -3.14159
1110110011 0.0413208 -3.14159
1110110100 0.0397644 -3.14159
1110110101 0.0733643 0
1110110110 0.0112839 -3.14159
1110110111 0.0122528 0
1110111000 0.0282288 0
1110111001 0.0478821 0
1110111010 0.0353394 0
1110111011 0.0161743 0
1110111100 0.0125275 -3.14159
1110111101 0.0503845 -3.14159
1110111110 0.00114441 0
1110111111 0.0194855 0
1111000000 0.0154877 0
1111000001 0.0773315 0
1111000010 0.0387268 0
1111000011 0.0205994 -3.14159
1111000100 0.0213165 0
1111000101 0.0273743 -3.14159
1111000110 0.0409241 -3.14159
1111000111 0.0340271 0
1111001000 0.0516663 0
1111001001 0.0108185 -3.14159
1111001010 0.0354309 -3.14159
1111001011 0.037384 -3.14159
1111001100 0.0350647 0
1111001101 0.0537109 0
1111001110 0.00975037 -3.14159
1111001111 0.00610733 0
1111010000 0.00868988 -3.14159
1111010001 0.0142593 -3.14159
1111010010 0.0203705 -3.14159
1111010011 0.0574646 -3.14159
1111010100 0.00120449 0
1111010101 0.00163364 -3.14159
1111010110 0.0330505 0
1111010111 0.0264435 0
1111011000 0.0123215 0
1111011001 0.0051918 -3.14159
1111011010 0.00118732 -3.14159
1111011011 0.00117493 -3.14159
1111011100 0.018631 -3.14159
1111011101 0.0251617 0
1111011110 0.0020771 0
1111011111 0.00457382 -3.14159
1111100000 0.0762939 0
1111100001 0.00386238 -3.14159
1111100010 0.0135727 -3.14159
1111100011 0.0271454 0
1111100100 0.0789185 -3.14159
1111100101 0.0214081 0
1111100110 0.0887451 -3.14159
1111100111 0.0265503 -3.14159
1111101000 0.000130773 -3.14159
1111101001 0.0274811 -3.14159
1111101010 0.0402832 -3.14159
1111101011 0.0915527 0
1111101100 0.0614929 0
1111101101 0.0308685 -3.14159
1111101110 0.0144577 0
1111101111 0.0139771 0
1111110000 0.0186768 -3.14159
1111110001 0.039032 0
1111110010 0.0342712 -3.14159
1111110011 0.00856018 0
1111110100 0.00367546 0
1111110101 0.00754547 0
1111110110 0.0293732 0
1111110111 0.00420761 -3.14159
1111111000 0.00514984 -3.14159
1111111001 0.0267792 -3.14159
1111111010 0.0133057 0
1111111011 0.0306549 -3.14159
1111111100 0.0127869 -3.14159
1111111101 0.0403442 0
1111111110 0.00145245 0
1111111111 0.00933838 0
