0000000000 0.00168133 0
0000000001 0.0396118 0
0000000010 0.0298004 0
0000000011 0.00147057 -3.14159
0000000100 0.0518799 -3.14159
0000000101 0.0138779 0
0000000110 0.0162354 -3.14159
0000000111 0.038208 -3.14159
0000001000 0.00602341 -3.14159
0000001001 0.00458908 0
0000001010 0.0087204 0
0000001011 0.0211945 -3.14159
0000001100 0.00871277 0
0000001101 0.026413 -3.14159
0000001110 0.0232544 0
0000001111 0.0094986 -3.14159
0000010000 0.0383911 0
0000010001 0.000107765 -3.14159
0000010010 0.0279083 -3.14159
0000010011 0.00732803 -3.14159
0000010100 0.0238037 -3.14159
0000010101 0.0410156 -3.14159
0000010110 0.0317688 -3.14159
0000010111 0.00431442 0
0000011000 0.016571 -3.14159
0000011001 0.026886 0
0000011010 0.0132446 0
0000011011 0.0261993 0
0000011100 0.00465393 0
0000011101 0.00122452 -3.14159
0000011110 0.0403137 -3.14159
0000011111 0.0618896 0
0000100000 0.0702515 -3.14159
0000100001 0.0298004 -3.14159
0000100010 0.0650024 -3.14159
0000100011 0.0218658 0
0000100100 0.012764 -3.14159
0000100101 0.0166321 0
0000100110 0.0263977 0
0000100111 0.0214386 0
0000101000 0.00719452 0
0000101001 0.0154495 0
0000101010 0.00867462 -3.14159
0000101011 0.0936279 0
0000101100 0.0283203 0
0000101101 0.0134201 -3.14159
0000101110 0.00865173 -3.14159
0000101111 0.0228577 0
0000110000 0.0198364 0
0000110001 0.0122986 0
0000110010 0.0222778 0
0000110011 0.0164337 0
0000110100 0.0526428 -3.14159
0000110101 0.0268555 0
0000110110 0.0240784 0
0000110111 0.021347 -3.14159
0000111000 0.0133362 -3.14159
0000111001 0.0248566 -3.14159
0000111010 0.0186005 -3.14159
0000111011 0.00391388 -3.14159
0000111100 0.00133419 -3.14159
0000111101 0.0218658 0
0000111110 0.0192261 -3.14159
0000111111 0.000846386 0
0001000000 0.0202179 0
0001000001 0.039032 -3.14159
0001000010 0.0358276 -3.14159
0001000011 0.0047226 -3.14159
0001000100 0.0136108 -3.14159
0001000101 0.0174408 0
0001000110 0.011879 0
0001000111 0.018158 -3.14159
0001001000 0.0934448 -3.14159
0001001001 0.0038147 -3.14159
0001001010 0.0236969 -3.14159
0001001011 0.0120316 -3.14159
0001001100 0.0200958 0
0001001101 0.057373 -3.14159
0001001110 0.0268555 0
0001001111 0.0187378 0
0001010000 0.0269165 0
0001010001 0.0208588 -3.14159
0001010010 0.0730591 0
0001010011 0.00337219 0
0001010100 0.0110397 -3.14159
0001010101 0.0114594 -3.14159
0001010110 0.0170746 -3.14159
0001010111 0.0430298 -3.14159
0001011000 0.0433655 0
0001011001 0.0432739 0
0001011010 0.013298 -3.14159
0001011011 0.0838013 -3.14159
0001011100 0.043457 0
0001011101 0.0096283 -3.14159
0001011110 0.0257263 -3.14159
0001011111 0.00652695 -3.14159
0001100000 0.0776367 -3.14159
0001100001 0.0217743 0
0001100010 0.056366 -3.14159
0001100011 0.0158539 -3.14159
0001100100 0.0343018 0
0001100101 0.00570297 0
0001100110 0.0102539 -3.14159
0001100111 0.111877 0
0001101000 0.0260162 0
0001101001 0.013092 -3.14159
0001101010 0.00780869 -3.14159
0001101011 0.0314331 -3.14159
0001101100 0.0343018 -3.14159
0001101101 0.0396423 -3.14159
0001101110 0.0506897 0
0001101111 0.00637817 0
0001110000 0.0430298 -3.14159
0001110001 0.00717926 0
0001110010 0.0388184 -3.14159
0001110011 0.0224762 0
0001110100 0.00436783 0
0001110101 8.06451e-05 -3.14159
0001110110 0.0368958 -3.14159
0001110111 0.00640106 -3.14159
0001111000 0.00881958 -3.14159
0001111001 0.0301361 -3.14159
0001111010 0.0244904 0
0001111011 0.0292511 0
0001111100 0.0347595 -3.14159
0001111101 0.0403748 0
0001111110 0.00917053 0
0001111111 0.0347595 0
0010000000 0.0129852 0
0010000001 0.00546265 0
0010000010 0.00406647 0
0010000011 0.0148239 -3.14159
0010000100 0.0456543 -3.14159
0010000101 0.0199127 -3.14159
0010000110 0.0200958 -3.14159
0010000111 0.0808716 -3.14159
0010001000 0.0251007 -3.14159
0010001001 0.00717163 -3.14159
0010001010 0.0236359 -3.14159
0010001011 0.0270081 -3.14159
0010001100 0.0116806 -3.14159
0010001101 0.0162201 -3.14159
0010001110 0.0246429 0
0010001111 0.00899506 -3.14159
0010010000 0.0769653 -3.14159
0010010001 0.021698 -3.14159
0010010010 0.0355225 -3.14159
0010010011 0.0123291 -3.14159
0010010100 0.0458069 -3.14159
0010010101 0.0301056 -3.14159
0010010110 0.0103683 0
0010010111 0.00556183 0
0010011000 0.0268097 0
0010011001 0.0542908 -3.14159
0010011010 0.00547791 0
0010011011 0.0321045 0
0010011100 0.0253143 0
0010011101 0.0585327 0
0010011110 0.00907135 -3.14159
0010011111 0.00687027 0
0010100000 0.0233917 -3.14159
0010100001 0.0148773 0
0010100010 0.0725098 -3.14159
0010100011 0.0106506 -3.14159
0010100100 0.0124207 -3.14159
0010100101 0.0179138 -3.14159
0010100110 0.0323486 0
0010100111 0.0350037 0
0010101000 0.0177765 0
0010101001 0.00976562 -3.14159
0010101010 0.0244751 -3.14159
0010101011 0.0160217 -3.14159
0010101100 0.0387268 -3.14159
0010101101 0.0458374 0
0010101110 0.00235558 -3.14159
0010101111 0.00595856 0
0010110000 0.00135803 -3.14159
0010110001 0.00842285 -3.14159
0010110010 0.0148849 0
0010110011 0.000462532 0
0010110100 0.0117035 0
0010110101 0.000525475 -3.14159
0010110110 0.0298309 0
0010110111 0.00528717 -3.14159
0010111000 0.0121765 0
0010111001 0.00730515 0
0010111010 0.0127029 -3.14159
0010111011 0.0266113 0
0010111100 0.0164642 -3.14159
0010111101 0.0212555 -3.14159
0010111110 0.0126114 0
0010111111 0.00967407 -3.14159
0011000000 0.0382385 -3.14159
0011000001 0.0167542 0
0011000010 0.0445557 0
0011000011 0.0183868 0
0011000100 0.0179749 -3.14159
0011000101 0.00247002 -3.14159
0011000110 0.0186005 -3.14159
0011000111 0.029007 -3.14159
0011001000 0.0481873 0
0011001001 0.0018425 -3.14159
0011001010 0.039032 0
0011001011 0.0431213 -3.14159
0011001100 0.00182152 -3.14159
0011001101 0.0317688 -3.14159
0011001110 0.10022 0
0011001111 0.00504303 -3.14159
0011010000 0.00259399 -3.14159
0011010001 0.0172272 0
0011010010 0.0136948 0
0011010011 0.0386353 -3.14159
0011010100 0.00231552 -3.14159
0011010101 0.025238 -3.14159
0011010110 0.00482559 0
0011010111 0.0241089 0
0011011000 0.0193329 0
0011011001 0.0171814 -3.14159
0011011010 0.00121212 0
0011011011 0.0131531 -3.14159
0011011100 0.0179443 0
0011011101 0.013176 -3.14159
0011011110 0.00673676 0
0011011111 0.0589905 0
0011100000 0.0297241 0
0011100001 0.0314636 -3.14159
0011100010 0.025238 0
0011100011 0.0233307 -3.14159
0011100100 0.0163727 -3.14159
0011100101 0.00454712 0
0011100110 0.00970459 0
0011100111 0.0491028 0
0011101000 0.0502014 -3.14159
0011101001 0.00724792 0
0011101010 0.0178528 0
0011101011 0.0302277 0
0011101100 0.0212555 -3.14159
0011101101 0.0182037 0
0011101110 0.039978 -3.14159
0011101111 0.0219879 -3.14159
0011110000 0.00779343 0
0011110001 0.0286407 0
0011110010 0.0186768 0
0011110011 0.0577087 0
0011110100 0.0399475 -3.14159
0011110101 0.0387878 0
0011110110 0.028717 -3.14159
0011110111 0.0379639 0
0011111000 0.000610352 0
0011111001 0.0252228 -3.14159
0011111010 0.00251007 0
0011111011 0.0475464 -3.14159
0011111100 0.0270844 -3.14159
0011111101 0.00849152 -3.14159
0011111110 0.031311 0
0011111111 0.00551605 0
0100000000 0.00469208 -3.14159
0100000001 0.0169678 -3.14159
0100000010 0.00994873 -3.14159
0100000011 0.0165558 0
0100000100 0.0684204 -3.14159
0100000101 0.0198975 0
0100000110 0.0342102 0
0100000111 0.0374756 -3.14159
0100001000 0.0328064 0
0100001001 0.0117874 0
0100001010 0.00608063 0
0100001011 0.0196075 -3.14159
0100001100 0.0103683 -3.14159
0100001101 0.04599 -3.14159
0100001110 0.0201569 0
0100001111 0.0142593 -3.14159
0100010000 0.0346069 0
0100010001 0.0710449 -3.14159
0100010010 0.0147858 0
0100010011 0.0131149 -3.14159
0100010100 0.0775757 -3.14159
0100010101 0.055603 -3.14159
0100010110 0.00854492 0
0100010111 0.0440674 -3.14159
0100011000 0.0658569 -3.14159
0100011001 0.0296783 0
0100011010 0.0137177 -3.14159
0100011011 0.0194092 0
0100011100 0.00639725 -3.14159
0100011101 0.0038166 0
0100011110 0.0155411 0
0100011111 0.000658989 0
0100100000 0.0204315 0
0100100001 0.0628052 0
0100100010 0.00492477 -3.14159
0100100011 0.0325317 0
0100100100 0.016922 0
0100100101 0.011673 0
0100100110 0.0875854 0
0100100111 0.003582 -3.14159
0100101000 0.0269318 0
0100101001 0.0419617 -3.14159
0100101010 0.00166035 -3.14159
0100101011 0.0314331 0
0100101100 0.0139465 -3.14159
0100101101 0.00704956 0
0100101110 0.00572205 -3.14159
0100101111 0.0443115 0
0100110000 0.0519714 0
0100110001 0.0100861 -3.14159
0100110010 0.0187073 0
0100110011 0.0543213 -3.14159
0100110100 0.0426331 0
0100110101 0.0307465 0
0100110110 0.00883484 -3.14159
0100110111 0.0079422 0
0100111000 0.0221558 0
0100111001 0.0193176 0
0100111010 0.0116196 0
0100111011 0.00575638 0
0100111100 0.0238495 -3.14159
0100111101 0.0112534 0
0100111110 0.0134964 0
0100111111 0.0173492 -3.14159
0101000000 0.00456619 0
0101000001 0.0164795 -3.14159
0101000010 0.0574951 -3.14159
0101000011 0.0107117 -3.14159
0101000100 0.00727844 0
0101000101 0.0748901 0
0101000110 0.023941 -3.14159
0101000111 0.0325928 0
0101001000 0.0131836 -3.14159
0101001001 0.0783081 -3.14159
0101001010 0.00452042 -3.14159
0101001011 0.0253296 0
0101001100 0.00830841 -3.14159
0101001101 0.0145721 -3.14159
0101001110 0.00353432 -3.14159
0101001111 0.0108337 0
0101010000 0.0109177 -3.14159
0101010001 0.031311 0
0101010010 0.0241394 -3.14159
0101010011 0.0103683 -3.14159
0101010100 0.0216827 -3.14159
0101010101 0.0126953 0
0101010110 0.00821686 -3.14159
0101010111 0.0225067 0
0101011000 0.0267792 0
0101011001 0.0145493 0
0101011010 0.00836945 -3.14159
0101011011 0.0324707 -3.14159
0101011100 0.00555801 -3.14159
0101011101 0.00922394 0
0101011110 0.0391235 -3.14159
0101011111 0.0059166 -3.14159
0101100000 0.030838 -3.14159
0101100001 0.016098 -3.14159
0101100010 0.020752 0
0101100011 0.0375671 -3.14159
0101100100 0.0183868 -3.14159
0101100101 0.000432014 0
0101100110 0.0304413 -3.14159
0101100111 0.013443 0
0101101000 0.0376282 0
0101101001 0.0062027 0
0101101010 0.0681763 -3.14159
0101101011 0.0200958 -3.14159
0101101100 0.0257721 0
0101101101 0.0411377 0
0101101110 0.0381165 -3.14159
0101101111 0.0415039 -3.14159
0101110000 0.00117016 -3.14159
0101110001 0.0255585 -3.14159
0101110010 0.0448914 -3.14159
0101110011 0.00526428 0
0101110100 0.0219116 -3.14159
0101110101 0.00592041 -3.14159
0101110110 0.0357361 -3.14159
0101110111 0.0340271 0
0101111000 0.023819 -3.14159
0101111001 0.000904083 -3.14159
0101111010 0.0128403 -3.14159
0101111011 0.00482941 0
0101111100 0.0216522 0
0101111101 0.0052948 -3.14159
0101111110 0.000798702 0
0101111111 0.0606384 0
0110000000 0.0175781 -3.14159
0110000001 0.0468445 -3.14159
0110000010 0.00249863 0
0110000011 0.0319214 0
0110000100 0.023819 -3.14159
0110000101 0.02005 0
0110000110 0.011055 0
0110000111 0.0448914 -3.14159
0110001000 0.00852966 -3.14159
0110001001 0.0198975 0
0110001010 0.0254059 0
0110001011 0.0393066 -3.14159
0110001100 0.01651 0
0110001101 0.0511475 -3.14159
0110001110 0.0066185 0
0110001111 0.0153809 0
0110010000 0.0378723 0
0110010001 0.0324707 -3.14159
0110010010 0.0485535 0
0110010011 0.0302429 0
0110010100 0.00590897 0
0110010101 0.0606079 -3.14159
0110010110 0.0335388 0
0110010111 0.0399475 0
0110011000 0.0226135 -3.14159
0110011001 0.0794067 -3.14159
0110011010 0.00408554 -3.14159
0110011011 0.0218048 -3.14159
0110011100 0.0167694 0
0110011101 0.0316467 -3.14159
0110011110 0.00889587 0
0110011111 0.0601807 0
0110100000 0.0249939 0
0110100001 0.00163937 0
0110100010 0.00155163 0
0110100011 0.00531769 0
0110100100 0.00177193 -3.14159
0110100101 0.055603 0
0110100110 0.0142517 -3.14159
0110100111 0.0517883 0
0110101000 0.0131989 -3.14159
0110101001 0.00849152 0
0110101010 0.0246124 0
0110101011 0.0219116 0
0110101100 0.0497131 -3.14159
0110101101 0.000218153 0
0110101110 0.032959 0
0110101111 0.0195312 -3.14159
0110110000 0.00865173 0
0110110001 0.0568542 0
0110110010 0.020401 0
0110110011 0.0161743 0
0110110100 0.00525284 0
0110110101 0.0470581 0
0110110110 0.01828 0
0110110111 0.0241699 -3.14159
0110111000 0.0436096 -3.14159
0110111001 0.0322876 0
0110111010 0.00914001 -3.14159
0110111011 0.0844116 0
0110111100 0.0241699 -3.14159
0110111101 0.0522156 -3.14159
0110111110 0.0359802 0
0110111111 0.00326729 -3.14159
0111000000 0.00804901 -3.14159
0111000001 0.0104141 0
0111000010 0.0276489 0
0111000011 0.0233459 -3.14159
0111000100 0.00291443 -3.14159
0111000101 0.0262451 -3.14159
0111000110 0.00291634 -3.14159
0111000111 0.0561218 -3.14159
0111001000 0.0505066 0
0111001001 0.0334778 -3.14159
0111001010 0.0231171 0
0111001011 0.0122147 0
0111001100 0.00430679 0
0111001101 0.0427246 -3.14159
0111001110 0.0406799 0
0111001111 0.0180206 -3.14159
0111010000 0.00522614 0
0111010001 0.00135994 -3.14159
0111010010 0.0611877 0
0111010011 0.0340576 0
0111010100 0.00756454 -3.14159
0111010101 0.00124359 0
0111010110 0.0550232 0
0111010111 0.0163727 0
0111011000 0.00257301 -3.14159
0111011001 0.0031395 0
0111011010 0.00994873 0
0111011011 0.000303268 -3.14159
0111011100 0.00366402 0
0111011101 0.0171967 -3.14159
0111011110 0.0412903 -3.14159
0111011111 0.00188732 -3.14159
0111100000 0.043396 0
0111100001 0.00117588 -3.14159
0111100010 0.00455856 0
0111100011 0.0161133 -3.14159
0111100100 0.00170231 0
0111100101 0.0138702 0
0111100110 0.0171509 -3.14159
0111100111 0.00270653 0
0111101000 0.04245 -3.14159
0111101001 0.0193634 0
0111101010 0.00209999 0
0111101011 0.0103302 0
0111101100 0.0224457 -3.14159
0111101101 0.05896 -3.14159
0111101110 0.0325012 0
0111101111 0.00855255 0
0111110000 0.00501251 -3.14159
0111110001 0.00315857 -3.14159
0111110010 0.0384521 -3.14159
0111110011 0.0298004 -3.14159
0111110100 0.0466919 -3.14159
0111110101 0.0272369 -3.14159
0111110110 0.00642395 0
0111110111 0.00523758 0
0111111000 0.0135803 0
0111111001 0.0430298 0
0111111010 0.0690918 -3.14159
0111111011 0.0515137 -3.14159
0111111100 0.0289154 -3.14159
0111111101 0.0154037 0
0111111110 0.0395508 -3.14159
0111111111 0.00747681 0
1000000000 0.0104446 -3.14159
1000000001 0.022995 -3.14159
1000000010 0.0020256 0
1000000011 0.028595 0
1000000100 0.0221863 0
1000000101 0.0321045 -3.14159
1000000110 6.02603e-05 -3.14159
1000000111 0.0104599 0
1000001000 0.0155869 -3.14159
1000001001 0.0493469 0
1000001010 0.00650024 -3.14159
1000001011 0.0196381 0
1000001100 0.0480652 -3.14159
1000001101 0.0351868 -3.14159
1000001110 0.00658798 0
1000001111 0.00892639 -3.14159
1000010000 0.00271034 0
1000010001 0.0110474 -3.14159
1000010010 0.0343018 -3.14159
1000010011 0.000636101 -3.14159
1000010100 0.0632935 0
1000010101 0.0205536 -3.14159
1000010110 0.0209351 0
1000010111 0.0207214 0
1000011000 0.0498047 0
1000011001 0.0757446 -3.14159
1000011010 0.00664139 0
1000011011 0.00788879 0
1000011100 0.0265808 0
1000011101 0.0398865 0
1000011110 0.00974274 0
1000011111 0.000144124 -3.14159
1000100000 0.033783 -3.14159
1000100001 0.00992584 0
1000100010 0.00286293 0
1000100011 0.0331726 0
1000100100 0.0248108 -3.14159
1000100101 0.0440063 -3.14159
1000100110 0.0264893 -3.14159
1000100111 0.0251617 -3.14159
1000101000 0.00623703 -3.14159
1000101001 0.0023365 -3.14159
1000101010 0.0166931 0
1000101011 0.0383911 0
1000101100 0.0104904 -3.14159
1000101101 0.0462952 -3.14159
1000101110 0.0593872 -3.14159
1000101111 0.0222626 -3.14159
1000110000 0.0012455 0
1000110001 0.0107193 -3.14159
1000110010 0.023819 0
1000110011 0.000562191 0
1000110100 0.0110703 -3.14159
1000110101 0.00166512 -3.14159
1000110110 0.0163879 0
1000110111 0.0236359 0
1000111000 0.0679321 -3.14159
1000111001 0.00728607 0
1000111010 0.0164185 -3.14159
1000111011 0.00453949 -3.14159
1000111100 0.0229034 0
1000111101 0.0125885 0
1000111110 0.0318604 0
1000111111 0.0143661 0
1001000000 0.00500488 -3.14159
1001000001 0.0172424 -3.14159
1001000010 0.00573349 -3.14159
1001000011 0.00868225 0
1001000100 0.0214996 -3.14159
1001000101 0.0116196 0
1001000110 0.0027523 -3.14159
1001000111 0.0473633 -3.14159
1001001000 0.0532837 0
1001001001 0.00706863 -3.14159
1001001010 0.0121689 -3.14159
1001001011 0.0156174 0
1001001100 0.0325623 0
1001001101 0.0176392 -3.14159
1001001110 0.0206604 0
1001001111 0.0432739 -3.14159
1001010000 0.0463257 0
1001010001 0.0147247 0
1001010010 0.0481567 -3.14159
1001010011 0.0448303 -3.14159
1001010100 0.0174866 0
1001010101 2.85506e-05 -3.14159
1001010110 0.00828552 0
1001010111 0.0428162 0
1001011000 0.0498047 -3.14159
1001011001 0.00735855 -3.14159
1001011010 0.00925446 0
1001011011 0.0184784 -3.14159
1001011100 0.00966644 -3.14159
1001011101 0.0284119 0
1001011110 0.0345154 0
1001011111 0.000982285 -3.14159
1001100000 0.0185394 -3.14159
1001100001 0.0206757 0
1001100010 0.000564098 -3.14159
1001100011 0.00973511 -3.14159
1001100100 0.0201111 -3.14159
1001100101 0.0197601 0
1001100110 0.00457001 0
1001100111 0.0859375 0
1001101000 0.0286407 0
1001101001 0.0234375 -3.14159
1001101010 0.0175476 0
1001101011 0.017334 -3.14159
1001101100 0.00766373 -3.14159
1001101101 0.056488 0
1001101110 0.0270233 0
1001101111 0.0761108 0
1001110000 0.0298004 0
1001110001 0.0455322 -3.14159
1001110010 0.0059967 0
1001110011 0.0033989 0
1001110100 0.0122833 -3.14159
1001110101 0.0249329 0
1001110110 0.0418701 0
1001110111 0.0280609 -3.14159
1001111000 0.0153885 0
1001111001 0.00306129 -3.14159
1001111010 0.00852203 0
1001111011 0.0387268 -3.14159
1001111100 0.00472641 0
1001111101 0.00121498 -3.14159
1001111110 0.0333252 -3.14159
1001111111 0.0252533 -3.14159
1010000000 0.000646591 -3.14159
1010000001 0.0346985 -3.14159
1010000010 0.0458374 -3.14159
1010000011 0.0415649 -3.14159
1010000100 0.00666046 0
1010000101 0.0458374 0
1010000110 0.0362244 0
1010000111 0.0450439 -3.14159
1010001000 0.0325317 -3.14159
1010001001 0.0866699 0
1010001010 0.041626 -3.14159
1010001011 0.0256805 0
1010001100 0.0156555 0
1010001101 0.0170135 0
1010001110 0.030777 -3.14159
1010001111 0.0061264 0
1010010000 0.0352783 0
1010010001 0.0271759 -3.14159
1010010010 0.0200043 -3.14159
1010010011 0.00346565 0
1010010100 0.03125 -3.14159
1010010101 0.00171852 -3.14159
1010010110 0.0169373 -3.14159
1010010111 0.00391388 0
1010011000 0.0205688 0
1010011001 0.0598755 0
1010011010 0.00152016 0
1010011011 0.00602722 0
1010011100 0.00133514 -3.14159
1010011101 0.0428772 0
1010011110 0.015686 0
1010011111 0.00185966 0
1010100000 0.0350342 -3.14159
1010100001 0.0222626 0
1010100010 0.0122452 -3.14159
1010100011 0.0279083 -3.14159
1010100100 0.0233917 -3.14159
1010100101 0.0353699 0
1010100110 0.0183563 0
1010100111 0.0286865 0
1010101000 0.0253296 -3.14159
1010101001 0.00475693 0
1010101010 0.000874043 0
1010101011 0.108887 0
1010101100 0.0419006 0
1010101101 0.00474167 -3.14159
1010101110 0.0188141 -3.14159
1010101111 0.0247803 -3.14159
1010110000 0.0511169 0
1010110001 0.0431824 -3.14159
1010110010 0.0283356 -3.14159
1010110011 0.0396729 0
1010110100 0.00285149 -3.14159
1010110101 0.0130692 0
1010110110 0.000254393 0
1010110111 0.0027771 0
1010111000 0.00364304 0
1010111001 0.0349121 0
1010111010 0.046051 -3.14159
1010111011 0.0067749 0
1010111100 0.00991821 -3.14159
1010111101 0.0142517 0
1010111110 0.0473938 -3.14159
1010111111 0.0359497 -3.14159
1011000000 0.017395 0
1011000001 0.0186768 -3.14159
1011000010 0.0127335 0
1011000011 0.0101089 0
1011000100 0.0256348 0
1011000101 0.0489807 0
1011000110 0.0470581 -3.14159
1011000111 0.0172577 -3.14159
1011001000 0.0662231 -3.14159
1011001001 0.0104218 0
1011001010 0.00109005 0
1011001011 0.00305939 0
1011001100 0.016571 0
1011001101 0.0294495 0
1011001110 0.0166779 -3.14159
1011001111 0.0381165 -3.14159
1011010000 0.0302429 0
1011010001 0.053772 -3.14159
1011010010 0.00857544 0
1011010011 0.0123444 0
1011010100 0.00347137 0
1011010101 0.0617065 -3.14159
1011010110 0.031189 -3.14159
1011010111 0.0622253 -3.14159
1011011000 0.00704193 -3.14159
1011011001 0.0159454 0
1011011010 0.0106354 -3.14159
1011011011 0.011467 -3.14159
1011011100 0.0200958 -3.14159
1011011101 0.0210876 0
1011011110 0.038269 -3.14159
1011011111 0.0326233 -3.14159
1011100000 0.00372505 0
1011100001 0.00151157 0
1011100010 0.00924683 -3.14159
1011100011 0.061615 0
1011100100 0.0714111 0
1011100101 0.0174408 0
1011100110 0.0041008 0
1011100111 0.0112762 0
1011101000 0.0484009 0
1011101001 0.0446777 -3.14159
1011101010 0.0117416 0
1011101011 0.0105286 -3.14159
1011101100 0.0204315 0
1011101101 0.0107346 -3.14159
1011101110 0.0325623 0
1011101111 0.112305 0
1011110000 0.0225525 0
1011110001 0.00531006 -3.14159
1011110010 0.0208435 0
1011110011 0.00522232 0
1011110100 0.016037 -3.14159
1011110101 0.0323792 0
1011110110 0.0552063 -3.14159
1011110111 0.0362854 -3.14159
1011111000 0.0210266 0
1011111001 0.0368958 -3.14159
1011111010 0.012085 -3.14159
1011111011 0.00321198 0
1011111100 0.0669556 0
1011111101 0.0391846 0
1011111110 0.0668335 0
1011111111 0.0110855 0
1100000000 0.0267181 -3.14159
1100000001 0.0270691 0
1100000010 0.0093689 -3.14159
1100000011 0.00871277 -3.14159
1100000100 0.0286865 -3.14159
1100000101 0.0211334 0
1100000110 0.000711918 -3.14159
1100000111 0.0108643 0
1100001000 0.0227203 -3.14159
1100001001 0.0166321 -3.14159
1100001010 0.00718307 0
1100001011 0.0141754 -3.14159
1100001100 0.017395 0
1100001101 0.00663757 -3.14159
1100001110 0.0328064 0
1100001111 0.0151138 0
1100010000 0.081543 0
1100010001 0.00625229 0
1100010010 0.0180969 0
1100010011 0.078064 -3.14159
1100010100 0.0041275 -3.14159
1100010101 0.0408325 -3.14159
1100010110 0.0131607 -3.14159
1100010111 0.0566406 0
1100011000 0.0374756 -3.14159
1100011001 0.00178146 -3.14159
1100011010 0.00561142 -3.14159
1100011011 0.00797272 0
1100011100 0.0180664 -3.14159
1100011101 0.00947571 0
1100011110 0.00181103 0
1100011111 0.0210571 -3.14159
1100100000 0.0128632 0
1100100001 0.0324402 -3.14159
1100100010 0.0184937 0
1100100011 0.0165558 0
1100100100 0.0172272 0
1100100101 0.0543518 -3.14159
1100100110 0.00978851 0
1100100111 0.00242424 -3.14159
1100101000 0.0167999 -3.14159
1100101001 0.0373535 0
1100101010 0.022522 0
1100101011 0.0351868 0
1100101100 0.0443726 -3.14159
1100101101 0.0244293 -3.14159
1100101110 0.0784302 0
1100101111 0.00556183 0
1100110000 0.0133362 0
1100110001 0.00874329 -3.14159
1100110010 0.0437927 0
1100110011 0.0146561 -3.14159
1100110100 0.0269318 0
1100110101 0.00257683 0
1100110110 0.0489807 0
1100110111 0.00451279 0
1100111000 0.00811768 -3.14159
1100111001 0.0171967 0
1100111010 0.00820923 -3.14159
1100111011 0.0513916 -3.14159
1100111100 0.0331726 -3.14159
1100111101 0.0420227 -3.14159
1100111110 0.0445557 -3.14159
1100111111 0.022171 -3.14159
1101000000 0.0814209 0
1101000001 0.00551605 0
1101000010 0.0193481 -3.14159
1101000011 0.0236816 -3.14159
1101000100 0.0323181 0
1101000101 0.0561218 0
1101000110 0.032196 0
1101000111 0.0210266 -3.14159
1101001000 0.0726318 0
1101001001 0.00745773 0
1101001010 0.00843811 -3.14159
1101001011 0.00415039 0
1101001100 0.00769424 0
1101001101 0.0194092 0
1101001110 0.00123978 -3.14159
1101001111 0.0027771 -3.14159
1101010000 0.00939941 0
1101010001 0.00343513 -3.14159
1101010010 0.0117493 0
1101010011 0.0614014 0
1101010100 0.00146198 0
1101010101 0.0132751 0
1101010110 0.0265961 0
1101010111 0.0140152 0
1101011000 0.0180206 -3.14159
1101011001 0.00784302 0
1101011010 0.02742 0
1101011011 0.00717163 -3.14159
1101011100 0.00201988 0
1101011101 0.0445251 0
1101011110 0.0353088 -3.14159
1101011111 0.0482178 -3.14159
1101100000 0.00743866 0
1101100001 0.00343513 -3.14159
1101100010 0.00730515 -3.14159
1101100011 0.0370789 0
1101100100 0.0376282 -3.14159
1101100101 0.0336304 -3.14159
1101100110 0.00998688 -3.14159
1101100111 0.0174561 0
1101101000 0.0294342 0
1101101001 0.0134964 0
1101101010 0.00440598 0
1101101011 0.0094223 0
1101101100 0.0246124 -3.14159
1101101101 0.010788 0
1101101110 0.0491333 0
1101101111 0.0340881 -3.14159
1101110000 0.0228119 -3.14159
1101110001 0.0327759 0
1101110010 0.00994873 -3.14159
1101110011 0.0517273 -3.14159
1101110100 0.0126801 -3.14159
1101110101 0.0208282 0
1101110110 0.0439453 -3.14159
1101110111 0.0456543 -3.14159
1101111000 0.0681152 -3.14159
1101111001 0.00349236 0
1101111010 0.0028038 0
1101111011 0.0241394 -3.14159
1101111100 0.0341187 0
1101111101 0.0262756 -3.14159
1101111110 0.00221252 -3.14159
1101111111 0.00669098 -3.14159
1110000000 0.00724411 -3.14159
1110000001 0.0326843 0
1110000010 0.0697632 0
1110000011 0.0248871 -3.14159
1110000100 0.00281906 -3.14159
1110000101 0.022995 0
1110000110 0.0535583 -3.14159
1110000111 0.0393066 0
1110001000 0.000715256 0
1110001001 0.0194702 0
1110001010 0.0165253 0
1110001011 0.0140991 0
1110001100 0.0135574 -3.14159
1110001101 0.0606689 0
1110001110 0.0122223 0
1110001111 0.0331116 0
1110010000 0.00944519 -3.14159
1110010001 0.0162811 0
1110010010 0.000248194 0
1110010011 0.0269775 0
1110010100 0.0292206 -3.14159
1110010101 0.0405273 -3.14159
1110010110 0.0451965 0
1110010111 0.0431824 -3.14159
1110011000 0.00216293 0
1110011001 0.0175018 -3.14159
1110011010 0.0151749 0
1110011011 0.0343628 -3.14159
1110011100 0.0380554 0
1110011101 6.10948e-05 -3.14159
1110011110 0.000344276 -3.14159
1110011111 0.0947876 0
1110100000 0.0393677 0
1110100001 0.00736237 -3.14159
1110100010 0.0522156 -3.14159
1110100011 0.00786591 0
1110100100 0.00315857 -3.14159
1110100101 0.0163116 0
1110100110 0.0473022 -3.14159
1110100111 0.0281372 0
1110101000 0.0218506 -3.14159
1110101001 0.0409851 0
1110101010 0.026825 0
1110101011 0.00547409 0
1110101100 0.0160828 0
1110101101 0.00129509 0
1110101110 0.00149536 0
1110101111 0.0020237 -3.14159
1110110000 0.0140457 0
1110110001 0.0211792 -3.14159
1110110010 0.033905 -3.14159
1110110011 0.0684204 -3.14159
1110110100 0.00677109 0
1110110101 0.0661011 -3.14159
1110110110 0.00858307 0
1110110111 0.0210266 -3.14159
1110111000 0.0313416 -3.14159
1110111001 0.10022 -3.14159
1110111010 0.0572205 -3.14159
1110111011 0.0245209 0
1110111100 0.0244751 -3.14159
1110111101 0.00932312 0
1110111110 0.0165253 0
1110111111 0.0380859 -3.14159
1111000000 0.0336304 0
1111000001 0.0288239 -3.14159
1111000010 0.0681152 0
1111000011 0.000299931 -3.14159
1111000100 0.0238495 -3.14159
1111000101 0.0283661 -3.14159
1111000110 0.0341187 0
1111000111 0.00317001 -3.14159
1111001000 0.00980377 -3.14159
1111001001 0.0218353 -3.14159
1111001010 0.0150757 0
1111001011 0.0231171 0
1111001100 0.0271759 -3.14159
1111001101 0.0167389 -3.14159
1111001110 0.0189514 0
1111001111 0.0939331 0
1111010000 0.00894928 -3.14159
1111010001 0.0267181 -3.14159
1111010010 0.0106964 -3.14159
1111010011 0.0122986 0
1111010100 0.0240173 0
1111010101 0.0106125 -3.14159
1111010110 0.0122604 -3.14159
1111010111 0.0251007 0
1111011000 0.0216522 0
1111011001 0.00797272 -3.14159
1111011010 0.0463257 -3.14159
1111011011 0.00962067 0
1111011100 0.0087204 -3.14159
1111011101 0.000784397 0
1111011110 0.0258179 -3.14159
1111011111 0.0192566 -3.14159
1111100000 0.0352783 0
1111100001 0.0161133 0
1111100010 0.0101547 -3.14159
1111100011 0.0544739 -3.14159
1111100100 0.0113754 0
1111100101 0.0360413 -3.14159
1111100110 0.0382996 0
1111100111 0.0257263 0
1111101000 0.0191498 -3.14159
1111101001 0.0138397 0
1111101010 0.0350342 -3.14159
1111101011 0.0544434 -3.14159
1111101100 0.0789185 0
1111101101 0.0285797 -3.14159
1111101110 0.0600281 0
1111101111 0.0497131 0
1111110000 0.0473938 -3.14159
1111110001 0.0496826 0
1111110010 0.0115738 -3.14159
1111110011 0.0376282 -3.14159
1111110100 0.0472107 -3.14159
1111110101 0.0242462 0
1111110110 0.0560608 -3.14159
1111110111 0.0243073 0
1111111000 0.0517273 -3.14159
1111111001 0.0316162 -3.14159
1111111010 0.0295563 -3.14159
1111111011 0.00613785 0
1111111100 0.0223083 0
1111111101 0.0286407 0
1111111110 0.0223083 0
1111111111 0.00959778 0
