0000000000 0.0125122 0
0000000001 0.0307922 0
0000000010 0.030304 0
0000000011 0.000893593 -3.14159
0000000100 0.038147 -3.14159
0000000101 0.019989 0
0000000110 0.0171509 -3.14159
0000000111 0.0366821 -3.14159
0000001000 0.0105591 -3.14159
0000001001 0.000670433 -3.14159
0000001010 0.000689983 -3.14159
0000001011 0.0255585 -3.14159
0000001100 0.00281143 0
0000001101 0.0185394 -3.14159
0000001110 0.0195007 0
0000001111 0.00305176 0
0000010000 0.0340881 0
0000010001 0.00550079 -3.14159
0000010010 0.0375671 -3.14159
0000010011 0.0108871 -3.14159
0000010100 0.029068 -3.14159
0000010101 0.041687 -3.14159
0000010110 0.0306549 -3.14159
0000010111 0.000982285 -3.14159
0000011000 0.0274811 -3.14159
0000011001 0.0220184 0
0000011010 0.00933838 0
0000011011 0.0231934 0
0000011100 0.0112228 0
0000011101 0.00587845 0
0000011110 0.0576477 -3.14159
0000011111 0.0696411 0
0000100000 0.0726929 -3.14159
0000100001 0.0106049 -3.14159
0000100010 0.0680542 -3.14159
0000100011 0.0368347 0
0000100100 0.0235138 -3.14159
0000100101 0.0313416 0
0000100110 0.0303192 0
0000100111 0.0143204 0
0000101000 0.0112228 0
0000101001 0.0173798 0
0000101010 0.0189362 -3.14159
0000101011 0.0924683 0
0000101100 0.0250397 0
0000101101 0.0209503 -3.14159
0000101110 0.0089798 -3.14159
0000101111 0.0198669 0
0000110000 0.026123 0
0000110001 0.00248146 -3.14159
0000110010 0.0329895 0
0000110011 0.0105133 0
0000110100 0.0509644 -3.14159
0000110101 0.0108948 0
0000110110 0.0314331 0
0000110111 0.0022068 0
0000111000 0.00252914 0
0000111001 0.0270844 -3.14159
0000111010 0.023468 -3.14159
0000111011 0.0158539 -3.14159
0000111100 0.0109329 0
0000111101 0.0224457 0
0000111110 0.019989 -3.14159
0000111111 0.0060997 -3.14159
0001000000 0.0178833 0
0001000001 0.0379639 -3.14159
0001000010 0.0313416 -3.14159
0001000011 0.00384521 -3.14159
0001000100 0.000748158 -3.14159
0001000101 0.0172272 0
0001000110 0.0293274 0
0001000111 0.0172119 -3.14159
0001001000 0.09729 -3.14159
0001001001 0.0021534 -3.14159
0001001010 0.0224457 -3.14159
0001001011 0.0197296 -3.14159
0001001100 0.0156708 0
0001001101 0.06073 -3.14159
0001001110 0.0321655 0
0001001111 0.0210724 0
0001010000 0.0272675 0
0001010001 0.0166626 -3.14159
0001010010 0.0697632 0
0001010011 0.00325966 0
0001010100 0.00792694 -3.14159
0001010101 0.000823498 0
0001010110 0.00806427 -3.14159
0001010111 0.0438232 -3.14159
0001011000 0.0277863 0
0001011001 0.0295258 0
0001011010 0.00448608 -3.14159
0001011011 0.0637207 -3.14159
0001011100 0.0376282 0
0001011101 0.0223999 -3.14159
0001011110 0.0262451 -3.14159
0001011111 0.00589371 -3.14159
0001100000 0.069519 -3.14159
0001100001 0.0254669 0
0001100010 0.0448914 -3.14159
0001100011 0.010704 -3.14159
0001100100 0.032074 0
0001100101 0.00125027 0
0001100110 0.00261688 -3.14159
0001100111 0.106506 0
0001101000 0.0357056 0
0001101001 0.00162411 0
0001101010 0.00283623 -3.14159
0001101011 0.0388794 -3.14159
0001101100 0.0280914 -3.14159
0001101101 0.0307617 -3.14159
0001101110 0.0551758 0
0001101111 0.0117416 0
0001110000 0.0587769 -3.14159
0001110001 0.016037 0
0001110010 0.038269 -3.14159
0001110011 0.0178528 0
0001110100 0.0110016 0
0001110101 0.00432587 -3.14159
0001110110 0.0330811 -3.14159
0001110111 0.0250549 -3.14159
0001111000 0.00215912 -3.14159
0001111001 0.0385742 -3.14159
0001111010 0.0114365 0
0001111011 0.0168304 0
0001111100 0.0274353 -3.14159
0001111101 0.0401611 0
0001111110 0.00472641 -3.14159
0001111111 0.0271301 0
0010000000 0.00555801 0
0010000001 0.0096817 0
0010000010 0.00156403 -3.14159
0010000011 0.0152588 -3.14159
0010000100 0.0523682 -3.14159
0010000101 0.0348206 -3.14159
0010000110 0.0186462 -3.14159
0010000111 0.074707 -3.14159
0010001000 0.0283356 -3.14159
0010001001 0.0101395 -3.14159
0010001010 0.00843811 -3.14159
0010001011 0.0218658 -3.14159
0010001100 0.00621033 -3.14159
0010001101 0.0368958 -3.14159
0010001110 0.0402527 0
0010001111 0.0169067 -3.14159
0010010000 0.0727539 -3.14159
0010010001 0.0245972 -3.14159
0010010010 0.0217438 -3.14159
0010010011 0.0211334 -3.14159
0010010100 0.04245 -3.14159
0010010101 0.0226593 -3.14159
0010010110 0.0289612 0
0010010111 0.00284195 -3.14159
0010011000 0.0279846 0
0010011001 0.0531311 -3.14159
0010011010 0.00398636 0
0010011011 0.0361633 0
0010011100 0.0144424 0
0010011101 0.0480652 0
0010011110 0.0142441 -3.14159
0010011111 0.0124893 0
0010100000 0.0179443 -3.14159
0010100001 0.00178146 0
0010100010 0.0803223 -3.14159
0010100011 0.0196228 -3.14159
0010100100 0.0229492 -3.14159
0010100101 0.00223351 -3.14159
0010100110 0.0354004 0
0010100111 0.0326233 0
0010101000 0.0111084 0
0010101001 0.00387764 -3.14159
0010101010 0.03125 -3.14159
0010101011 0.0120621 -3.14159
0010101100 0.0402832 -3.14159
0010101101 0.0418396 0
0010101110 0.0163574 -3.14159
0010101111 0.0214539 0
0010110000 0.00235748 -3.14159
0010110001 0.00320244 0
0010110010 0.0261383 0
0010110011 0.0223846 -3.14159
0010110100 0.0163879 0
0010110101 0.00256348 -3.14159
0010110110 0.0252686 0
0010110111 0.0231171 -3.14159
0010111000 0.0161591 0
0010111001 0.0115585 0
0010111010 0.021347 -3.14159
0010111011 0.0333862 0
0010111100 0.0167847 -3.14159
0010111101 0.0223083 -3.14159
0010111110 0.0200806 0
0010111111 0.00156975 -3.14159
0011000000 0.0328064 -3.14159
0011000001 0.0013485 -3.14159
0011000010 0.0557251 0
0011000011 0.0286255 0
0011000100 0.0106125 -3.14159
0011000101 0.000813484 0
0011000110 0.0154495 -3.14159
0011000111 0.0227814 -3.14159
0011001000 0.0390015 0
0011001001 0.00644302 0
0011001010 0.0310822 0
0011001011 0.0521545 -3.14159
0011001100 0.000656605 0
0011001101 0.0295868 -3.14159
0011001110 0.113831 0
0011001111 0.00793457 -3.14159
0011010000 0.00688553 -3.14159
0011010001 0.021347 0
0011010010 0.00596619 0
0011010011 0.0389404 -3.14159
0011010100 0.012886 -3.14159
0011010101 0.0130997 -3.14159
0011010110 0.00415039 0
0011010111 0.0236816 0
0011011000 0.0171967 0
0011011001 0.0312805 -3.14159
0011011010 0.00926971 0
0011011011 0.0139008 -3.14159
0011011100 0.0147476 0
0011011101 0.0197296 -3.14159
0011011110 0.0133438 0
0011011111 0.0641479 0
0011100000 0.00468445 0
0011100001 0.0142136 -3.14159
0011100010 0.0171661 0
0011100011 0.017807 -3.14159
0011100100 0.0173798 -3.14159
0011100101 0.00672531 -3.14159
0011100110 0.0121231 0
0011100111 0.0522156 0
0011101000 0.0427246 -3.14159
0011101001 0.0134506 0
0011101010 0.0108337 0
0011101011 0.0199738 0
0011101100 0.0170441 -3.14159
0011101101 0.0160065 0
0011101110 0.038208 -3.14159
0011101111 0.0160675 -3.14159
0011110000 0.0120087 -3.14159
0011110001 0.0340576 0
0011110010 0.0265045 0
0011110011 0.0548706 0
0011110100 0.0437622 -3.14159
0011110101 0.0484619 0
0011110110 0.0353088 -3.14159
0011110111 0.0317078 0
0011111000 0.0023098 0
0011111001 0.0261383 -3.14159
0011111010 0.00815582 0
0011111011 0.041626 -3.14159
0011111100 0.0267792 -3.14159
0011111101 0.0155487 -3.14159
0011111110 0.0346069 0
0011111111 0.00930786 0
0100000000 0.00521469 -3.14159
0100000001 0.00105953 -3.14159
0100000010 0.0124207 -3.14159
0100000011 0.0136795 0
0100000100 0.0650024 -3.14159
0100000101 0.0208435 0
0100000110 0.0413208 0
0100000111 0.0174866 -3.14159
0100001000 0.0206299 0
0100001001 0.00146198 0
0100001010 0.0264893 0
0100001011 0.0139999 -3.14159
0100001100 0.00791168 0
0100001101 0.037262 -3.14159
0100001110 0.027771 0
0100001111 0.00169945 0
0100010000 0.0300446 0
0100010001 0.0722046 -3.14159
0100010010 0.0140839 0
0100010011 0.0213623 -3.14159
0100010100 0.0814819 -3.14159
0100010101 0.0601501 -3.14159
0100010110 0.0190277 0
0100010111 0.0488892 -3.14159
0100011000 0.0418701 -3.14159
0100011001 0.0318298 0
0100011010 0.0160065 -3.14159
0100011011 0.0171661 0
0100011100 0.000581264 0
0100011101 0.0106201 -3.14159
0100011110 0.0190735 0
0100011111 0.00116444 -3.14159
0100100000 0.0203552 0
0100100001 0.0648193 0
0100100010 0.00622177 -3.14159
0100100011 0.0312042 0
0100100100 0.0175323 0
0100100101 0.00411606 -3.14159
0100100110 0.0907593 0
0100100111 0.013237 -3.14159
0100101000 0.0212708 0
0100101001 0.0377197 -3.14159
0100101010 0.000800133 -3.14159
0100101011 0.0385132 0
0100101100 0.0198975 -3.14159
0100101101 0.0153427 0
0100101110 0.0175629 -3.14159
0100101111 0.0339661 0
0100110000 0.038269 0
0100110001 0.00132084 -3.14159
0100110010 0.0129089 0
0100110011 0.0615845 -3.14159
0100110100 0.0283508 0
0100110101 0.0336609 0
0100110110 0.0188446 -3.14159
0100110111 0.0175476 0
0100111000 0.0245514 0
0100111001 0.0118484 0
0100111010 0.000657082 -3.14159
0100111011 0.0145721 0
0100111100 0.0170135 -3.14159
0100111101 0.0270538 0
0100111110 0.0208435 0
0100111111 0.00577545 -3.14159
0101000000 0.0133514 0
0101000001 0.0318909 -3.14159
0101000010 0.0529175 -3.14159
0101000011 0.0285797 -3.14159
0101000100 0.00304604 0
0101000101 0.0731201 0
0101000110 0.032959 -3.14159
0101000111 0.0225372 0
0101001000 0.0131454 -3.14159
0101001001 0.0530701 -3.14159
0101001010 0.00324059 -3.14159
0101001011 0.0205078 0
0101001100 0.0302277 -3.14159
0101001101 0.0138168 -3.14159
0101001110 0.00060463 0
0101001111 0.00987244 0
0101010000 0.0128403 -3.14159
0101010001 0.0177002 0
0101010010 0.0190125 -3.14159
0101010011 0.0190735 -3.14159
0101010100 0.0272064 -3.14159
0101010101 0.00155449 0
0101010110 0.0217438 -3.14159
0101010111 0.0308228 0
0101011000 0.03302 0
0101011001 0.0243225 0
0101011010 0.00339508 -3.14159
0101011011 0.0161743 -3.14159
0101011100 0.000882149 -3.14159
0101011101 0.00409317 0
0101011110 0.0343323 -3.14159
0101011111 0.00510025 0
0101100000 0.0322876 -3.14159
0101100001 0.00132656 -3.14159
0101100010 0.0175629 0
0101100011 0.0257111 -3.14159
0101100100 0.0219421 -3.14159
0101100101 0.00624466 -3.14159
0101100110 0.0337524 -3.14159
0101100111 0.0349121 0
0101101000 0.0457764 0
0101101001 0.0177155 -3.14159
0101101010 0.0674438 -3.14159
0101101011 0.0233612 -3.14159
0101101100 0.021347 0
0101101101 0.0284119 0
0101101110 0.0432129 -3.14159
0101101111 0.0515137 -3.14159
0101110000 0.00559235 0
0101110001 0.0251617 -3.14159
0101110010 0.0335999 -3.14159
0101110011 0.00786591 0
0101110100 0.0055809 -3.14159
0101110101 0.00455856 0
0101110110 0.042572 -3.14159
0101110111 0.0354309 0
0101111000 0.00862885 -3.14159
0101111001 0.00942993 0
0101111010 0.00270844 -3.14159
0101111011 0.00270081 0
0101111100 0.0108566 0
0101111101 0.0258942 -3.14159
0101111110 0.00996399 0
0101111111 0.0562744 0
0110000000 0.0310822 -3.14159
0110000001 0.0509338 -3.14159
0110000010 0.0133972 -3.14159
0110000011 0.028656 0
0110000100 0.0173492 -3.14159
0110000101 0.00164986 0
0110000110 0.0236511 0
0110000111 0.0463257 -3.14159
0110001000 0.00547028 -3.14159
0110001001 0.0303802 0
0110001010 0.0484619 0
0110001011 0.037384 -3.14159
0110001100 0.014183 0
0110001101 0.046814 -3.14159
0110001110 0.00460815 0
0110001111 0.00941467 0
0110010000 0.0396118 0
0110010001 0.020874 -3.14159
0110010010 0.0508423 0
0110010011 0.0260315 0
0110010100 0.00360107 -3.14159
0110010101 0.0620117 -3.14159
0110010110 0.0427551 0
0110010111 0.0484924 0
0110011000 0.000812531 0
0110011001 0.0949707 -3.14159
0110011010 0.010643 -3.14159
0110011011 0.0109253 -3.14159
0110011100 0.00470734 0
0110011101 0.0262451 -3.14159
0110011110 0.00111294 0
0110011111 0.0487671 0
0110100000 0.0202789 0
0110100001 0.00271606 -3.14159
0110100010 0.00161171 -3.14159
0110100011 0.0129776 0
0110100100 0.00667572 -3.14159
0110100101 0.0673218 0
0110100110 0.00828552 -3.14159
0110100111 0.0458069 0
0110101000 0.0149612 -3.14159
0110101001 0.0198975 0
0110101010 0.0290985 0
0110101011 0.0291443 0
0110101100 0.0537109 -3.14159
0110101101 0.00580597 0
0110101110 0.0311737 0
0110101111 0.0117416 -3.14159
0110110000 0.00329208 -3.14159
0110110001 0.0577087 0
0110110010 0.0201569 0
0110110011 0.0110397 0
0110110100 0.000102043 0
0110110101 0.0448608 0
0110110110 0.0148315 0
0110110111 0.0348206 -3.14159
0110111000 0.0576172 -3.14159
0110111001 0.0233612 0
0110111010 0.00251007 -3.14159
0110111011 0.0884399 0
0110111100 0.0258331 -3.14159
0110111101 0.0510864 -3.14159
0110111110 0.033905 0
0110111111 0.00754166 0
0111000000 0.00035882 -3.14159
0111000001 0.00142384 0
0111000010 0.0174561 0
0111000011 0.016037 -3.14159
0111000100 0.0142899 -3.14159
0111000101 0.026535 -3.14159
0111000110 0.0102539 -3.14159
0111000111 0.0514832 -3.14159
0111001000 0.0311279 0
0111001001 0.0265503 -3.14159
0111001010 0.0256805 0
0111001011 0.0153809 0
0111001100 2.98023e-07 -3.14159
0111001101 0.0406799 -3.14159
0111001110 0.0431824 0
0111001111 0.00574875 -3.14159
0111010000 0.0100937 0
0111010001 0.0062294 -3.14159
0111010010 0.0500488 0
0111010011 0.0370789 0
0111010100 0.0191803 -3.14159
0111010101 0.0116425 0
0111010110 0.0574341 0
0111010111 0.00846863 0
0111011000 0.0135803 -3.14159
0111011001 0.00679016 0
0111011010 0.000643253 -3.14159
0111011011 0.0127029 -3.14159
0111011100 0.0111923 0
0111011101 0.0107117 -3.14159
0111011110 0.0458984 -3.14159
0111011111 0.0124207 -3.14159
0111100000 0.035553 0
0111100001 0.00196457 0
0111100010 0.00320053 -3.14159
0111100011 0.0290222 -3.14159
0111100100 0.00466919 0
0111100101 0.0217285 0
0111100110 0.0231018 -3.14159
0111100111 0.00769806 -3.14159
0111101000 0.0425415 -3.14159
0111101001 0.0143738 0
0111101010 0.0165405 0
0111101011 0.0155869 0
0111101100 0.0287476 -3.14159
0111101101 0.0534058 -3.14159
0111101110 0.0267792 0
0111101111 0.0105438 0
0111110000 0.000979424 0
0111110001 0.00594711 -3.14159
0111110010 0.0428467 -3.14159
0111110011 0.0293121 -3.14159
0111110100 0.0553284 -3.14159
0111110101 0.0367432 -3.14159
0111110110 0.00470352 -3.14159
0111110111 0.000793457 -3.14159
0111111000 0.0128479 0
0111111001 0.0424194 0
0111111010 0.0802612 -3.14159
0111111011 0.0439758 -3.14159
0111111100 0.0302124 -3.14159
0111111101 0.0303955 0
0111111110 0.0321655 -3.14159
0111111111 0.0123749 0
1000000000 0.0200806 -3.14159
1000000001 0.0362549 -3.14159
1000000010 0.00256348 0
1000000011 0.0212708 0
1000000100 0.027359 0
1000000101 0.0267181 -3.14159
1000000110 0.010025 -3.14159
1000000111 0.0159302 0
1000001000 0.0193634 -3.14159
1000001001 0.0531616 0
1000001010 0.0063858 -3.14159
1000001011 0.0129547 0
1000001100 0.0475769 -3.14159
1000001101 0.0226593 -3.14159
1000001110 0.0108871 0
1000001111 0.00415421 -3.14159
1000010000 5.59092e-05 0
1000010001 0.00656128 -3.14159
1000010010 0.0372925 -3.14159
1000010011 0.00716019 -3.14159
1000010100 0.0584106 0
1000010101 0.0186462 -3.14159
1000010110 0.0254517 0
1000010111 0.0250702 0
1000011000 0.0496826 0
1000011001 0.0714111 -3.14159
1000011010 0.0123825 0
1000011011 0.0188904 0
1000011100 0.0150452 0
1000011101 0.0410156 0
1000011110 0.00293541 -3.14159
1000011111 0.00337601 -3.14159
1000100000 0.0237274 -3.14159
1000100001 0.0145721 0
1000100010 0.00616455 -3.14159
1000100011 0.0292816 0
1000100100 0.0329285 -3.14159
1000100101 0.0324402 -3.14159
1000100110 0.0277405 -3.14159
1000100111 0.024704 -3.14159
1000101000 0.00295258 -3.14159
1000101001 0.00680542 0
1000101010 0.0197601 0
1000101011 0.0378723 0
1000101100 0.000489235 -3.14159
1000101101 0.0464783 -3.14159
1000101110 0.0579834 -3.14159
1000101111 0.0155029 -3.14159
1000110000 0.0147171 -3.14159
1000110001 0.00756073 -3.14159
1000110010 0.0133057 0
1000110011 0.00940704 0
1000110100 0.00948334 -3.14159
1000110101 4.17233e-06 -3.14159
1000110110 0.0194397 0
1000110111 0.0397949 0
1000111000 0.0732422 -3.14159
1000111001 0.0136032 0
1000111010 0.0154419 -3.14159
1000111011 0.00743103 0
1000111100 0.0196075 0
1000111101 0.00796509 0
1000111110 0.0505371 0
1000111111 0.0134888 0
1001000000 0.00975037 0
1001000001 0.017746 -3.14159
1001000010 0.0134201 -3.14159
1001000011 0.0220184 0
1001000100 0.0230103 -3.14159
1001000101 0.0134201 0
1001000110 0.0185699 -3.14159
1001000111 0.0469055 -3.14159
1001001000 0.0575562 0
1001001001 0.0218658 -3.14159
1001001010 0.0184021 -3.14159
1001001011 0.0130386 0
1001001100 0.0374146 0
1001001101 0.0174866 -3.14159
1001001110 0.0195465 0
1001001111 0.055481 -3.14159
1001010000 0.0509644 0
1001010001 0.0236053 0
1001010010 0.0549622 -3.14159
1001010011 0.0445557 -3.14159
1001010100 0.0170898 0
1001010101 0.0103989 -3.14159
1001010110 0.011795 0
1001010111 0.0385437 0
1001011000 0.0444336 -3.14159
1001011001 0.000649452 -3.14159
1001011010 0.00703812 0
1001011011 0.0153809 -3.14159
1001011100 0.00121021 -3.14159
1001011101 0.032135 0
1001011110 0.0292816 0
1001011111 0.00158405 -3.14159
1001100000 0.0215759 -3.14159
1001100001 0.0279388 0
1001100010 0.00770569 0
1001100011 0.0106354 -3.14159
1001100100 0.0289612 -3.14159
1001100101 0.014061 0
1001100110 0.00419235 0
1001100111 0.088562 0
1001101000 0.0267792 0
1001101001 0.03125 -3.14159
1001101010 0.0174561 0
1001101011 0.0131378 -3.14159
1001101100 0.00121593 0
1001101101 0.0587769 0
1001101110 0.0231018 0
1001101111 0.0692749 0
1001110000 0.0376892 0
1001110001 0.0462952 -3.14159
1001110010 0.000460863 -3.14159
1001110011 0.00579453 0
1001110100 0.0152588 -3.14159
1001110101 0.0221405 0
1001110110 0.0509033 0
1001110111 0.0175934 -3.14159
1001111000 0.0192871 0
1001111001 0.00692749 0
1001111010 0.020401 0
1001111011 0.0369873 -3.14159
1001111100 0.0171509 -3.14159
1001111101 0.0044899 -3.14159
1001111110 0.0337524 -3.14159
1001111111 0.0265503 -3.14159
1010000000 0.00818634 -3.14159
1010000001 0.0226593 -3.14159
1010000010 0.0350342 -3.14159
1010000011 0.0319214 -3.14159
1010000100 0.000611782 0
1010000101 0.0603333 0
1010000110 0.0469666 0
1010000111 0.0463562 -3.14159
1010001000 0.046875 -3.14159
1010001001 0.0670166 0
1010001010 0.0340881 -3.14159
1010001011 0.0149612 0
1010001100 0.0239105 0
1010001101 0.0176697 0
1010001110 0.00447083 -3.14159
1010001111 0.00881958 -3.14159
1010010000 0.0314636 0
1010010001 0.0284271 -3.14159
1010010010 0.0295868 -3.14159
1010010011 0.000228763 -3.14159
1010010100 0.0247498 -3.14159
1010010101 0.00357437 -3.14159
1010010110 0.024826 -3.14159
1010010111 0.0115051 0
1010011000 0.0116577 0
1010011001 0.0766602 0
1010011010 0.0016737 -3.14159
1010011011 0.0128174 0
1010011100 0.01828 -3.14159
1010011101 0.0399475 0
1010011110 0.0121384 0
1010011111 0.00066328 0
1010100000 0.0161591 -3.14159
1010100001 0.0190887 0
1010100010 0.0128708 -3.14159
1010100011 0.0298615 -3.14159
1010100100 0.0289612 -3.14159
1010100101 0.0343323 0
1010100110 0.0312805 0
1010100111 0.0234833 0
1010101000 0.0328979 -3.14159
1010101001 0.00367928 0
1010101010 0.0147858 0
1010101011 0.110901 0
1010101100 0.0445862 0
1010101101 0.0015192 -3.14159
1010101110 0.0202332 -3.14159
1010101111 0.0136719 -3.14159
1010110000 0.0506592 0
1010110001 0.0473328 -3.14159
1010110010 0.0308838 -3.14159
1010110011 0.0302582 0
1010110100 0.00183868 -3.14159
1010110101 0.0217285 0
1010110110 0.00302505 -3.14159
1010110111 0.00561523 -3.14159
1010111000 0.00271225 -3.14159
1010111001 0.0312347 0
1010111010 0.0434265 -3.14159
1010111011 0.0248871 0
1010111100 0.0190735 -3.14159
1010111101 0.0182037 0
1010111110 0.0319214 -3.14159
1010111111 0.0450745 -3.14159
1011000000 0.0279999 0
1011000001 0.0161285 -3.14159
1011000010 0.0127258 0
1011000011 0.0175018 0
1011000100 0.0153961 0
1011000101 0.0377808 0
1011000110 0.0264282 -3.14159
1011000111 0.0223236 -3.14159
1011001000 0.0634155 -3.14159
1011001001 0.0122986 0
1011001010 0.00658417 0
1011001011 0.013382 0
1011001100 0.0187836 0
1011001101 0.0317078 0
1011001110 0.0210876 -3.14159
1011001111 0.0329285 -3.14159
1011010000 0.0228882 0
1011010001 0.0506592 -3.14159
1011010010 0.00550461 0
1011010011 0.000945568 -3.14159
1011010100 0.00344276 0
1011010101 0.0569153 -3.14159
1011010110 0.0257111 -3.14159
1011010111 0.0502319 -3.14159
1011011000 0.0110016 -3.14159
1011011001 0.0262451 0
1011011010 0.00490189 -3.14159
1011011011 0.0212708 -3.14159
1011011100 0.0220947 -3.14159
1011011101 0.0157623 0
1011011110 0.0414734 -3.14159
1011011111 0.0371399 -3.14159
1011100000 0.000466585 0
1011100001 0.00556183 0
1011100010 0.0057869 -3.14159
1011100011 0.0611572 0
1011100100 0.0591431 0
1011100101 0.00748444 0
1011100110 0.00483322 0
1011100111 0.0236206 0
1011101000 0.0490723 0
1011101001 0.0317993 -3.14159
1011101010 0.00749207 -3.14159
1011101011 0.0162048 -3.14159
1011101100 0.023941 0
1011101101 0.00543213 -3.14159
1011101110 0.029892 0
1011101111 0.116699 0
1011110000 0.0224915 0
1011110001 0.0121918 -3.14159
1011110010 0.00669479 0
1011110011 0.0129852 -3.14159
1011110100 0.018692 -3.14159
1011110101 0.0210266 0
1011110110 0.0569763 -3.14159
1011110111 0.0301514 -3.14159
1011111000 0.0186768 0
1011111001 0.0400085 -3.14159
1011111010 0.00365639 0
1011111011 0.0018177 0
1011111100 0.0830688 0
1011111101 0.0333252 0
1011111110 0.0678101 0
1011111111 0.00136566 -3.14159
1100000000 0.0226746 -3.14159
1100000001 0.025116 0
1100000010 0.000210404 0
1100000011 0.000375509 -3.14159
1100000100 0.0306091 -3.14159
1100000101 0.00818634 0
1100000110 0.00163269 -3.14159
1100000111 0.0062294 0
1100001000 0.0200806 -3.14159
1100001001 0.00975037 -3.14159
1100001010 0.00651169 -3.14159
1100001011 0.0174103 -3.14159
1100001100 0.021347 0
1100001101 0.00356483 -3.14159
1100001110 0.016983 0
1100001111 0.0147171 0
1100010000 0.0708008 0
1100010001 0.0130005 0
1100010010 0.00785065 0
1100010011 0.0698853 -3.14159
1100010100 0.00182343 0
1100010101 0.0357666 -3.14159
1100010110 0.00149155 -3.14159
1100010111 0.0469055 0
1100011000 0.0464783 -3.14159
1100011001 0.00233459 -3.14159
1100011010 0.0014019 0
1100011011 0.00769806 0
1100011100 0.0287323 -3.14159
1100011101 0.0175781 0
1100011110 0.0134277 -3.14159
1100011111 0.0201111 -3.14159
1100100000 0.0206146 0
1100100001 0.0326538 -3.14159
1100100010 0.0141754 0
1100100011 0.0163269 0
1100100100 0.0168762 0
1100100101 0.0496826 -3.14159
1100100110 0.00128174 0
1100100111 0.0010767 0
1100101000 0.00893402 -3.14159
1100101001 0.0272675 0
1100101010 0.0231781 0
1100101011 0.0382996 0
1100101100 0.0439148 -3.14159
1100101101 0.0303955 -3.14159
1100101110 0.0810547 0
1100101111 0.000834942 0
1100110000 0.000238538 0
1100110001 0.00923157 -3.14159
1100110010 0.0451355 0
1100110011 0.0216675 -3.14159
1100110100 0.0102158 0
1100110101 0.0014677 0
1100110110 0.0473938 0
1100110111 0.00453568 -3.14159
1100111000 0.00244331 -3.14159
1100111001 0.00435257 0
1100111010 0.0117645 -3.14159
1100111011 0.0453796 -3.14159
1100111100 0.0262756 -3.14159
1100111101 0.0322876 -3.14159
1100111110 0.0370789 -3.14159
1100111111 0.0331421 -3.14159
1101000000 0.0629883 0
1101000001 0.00652695 -3.14159
1101000010 0.0111542 -3.14159
1101000011 0.0260315 -3.14159
1101000100 0.0380859 0
1101000101 0.0527039 0
1101000110 0.0353394 0
1101000111 0.0185699 -3.14159
1101001000 0.0797729 0
1101001001 0.0197144 0
1101001010 0.0144119 -3.14159
1101001011 0.00786591 0
1101001100 0.00866699 0
1101001101 0.0263977 0
1101001110 0.009552 0
1101001111 0.00508881 -3.14159
1101010000 0.00928497 0
1101010001 0.00517654 0
1101010010 0.0165253 0
1101010011 0.0713501 0
1101010100 0.001647 0
1101010101 0.00931549 -3.14159
1101010110 0.0186768 0
1101010111 0.0186768 0
1101011000 0.0114288 -3.14159
1101011001 0.0189209 0
1101011010 0.0462036 0
1101011011 0.0276642 -3.14159
1101011100 0.0211182 0
1101011101 0.0411377 0
1101011110 0.0327148 -3.14159
1101011111 0.0455627 -3.14159
1101100000 0.014328 0
1101100001 6.49095e-05 0
1101100010 0.024231 -3.14159
1101100011 0.046814 0
1101100100 0.0246735 -3.14159
1101100101 0.0343323 -3.14159
1101100110 0.0174866 -3.14159
1101100111 0.013237 0
1101101000 0.0278778 0
1101101001 0.00927734 0
1101101010 0.000148654 0
1101101011 0.0115356 0
1101101100 0.0220795 -3.14159
1101101101 0.0187225 0
1101101110 0.0436096 0
1101101111 0.037323 -3.14159
1101110000 0.013504 -3.14159
1101110001 0.038208 0
1101110010 0.00379944 -3.14159
1101110011 0.0343323 -3.14159
1101110100 0.00699615 -3.14159
1101110101 0.0334167 0
1101110110 0.0339355 -3.14159
1101110111 0.0390015 -3.14159
1101111000 0.0706177 -3.14159
1101111001 0.015564 0
1101111010 0.00270844 0
1101111011 0.0223694 -3.14159
1101111100 0.0303192 0
1101111101 0.0215607 -3.14159
1101111110 0.0111389 -3.14159
1101111111 0.0164337 -3.14159
1110000000 0.0112991 -3.14159
1110000001 0.0190277 0
1110000010 0.0725708 0
1110000011 0.0243683 -3.14159
1110000100 0.0222168 -3.14159
1110000101 0.0133133 0
1110000110 0.0352783 -3.14159
1110000111 0.0211639 0
1110001000 6.04391e-05 0
1110001001 0.0138092 0
1110001010 0.0210114 0
1110001011 0.0149841 0
1110001100 0.00920868 -3.14159
1110001101 0.0617371 0
1110001110 0.00883484 0
1110001111 0.0295868 0
1110010000 0.0125351 -3.14159
1110010001 0.0196075 0
1110010010 0.0110168 -3.14159
1110010011 0.0462952 0
1110010100 0.0314026 -3.14159
1110010101 0.0437317 -3.14159
1110010110 0.0378418 0
1110010111 0.0321655 -3.14159
1110011000 0.00361633 0
1110011001 0.0105972 -3.14159
1110011010 0.0146255 0
1110011011 0.0163422 -3.14159
1110011100 0.0241547 0
1110011101 0.00615311 -3.14159
1110011110 0.00494003 -3.14159
1110011111 0.0909424 0
1110100000 0.0335388 0
1110100001 0.00489426 -3.14159
1110100010 0.0414429 -3.14159
1110100011 0.0115433 -3.14159
1110100100 0.00425339 -3.14159
1110100101 0.0288086 0
1110100110 0.0389404 -3.14159
1110100111 0.0214386 0
1110101000 0.0179138 -3.14159
1110101001 0.0323181 0
1110101010 0.0308075 0
1110101011 0.00213242 -3.14159
1110101100 0.0283813 0
1110101101 0.00827789 0
1110101110 0.00808716 0
1110101111 0.00185108 0
1110110000 0.014267 0
1110110001 0.00937653 -3.14159
1110110010 0.0398865 -3.14159
1110110011 0.0710449 -3.14159
1110110100 0.0102158 -3.14159
1110110101 0.0574036 -3.14159
1110110110 0.00375557 0
1110110111 0.0278625 -3.14159
1110111000 0.0199738 -3.14159
1110111001 0.110596 -3.14159
1110111010 0.0508423 -3.14159
1110111011 0.0227356 0
1110111100 0.0352478 -3.14159
1110111101 0.0126572 0
1110111110 0.0031929 0
1110111111 0.0397949 -3.14159
1111000000 0.0277252 0
1111000001 0.0308075 -3.14159
1111000010 0.0645752 0
1111000011 0.00595474 -3.14159
1111000100 0.0285797 -3.14159
1111000101 0.0207672 -3.14159
1111000110 0.0361328 0
1111000111 0.00714111 -3.14159
1111001000 0.00305748 -3.14159
1111001001 0.0250244 -3.14159
1111001010 0.00868988 0
1111001011 0.0201111 0
1111001100 0.0261993 -3.14159
1111001101 0.00618362 -3.14159
1111001110 0.0274811 0
1111001111 0.0993042 0
1111010000 0.00946045 -3.14159
1111010001 0.0400085 -3.14159
1111010010 0.0139771 -3.14159
1111010011 0.00797272 0
1111010100 0.0214081 0
1111010101 0.0122223 -3.14159
1111010110 0.00521088 -3.14159
1111010111 0.02034 0
1111011000 0.026825 0
1111011001 0.0178375 -3.14159
1111011010 0.046814 -3.14159
1111011011 0.0117188 0
1111011100 0.00298882 0
1111011101 0.00684357 -3.14159
1111011110 0.0226898 -3.14159
1111011111 0.0208435 -3.14159
1111100000 0.0404358 0
1111100001 0.00395584 0
1111100010 0.0131836 -3.14159
1111100011 0.0620422 -3.14159
1111100100 0.0205688 0
1111100101 0.0354004 -3.14159
1111100110 0.0380859 0
1111100111 0.00897217 0
1111101000 0.00159073 -3.14159
1111101001 0.0199738 0
1111101010 0.0253296 -3.14159
1111101011 0.0541382 -3.14159
1111101100 0.0809326 0
1111101101 0.0266876 -3.14159
1111101110 0.0725098 0
1111101111 0.0469666 0
1111110000 0.0390625 -3.14159
1111110001 0.0506592 0
1111110010 0.0185394 -3.14159
1111110011 0.042572 -3.14159
1111110100 0.0394897 -3.14159
1111110101 0.0343018 0
1111110110 0.0600586 -3.14159
1111110111 0.0218506 0
1111111000 0.0545959 -3.14159
1111111001 0.0354004 -3.14159
1111111010 0.00709152 -3.14159
1111111011 0.00748062 -3.14159
1111111100 0.0233154 0
1111111101 0.0272522 0
1111111110 0.0285797 0
1111111111 0.0108032 0
