0000000000 0.0341797 0
0000000001 0.0411377 0
0000000010 0.0235443 -3.14159
0000000011 0.0319519 -3.14159
0000000100 0.00896454 0
0000000101 0.0216064 0
0000000110 0.0308228 -3.14159
0000000111 0.0309601 -3.14159
0000001000 0.0206757 0
0000001001 0.00658417 -3.14159
0000001010 0.00926208 -3.14159
0000001011 0.0264587 0
0000001100 0.0130234 -3.14159
0000001101 0.0057106 0
0000001110 0.00251389 0
0000001111 0.0472107 0
0000010000 0.00253487 -3.14159
0000010001 0.0179901 -3.14159
0000010010 0.0258636 -3.14159
0000010011 0.027359 -3.14159
0000010100 0.0252075 -3.14159
0000010101 0.0261383 0
0000010110 0.0164032 -3.14159
0000010111 0.0195923 0
0000011000 0.0408325 0
0000011001 0.0329285 -3.14159
0000011010 0.062439 -3.14159
0000011011 0.021225 -3.14159
0000011100 0.0232849 -3.14159
0000011101 0.00305367 -3.14159
0000011110 0.0384216 0
0000011111 0.013504 -3.14159
0000100000 0.0693359 -3.14159
0000100001 0.0190887 -3.14159
0000100010 0.0533447 -3.14159
0000100011 0.00203896 -3.14159
0000100100 0.012413 0
0000100101 0.00282478 -3.14159
0000100110 0.00178432 -3.14159
0000100111 0.00515747 -3.14159
0000101000 0.011673 -3.14159
0000101001 0.00596237 -3.14159
0000101010 0.0205078 -3.14159
0000101011 0.00238609 -3.14159
0000101100 0.0448608 -3.14159
0000101101 0.00466537 0
0000101110 0.0487366 -3.14159
0000101111 0.026123 -3.14159
0000110000 0.0428467 0
0000110001 0.0634766 -3.14159
0000110010 0.0287476 -3.14159
0000110011 0.0109634 0
0000110100 0.0111008 -3.14159
0000110101 0.0104752 -3.14159
0000110110 0.0208588 -3.14159
0000110111 0.0302734 0
0000111000 0.0481262 -3.14159
0000111001 0.00680923 -3.14159
0000111010 0.0292664 -3.14159
0000111011 0.0304871 -3.14159
0000111100 0.0110931 0
0000111101 0.00913239 0
0000111110 0.0193787 0
0000111111 0.00420761 0
0001000000 0.0667725 0
0001000001 0.0185852 0
0001000010 0.0113068 -3.14159
0001000011 0.0296478 0
0001000100 0.0455627 -3.14159
0001000101 0.0457458 -3.14159
0001000110 0.0122833 -3.14159
0001000111 0.00561523 0
0001001000 0.0266724 -3.14159
0001001001 0.0264587 0
0001001010 0.0182343 -3.14159
0001001011 0.0126038 -3.14159
0001001100 0.0509949 -3.14159
0001001101 0.0260925 0
0001001110 0.0240021 0
0001001111 0.00426865 0
0001010000 0.0114899 -3.14159
0001010001 0.052948 -3.14159
0001010010 0.0452881 -3.14159
0001010011 0.00468445 -3.14159
0001010100 0.00657654 0
0001010101 0.00585556 0
0001010110 6.67572e-06 0
0001010111 0.00830078 0
0001011000 0.00342369 0
0001011001 0.0123367 0
0001011010 0.00478745 -3.14159
0001011011 0.0350952 0
0001011100 0.04422 0
0001011101 0.0152817 -3.14159
0001011110 0.0307312 -3.14159
0001011111 0.0247192 0
0001100000 0.0118866 -3.14159
0001100001 0.0265198 -3.14159
0001100010 0.0526733 -3.14159
0001100011 0.0249786 -3.14159
0001100100 0.0522766 -3.14159
0001100101 0.00523376 0
0001100110 0.0563965 -3.14159
0001100111 0.015625 -3.14159
0001101000 0.0112991 -3.14159
0001101001 0.069397 0
0001101010 0.0317688 -3.14159
0001101011 0.00704193 0
0001101100 0.026123 0
0001101101 0.0318298 -3.14159
0001101110 0.015419 0
0001101111 0.0270081 0
0001110000 0.0144196 -3.14159
0001110001 0.00819397 -3.14159
0001110010 0.076416 -3.14159
0001110011 0.0119476 0
0001110100 0.00940704 -3.14159
0001110101 0.0450134 0
0001110110 0.0193634 0
0001110111 0.0321655 -3.14159
0001111000 0.0494385 -3.14159
0001111001 0.0194855 0
0001111010 0.0376282 -3.14159
0001111011 0.00355148 -3.14159
0001111100 0.0318604 -3.14159
0001111101 0.0334778 0
0001111110 0.000998497 0
0001111111 0.0325012 -3.14159
0010000000 0.0206451 0
0010000001 0.036377 -3.14159
0010000010 0.0137405 0
0010000011 0.00636292 0
0010000100 0.00537491 0
0010000101 0.0341187 -3.14159
0010000110 0.0396118 0
0010000111 0.00980377 0
0010001000 0.0175171 -3.14159
0010001001 0.019455 0
0010001010 0.00936127 0
0010001011 0.00187302 -3.14159
0010001100 0.0166321 0
0010001101 0.0461731 0
0010001110 0.0258331 0
0010001111 0.0070076 -3.14159
0010010000 0.016983 -3.14159
0010010001 0.0152893 -3.14159
0010010010 0.0144196 -3.14159
0010010011 0.0138321 -3.14159
0010010100 0.000926018 0
0010010101 0.0437012 0
0010010110 0.00866699 -3.14159
0010010111 0.0527344 0
0010011000 0.000213385 0
0010011001 0.028595 -3.14159
0010011010 0.00643539 -3.14159
0010011011 0.0320435 -3.14159
0010011100 0.0241547 -3.14159
0010011101 0.00982666 0
0010011110 0.046936 -3.14159
0010011111 0.00462341 -3.14159
0010100000 0.0342407 0
0010100001 0.00179672 0
0010100010 0.0221863 0
0010100011 0.00613785 -3.14159
0010100100 0.0148163 0
0010100101 0.0517578 -3.14159
0010100110 0.00139141 -3.14159
0010100111 0.00738907 0
0010101000 0.0129318 -3.14159
0010101001 0.0420837 0
0010101010 0.0359802 0
0010101011 0.0255737 0
0010101100 0.00950623 0
0010101101 0.037262 0
0010101110 0.0144806 -3.14159
0010101111 0.020813 0
0010110000 0.00375366 0
0010110001 0.0588684 -3.14159
0010110010 0.0148392 0
0010110011 0.0610352 0
0010110100 0.0151215 0
0010110101 0.00840759 -3.14159
0010110110 0.00577164 0
0010110111 0.00477219 0
0010111000 0.00798798 0
0010111001 0.029129 -3.14159
0010111010 0.00918579 -3.14159
0010111011 0.0563354 0
0010111100 0.0407715 0
0010111101 0.0254059 -3.14159
0010111110 0.0309906 -3.14159
0010111111 0.0818481 -3.14159
0011000000 0.0501404 0
0011000001 0.0309906 0
0011000010 0.0227203 0
0011000011 0.0117569 0
0011000100 0.0159607 0
0011000101 0.00292397 0
0011000110 0.025528 0
0011000111 0.00191402 0
0011001000 0.0122223 -3.14159
0011001001 0.00748444 0
0011001010 0.0158691 0
0011001011 0.00605392 0
0011001100 0.00909424 -3.14159
0011001101 0.0124664 -3.14159
0011001110 0.00173092 0
0011001111 0.0184021 0
0011010000 0.0156555 0
0011010001 0.00513458 -3.14159
0011010010 0.000406265 0
0011010011 0.00056839 0
0011010100 0.00172806 -3.14159
0011010101 0.00557709 -3.14159
0011010110 0.0479126 -3.14159
0011010111 0.0498657 0
0011011000 0.0015316 -3.14159
0011011001 0.0244751 0
0011011010 0.00897217 0
0011011011 0.000297546 -3.14159
0011011100 0.0203094 -3.14159
0011011101 0.0276184 -3.14159
0011011110 0.0422363 -3.14159
0011011111 0.0142288 0
0011100000 0.0192719 0
0011100001 0.0199738 0
0011100010 0.00123501 0
0011100011 0.0026207 -3.14159
0011100100 0.0279083 0
0011100101 0.046814 0
0011100110 0.00425339 -3.14159
0011100111 0.00289726 0
0011101000 0.0787964 -3.14159
0011101001 0.000906467 -3.14159
0011101010 0.0626831 -3.14159
0011101011 0.0197906 -3.14159
0011101100 0.00397491 0
0011101101 0.0244293 -3.14159
0011101110 0.00540543 -3.14159
0011101111 0.0706787 0
0011110000 0.00674438 -3.14159
0011110001 0.00298119 0
0011110010 0.027771 0
0011110011 0.0679321 -3.14159
0011110100 0.00552368 0
0011110101 0.0105743 0
0011110110 0.0239716 0
0011110111 0.00435638 -3.14159
0011111000 0.0800781 0
0011111001 0.0405579 0
0011111010 0.0120087 -3.14159
0011111011 0.0190125 -3.14159
0011111100 0.0176849 -3.14159
0011111101 0.00783539 0
0011111110 0.0156555 0
0011111111 0.0447388 0
0100000000 0.0514221 0
0100000001 0.031311 0
0100000010 0.018158 -3.14159
0100000011 0.0483398 0
0100000100 0.0617981 -3.14159
0100000101 0.00762177 -3.14159
0100000110 0.0501099 0
0100000111 0.026413 0
0100001000 0.000201464 -3.14159
0100001001 0.0289612 -3.14159
0100001010 0.00453568 -3.14159
0100001011 0.0361633 -3.14159
0100001100 0.0237427 -3.14159
0100001101 0.000187993 -3.14159
0100001110 0.0055809 -3.14159
0100001111 0.0167847 -3.14159
0100010000 0.0144806 0
0100010001 0.0498962 -3.14159
0100010010 0.00933838 -3.14159
0100010011 0.0137787 -3.14159
0100010100 0.0267181 0
0100010101 0.0187531 -3.14159
0100010110 0.0212097 0
0100010111 0.00553894 0
0100011000 0.0178833 0
0100011001 0.0222931 0
0100011010 0.00108147 0
0100011011 0.0561218 -3.14159
0100011100 0.00738144 -3.14159
0100011101 0.00616074 -3.14159
0100011110 0.00616074 -3.14159
0100011111 0.0204315 0
0100100000 0.00622559 -3.14159
0100100001 0.00745392 -3.14159
0100100010 0.00551224 -3.14159
0100100011 0.00759888 0
0100100100 0.0201263 -3.14159
0100100101 0.0227814 0
0100100110 0.049469 -3.14159
0100100111 0.00168037 0
0100101000 0.0669556 0
0100101001 0.061676 -3.14159
0100101010 0.060791 0
0100101011 0.0237427 -3.14159
0100101100 0.0513 0
0100101101 0.0438232 -3.14159
0100101110 0.0146561 0
0100101111 0.0118256 0
0100110000 0.0215302 0
0100110001 0.0446472 -3.14159
0100110010 0.00240517 0
0100110011 0.0331421 -3.14159
0100110100 0.00191689 -3.14159
0100110101 0.0179291 0
0100110110 0.0164642 -3.14159
0100110111 0.0101929 0
0100111000 0.0700684 -3.14159
0100111001 0.06604 -3.14159
0100111010 0.0375977 -3.14159
0100111011 0.052002 -3.14159
0100111100 0.0422058 -3.14159
0100111101 0.00959015 -3.14159
0100111110 0.0312195 0
0100111111 0.0113831 -3.14159
0101000000 0.0159149 -3.14159
0101000001 0.0218811 -3.14159
0101000010 0.0324097 -3.14159
0101000011 0.0106583 0
0101000100 0.00212669 0
0101000101 0.0207825 0
0101000110 0.0161285 -3.14159
0101000111 0.0290985 -3.14159
0101001000 0.0444641 0
0101001001 0.0488892 -3.14159
0101001010 0.0015173 -3.14159
0101001011 0.0706787 0
0101001100 0.0291443 0
0101001101 0.027832 0
0101001110 0.0169678 0
0101001111 0.00927734 0
0101010000 0.0365601 0
0101010001 0.0030632 -3.14159
0101010010 0.0332642 0
0101010011 0.04953 -3.14159
0101010100 0.02565 0
0101010101 0.0733032 0
0101010110 0.0168762 0
0101010111 0.02948 0
0101011000 0.0526123 0
0101011001 0.00143719 -3.14159
0101011010 0.00946808 -3.14159
0101011011 0.0530396 -3.14159
0101011100 0.0390625 -3.14159
0101011101 0.0579529 0
0101011110 0.00726318 0
0101011111 0.0262451 0
0101100000 0.00870514 0
0101100001 0.0391846 -3.14159
0101100010 0.0267639 0
0101100011 0.0497131 -3.14159
0101100100 0.0202179 -3.14159
0101100101 0.000503063 -3.14159
0101100110 0.0345459 -3.14159
0101100111 0.0212708 -3.14159
0101101000 0.0613403 -3.14159
0101101001 0.0241241 0
0101101010 0.0438538 0
0101101011 0.0372009 0
0101101100 0.00039649 -3.14159
0101101101 0.0207062 -3.14159
0101101110 0.0294342 -3.14159
0101101111 0.0211792 0
0101110000 0.0299377 -3.14159
0101110001 0.0295105 -3.14159
0101110010 0.0365601 -3.14159
0101110011 0.0273132 0
0101110100 0.042572 0
0101110101 0.00574112 0
0101110110 0.0318604 0
0101110111 0.0106354 -3.14159
0101111000 0.0189056 0
0101111001 0.0380554 0
0101111010 0.0358276 0
0101111011 0.0173492 -3.14159
0101111100 0.0466309 -3.14159
0101111101 0.01017 -3.14159
0101111110 0.0449524 0
0101111111 0.0792236 0
0110000000 0.0181885 0
0110000001 0.0275574 0
0110000010 0.0554504 -3.14159
0110000011 0.0726318 0
0110000100 0.0913086 -3.14159
0110000101 0.0342407 0
0110000110 0.0206146 0
0110000111 0.00661469 0
0110001000 0.00561905 -3.14159
0110001001 0.0269623 -3.14159
0110001010 0.0252075 -3.14159
0110001011 0.00160122 -3.14159
0110001100 0.0137787 0
0110001101 0.00982666 -3.14159
0110001110 0.0293579 0
0110001111 0.0110016 0
0110010000 0.0307007 0
0110010001 0.0050621 -3.14159
0110010010 0.0328369 -3.14159
0110010011 0.00411224 0
0110010100 0.0733032 -3.14159
0110010101 0.0618896 -3.14159
0110010110 0.00592804 0
0110010111 0.025238 -3.14159
0110011000 0.0059166 -3.14159
0110011001 0.0343933 -3.14159
0110011010 0.0193176 0
0110011011 0.0549011 0
0110011100 0.00546265 0
0110011101 0.00265694 0
0110011110 0.0259552 0
0110011111 0.0115128 0
0110100000 0.0614624 0
0110100001 0.0469666 0
0110100010 0.0353394 0
0110100011 0.00952148 -3.14159
0110100100 0.0347595 0
0110100101 0.00608063 0
0110100110 0.0230255 0
0110100111 0.010582 -3.14159
0110101000 0.0271759 -3.14159
0110101001 0.0331726 -3.14159
0110101010 0.0174561 0
0110101011 0.0233612 -3.14159
0110101100 0.0056076 -3.14159
0110101101 0.0102615 0
0110101110 0.0182648 -3.14159
0110101111 0.0103302 -3.14159
0110110000 0.012825 -3.14159
0110110001 0.0614929 -3.14159
0110110010 0.0265961 0
0110110011 0.0514832 -3.14159
0110110100 0.0160828 0
0110110101 0.0235901 0
0110110110 0.0343323 0
0110110111 0.000704288 -3.14159
0110111000 0.0327148 -3.14159
0110111001 0.00933838 -3.14159
0110111010 0.0251465 0
0110111011 0.0546875 0
0110111100 0.00881958 -3.14159
0110111101 0.0393677 -3.14159
0110111110 0.0270996 -3.14159
0110111111 0.0133209 -3.14159
0111000000 0.0204926 0
0111000001 0.0335693 -3.14159
0111000010 0.0681152 0
0111000011 0.00382042 -3.14159
0111000100 0.0163116 -3.14159
0111000101 0.0271454 0
0111000110 0.00489426 -3.14159
0111000111 0.0243378 -3.14159
0111001000 0.0508728 0
0111001001 0.0371704 0
0111001010 0.00209808 -3.14159
0111001011 0.015007 0
0111001100 0.00569153 -3.14159
0111001101 0.0289612 -3.14159
0111001110 0.0610657 0
0111001111 0.0520935 0
0111010000 0.0254974 0
0111010001 0.0611572 0
0111010010 0.0389404 0
0111010011 0.0714111 0
0111010100 0.00978088 -3.14159
0111010101 0.0254517 -3.14159
0111010110 0.00923157 0
0111010111 0.0166016 -3.14159
0111011000 0.0233612 0
0111011001 0.0286255 -3.14159
0111011010 0.013298 0
0111011011 0.00723267 0
0111011100 0.0315247 0
0111011101 0.0479736 0
0111011110 0.00824738 0
0111011111 0.026001 -3.14159
0111100000 0.0224609 0
0111100001 0.024292 0
0111100010 0.0374146 0
0111100011 0.0608215 0
0111100100 0.0310516 0
0111100101 0.0101395 -3.14159
0111100110 0.0213318 -3.14159
0111100111 0.0170135 -3.14159
0111101000 0.0610352 -3.14159
0111101001 0.0200195 0
0111101010 0.0415649 -3.14159
0111101011 0.0108871 -3.14159
0111101100 0.0145035 -3.14159
0111101101 0.0111084 0
0111101110 0.011322 0
0111101111 0.0173492 0
0111110000 0.0236053 -3.14159
0111110001 0.00529861 0
0111110010 0.00185013 0
0111110011 0.0424194 -3.14159
0111110100 0.0208282 0
0111110101 0.0195007 -3.14159
0111110110 0.0132599 -3.14159
0111110111 0.0372925 -3.14159
0111111000 0.0559082 -3.14159
0111111001 0.0345764 0
0111111010 0.008461 0
0111111011 6.39558e-05 0
0111111100 0.00870514 -3.14159
0111111101 0.000550747 -3.14159
0111111110 0.0239258 -3.14159
0111111111 0.0232544 0
1000000000 0.00823975 0
1000000001 0.024353 -3.14159
1000000010 0.00843048 -3.14159
1000000011 0.0108566 0
1000000100 0.00965118 0
1000000101 0.0755005 0
1000000110 0.04422 0
1000000111 0.0124893 -3.14159
1000001000 0.0187683 -3.14159
1000001001 0.00852966 0
1000001010 0.0184174 -3.14159
1000001011 0.0803223 -3.14159
1000001100 0.00726318 -3.14159
1000001101 0.0503845 -3.14159
1000001110 0.0579224 -3.14159
1000001111 0.00462341 -3.14159
1000010000 0.0328979 0
1000010001 0.0549622 -3.14159
1000010010 0.00278664 -3.14159
1000010011 0.0203552 0
1000010100 0.0125809 -3.14159
1000010101 0.00645828 -3.14159
1000010110 0.013588 0
1000010111 0.0209045 0
1000011000 0.0277252 0
1000011001 0.02211 0
1000011010 0.0307312 -3.14159
1000011011 0.0339966 0
1000011100 0.00823975 0
1000011101 0.0184326 0
1000011110 0.00829315 0
1000011111 0.0295868 -3.14159
1000100000 0.0592041 -3.14159
1000100001 0.041687 -3.14159
1000100010 0.0443115 0
1000100011 0.00819397 -3.14159
1000100100 0.0112152 -3.14159
1000100101 0.0435181 -3.14159
1000100110 0.0281677 -3.14159
1000100111 0.0353088 0
1000101000 0.0160828 0
1000101001 0.0342407 -3.14159
1000101010 0.0054512 0
1000101011 0.0223846 -3.14159
1000101100 0.0342407 -3.14159
1000101101 0.000190616 -3.14159
1000101110 0.0313416 0
1000101111 0.022934 0
1000110000 0.0215454 -3.14159
1000110001 0.0158844 0
1000110010 0.0298157 0
1000110011 0.00371552 0
1000110100 0.0153732 -3.14159
1000110101 0.022995 0
1000110110 0.0509949 -3.14159
1000110111 0.0172424 0
1000111000 0.00527191 -3.14159
1000111001 0.0510864 -3.14159
1000111010 0.0714111 0
1000111011 0.020401 -3.14159
1000111100 0.00665665 0
1000111101 0.000105202 0
1000111110 0.0148392 -3.14159
1000111111 0.0187836 -3.14159
1001000000 0.0296783 0
1001000001 0.00233078 -3.14159
1001000010 0.0110092 0
1001000011 0.00444412 0
1001000100 0.0167847 -3.14159
1001000101 0.00217438 -3.14159
1001000110 0.0316467 -3.14159
1001000111 0.043335 -3.14159
1001001000 0.000671864 0
1001001001 0.0193634 0
1001001010 0.0274353 0
1001001011 0.00315475 0
1001001100 0.000963211 -3.14159
1001001101 0.0322571 -3.14159
1001001110 0.0184937 -3.14159
1001001111 0.034729 0
1001010000 0.0144348 0
1001010001 0.00666046 -3.14159
1001010010 0.00941467 -3.14159
1001010011 0.026474 -3.14159
1001010100 0.0266266 -3.14159
1001010101 0.0353088 -3.14159
1001010110 0.0486145 0
1001010111 0.0439148 -3.14159
1001011000 0.00973511 0
1001011001 0.00839996 0
1001011010 0.0103912 0
1001011011 0.0242615 0
1001011100 0.0252075 -3.14159
1001011101 0.0597229 -3.14159
1001011110 0.0495605 -3.14159
1001011111 0.0103226 0
1001100000 0.0447388 0
1001100001 0.0075798 0
1001100010 0.0384521 -3.14159
1001100011 0.0309143 0
1001100100 0.0130234 -3.14159
1001100101 0.0185547 0
1001100110 0.0479736 0
1001100111 0.0641479 0
1001101000 0.0107574 -3.14159
1001101001 0.00174618 0
1001101010 0.0195923 0
1001101011 0.0518494 0
1001101100 0.0385742 0
1001101101 1.14441e-05 0
1001101110 0.0284882 -3.14159
1001101111 0.00434494 -3.14159
1001110000 0.0538025 0
1001110001 0.0477295 -3.14159
1001110010 0.0407104 0
1001110011 0.0119781 0
1001110100 0.03479 -3.14159
1001110101 0.0152817 -3.14159
1001110110 0.00574112 -3.14159
1001110111 0.0136185 -3.14159
1001111000 0.0359192 0
1001111001 0.00731659 -3.14159
1001111010 0.0110245 0
1001111011 0.027359 0
1001111100 0.0120316 0
1001111101 0.0176544 -3.14159
1001111110 0.0269623 -3.14159
1001111111 0.00712204 -3.14159
1010000000 0.0242767 0
1010000001 0.0177612 -3.14159
1010000010 0.0257874 0
1010000011 0.0153122 -3.14159
1010000100 0.0169067 0
1010000101 0.0248566 -3.14159
1010000110 0.0392151 -3.14159
1010000111 0.0271301 -3.14159
1010001000 0.0167389 -3.14159
1010001001 0.0115433 -3.14159
1010001010 0.00140095 -3.14159
1010001011 0.0365906 0
1010001100 0.00391769 -3.14159
1010001101 0.00389481 0
1010001110 0.0273895 0
1010001111 0.0551147 0
1010010000 0.0479126 0
1010010001 0.0205994 0
1010010010 0.0458984 -3.14159
1010010011 0.0290375 0
1010010100 0.0215607 -3.14159
1010010101 0.0283661 0
1010010110 0.00490952 0
1010010111 0.0157318 -3.14159
1010011000 0.0817261 0
1010011001 0.0190277 -3.14159
1010011010 0.0159912 0
1010011011 0.0301361 -3.14159
1010011100 0.0232086 0
1010011101 0.00160599 0
1010011110 0.0010519 0
1010011111 0.0166931 -3.14159
1010100000 0.02034 -3.14159
1010100001 0.0288239 -3.14159
1010100010 0.05896 -3.14159
1010100011 0.00224876 0
1010100100 0.0153961 0
1010100101 0.0183411 -3.14159
1010100110 0.0083847 -3.14159
1010100111 0.00114155 0
1010101000 0.00310326 -3.14159
1010101001 0.0496521 0
1010101010 0.030838 -3.14159
1010101011 0.0121689 0
1010101100 0.0324402 0
1010101101 0.0151978 0
1010101110 0.0144196 0
1010101111 0.0104218 0
1010110000 0.0532532 0
1010110001 0.0319519 -3.14159
1010110010 0.0100632 -3.14159
1010110011 0.0384216 -3.14159
1010110100 0.0149078 -3.14159
1010110101 0.0193176 0
1010110110 0.00455093 0
1010110111 0.0175629 0
1010111000 0.0205078 0
1010111001 0.00362968 -3.14159
1010111010 0.0314636 -3.14159
1010111011 0.0215912 -3.14159
1010111100 0.013504 0
1010111101 0.0128937 0
1010111110 0.0563965 -3.14159
1010111111 0.0389099 0
1011000000 0.0480042 -3.14159
1011000001 0.0483704 0
1011000010 0.0196381 0
1011000011 0.0296326 -3.14159
1011000100 0.0256195 -3.14159
1011000101 0.0125961 -3.14159
1011000110 0.0476379 0
1011000111 0.00860596 -3.14159
1011001000 0.0277252 -3.14159
1011001001 0.0491028 -3.14159
1011001010 0.013382 -3.14159
1011001011 0.0484924 -3.14159
1011001100 0.0420227 -3.14159
1011001101 0.0149689 -3.14159
1011001110 0.0382996 0
1011001111 0.0463867 -3.14159
1011010000 0.00436401 -3.14159
1011010001 0.0244446 -3.14159
1011010010 0.0162048 -3.14159
1011010011 0.00717926 -3.14159
1011010100 0.0138016 -3.14159
1011010101 0.0180511 0
1011010110 0.0458374 0
1011010111 0.0214386 0
1011011000 0.0119934 0
1011011001 0.00891876 0
1011011010 0.0201721 0
1011011011 0.0128326 -3.14159
1011011100 0.00458145 -3.14159
1011011101 0.037384 0
1011011110 0.00731277 0
1011011111 0.0129318 0
1011100000 0.00490952 0
1011100001 0.046936 -3.14159
1011100010 0.0367126 0
1011100011 0.0250244 0
1011100100 0.000251532 0
1011100101 0.069397 0
1011100110 0.000264883 0
1011100111 0.0091629 -3.14159
1011101000 0.0695801 -3.14159
1011101001 0.00894928 -3.14159
1011101010 0.0352173 -3.14159
1011101011 0.017334 0
1011101100 0.00622559 0
1011101101 0.00774002 0
1011101110 0.0362854 -3.14159
1011101111 0.0571899 0
1011110000 0.0588684 -3.14159
1011110001 0.00678253 0
1011110010 0.00119972 0
1011110011 0.030777 0
1011110100 0.0135651 -3.14159
1011110101 0.0140762 0
1011110110 0.0060997 -3.14159
1011110111 0.0213013 0
1011111000 0.025238 0
1011111001 0.00897217 -3.14159
1011111010 0.0269318 -3.14159
1011111011 0.0423584 0
1011111100 0.00904846 0
1011111101 0.00274086 0
1011111110 0.0370789 0
1011111111 0.024765 0
1100000000 0.0542908 0
1100000001 0.0184174 0
1100000010 0.0319519 -3.14159
1100000011 0.00943756 -3.14159
1100000100 0.0412903 -3.14159
1100000101 0.0714722 0
1100000110 0.0168304 0
1100000111 0.0146713 -3.14159
1100001000 0.0186005 -3.14159
1100001001 0.0650635 -3.14159
1100001010 0.0314026 -3.14159
1100001011 0.00447464 0
1100001100 0.00489426 -3.14159
1100001101 0.00208664 -3.14159
1100001110 0.0289154 -3.14159
1100001111 0.0315247 0
1100010000 0.0423584 -3.14159
1100010001 0.0192566 -3.14159
1100010010 0.0167999 0
1100010011 0.0113907 -3.14159
1100010100 0.036438 -3.14159
1100010101 0.0213928 -3.14159
1100010110 0.0035038 -3.14159
1100010111 0.0689087 0
1100011000 0.0730591 -3.14159
1100011001 0.0226593 0
1100011010 0.00390244 -3.14159
1100011011 0.0339355 0
1100011100 0.00135326 -3.14159
1100011101 0.0220947 0
1100011110 0.0121689 -3.14159
1100011111 0.0260773 -3.14159
1100100000 0.0123215 0
1100100001 0.0791626 0
1100100010 0.0183411 -3.14159
1100100011 0.00222969 0
1100100100 0.0100174 -3.14159
1100100101 0.0251465 -3.14159
1100100110 0.076355 0
1100100111 0.00279427 -3.14159
1100101000 0.0441895 0
1100101001 0.0519104 0
1100101010 0.0189819 0
1100101011 0.0252686 0
1100101100 0.0146103 0
1100101101 0.0132599 -3.14159
1100101110 0.0455017 0
1100101111 0.0492249 0
1100110000 0.0284119 -3.14159
1100110001 0.0648193 -3.14159
1100110010 0.0297699 -3.14159
1100110011 0.0168304 0
1100110100 0.0305176 0
1100110101 0.00936127 0
1100110110 0.0296326 0
1100110111 0.0150681 -3.14159
1100111000 0.00958252 -3.14159
1100111001 0.0829468 -3.14159
1100111010 0.0350342 0
1100111011 0.0157928 -3.14159
1100111100 0.0334167 -3.14159
1100111101 0.0155563 0
1100111110 0.0395203 -3.14159
1100111111 0.0511475 -3.14159
1101000000 0.0708618 -3.14159
1101000001 0.0244446 0
1101000010 0.0151367 -3.14159
1101000011 0.00421143 -3.14159
1101000100 0.039032 0
1101000101 0.0017786 -3.14159
1101000110 0.016449 -3.14159
1101000111 0.0493469 0
1101001000 0.0186462 0
1101001001 0.0525818 0
1101001010 0.00407028 0
1101001011 0.0357361 0
1101001100 0.0362244 -3.14159
1101001101 0.00143051 -3.14159
1101001110 0.0186462 0
1101001111 0.039978 0
1101010000 0.0154343 -3.14159
1101010001 0.0225067 0
1101010010 0.0402527 -3.14159
1101010011 0.0332642 -3.14159
1101010100 0.0475159 0
1101010101 0.00246811 0
1101010110 0.0524292 -3.14159
1101010111 0.00225449 0
1101011000 0.0152283 -3.14159
1101011001 0.00364685 -3.14159
1101011010 0.0075798 0
1101011011 0.0370789 -3.14159
1101011100 0.00245667 0
1101011101 0.00391769 0
1101011110 0.0116043 0
1101011111 0.0440979 -3.14159
1101100000 0.0892334 0
1101100001 0.0341187 0
1101100010 0.0163574 -3.14159
1101100011 0.019043 -3.14159
1101100100 0.00186634 0
1101100101 0.0130997 -3.14159
1101100110 0.0035305 0
1101100111 0.0110626 0
1101101000 0.0131531 -3.14159
1101101001 0.00892639 0
1101101010 0.0304108 0
1101101011 0.0164185 -3.14159
1101101100 0.0365601 -3.14159
1101101101 0.0114441 -3.14159
1101101110 0.000967026 -3.14159
1101101111 0.0044632 -3.14159
1101110000 0.0226288 -3.14159
1101110001 0.0433044 0
1101110010 0.0245514 -3.14159
1101110011 0.0304413 -3.14159
1101110100 0.0193329 -3.14159
1101110101 0.00394058 0
1101110110 0.000426292 0
1101110111 0.0172119 0
1101111000 0.0109406 0
1101111001 0.000678539 0
1101111010 0.0140305 -3.14159
1101111011 0.00140476 -3.14159
1101111100 0.0355835 0
1101111101 0.0529175 -3.14159
1101111110 0.0408325 -3.14159
1101111111 0.072876 0
1110000000 0.0266876 -3.14159
1110000001 0.0194855 -3.14159
1110000010 0.0486145 0
1110000011 0.061676 0
1110000100 0.0178375 0
1110000101 0.0216522 0
1110000110 0.0330811 -3.14159
1110000111 0.00896454 0
1110001000 0.00324059 -3.14159
1110001001 0.00399017 -3.14159
1110001010 0.0452881 0
1110001011 0.0392456 -3.14159
1110001100 0.025589 0
1110001101 0.00173569 0
1110001110 0.00650024 0
1110001111 0.00126076 0
1110010000 0.00183201 0
1110010001 0.052063 -3.14159
1110010010 0.016449 0
1110010011 0.0191956 -3.14159
1110010100 0.028717 -3.14159
1110010101 0.0563354 -3.14159
1110010110 0.0206299 0
1110010111 0.0281525 -3.14159
1110011000 0.00391006 0
1110011001 0.0229797 0
1110011010 0.0325928 -3.14159
1110011011 0.0181427 -3.14159
1110011100 0.0426941 0
1110011101 0.00106525 -3.14159
1110011110 0.00492096 0
1110011111 0.00748444 -3.14159
1110100000 0.00279999 0
1110100001 0.0281982 0
1110100010 0.00713348 0
1110100011 0.00135136 0
1110100100 0.0559692 0
1110100101 0.0229645 0
1110100110 0.0423279 -3.14159
1110100111 0.00852966 0
1110101000 0.0127182 -3.14159
1110101001 0.00508881 0
1110101010 0.0244446 0
1110101011 0.00888062 -3.14159
1110101100 0.033783 -3.14159
1110101101 0.027359 0
1110101110 0.00246811 -3.14159
1110101111 0.0363159 -3.14159
1110110000 0.0175323 -3.14159
1110110001 0.00688171 0
1110110010 0.0293579 -3.14159
1110110011 0.0335999 -3.14159
1110110100 0.0143967 0
1110110101 0.0723267 0
1110110110 0.0134888 -3.14159
1110110111 0.0263367 -3.14159
1110111000 0.00731277 0
1110111001 0.0375977 0
1110111010 0.044281 0
1110111011 0.0409851 0
1110111100 0.0148621 -3.14159
1110111101 0.00704956 -3.14159
1110111110 0.0199432 0
1110111111 0.0188599 0
1111000000 0.0101776 0
1111000001 0.0745239 0
1111000010 0.0173492 0
1111000011 0.030838 -3.14159
1111000100 0.0208435 0
1111000101 0.0549011 -3.14159
1111000110 0.0214691 -3.14159
1111000111 0.000477552 -3.14159
1111001000 0.0227661 0
1111001001 0.0339355 0
1111001010 0.00868225 -3.14159
1111001011 0.0439453 -3.14159
1111001100 0.0185547 0
1111001101 0.0742188 0
1111001110 0.0602722 -3.14159
1111001111 0.00754547 -3.14159
1111010000 0.0233612 -3.14159
1111010001 0.00788879 0
1111010010 0.00234032 0
1111010011 0.0124435 0
1111010100 0.0245972 0
1111010101 0.0270538 -3.14159
1111010110 0.0698853 0
1111010111 0.0643311 0
1111011000 0.0668335 0
1111011001 0.00484467 -3.14159
1111011010 0.00637054 0
1111011011 0.0317383 0
1111011100 0.00504684 -3.14159
1111011101 0.00291061 -3.14159
1111011110 0.00810242 0
1111011111 0.00196075 -3.14159
1111100000 0.0673218 0
1111100001 0.00731277 -3.14159
1111100010 0.0126877 0
1111100011 0.0184784 0
1111100100 0.0608215 -3.14159
1111100101 0.00386238 -3.14159
1111100110 0.115845 -3.14159
1111100111 0.0325317 -3.14159
1111101000 0.00670242 0
1111101001 0.0321655 -3.14159
1111101010 0.0575867 -3.14159
1111101011 0.0932007 0
1111101100 0.0559082 0
1111101101 0.00530624 0
1111101110 0.0279388 0
1111101111 0.0223694 0
1111110000 0.0292969 0
1111110001 0.0343323 0
1111110010 0.0478821 -3.14159
1111110011 0.0117645 -3.14159
1111110100 0.0415039 0
1111110101 0.0200043 0
1111110110 0.0106964 0
1111110111 0.00304413 -3.14159
1111111000 0.0204315 0
1111111001 0.0291748 -3.14159
1111111010 0.0320129 0
1111111011 0.050293 -3.14159
1111111100 0.0180817 -3.14159
1111111101 0.0299683 0
1111111110 0.00854492 -3.14159
1111111111 0.0136795 -3.14159
