0000000000 0.0225372 0
0000000001 0.0103073 0
0000000010 0.000176311 0
0000000011 0.0192261 -3.14159
0000000100 0.00389671 -3.14159
0000000101 0.00133419 -3.14159
0000000110 0.00424957 -3.14159
0000000111 0.0263519 0
0000001000 0.0265656 -3.14159
0000001001 0.0555725 -3.14159
0000001010 0.0270844 -3.14159
0000001011 0.00622559 0
0000001100 0.0431824 -3.14159
0000001101 0.0369263 0
0000001110 0.0131989 -3.14159
0000001111 0.0156403 0
0000010000 0.0157928 -3.14159
0000010001 0.031311 -3.14159
0000010010 0.0184479 -3.14159
0000010011 0.0858154 -3.14159
0000010100 0.0803223 -3.14159
0000010101 0.00318146 0
0000010110 0.0107574 -3.14159
0000010111 0.0015955 0
0000011000 0.00177002 0
0000011001 0.00408936 -3.14159
0000011010 0.039032 0
0000011011 0.052948 -3.14159
0000011100 0.00745773 0
0000011101 0.000354528 0
0000011110 0.0131073 0
0000011111 0.0124054 0
0000100000 0.0629272 -3.14159
0000100001 0.00068903 0
0000100010 0.0521851 -3.14159
0000100011 0.0386047 -3.14159
0000100100 0.0161743 0
0000100101 0.00568771 0
0000100110 0.0258026 -3.14159
0000100111 0.0466003 0
0000101000 0.000648975 -3.14159
0000101001 0.0222626 0
0000101010 0.0579834 -3.14159
0000101011 0.0535583 0
0000101100 0.0503845 -3.14159
0000101101 0.010994 0
0000101110 0.0280609 -3.14159
0000101111 0.0168457 0
0000110000 0.0261688 0
0000110001 0.0230255 -3.14159
0000110010 0.043396 -3.14159
0000110011 0.012146 0
0000110100 0.0470886 -3.14159
0000110101 0.0172577 -3.14159
0000110110 0.0147095 -3.14159
0000110111 0.0415039 0
0000111000 0.00514984 -3.14159
0000111001 0.00701523 0
0000111010 0.00229263 0
0000111011 0.00430679 0
0000111100 0.00361443 -3.14159
0000111101 0.0325317 0
0000111110 0.0124969 0
0000111111 0.000772953 -3.14159
0001000000 0.0400085 0
0001000001 0.0698853 0
0001000010 0.019577 -3.14159
0001000011 0.0115814 0
0001000100 0.0300598 -3.14159
0001000101 0.0675659 -3.14159
0001000110 0.0143738 -3.14159
0001000111 0.0102158 -3.14159
0001001000 0.0682983 -3.14159
0001001001 0.0142822 0
0001001010 0.0336914 -3.14159
0001001011 0.0164642 0
0001001100 0.00140667 0
0001001101 0.0397034 -3.14159
0001001110 0.054657 0
0001001111 0.00868988 0
0001010000 0.0527039 0
0001010001 0.0167847 -3.14159
0001010010 0.0125275 -3.14159
0001010011 0.0330811 0
0001010100 0.0287018 0
0001010101 0.0148544 0
0001010110 0.00283623 0
0001010111 0.0217743 0
0001011000 0.00564575 0
0001011001 0.0152359 0
0001011010 0.0133591 -3.14159
0001011011 0.035675 -3.14159
0001011100 0.0549011 0
0001011101 0.00194836 -3.14159
0001011110 0.0428772 -3.14159
0001011111 0.0275421 0
0001100000 0.0183868 -3.14159
0001100001 0.00424957 0
0001100010 0.0396118 -3.14159
0001100011 0.000500679 -3.14159
0001100100 0.0497742 -3.14159
0001100101 0.0051651 0
0001100110 0.0189819 -3.14159
0001100111 0.0576477 0
0001101000 0.0258331 0
0001101001 0.0471802 0
0001101010 0.00498199 0
0001101011 0.00595474 0
0001101100 0.0169983 0
0001101101 0.0388184 -3.14159
0001101110 0.00725555 -3.14159
0001101111 0.0013895 0
0001110000 0.0432129 -3.14159
0001110001 0.0120087 -3.14159
0001110010 0.0125961 0
0001110011 0.0332947 0
0001110100 0.0064621 -3.14159
0001110101 0.0227966 0
0001110110 0.0148849 -3.14159
0001110111 0.00914764 0
0001111000 0.0319519 -3.14159
0001111001 0.0191345 -3.14159
0001111010 0.024765 -3.14159
0001111011 0.00486374 -3.14159
0001111100 0.00811768 -3.14159
0001111101 0.0491333 0
0001111110 0.0118027 -3.14159
0001111111 0.0180206 0
0010000000 0.0313416 0
0010000001 0.0190125 0
0010000010 0.0303955 -3.14159
0010000011 0.0574036 -3.14159
0010000100 0.0209198 -3.14159
0010000101 0.01651 -3.14159
0010000110 0.00134373 -3.14159
0010000111 0.00898743 0
0010001000 0.0131531 0
0010001001 0.00117016 0
0010001010 0.0397949 0
0010001011 0.0144958 0
0010001100 0.00667191 0
0010001101 0.013298 0
0010001110 0.0246887 0
0010001111 0.0264435 -3.14159
0010010000 0.0650635 -3.14159
0010010001 0.0282593 -3.14159
0010010010 0.0211792 0
0010010011 0.00928497 -3.14159
0010010100 0.0668335 -3.14159
0010010101 0.0632324 0
0010010110 0.019989 0
0010010111 0.0214386 0
0010011000 0.0206299 -3.14159
0010011001 0.0153046 0
0010011010 0.0199585 -3.14159
0010011011 0.00483322 0
0010011100 0.0237427 -3.14159
0010011101 0.0157013 0
0010011110 0.00359154 -3.14159
0010011111 0.0383301 -3.14159
0010100000 0.0145645 -3.14159
0010100001 0.0399475 0
0010100010 0.0192719 -3.14159
0010100011 0.00169277 -3.14159
0010100100 0.0162048 0
0010100101 0.0343933 -3.14159
0010100110 0.000602722 -3.14159
0010100111 0.00221825 -3.14159
0010101000 0.00833893 -3.14159
0010101001 0.0106583 -3.14159
0010101010 0.0140305 0
0010101011 0.0167999 -3.14159
0010101100 0.0444336 -3.14159
0010101101 0.0552673 0
0010101110 0.00728226 -3.14159
0010101111 0.0343933 0
0010110000 0.0449219 0
0010110001 0.0593567 -3.14159
0010110010 0.0346985 -3.14159
0010110011 0.0161285 -3.14159
0010110100 0.0701294 0
0010110101 0.0441589 -3.14159
0010110110 0.0300598 0
0010110111 0.0155334 -3.14159
0010111000 0.00169277 0
0010111001 0.0232239 0
0010111010 0.0296173 0
0010111011 0.00830078 0
0010111100 0.0673218 0
0010111101 0.0217743 -3.14159
0010111110 0.0117416 -3.14159
0010111111 0.0522461 -3.14159
0011000000 0.00737381 -3.14159
0011000001 0.0104065 -3.14159
0011000010 0.0157776 0
0011000011 0.052948 0
0011000100 0.0123672 -3.14159
0011000101 0.000126004 0
0011000110 0.0289154 0
0011000111 0.00803375 0
0011001000 0.0129547 0
0011001001 0.0117493 -3.14159
0011001010 0.0161438 -3.14159
0011001011 0.0265656 -3.14159
0011001100 0.01548 0
0011001101 0.0218811 0
0011001110 0.0365906 -3.14159
0011001111 0.00418091 0
0011010000 0.0404053 -3.14159
0011010001 0.0015831 0
0011010010 0.0526123 0
0011010011 0.015007 0
0011010100 0.0463867 0
0011010101 0.0258789 -3.14159
0011010110 0.0161285 0
0011010111 0.0196075 0
0011011000 0.0326843 -3.14159
0011011001 0.00670242 0
0011011010 0.0206909 -3.14159
0011011011 0.0209808 0
0011011100 0.010025 0
0011011101 0.0623169 -3.14159
0011011110 0.0418396 -3.14159
0011011111 0.0162201 0
0011100000 0.0198364 -3.14159
0011100001 0.031311 -3.14159
0011100010 0.0454407 0
0011100011 0.00992584 -3.14159
0011100100 0.0210724 0
0011100101 0.095459 0
0011100110 0.0396729 -3.14159
0011100111 0.00244331 0
0011101000 0.033844 -3.14159
0011101001 0.0108185 0
0011101010 0.0319824 -3.14159
0011101011 0.00406265 0
0011101100 0.00654602 -3.14159
0011101101 0.00994873 -3.14159
0011101110 0.009552 0
0011101111 0.0394287 0
0011110000 0.0591736 -3.14159
0011110001 0.00362015 -3.14159
0011110010 0.0401306 0
0011110011 0.0439758 -3.14159
0011110100 0.0158081 0
0011110101 0.0189667 0
0011110110 0.0201569 0
0011110111 0.00536728 -3.14159
0011111000 0.0628662 0
0011111001 0.0344238 -3.14159
0011111010 0.0189362 -3.14159
0011111011 0.00686646 0
0011111100 0.00849915 0
0011111101 0.0093689 0
0011111110 0.0379639 0
0011111111 0.0107346 0
0100000000 0.0268555 0
0100000001 0.0137863 0
0100000010 0.0163574 0
0100000011 0.0311127 -3.14159
0100000100 0.0406494 -3.14159
0100000101 0.0243225 0
0100000110 0.0357666 0
0100000111 0.0379333 0
0100001000 0.0158997 0
0100001001 0.0196381 -3.14159
0100001010 0.0174408 -3.14159
0100001011 0.0307922 -3.14159
0100001100 0.03302 -3.14159
0100001101 0.057373 -3.14159
0100001110 0.0100021 0
0100001111 0.0130463 0
0100010000 0.00839996 0
0100010001 0.0513916 -3.14159
0100010010 0.0085907 -3.14159
0100010011 0.0276642 -3.14159
0100010100 0.0352173 0
0100010101 0.0222931 -3.14159
0100010110 0.0126572 -3.14159
0100010111 0.0360413 -3.14159
0100011000 0.0262299 -3.14159
0100011001 0.00833893 0
0100011010 0.0163422 -3.14159
0100011011 0.0211945 -3.14159
0100011100 0.0068512 0
0100011101 0.0545959 0
0100011110 0.0120087 -3.14159
0100011111 0.0327148 0
0100100000 0.00526428 -3.14159
0100100001 0.0458069 0
0100100010 0.00761795 -3.14159
0100100011 0.00197983 -3.14159
0100100100 0.0157166 -3.14159
0100100101 0.0322571 -3.14159
0100100110 0.0365906 -3.14159
0100100111 0.0439148 -3.14159
0100101000 0.0358276 0
0100101001 0.0745239 -3.14159
0100101010 0.0139771 0
0100101011 0.0177917 -3.14159
0100101100 0.0299225 0
0100101101 0.0141373 -3.14159
0100101110 0.0838623 0
0100101111 0.0247345 0
0100110000 0.022934 -3.14159
0100110001 0.00152969 0
0100110010 0.0463257 0
0100110011 0.0179291 -3.14159
0100110100 0.0203705 -3.14159
0100110101 0.0231171 0
0100110110 0.0123825 -3.14159
0100110111 0.0148621 -3.14159
0100111000 0.00534821 -3.14159
0100111001 0.0106506 0
0100111010 0.0340271 -3.14159
0100111011 0.00392532 -3.14159
0100111100 0.0751343 -3.14159
0100111101 0.0113602 -3.14159
0100111110 0.0246429 0
0100111111 0.00498581 0
0101000000 0.0159302 0
0101000001 0.0247192 -3.14159
0101000010 0.0103302 0
0101000011 0.0367737 -3.14159
0101000100 0.00304985 -3.14159
0101000101 0.00689697 0
0101000110 0.0132599 -3.14159
0101000111 0.00431824 -3.14159
0101001000 0.0163574 0
0101001001 0.00224113 -3.14159
0101001010 0.0305634 0
0101001011 0.0122375 0
0101001100 0.0116348 -3.14159
0101001101 0.0240173 -3.14159
0101001110 0.0154572 0
0101001111 0.0148544 -3.14159
0101010000 0.0210266 0
0101010001 0.0151138 0
0101010010 0.0174713 0
0101010011 0.0178223 -3.14159
0101010100 0.0089798 0
0101010101 0.0283508 -3.14159
0101010110 0.0138168 0
0101010111 0.0246887 -3.14159
0101011000 0.0142441 0
0101011001 0.00188351 0
0101011010 0.0189819 0
0101011011 0.0686035 -3.14159
0101011100 0.0041008 -3.14159
0101011101 0.0361328 0
0101011110 0.0185242 -3.14159
0101011111 0.032196 0
0101100000 0.00248337 -3.14159
0101100001 0.0522461 -3.14159
0101100010 0.0223999 -3.14159
0101100011 0.042572 -3.14159
0101100100 0.0191498 -3.14159
0101100101 0.0542908 0
0101100110 0.0189209 -3.14159
0101100111 0.0225067 -3.14159
0101101000 0.00888062 0
0101101001 0.0168915 -3.14159
0101101010 0.00296974 0
0101101011 0.0175476 -3.14159
0101101100 0.0285645 0
0101101101 0.0250702 -3.14159
0101101110 0.0343018 -3.14159
0101101111 0.000388384 0
0101110000 0.0176849 -3.14159
0101110001 0.032074 -3.14159
0101110010 0.0404663 -3.14159
0101110011 0.00889587 0
0101110100 0.0397949 0
0101110101 0.0120468 -3.14159
0101110110 0.00718689 0
0101110111 0.00831604 0
0101111000 0.00207138 0
0101111001 0.0523376 0
0101111010 0.00298691 0
0101111011 0.0104904 0
0101111100 0.0177612 0
0101111101 0.0112076 0
0101111110 0.00371361 0
0101111111 0.032135 0
0110000000 0.0254211 0
0110000001 0.0180817 0
0110000010 0.0274658 -3.14159
0110000011 0.0634766 0
0110000100 0.0431213 -3.14159
0110000101 0.0161133 -3.14159
0110000110 0.00252724 0
0110000111 0.0458069 0
0110001000 0.00868225 -3.14159
0110001001 0.0240784 -3.14159
0110001010 0.0389404 -3.14159
0110001011 0.00922394 0
0110001100 0.0254517 0
0110001101 0.0236969 -3.14159
0110001110 0.0219879 0
0110001111 0.023407 -3.14159
0110010000 0.0220795 0
0110010001 0.0267639 -3.14159
0110010010 0.0254059 0
0110010011 0.0194092 -3.14159
0110010100 0.060791 -3.14159
0110010101 0.0458984 -3.14159
0110010110 0.00127316 0
0110010111 0.000153303 -3.14159
0110011000 0.00370216 0
0110011001 0.0359192 -3.14159
0110011010 0.0198669 -3.14159
0110011011 0.0311737 0
0110011100 0.0322876 -3.14159
0110011101 0.00148964 0
0110011110 0.00291824 0
0110011111 0.00429916 0
0110100000 0.0214539 0
0110100001 0.0379639 0
0110100010 0.0104218 -3.14159
0110100011 0.0318909 -3.14159
0110100100 0.0493469 0
0110100101 0.0317383 0
0110100110 0.0127716 0
0110100111 0.022049 -3.14159
0110101000 0.0379028 -3.14159
0110101001 0.0149841 -3.14159
0110101010 0.00299835 0
0110101011 0.0118027 -3.14159
0110101100 0.0456543 -3.14159
0110101101 0.0324707 0
0110101110 0.0425415 0
0110101111 0.0256653 0
0110110000 0.0385437 -3.14159
0110110001 0.0414429 -3.14159
0110110010 0.00448608 -3.14159
0110110011 0.00427628 -3.14159
0110110100 0.0226898 -3.14159
0110110101 0.0149918 0
0110110110 0.0487671 0
0110110111 0.0370483 0
0110111000 0.0360413 -3.14159
0110111001 0.00325203 -3.14159
0110111010 0.020752 0
0110111011 0.0562134 0
0110111100 0.0411377 -3.14159
0110111101 0.0578308 -3.14159
0110111110 0.00784302 -3.14159
0110111111 0.00823212 -3.14159
0111000000 0.00790405 -3.14159
0111000001 0.0125504 -3.14159
0111000010 0.0169678 0
0111000011 0.0378723 0
0111000100 0.00482941 -3.14159
0111000101 0.0361023 -3.14159
0111000110 0.00764465 -3.14159
0111000111 0.00943756 0
0111001000 0.00365639 0
0111001001 0.0107346 -3.14159
0111001010 0.0289001 0
0111001011 0.00543594 -3.14159
0111001100 0.00624466 0
0111001101 0.0458984 -3.14159
0111001110 0.0582581 0
0111001111 0.0184631 0
0111010000 0.0168457 0
0111010001 0.0245209 0
0111010010 0.00343704 -3.14159
0111010011 0.0574036 0
0111010100 0.00769424 0
0111010101 0.00878143 -3.14159
0111010110 0.0171051 0
0111010111 0.0376282 0
0111011000 0.00783539 0
0111011001 0.0169067 -3.14159
0111011010 0.00285912 -3.14159
0111011011 0.00808716 -3.14159
0111011100 0.0233765 -3.14159
0111011101 0.0247192 -3.14159
0111011110 0.0269318 0
0111011111 0.0089035 0
0111100000 0.00095892 0
0111100001 0.0262299 -3.14159
0111100010 0.0168762 0
0111100011 0.0139236 0
0111100100 0.0584106 -3.14159
0111100101 0.0452271 -3.14159
0111100110 0.0211792 -3.14159
0111100111 0.029068 -3.14159
0111101000 0.00129318 0
0111101001 0.0182037 0
0111101010 0.0585022 -3.14159
0111101011 0.0119095 -3.14159
0111101100 0.0126648 0
0111101101 0.024353 0
0111101110 0.0167847 0
0111101111 0.00239182 0
0111110000 0.00325584 0
0111110001 0.0272827 -3.14159
0111110010 0.0238037 0
0111110011 0.0637207 -3.14159
0111110100 0.00418091 -3.14159
0111110101 0.00364113 -3.14159
0111110110 0.0105057 0
0111110111 0.027298 0
0111111000 0.0430908 -3.14159
0111111001 0.0161743 0
0111111010 0.00735092 0
0111111011 0.0555115 0
0111111100 0.0176849 -3.14159
0111111101 0.0323792 0
0111111110 0.00561142 -3.14159
0111111111 0.0323792 0
1000000000 0.0317688 0
1000000001 0.00840759 0
1000000010 0.0215912 -3.14159
1000000011 0.014267 -3.14159
1000000100 0.00415421 0
1000000101 0.0133896 -3.14159
1000000110 0.0744629 0
1000000111 0.0162964 0
1000001000 0.0152435 -3.14159
1000001001 0.0361633 0
1000001010 0.0119247 -3.14159
1000001011 0.0453796 -3.14159
1000001100 0.0127106 -3.14159
1000001101 0.00142193 -3.14159
1000001110 0.0751953 -3.14159
1000001111 0.0474548 -3.14159
1000010000 0.00658798 -3.14159
1000010001 0.072998 -3.14159
1000010010 0.0130005 0
1000010011 0.0106735 0
1000010100 0.0191345 0
1000010101 0.00933075 0
1000010110 0.00746918 -3.14159
1000010111 0.0043602 -3.14159
1000011000 0.00193119 0
1000011001 0.0107803 -3.14159
1000011010 0.0205536 -3.14159
1000011011 0.00473022 0
1000011100 0.00236702 -3.14159
1000011101 0.0209656 -3.14159
1000011110 0.00655365 -3.14159
1000011111 0.035614 0
1000100000 0.0533752 -3.14159
1000100001 0.038269 0
1000100010 0.0406799 0
1000100011 0.0146866 -3.14159
1000100100 0.0108337 -3.14159
1000100101 0.0759277 -3.14159
1000100110 0.0469971 -3.14159
1000100111 0.0465698 0
1000101000 0.0278931 0
1000101001 0.0312195 -3.14159
1000101010 0.00925446 -3.14159
1000101011 0.00171375 -3.14159
1000101100 0.00502777 -3.14159
1000101101 0.018158 0
1000101110 0.00670624 0
1000101111 0.0074501 0
1000110000 0.023056 -3.14159
1000110001 0.00428391 -3.14159
1000110010 0.0168762 0
1000110011 0.0166473 -3.14159
1000110100 0.0351562 -3.14159
1000110101 0.0585632 -3.14159
1000110110 0.00255966 0
1000110111 0.0364075 -3.14159
1000111000 0.0379639 -3.14159
1000111001 0.0263824 -3.14159
1000111010 0.0352478 0
1000111011 0.0117416 -3.14159
1000111100 0.00198555 -3.14159
1000111101 0.0391235 0
1000111110 0.0188904 0
1000111111 0.0149918 0
1001000000 0.00438309 0
1001000001 0.0499573 -3.14159
1001000010 0.02771 0
1001000011 0.0320435 0
1001000100 0.071167 -3.14159
1001000101 0.0220184 -3.14159
1001000110 0.0322571 -3.14159
1001000111 0.0602722 -3.14159
1001001000 0.0240784 0
1001001001 0.00019443 -3.14159
1001001010 0.0448608 -3.14159
1001001011 0.0374146 0
1001001100 0.00559616 -3.14159
1001001101 0.0562744 -3.14159
1001001110 0.0200653 -3.14159
1001001111 0.0244293 -3.14159
1001010000 0.0258789 0
1001010001 0.0468445 -3.14159
1001010010 0.000172496 -3.14159
1001010011 0.0209198 0
1001010100 0.0102158 -3.14159
1001010101 0.0476379 -3.14159
1001010110 0.0440369 -3.14159
1001010111 0.0311279 -3.14159
1001011000 0.0115204 -3.14159
1001011001 0.0137253 -3.14159
1001011010 0.0107193 0
1001011011 0.0135193 0
1001011100 0.000112236 0
1001011101 0.00140762 0
1001011110 0.00523758 -3.14159
1001011111 0.023056 -3.14159
1001100000 0.0557861 0
1001100001 0.0594177 0
1001100010 0.0184479 0
1001100011 0.00623322 -3.14159
1001100100 0.0106277 -3.14159
1001100101 0.0173798 0
1001100110 0.0610352 0
1001100111 0.0619812 0
1001101000 0.0422363 -3.14159
1001101001 0.0219879 -3.14159
1001101010 0.0434875 0
1001101011 0.016983 0
1001101100 0.014389 0
1001101101 0.00764084 0
1001101110 0.052002 -3.14159
1001101111 0.0156555 0
1001110000 0.0541687 0
1001110001 0.072876 -3.14159
1001110010 0.00196457 -3.14159
1001110011 0.016098 -3.14159
1001110100 0.00405884 0
1001110101 0.0377502 0
1001110110 0.0332336 0
1001110111 0.0224304 -3.14159
1001111000 0.0421448 0
1001111001 0.0102539 0
1001111010 0.0275879 0
1001111011 0.00391769 -3.14159
1001111100 0.00557709 0
1001111101 0.025116 -3.14159
1001111110 0.0103226 -3.14159
1001111111 0.0341187 -3.14159
1010000000 0.00710678 0
1010000001 0.00878143 0
1010000010 0.0342407 0
1010000011 0.000331163 -3.14159
1010000100 0.00735092 0
1010000101 0.0303192 -3.14159
1010000110 0.0298767 0
1010000111 0.0679932 -3.14159
1010001000 0.0179443 -3.14159
1010001001 0.0130615 0
1010001010 0.0183105 -3.14159
1010001011 0.0963745 0
1010001100 0.00683212 0
1010001101 0.0103378 -3.14159
1010001110 0.0129013 -3.14159
1010001111 0.0169983 0
1010010000 0.0359497 0
1010010001 0.0197144 0
1010010010 0.0505371 -3.14159
1010010011 0.0131302 0
1010010100 0.00651169 0
1010010101 0.0314941 -3.14159
1010010110 0.00522614 0
1010010111 0.00604248 -3.14159
1010011000 0.0693359 0
1010011001 0.0439148 0
1010011010 0.00458145 0
1010011011 0.0191345 -3.14159
1010011100 0.0291595 0
1010011101 0.0213928 0
1010011110 0.0257111 -3.14159
1010011111 0.000736237 0
1010100000 0.0584106 -3.14159
1010100001 0.0257111 -3.14159
1010100010 0.0122147 -3.14159
1010100011 0.0177765 -3.14159
1010100100 0.0073204 0
1010100101 0.0147934 0
1010100110 0.0277557 0
1010100111 0.00870514 -3.14159
1010101000 0.0293274 0
1010101001 0.0151291 0
1010101010 0.0480347 -3.14159
1010101011 0.0440674 0
1010101100 0.0376587 0
1010101101 0.0260468 -3.14159
1010101110 0.0180206 -3.14159
1010101111 0.00597763 -3.14159
1010110000 0.0464478 0
1010110001 0.0123062 -3.14159
1010110010 0.0212402 0
1010110011 0.0205078 0
1010110100 0.0407104 -3.14159
1010110101 0.00721359 -3.14159
1010110110 0.0153275 -3.14159
1010110111 0.0100021 -3.14159
1010111000 0.0219421 0
1010111001 0.0228577 0
1010111010 0.0318604 -3.14159
1010111011 0.0058403 0
1010111100 0.00127602 -3.14159
1010111101 0.0242767 0
1010111110 0.0136261 -3.14159
1010111111 0.00551987 0
1011000000 0.00888824 -3.14159
1011000001 0.00317764 -3.14159
1011000010 0.0490417 0
1011000011 0.0176849 -3.14159
1011000100 0.0158539 -3.14159
1011000101 0.0117569 -3.14159
1011000110 0.0171509 0
1011000111 0.0309448 0
1011001000 0.0732422 -3.14159
1011001001 0.0385132 -3.14159
1011001010 0.0423889 -3.14159
1011001011 0.011261 0
1011001100 0.012764 -3.14159
1011001101 0.0311584 0
1011001110 0.00515747 0
1011001111 0.0112152 -3.14159
1011010000 0.0299225 0
1011010001 0.033783 -3.14159
1011010010 0.0151138 0
1011010011 0.0473633 0
1011010100 0.0493774 -3.14159
1011010101 0.0405884 -3.14159
1011010110 0.0290833 0
1011010111 0.0281677 -3.14159
1011011000 0.00727081 -3.14159
1011011001 0.034668 0
1011011010 0.013092 0
1011011011 0.0697021 -3.14159
1011011100 0.0667114 0
1011011101 0.0161591 0
1011011110 0.012001 0
1011011111 0.00431442 -3.14159
1011100000 0.0209656 -3.14159
1011100001 0.0260468 -3.14159
1011100010 0.0672607 0
1011100011 0.0525208 0
1011100100 0.000118077 -3.14159
1011100101 0.0806274 0
1011100110 0.0135956 -3.14159
1011100111 0.00338364 -3.14159
1011101000 0.0237122 -3.14159
1011101001 0.0438232 -3.14159
1011101010 0.0368042 -3.14159
1011101011 0.0266571 0
1011101100 0.00323105 0
1011101101 0.0224152 0
1011101110 0.0380554 0
1011101111 0.0690308 0
1011110000 0.074585 -3.14159
1011110001 0.00822449 0
1011110010 0.04245 -3.14159
1011110011 0.0375061 0
1011110100 0.000208259 0
1011110101 0.0201416 0
1011110110 0.029892 -3.14159
1011110111 0.0311127 0
1011111000 0.0189514 0
1011111001 0.0210571 0
1011111010 0.0145187 -3.14159
1011111011 0.0537109 0
1011111100 0.00786591 -3.14159
1011111101 0.00218582 -3.14159
1011111110 0.0789185 0
1011111111 0.0152664 0
1100000000 0.00127506 -3.14159
1100000001 0.00933838 0
1100000010 0.0119858 0
1100000011 0.0498962 -3.14159
1100000100 0.0295563 0
1100000101 0.0254974 0
1100000110 0.0562744 0
1100000111 0.0473022 -3.14159
1100001000 0.0787354 -3.14159
1100001001 0.0372009 -3.14159
1100001010 0.016037 -3.14159
1100001011 0.0213165 -3.14159
1100001100 0.0252838 0
1100001101 0.0292969 0
1100001110 0.0470581 -3.14159
1100001111 0.0192719 0
1100010000 0.00469971 -3.14159
1100010001 0.111572 0
1100010010 0.055481 0
1100010011 0.0156555 -3.14159
1100010100 0.0290375 0
1100010101 0.0386047 -3.14159
1100010110 0.00611496 0
1100010111 0.0389709 0
1100011000 0.0538635 -3.14159
1100011001 0.0158997 0
1100011010 0.0737915 -3.14159
1100011011 0.0564575 0
1100011100 0.0301056 0
1100011101 0.0214233 -3.14159
1100011110 0.0241547 -3.14159
1100011111 0.0102921 -3.14159
1100100000 0.0230255 0
1100100001 0.0192413 -3.14159
1100100010 0.00582123 0
1100100011 0.000657082 0
1100100100 0.0020771 -3.14159
1100100101 0.0671997 -3.14159
1100100110 0.0490112 0
1100100111 0.0349731 -3.14159
1100101000 0.00179005 0
1100101001 0.0228729 0
1100101010 0.0125961 -3.14159
1100101011 0.00255966 -3.14159
1100101100 0.00267029 0
1100101101 0.0133438 0
1100101110 0.0453186 0
1100101111 0.00189209 0
1100110000 0.00349998 -3.14159
1100110001 0.0859985 -3.14159
1100110010 0.0126038 -3.14159
1100110011 0.0222626 0
1100110100 0.0144119 -3.14159
1100110101 0.0170746 0
1100110110 0.0550842 0
1100110111 0.0307465 -3.14159
1100111000 0.00613785 -3.14159
1100111001 0.0933228 -3.14159
1100111010 0.0227661 0
1100111011 0.0359497 -3.14159
1100111100 0.0436401 -3.14159
1100111101 0.00212669 0
1100111110 0.0634155 -3.14159
1100111111 0.0271454 0
1101000000 0.00809479 0
1101000001 0.0117416 -3.14159
1101000010 0.0205688 0
1101000011 0.00722504 -3.14159
1101000100 0.03302 0
1101000101 0.0150299 0
1101000110 0.0204773 -3.14159
1101000111 0.0289459 0
1101001000 0.00168419 0
1101001001 0.0839233 0
1101001010 0.00153542 -3.14159
1101001011 0.0589905 0
1101001100 0.0549927 0
1101001101 0.00970459 -3.14159
1101001110 0.0293427 0
1101001111 0.0124664 0
1101010000 0.00444412 0
1101010001 0.0537415 0
1101010010 0.0216217 -3.14159
1101010011 0.00329781 -3.14159
1101010100 0.00191784 -3.14159
1101010101 0.00178051 -3.14159
1101010110 0.00191307 0
1101010111 0.0316162 0
1101011000 0.0192261 -3.14159
1101011001 0.00518417 0
1101011010 0.0124664 0
1101011011 0.0858154 -3.14159
1101011100 0.000505924 -3.14159
1101011101 0.0532837 -3.14159
1101011110 0.0139847 0
1101011111 0.0136871 -3.14159
1101100000 0.0455017 0
1101100001 0.00730896 -3.14159
1101100010 0.0131989 0
1101100011 0.0161133 0
1101100100 0.0102844 0
1101100101 0.0310059 -3.14159
1101100110 0.0345459 0
1101100111 0.0600891 -3.14159
1101101000 0.0386353 -3.14159
1101101001 0.00545883 -3.14159
1101101010 0.0179291 -3.14159
1101101011 0.0286102 -3.14159
1101101100 0.00981903 -3.14159
1101101101 0.026947 -3.14159
1101101110 0.015007 -3.14159
1101101111 0.0328979 0
1101110000 0.0409546 -3.14159
1101110001 0.043457 0
1101110010 0.0170135 0
1101110011 0.0443726 -3.14159
1101110100 0.00485992 0
1101110101 0.0634766 -3.14159
1101110110 0.0567627 -3.14159
1101110111 0.0202637 -3.14159
1101111000 0.00434113 -3.14159
1101111001 0.0271912 -3.14159
1101111010 0.0107193 0
1101111011 0.02034 -3.14159
1101111100 0.0113983 -3.14159
1101111101 0.0270844 -3.14159
1101111110 0.0106812 -3.14159
1101111111 0.0454407 0
1110000000 0.0604553 -3.14159
1110000001 0.002388 -3.14159
1110000010 0.0474243 0
1110000011 0.0020237 0
1110000100 0.0194397 0
1110000101 0.0535583 0
1110000110 0.000753403 -3.14159
1110000111 0.0110931 -3.14159
1110001000 0.0359192 0
1110001001 0.00201416 0
1110001010 0.00388527 -3.14159
1110001011 0.00509644 0
1110001100 0.00388527 0
1110001101 0.00656509 0
1110001110 0.0183105 -3.14159
1110001111 0.0151291 -3.14159
1110010000 0.0497742 0
1110010001 0.0315857 -3.14159
1110010010 0.0368652 -3.14159
1110010011 0.0298004 0
1110010100 0.0238647 -3.14159
1110010101 0.0690308 -3.14159
1110010110 0.0331116 0
1110010111 0.0596924 -3.14159
1110011000 0.0183258 -3.14159
1110011001 0.00836182 -3.14159
1110011010 0.0186462 -3.14159
1110011011 0.00577164 -3.14159
1110011100 0.000324249 -3.14159
1110011101 0.0258484 0
1110011110 0.0267792 0
1110011111 0.0267181 0
1110100000 0.0302734 -3.14159
1110100001 0.0240936 0
1110100010 0.00173187 -3.14159
1110100011 0.02005 0
1110100100 0.0496521 0
1110100101 0.0352173 0
1110100110 0.0726929 -3.14159
1110100111 0.0386353 -3.14159
1110101000 0.00777054 -3.14159
1110101001 0.0650635 0
1110101010 0.0300446 0
1110101011 2.75373e-05 -3.14159
1110101100 0.024231 -3.14159
1110101101 0.00978088 -3.14159
1110101110 0.0307007 -3.14159
1110101111 0.0201569 -3.14159
1110110000 0.0242157 0
1110110001 0.0233154 -3.14159
1110110010 0.056366 -3.14159
1110110011 0.0349426 -3.14159
1110110100 0.04599 -3.14159
1110110101 0.0263367 0
1110110110 0.00755692 -3.14159
1110110111 0.0220337 -3.14159
1110111000 0.0136795 -3.14159
1110111001 0.0585938 -3.14159
1110111010 0.0120926 -3.14159
1110111011 0.0114288 -3.14159
1110111100 0.00962067 0
1110111101 0.0462036 -3.14159
1110111110 0.0367432 0
1110111111 0.0259705 0
1111000000 0.00705338 0
1111000001 0.0671387 0
1111000010 0.0138168 0
1111000011 0.00965118 -3.14159
1111000100 0.0153198 -3.14159
1111000101 0.0326233 -3.14159
1111000110 0.0122375 -3.14159
1111000111 0.00105286 0
1111001000 0.0419922 0
1111001001 0.0143661 0
1111001010 0.00583267 -3.14159
1111001011 0.0245972 -3.14159
1111001100 0.0196228 -3.14159
1111001101 0.0350647 0
1111001110 0.00514603 -3.14159
1111001111 0.0220032 0
1111010000 0.0127029 -3.14159
1111010001 0.0527954 -3.14159
1111010010 0.0512695 -3.14159
1111010011 0.000453472 -3.14159
1111010100 0.0294037 -3.14159
1111010101 0.00257111 -3.14159
1111010110 0.0140305 0
1111010111 0.0362244 0
1111011000 0.0274506 0
1111011001 0.0120392 0
1111011010 0.0415039 -3.14159
1111011011 0.0222321 -3.14159
1111011100 0.0162201 0
1111011101 0.0204773 -3.14159
1111011110 0.0293427 0
1111011111 0.00276184 0
1111100000 0.0527649 0
1111100001 0.00450897 -3.14159
1111100010 0.0172272 -3.14159
1111100011 0.00902557 0
1111100100 0.0839844 -3.14159
1111100101 0.00601959 0
1111100110 0.0220032 -3.14159
1111100111 0.00508499 -3.14159
1111101000 0.0254517 -3.14159
1111101001 0.00507355 -3.14159
1111101010 0.04953 -3.14159
1111101011 0.040741 0
1111101100 0.0514221 0
1111101101 0.0133057 -3.14159
1111101110 0.0507202 0
1111101111 0.0121307 -3.14159
1111110000 0.00863647 0
1111110001 0.0732422 0
1111110010 0.0276184 -3.14159
1111110011 0.00555038 0
1111110100 0.0333557 0
1111110101 0.0480652 0
1111110110 0.0296173 0
1111110111 0.000991821 0
1111111000 0.00488281 -3.14159
1111111001 0.0551758 -3.14159
1111111010 0.0194702 -3.14159
1111111011 0.00512695 0
1111111100 0.0157013 -3.14159
1111111101 0.0092926 0
1111111110 0.00694656 0
1111111111 0.00170994 -3.14159
