0000000000 0.00860596 -3.14159
0000000001 0.0146027 0
0000000010 0.0176086 0
0000000011 0.00880432 -3.14159
0000000100 0.0248566 -3.14159
0000000101 0.0110474 0
0000000110 0.017807 -3.14159
0000000111 0.0553589 -3.14159
0000001000 0.0200348 0
0000001001 0.0305786 0
0000001010 0.00457382 -3.14159
0000001011 0.0167084 -3.14159
0000001100 0.00775909 0
0000001101 0.00805664 -3.14159
0000001110 0.0157318 0
0000001111 0.0110092 -3.14159
0000010000 0.0273285 0
0000010001 0.00819397 0
0000010010 0.0266113 -3.14159
0000010011 0.0281677 -3.14159
0000010100 0.0232544 -3.14159
0000010101 0.0613098 -3.14159
0000010110 0.043457 -3.14159
0000010111 0.00696182 -3.14159
0000011000 0.00453186 -3.14159
0000011001 0.0169067 0
0000011010 0.00478363 -3.14159
0000011011 0.054657 0
0000011100 0.00767899 0
0000011101 0.0051384 -3.14159
0000011110 0.0494995 -3.14159
0000011111 0.0591125 0
0000100000 0.0861206 -3.14159
0000100001 0.0168762 -3.14159
0000100010 0.0794678 -3.14159
0000100011 0.0139771 0
0000100100 0.0147552 -3.14159
0000100101 0.0152588 0
0000100110 0.0136108 0
0000100111 0.00353432 -3.14159
0000101000 0.0246429 0
0000101001 0.0542908 0
0000101010 0.0300446 -3.14159
0000101011 0.0667725 0
0000101100 0.0160065 0
0000101101 0.00899506 0
0000101110 0.0151749 -3.14159
0000101111 0.0144958 0
0000110000 0.0290833 0
0000110001 0.00837708 0
0000110010 0.00853729 0
0000110011 0.0103531 0
0000110100 0.0530701 -3.14159
0000110101 0.010498 0
0000110110 0.0272217 0
0000110111 0.00445175 -3.14159
0000111000 0.00276566 -3.14159
0000111001 0.0343018 -3.14159
0000111010 0.00118256 -3.14159
0000111011 0.00976562 0
0000111100 0.0017395 0
0000111101 0.053894 0
0000111110 0.00490952 0
0000111111 0.000618458 0
0001000000 0.0145569 0
0001000001 0.0236511 -3.14159
0001000010 0.00905609 -3.14159
0001000011 0.0222321 -3.14159
0001000100 0.0087204 -3.14159
0001000101 0.0104752 0
0001000110 0.00779724 0
0001000111 0.0048027 0
0001001000 0.0637817 -3.14159
0001001001 0.000135899 0
0001001010 0.0202637 -3.14159
0001001011 0.0370483 -3.14159
0001001100 0.0102081 0
0001001101 0.0540771 -3.14159
0001001110 0.039093 0
0001001111 0.0266876 0
0001010000 0.0248566 0
0001010001 0.00479507 0
0001010010 0.0765381 0
0001010011 0.0130234 0
0001010100 0.0202332 -3.14159
0001010101 0.0208893 0
0001010110 0.00142193 -3.14159
0001010111 0.038208 -3.14159
0001011000 0.0507507 0
0001011001 0.0458984 0
0001011010 0.00201607 0
0001011011 0.0791626 -3.14159
0001011100 0.04422 0
0001011101 0.0133057 -3.14159
0001011110 0.0492859 -3.14159
0001011111 0.0135803 -3.14159
0001100000 0.0775757 -3.14159
0001100001 0.0142593 0
0001100010 0.0341187 -3.14159
0001100011 0.0190277 0
0001100100 0.0414429 0
0001100101 0.0315552 -3.14159
0001100110 0.0156708 0
0001100111 0.109619 0
0001101000 0.0455017 0
0001101001 0.000308037 0
0001101010 0.0190582 0
0001101011 0.0130997 -3.14159
0001101100 0.0490723 -3.14159
0001101101 0.0211029 -3.14159
0001101110 0.0454102 0
0001101111 0.00597382 -3.14159
0001110000 0.0615845 -3.14159
0001110001 0.0180969 0
0001110010 0.051178 -3.14159
0001110011 0.0110092 0
0001110100 0.0210419 0
0001110101 0.0105743 0
0001110110 0.0355225 -3.14159
0001110111 0.019516 -3.14159
0001111000 0.0149994 -3.14159
0001111001 0.0108566 -3.14159
0001111010 0.00380898 0
0001111011 0.039978 0
0001111100 0.032959 -3.14159
0001111101 0.0379028 0
0001111110 0.0102844 0
0001111111 0.0237579 0
0010000000 0.00380707 -3.14159
0010000001 0.037384 0
0010000010 0.0281982 -3.14159
0010000011 0.039978 -3.14159
0010000100 0.0230103 -3.14159
0010000101 0.00734329 -3.14159
0010000110 0.0227051 -3.14159
0010000111 0.0448608 -3.14159
0010001000 0.00263405 -3.14159
0010001001 0.00978851 0
0010001010 0.00288963 -3.14159
0010001011 0.0340576 -3.14159
0010001100 0.0396729 -3.14159
0010001101 0.0492554 -3.14159
0010001110 0.0207062 0
0010001111 0.00594711 -3.14159
0010010000 0.0822144 -3.14159
0010010001 0.0347595 -3.14159
0010010010 0.0244751 -3.14159
0010010011 0.0281982 -3.14159
0010010100 0.0606384 -3.14159
0010010101 0.0400391 -3.14159
0010010110 0.00982666 -3.14159
0010010111 0.00571442 0
0010011000 0.0203094 -3.14159
0010011001 0.0360413 -3.14159
0010011010 0.00690842 0
0010011011 0.0552368 0
0010011100 0.0231018 0
0010011101 0.0398865 0
0010011110 0.0181122 0
0010011111 0.0113373 0
0010100000 0.0558777 -3.14159
0010100001 0.00830841 0
0010100010 0.0597839 -3.14159
0010100011 0.0215302 -3.14159
0010100100 0.00427628 0
0010100101 0.0119934 -3.14159
0010100110 0.0495605 0
0010100111 0.0680542 0
0010101000 0.00858307 -3.14159
0010101001 3.57628e-05 0
0010101010 0.0260925 -3.14159
0010101011 0.0242462 -3.14159
0010101100 0.0240021 -3.14159
0010101101 0.0789795 0
0010101110 0.0142899 0
0010101111 0.0244598 0
0010110000 0.0140228 -3.14159
0010110001 0.0189362 0
0010110010 0.0115051 0
0010110011 0.016571 -3.14159
0010110100 0.0315857 0
0010110101 0.0140839 0
0010110110 0.0218506 -3.14159
0010110111 0.0309448 -3.14159
0010111000 0.0336304 0
0010111001 0.0128479 -3.14159
0010111010 0.0315857 -3.14159
0010111011 0.00932312 0
0010111100 0.0197449 -3.14159
0010111101 0.0143585 -3.14159
0010111110 0.011116 0
0010111111 0.00676346 -3.14159
0011000000 0.00156593 0
0011000001 0.0198059 0
0011000010 0.0510559 0
0011000011 0.015625 0
0011000100 0.0123367 -3.14159
0011000101 0.0175171 0
0011000110 0.00530624 0
0011000111 0.0064888 -3.14159
0011001000 0.0327454 0
0011001001 0.0137787 0
0011001010 0.0336914 0
0011001011 0.0402222 -3.14159
0011001100 0.0113678 -3.14159
0011001101 0.0341492 -3.14159
0011001110 0.0998535 0
0011001111 0.00917053 0
0011010000 0.00845337 -3.14159
0011010001 0.00592041 0
0011010010 0.0151062 -3.14159
0011010011 0.0282745 -3.14159
0011010100 0.000338793 -3.14159
0011010101 0.0331116 -3.14159
0011010110 0.0155792 -3.14159
0011010111 0.0223236 0
0011011000 0.0143127 -3.14159
0011011001 0.00105953 0
0011011010 0.00155544 -3.14159
0011011011 0.00993347 -3.14159
0011011100 0.00082922 -3.14159
0011011101 0.0190582 -3.14159
0011011110 0.0258026 0
0011011111 0.0610046 0
0011100000 0.033783 0
0011100001 0.00202751 -3.14159
0011100010 0.0094986 -3.14159
0011100011 0.00643539 0
0011100100 0.0117569 -3.14159
0011100101 0.017807 0
0011100110 0.025116 0
0011100111 0.0362854 0
0011101000 0.038147 -3.14159
0011101001 0.0169983 0
0011101010 0.0298309 0
0011101011 0.0326843 0
0011101100 0.0108948 -3.14159
0011101101 0.0018425 -3.14159
0011101110 0.0491333 -3.14159
0011101111 0.0247955 -3.14159
0011110000 0.00443649 0
0011110001 0.036377 0
0011110010 0.0287323 0
0011110011 0.0318298 0
0011110100 0.0379944 -3.14159
0011110101 0.0252533 0
0011110110 0.0648804 -3.14159
0011110111 0.037262 0
0011111000 0.0189209 0
0011111001 0.0356445 -3.14159
0011111010 0.00612259 0
0011111011 0.0422974 -3.14159
0011111100 0.00469971 -3.14159
0011111101 0.0017128 -3.14159
0011111110 0.025589 0
0011111111 0.00161552 -3.14159
0100000000 0.0103378 0
0100000001 0.0203552 -3.14159
0100000010 0.00585556 -3.14159
0100000011 0.0142136 0
0100000100 0.0682983 -3.14159
0100000101 0.0113754 0
0100000110 0.0470581 0
0100000111 0.0464478 -3.14159
0100001000 0.011879 0
0100001001 0.0222778 0
0100001010 0.0168915 -3.14159
0100001011 0.0204926 -3.14159
0100001100 0.00606918 0
0100001101 0.0238495 -3.14159
0100001110 0.00780869 0
0100001111 0.0128098 0
0100010000 0.0297241 0
0100010001 0.0808716 -3.14159
0100010010 0.00440979 0
0100010011 0.0217438 0
0100010100 0.06073 -3.14159
0100010101 0.0443115 -3.14159
0100010110 0.0325623 0
0100010111 0.0441895 -3.14159
0100011000 0.0117569 -3.14159
0100011001 0.0350647 0
0100011010 0.019455 -3.14159
0100011011 0.0200195 0
0100011100 0.00862122 -3.14159
0100011101 0.0374756 -3.14159
0100011110 0.0280304 0
0100011111 0.0128174 -3.14159
0100100000 0.00834656 -3.14159
0100100001 0.0639648 0
0100100010 0.00911713 0
0100100011 0.0269012 0
0100100100 0.00737 0
0100100101 0.0209961 -3.14159
0100100110 0.115784 0
0100100111 0.0357971 -3.14159
0100101000 0.0444031 0
0100101001 0.0454102 -3.14159
0100101010 0.00699615 -3.14159
0100101011 0.0647583 0
0100101100 0.0246735 -3.14159
0100101101 0.0183411 -3.14159
0100101110 0.0393066 -3.14159
0100101111 0.0324402 0
0100110000 0.0473022 0
0100110001 0.0174713 -3.14159
0100110010 0.0283051 0
0100110011 0.0489502 -3.14159
0100110100 0.0510559 0
0100110101 0.0103989 0
0100110110 0.0121536 0
0100110111 0.0317383 0
0100111000 0.00252533 -3.14159
0100111001 0.0249939 0
0100111010 0.0033226 0
0100111011 0.00989532 0
0100111100 0.00395584 -3.14159
0100111101 0.00875092 0
0100111110 0.0162659 0
0100111111 0.00947571 -3.14159
0101000000 0.0159302 0
0101000001 0.0166931 -3.14159
0101000010 0.0426636 -3.14159
0101000011 0.0247955 -3.14159
0101000100 0.0107803 0
0101000101 0.040863 0
0101000110 0.00517654 -3.14159
0101000111 0.0371704 0
0101001000 0.0357361 -3.14159
0101001001 0.0491333 -3.14159
0101001010 0.0129242 0
0101001011 0.000280857 0
0101001100 0.0254822 -3.14159
0101001101 0.00519562 -3.14159
0101001110 0.00422668 -3.14159
0101001111 0.022049 0
0101010000 0.00374222 -3.14159
0101010001 0.0144882 0
0101010010 0.0375366 -3.14159
0101010011 0.0130539 -3.14159
0101010100 0.0309753 -3.14159
0101010101 0.0225677 0
0101010110 0.030777 -3.14159
0101010111 0.0291443 0
0101011000 0.0275879 0
0101011001 0.0149231 0
0101011010 0.011261 0
0101011011 0.00088644 -3.14159
0101011100 0.0301819 0
0101011101 0.0127716 0
0101011110 0.0356445 -3.14159
0101011111 0.00881958 -3.14159
0101100000 0.0473938 -3.14159
0101100001 0.0218658 -3.14159
0101100010 0.021286 0
0101100011 0.00729752 -3.14159
0101100100 0.019577 -3.14159
0101100101 0.00426483 0
0101100110 0.0345764 -3.14159
0101100111 0.00145435 0
0101101000 0.022522 0
0101101001 0.0252686 -3.14159
0101101010 0.0745239 -3.14159
0101101011 0.00933075 -3.14159
0101101100 0.0263214 0
0101101101 0.0245667 0
0101101110 0.0287323 -3.14159
0101101111 0.0232697 -3.14159
0101110000 0.030426 0
0101110001 0.0467224 -3.14159
0101110010 0.0580139 -3.14159
0101110011 0.0343933 0
0101110100 0.00517273 0
0101110101 0.0069313 -3.14159
0101110110 0.0154114 -3.14159
0101110111 0.0143967 0
0101111000 0.0302124 -3.14159
0101111001 0.0115204 0
0101111010 0.0176849 -3.14159
0101111011 0.0193939 -3.14159
0101111100 0.0330811 0
0101111101 0.00418854 -3.14159
0101111110 0.024353 0
0101111111 0.0238495 0
0110000000 0.033905 -3.14159
0110000001 0.0413818 -3.14159
0110000010 0.00601196 0
0110000011 0.0200958 0
0110000100 0.0222321 -3.14159
0110000101 0.000388145 0
0110000110 0.0191193 0
0110000111 0.0840454 -3.14159
0110001000 0.0064888 0
0110001001 0.0279999 0
0110001010 0.0311279 0
0110001011 0.0480347 -3.14159
0110001100 0.0440979 0
0110001101 0.0506287 -3.14159
0110001110 0.0208893 0
0110001111 0.0228119 0
0110010000 0.0286255 0
0110010001 0.0133209 -3.14159
0110010010 0.0328064 0
0110010011 0.0241547 0
0110010100 0.0153961 -3.14159
0110010101 0.0684204 -3.14159
0110010110 0.0383301 0
0110010111 0.00876617 0
0110011000 0.0213776 -3.14159
0110011001 0.109192 -3.14159
0110011010 0.00785065 0
0110011011 0.0100403 -3.14159
0110011100 0.0233307 0
0110011101 0.0124512 -3.14159
0110011110 0.0333862 -3.14159
0110011111 0.0413818 0
0110100000 0.0211945 0
0110100001 0.0268402 -3.14159
0110100010 0.0109177 0
0110100011 0.0145035 0
0110100100 0.00150299 -3.14159
0110100101 0.0922852 0
0110100110 0.000727177 0
0110100111 0.0523071 0
0110101000 0.0194244 -3.14159
0110101001 0.0224152 0
0110101010 0.0345154 0
0110101011 0.0474548 0
0110101100 0.0590515 -3.14159
0110101101 0.00143051 0
0110101110 0.043457 0
0110101111 0.0218048 -3.14159
0110110000 0.0134735 0
0110110001 0.050293 0
0110110010 0.00750732 -3.14159
0110110011 0.027298 0
0110110100 0.00630569 -3.14159
0110110101 0.0586243 0
0110110110 0.0211029 0
0110110111 0.0464478 -3.14159
0110111000 0.0541687 -3.14159
0110111001 0.011261 0
0110111010 0.0177307 -3.14159
0110111011 0.105896 0
0110111100 0.0455627 -3.14159
0110111101 0.0620728 -3.14159
0110111110 0.0102539 0
0110111111 0.0179901 0
0111000000 0.0265808 0
0111000001 0.00418091 -3.14159
0111000010 0.0379028 0
0111000011 0.011261 -3.14159
0111000100 0.0105743 0
0111000101 0.050415 -3.14159
0111000110 0.000139594 -3.14159
0111000111 0.0404358 -3.14159
0111001000 0.024353 0
0111001001 0.0280609 -3.14159
0111001010 0.0288239 0
0111001011 0.0289917 0
0111001100 0.0213623 -3.14159
0111001101 0.04599 -3.14159
0111001110 0.0372925 0
0111001111 0.0327148 0
0111010000 0.0276337 -3.14159
0111010001 0.00906372 -3.14159
0111010010 0.0393066 0
0111010011 0.0131073 0
0111010100 0.0377197 -3.14159
0111010101 0.0102844 -3.14159
0111010110 0.0722046 0
0111010111 0.0147629 0
0111011000 0.0172882 -3.14159
0111011001 0.0158234 -3.14159
0111011010 0.0134964 0
0111011011 0.0106354 -3.14159
0111011100 0.00634384 0
0111011101 0.00647354 0
0111011110 0.060791 -3.14159
0111011111 0.00527954 -3.14159
0111100000 0.0309906 0
0111100001 0.00991821 -3.14159
0111100010 0.00600433 -3.14159
0111100011 0.0145798 -3.14159
0111100100 0.0104523 0
0111100101 0.0501404 0
0111100110 0.0102768 -3.14159
0111100111 0.0182343 -3.14159
0111101000 0.0187531 -3.14159
0111101001 0.0314026 0
0111101010 0.00466537 0
0111101011 0.0098114 -3.14159
0111101100 0.00283432 -3.14159
0111101101 0.0572815 -3.14159
0111101110 0.0171356 0
0111101111 0.0429382 0
0111110000 0.0102768 -3.14159
0111110001 0.0149155 0
0111110010 0.0368042 -3.14159
0111110011 0.00705338 0
0111110100 0.0195007 -3.14159
0111110101 0.0362854 -3.14159
0111110110 0.00236511 -3.14159
0111110111 0.0115891 0
0111111000 0.00569534 0
0111111001 0.0643921 0
0111111010 0.0673218 -3.14159
0111111011 0.0595398 -3.14159
0111111100 0.0193024 -3.14159
0111111101 0.0209656 0
0111111110 0.0184174 -3.14159
0111111111 0.00502777 0
1000000000 0.0107346 -3.14159
1000000001 0.0263062 -3.14159
1000000010 0.0107193 0
1000000011 0.0251617 0
1000000100 0.0263519 0
1000000101 0.01371 -3.14159
1000000110 0.015213 -3.14159
1000000111 0.0124512 0
1000001000 0.0166626 -3.14159
1000001001 0.00979614 0
1000001010 0.0242157 -3.14159
1000001011 0.00490189 -3.14159
1000001100 0.0398865 -3.14159
1000001101 0.0367432 -3.14159
1000001110 0.0222626 0
1000001111 0.0145416 -3.14159
1000010000 0.0042572 -3.14159
1000010001 0.016098 0
1000010010 0.0103607 -3.14159
1000010011 0.00501251 -3.14159
1000010100 0.0561829 0
1000010101 0.00898743 -3.14159
1000010110 0.0016613 -3.14159
1000010111 0.00855255 0
1000011000 0.0178528 0
1000011001 0.044342 -3.14159
1000011010 0.0278015 0
1000011011 0.00858307 0
1000011100 0.00614929 0
1000011101 0.0521851 0
1000011110 0.00113869 -3.14159
1000011111 0.0150452 -3.14159
1000100000 0.0210876 -3.14159
1000100001 0.03125 0
1000100010 0.011879 -3.14159
1000100011 0.00891876 0
1000100100 0.0375671 -3.14159
1000100101 0.0270996 -3.14159
1000100110 0.0214386 -3.14159
1000100111 0.0125809 -3.14159
1000101000 0.0020504 0
1000101001 0.0297852 0
1000101010 0.00560379 0
1000101011 0.00680161 0
1000101100 0.0202637 -3.14159
1000101101 0.0460815 -3.14159
1000101110 0.0352783 -3.14159
1000101111 0.0289917 -3.14159
1000110000 0.00789642 -3.14159
1000110001 0.0051384 0
1000110010 0.0223694 0
1000110011 0.00101852 -3.14159
1000110100 0.00728607 -3.14159
1000110101 0.000928879 0
1000110110 0.00469589 0
1000110111 0.00951385 0
1000111000 0.0379028 -3.14159
1000111001 0.0138931 0
1000111010 0.00491333 -3.14159
1000111011 0.00170612 0
1000111100 0.00798035 0
1000111101 0.00463104 0
1000111110 0.0112839 0
1000111111 0.0088501 -3.14159
1001000000 0.0159912 -3.14159
1001000001 0.0366211 -3.14159
1001000010 0.00743103 0
1001000011 0.000547886 -3.14159
1001000100 0.00628662 -3.14159
1001000101 0.00684357 -3.14159
1001000110 0.0133133 0
1001000111 0.0429077 -3.14159
1001001000 0.0474548 0
1001001001 0.00827026 -3.14159
1001001010 0.0146484 0
1001001011 0.0252991 0
1001001100 0.0109711 0
1001001101 0.0169525 -3.14159
1001001110 0.00635529 0
1001001111 0.025116 -3.14159
1001010000 0.0274811 0
1001010001 0.022049 0
1001010010 0.0249939 -3.14159
1001010011 0.0350037 -3.14159
1001010100 0.00146484 0
1001010101 0.0129471 0
1001010110 0.00450134 0
1001010111 0.0342712 0
1001011000 0.0296173 -3.14159
1001011001 0.00470352 -3.14159
1001011010 0.0116043 0
1001011011 0.000716686 -3.14159
1001011100 0.00554276 0
1001011101 0.0161285 0
1001011110 0.00885773 0
1001011111 0.00697327 0
1001100000 0.0259552 -3.14159
1001100001 0.0263672 0
1001100010 0.00448608 -3.14159
1001100011 0.0245209 0
1001100100 0.036377 -3.14159
1001100101 0.000835896 -3.14159
1001100110 0.00727844 -3.14159
1001100111 0.10022 0
1001101000 0.0272217 0
1001101001 0.0200195 -3.14159
1001101010 0.0210114 0
1001101011 0.0048027 0
1001101100 0.00637054 0
1001101101 0.0609436 0
1001101110 0.0117416 0
1001101111 0.029007 0
1001110000 0.0255127 0
1001110001 0.0432434 -3.14159
1001110010 0.0317688 -3.14159
1001110011 0.0341187 0
1001110100 0.0286255 -3.14159
1001110101 0.0456848 0
1001110110 0.0305176 0
1001110111 0.0121841 0
1001111000 0.0208893 0
1001111001 0.00668716 -3.14159
1001111010 0.00103378 0
1001111011 0.0152664 -3.14159
1001111100 0.0133209 -3.14159
1001111101 0.0122299 -3.14159
1001111110 0.0181274 -3.14159
1001111111 0.00533295 -3.14159
1010000000 0.0117416 0
1010000001 0.00531387 -3.14159
1010000010 0.0323181 -3.14159
1010000011 0.0533447 -3.14159
1010000100 0.00782013 -3.14159
1010000101 0.0409546 0
1010000110 0.039093 0
1010000111 0.0406189 -3.14159
1010001000 0.00352478 -3.14159
1010001001 0.0568542 0
1010001010 0.0479736 -3.14159
1010001011 0.0389404 0
1010001100 0.0192871 0
1010001101 0.012558 0
1010001110 0.0111923 -3.14159
1010001111 0.00312424 -3.14159
1010010000 0.0278931 0
1010010001 0.031189 -3.14159
1010010010 0.0470276 -3.14159
1010010011 0.0260162 -3.14159
1010010100 0.0259399 -3.14159
1010010101 0.0236969 -3.14159
1010010110 0.0127182 -3.14159
1010010111 0.0202179 0
1010011000 0.0281525 0
1010011001 0.0332642 0
1010011010 0.0122833 -3.14159
1010011011 0.0126648 -3.14159
1010011100 0.0229034 -3.14159
1010011101 0.0374146 0
1010011110 0.0404053 0
1010011111 0.00143337 0
1010100000 0.00556946 -3.14159
1010100001 0.0252686 0
1010100010 0.0262451 -3.14159
1010100011 0.00780106 -3.14159
1010100100 0.00832367 -3.14159
1010100101 0.0239868 0
1010100110 0.021698 0
1010100111 0.0305634 0
1010101000 0.0120621 -3.14159
1010101001 0.0328064 0
1010101010 0.0202484 0
1010101011 0.114319 0
1010101100 0.0189209 0
1010101101 0.0185242 0
1010101110 0.00172615 -3.14159
1010101111 0.00103664 -3.14159
1010110000 0.0545044 0
1010110001 0.0559082 -3.14159
1010110010 0.0216675 -3.14159
1010110011 0.0172729 0
1010110100 0.0111923 -3.14159
1010110101 0.0019722 -3.14159
1010110110 0.00784302 -3.14159
1010110111 0.0107422 -3.14159
1010111000 0.00404739 0
1010111001 0.0166016 0
1010111010 0.0269318 -3.14159
1010111011 0.00794983 0
1010111100 0.0237579 -3.14159
1010111101 0.0525513 0
1010111110 0.0305328 -3.14159
1010111111 0.0419617 -3.14159
1011000000 0.0227356 0
1011000001 0.0186615 -3.14159
1011000010 0.0249329 0
1011000011 0.00745773 0
1011000100 0.0214844 0
1011000101 0.0334473 0
1011000110 0.0162811 -3.14159
1011000111 0.0105286 -3.14159
1011001000 0.0667725 -3.14159
1011001001 0.0148849 0
1011001010 0.0052681 0
1011001011 0.00651169 0
1011001100 0.0220184 0
1011001101 0.00621414 0
1011001110 0.021759 -3.14159
1011001111 0.0045166 -3.14159
1011010000 0.0110245 -3.14159
1011010001 0.0269928 -3.14159
1011010010 0.00274467 0
1011010011 0.0213623 0
1011010100 0.0109177 -3.14159
1011010101 0.0475769 -3.14159
1011010110 0.0199127 -3.14159
1011010111 0.0454102 -3.14159
1011011000 0.000516891 -3.14159
1011011001 0.0242004 0
1011011010 0.00543976 -3.14159
1011011011 0.00454712 0
1011011100 0.00225449 -3.14159
1011011101 0.0279541 0
1011011110 0.0408325 -3.14159
1011011111 0.0386047 -3.14159
1011100000 0.0145721 0
1011100001 0.00408173 0
1011100010 0.0222321 -3.14159
1011100011 0.059906 0
1011100100 0.0476074 0
1011100101 0.0194244 0
1011100110 0.0102234 0
1011100111 0.0285034 0
1011101000 0.0328064 0
1011101001 0.0291138 -3.14159
1011101010 0.00211525 -3.14159
1011101011 0.0236206 -3.14159
1011101100 0.0211334 0
1011101101 0.0204163 0
1011101110 0.0511475 0
1011101111 0.120972 0
1011110000 0.0249481 0
1011110001 0.00595856 -3.14159
1011110010 0.00714493 0
1011110011 0.0150299 -3.14159
1011110100 0.00371552 -3.14159
1011110101 0.013443 0
1011110110 0.0480957 -3.14159
1011110111 0.0231781 -3.14159
1011111000 0.0325623 0
1011111001 0.0411072 -3.14159
1011111010 0.00564194 -3.14159
1011111011 0.00600052 0
1011111100 0.0495605 0
1011111101 0.0254059 0
1011111110 0.0503845 0
1011111111 0.0187073 0
1100000000 0.0407715 -3.14159
1100000001 0.0445251 0
1100000010 0.01194 0
1100000011 0.00603104 -3.14159
1100000100 0.0328979 -3.14159
1100000101 0.0154495 -3.14159
1100000110 0.0199127 0
1100000111 0.00180244 0
1100001000 0.0156708 -3.14159
1100001001 0.0243225 0
1100001010 0.0150757 0
1100001011 0.012085 0
1100001100 0.000772476 0
1100001101 0.000416994 0
1100001110 0.0272522 0
1100001111 0.0238495 0
1100010000 0.0286865 0
1100010001 0.00142574 0
1100010010 0.00224686 -3.14159
1100010011 0.0518188 -3.14159
1100010100 0.00366974 0
1100010101 0.0372925 -3.14159
1100010110 0.00710678 0
1100010111 0.0463562 0
1100011000 0.0321655 -3.14159
1100011001 0.0320129 -3.14159
1100011010 0.00667953 0
1100011011 0.036499 0
1100011100 0.0132599 -3.14159
1100011101 0.027832 0
1100011110 0.00156689 0
1100011111 0.0129395 -3.14159
1100100000 0.0514526 0
1100100001 0.0229645 -3.14159
1100100010 0.0219421 0
1100100011 0.022522 0
1100100100 0.0153809 0
1100100101 0.0372314 -3.14159
1100100110 0.00689697 0
1100100111 0.00056076 -3.14159
1100101000 0.0313416 -3.14159
1100101001 0.0385132 0
1100101010 0.0228424 0
1100101011 0.0560608 0
1100101100 0.018219 -3.14159
1100101101 0.0265045 -3.14159
1100101110 0.0930786 0
1100101111 0.0184937 0
1100110000 0.00516891 0
1100110001 0.0382385 -3.14159
1100110010 0.02211 0
1100110011 0.00853729 -3.14159
1100110100 0.0223083 0
1100110101 0.0368958 -3.14159
1100110110 0.016571 0
1100110111 0.0105515 -3.14159
1100111000 0.015358 -3.14159
1100111001 0.0157928 0
1100111010 0.0278931 -3.14159
1100111011 0.0340881 -3.14159
1100111100 0.0543213 -3.14159
1100111101 0.0153351 -3.14159
1100111110 0.0223846 -3.14159
1100111111 0.0152588 -3.14159
1101000000 0.0513916 0
1101000001 0.0216064 -3.14159
1101000010 0.00795746 -3.14159
1101000011 0.00279617 -3.14159
1101000100 0.0454712 0
1101000101 0.0623779 0
1101000110 0.025528 0
1101000111 0.00849915 -3.14159
1101001000 0.0319214 0
1101001001 0.0077858 0
1101001010 0.00555801 -3.14159
1101001011 0.0376282 0
1101001100 0.0142365 0
1101001101 0.013443 0
1101001110 0.00752258 -3.14159
1101001111 0.0228882 -3.14159
1101010000 0.00516891 0
1101010001 0.0141525 -3.14159
1101010010 0.0100327 0
1101010011 0.0549622 0
1101010100 0.000393867 -3.14159
1101010101 0.00162792 0
1101010110 0.00969696 0
1101010111 0.0259094 0
1101011000 0.00623703 -3.14159
1101011001 0.022583 0
1101011010 0.0332947 0
1101011011 0.00133896 -3.14159
1101011100 0.0105515 0
1101011101 0.0238342 0
1101011110 0.0402527 -3.14159
1101011111 0.0690308 -3.14159
1101100000 0.0125809 0
1101100001 0.00696182 0
1101100010 0.0223694 -3.14159
1101100011 0.0353699 0
1101100100 0.0235748 -3.14159
1101100101 0.0492859 -3.14159
1101100110 0.0411682 -3.14159
1101100111 0.0167694 0
1101101000 0.0489502 0
1101101001 0.0125961 0
1101101010 0.052124 0
1101101011 0.0188904 0
1101101100 0.022171 -3.14159
1101101101 0.0102844 0
1101101110 0.0370483 0
1101101111 0.0518799 -3.14159
1101110000 0.0360107 -3.14159
1101110001 0.0736694 0
1101110010 0.012413 -3.14159
1101110011 0.0439758 -3.14159
1101110100 0.0168152 -3.14159
1101110101 0.0114746 0
1101110110 0.0181274 -3.14159
1101110111 0.0520325 -3.14159
1101111000 0.0343628 -3.14159
1101111001 0.00318527 0
1101111010 0.00978088 -3.14159
1101111011 0.01297 -3.14159
1101111100 0.0651855 0
1101111101 0.0312042 -3.14159
1101111110 0.0082016 0
1101111111 0.00346565 -3.14159
1110000000 0.00855255 0
1110000001 0.0215302 0
1110000010 0.0835571 0
1110000011 0.0133209 0
1110000100 0.0260925 -3.14159
1110000101 0.0165863 0
1110000110 0.0237579 -3.14159
1110000111 0.0293427 0
1110001000 0.000666142 0
1110001001 0.00365829 0
1110001010 0.00322914 0
1110001011 0.0089798 0
1110001100 0.0164795 -3.14159
1110001101 0.0794678 0
1110001110 0.0262451 0
1110001111 0.0101624 0
1110010000 0.0389404 -3.14159
1110010001 0.0277405 0
1110010010 0.00475693 -3.14159
1110010011 0.0218353 0
1110010100 0.0490723 -3.14159
1110010101 0.0301819 -3.14159
1110010110 0.0453796 0
1110010111 0.0202179 -3.14159
1110011000 0.0063591 0
1110011001 0.0338745 -3.14159
1110011010 0.0279388 0
1110011011 0.0472717 -3.14159
1110011100 0.0369568 0
1110011101 0.00312996 0
1110011110 0.0182343 -3.14159
1110011111 0.0532837 0
1110100000 0.0213165 0
1110100001 0.0112457 0
1110100010 0.0588989 -3.14159
1110100011 0.00183105 0
1110100100 0.0025692 0
1110100101 0.0309448 0
1110100110 0.0284576 -3.14159
1110100111 0.0197906 0
1110101000 0.00361824 -3.14159
1110101001 0.0282745 0
1110101010 0.0152512 0
1110101011 0.0262451 0
1110101100 0.0236359 0
1110101101 0.026062 0
1110101110 0.00880432 0
1110101111 0.00154495 -3.14159
1110110000 0.00399399 0
1110110001 0.0266418 -3.14159
1110110010 0.0177002 -3.14159
1110110011 0.0778198 -3.14159
1110110100 0.0258484 0
1110110101 0.0596313 -3.14159
1110110110 0.0298767 0
1110110111 0.0228424 -3.14159
1110111000 0.0100632 0
1110111001 0.0838623 -3.14159
1110111010 0.0394592 -3.14159
1110111011 0.0132065 0
1110111100 0.0244904 -3.14159
1110111101 0.0266724 0
1110111110 0.0267181 -3.14159
1110111111 0.0483093 -3.14159
1111000000 0.0350647 0
1111000001 0.0287323 -3.14159
1111000010 0.0226746 0
1111000011 0.0202026 -3.14159
1111000100 0.0310516 -3.14159
1111000101 0.0240936 -3.14159
1111000110 0.0174713 0
1111000111 0.0178833 -3.14159
1111001000 0.0190277 -3.14159
1111001001 0.00213432 -3.14159
1111001010 0.0162354 -3.14159
1111001011 0.0487671 0
1111001100 0.029953 -3.14159
1111001101 0.0158844 -3.14159
1111001110 0.000102639 0
1111001111 0.0931396 0
1111010000 0.00290298 -3.14159
1111010001 0.0305023 -3.14159
1111010010 0.00630569 0
1111010011 0.022934 0
1111010100 0.000756741 0
1111010101 0.0128403 0
1111010110 0.0237274 0
1111010111 0.0234222 -3.14159
1111011000 0.0521851 0
1111011001 0.0114822 -3.14159
1111011010 0.0388794 -3.14159
1111011011 0.00889587 0
1111011100 0.000912189 -3.14159
1111011101 0.0275574 -3.14159
1111011110 0.0137253 -3.14159
1111011111 0.00774384 -3.14159
1111100000 0.0136642 0
1111100001 0.00769806 -3.14159
1111100010 0.0164185 0
1111100011 0.0808716 -3.14159
1111100100 0.0280457 0
1111100101 0.038208 -3.14159
1111100110 0.0395203 0
1111100111 0.0132599 0
1111101000 0.0138855 -3.14159
1111101001 0.00972748 0
1111101010 0.0385437 -3.14159
1111101011 0.0651245 -3.14159
1111101100 0.0888062 0
1111101101 0.0344543 -3.14159
1111101110 0.054718 0
1111101111 0.0635376 0
1111110000 0.0344238 -3.14159
1111110001 0.0791626 0
1111110010 0.022934 -3.14159
1111110011 0.0371094 -3.14159
1111110100 0.0352478 -3.14159
1111110101 0.000195384 0
1111110110 0.0328369 -3.14159
1111110111 0.0378418 0
1111111000 0.0287323 -3.14159
1111111001 0.0657959 -3.14159
1111111010 0.0213623 -3.14159
1111111011 0.000766754 0
1111111100 0.0253143 0
1111111101 0.0397949 0
1111111110 0.0358887 0
1111111111 0.00265884 -3.14159
