0000000000 0.0106659 0
0000000001 0.0462646 0
0000000010 0.00165176 0
0000000011 0.0179596 -3.14159
0000000100 0.000127673 -3.14159
0000000101 0.0351562 0
0000000110 0.0283813 -3.14159
0000000111 0.0117798 -3.14159
0000001000 0.0184784 0
0000001001 0.0265656 -3.14159
0000001010 0.0134735 -3.14159
0000001011 0.0124054 0
0000001100 0.0340576 -3.14159
0000001101 0.0215149 0
0000001110 0.00401306 -3.14159
0000001111 0.0311127 0
0000010000 0.00662613 -3.14159
0000010001 0.0297241 -3.14159
0000010010 0.0146713 -3.14159
0000010011 0.0470276 -3.14159
0000010100 0.0269928 -3.14159
0000010101 0.0286865 0
0000010110 0.00606537 -3.14159
0000010111 0.0376892 0
0000011000 0.056427 0
0000011001 0.0387268 -3.14159
0000011010 0.0314941 -3.14159
0000011011 0.0455627 -3.14159
0000011100 0.0252228 -3.14159
0000011101 0.0229797 -3.14159
0000011110 0.0168915 0
0000011111 0.0201263 -3.14159
0000100000 0.0800171 -3.14159
0000100001 0.00499725 -3.14159
0000100010 0.0656128 -3.14159
0000100011 0.00358772 -3.14159
0000100100 0.0219269 0
0000100101 0.0142059 -3.14159
0000100110 0.00155544 0
0000100111 0.00978088 0
0000101000 0.000967503 -3.14159
0000101001 0.0349731 -3.14159
0000101010 0.0415344 -3.14159
0000101011 0.0071106 -3.14159
0000101100 0.0603027 -3.14159
0000101101 0.0169373 0
0000101110 0.00259209 -3.14159
0000101111 0.00483322 -3.14159
0000110000 0.00379372 0
0000110001 0.0604553 -3.14159
0000110010 0.0421448 -3.14159
0000110011 0.0219879 0
0000110100 0.00188541 -3.14159
0000110101 0.00873566 0
0000110110 0.0067482 -3.14159
0000110111 0.045105 0
0000111000 0.0510864 -3.14159
0000111001 0.0053978 -3.14159
0000111010 0.00404739 -3.14159
0000111011 0.00874329 -3.14159
0000111100 0.0313721 0
0000111101 0.0213928 0
0000111110 0.0148621 0
0000111111 0.000414848 -3.14159
0001000000 0.0508728 0
0001000001 0.0077858 0
0001000010 0.00641251 -3.14159
0001000011 0.00661469 0
0001000100 0.0159149 -3.14159
0001000101 0.0229797 -3.14159
0001000110 0.0247192 -3.14159
0001000111 0.00870514 -3.14159
0001001000 0.0254211 -3.14159
0001001001 0.0104523 0
0001001010 0.0127411 0
0001001011 0.0167236 -3.14159
0001001100 0.0411682 -3.14159
0001001101 0.00325203 -3.14159
0001001110 0.00405502 -3.14159
0001001111 0.00119495 -3.14159
0001010000 0.00246811 0
0001010001 0.0408936 -3.14159
0001010010 0.0239105 -3.14159
0001010011 0.00384521 -3.14159
0001010100 0.0145874 0
0001010101 0.0077858 -3.14159
0001010110 0.0245209 0
0001010111 0.00778961 0
0001011000 0.0157318 -3.14159
0001011001 0.0156555 0
0001011010 0.0274506 0
0001011011 0.00883484 -3.14159
0001011100 0.0518799 0
0001011101 0.0241394 -3.14159
0001011110 0.0204468 -3.14159
0001011111 0.0348511 0
0001100000 0.0080719 -3.14159
0001100001 0.0195618 -3.14159
0001100010 0.0457764 -3.14159
0001100011 0.0216217 -3.14159
0001100100 0.0418701 -3.14159
0001100101 0.0258942 0
0001100110 0.00679016 -3.14159
0001100111 0.030426 0
0001101000 0.0196533 -3.14159
0001101001 0.0896606 0
0001101010 0.014534 -3.14159
0001101011 0.00988007 0
0001101100 0.00746536 0
0001101101 0.0399475 -3.14159
0001101110 0.00743103 -3.14159
0001101111 0.0151291 0
0001110000 0.0577393 -3.14159
0001110001 0.000549316 -3.14159
0001110010 0.0346985 -3.14159
0001110011 0.0341797 0
0001110100 0.0288391 -3.14159
0001110101 0.0065155 -3.14159
0001110110 0.00498199 0
0001110111 0.025177 -3.14159
0001111000 0.0661011 -3.14159
0001111001 0.00345612 -3.14159
0001111010 0.0327454 -3.14159
0001111011 0.0181274 -3.14159
0001111100 0.0298615 -3.14159
0001111101 0.0243835 0
0001111110 0.00764084 -3.14159
0001111111 0.00558472 0
0010000000 0.0174408 0
0010000001 0.02005 -3.14159
0010000010 0.0227203 0
0010000011 0.0371399 -3.14159
0010000100 0.0148315 0
0010000101 0.00424194 -3.14159
0010000110 0.0330505 0
0010000111 0.00140762 -3.14159
0010001000 0.0093689 -3.14159
0010001001 0.00518417 0
0010001010 0.0123444 0
0010001011 0.00803375 0
0010001100 0.0267792 0
0010001101 0.000436544 0
0010001110 0.0481873 0
0010001111 0.00768661 -3.14159
0010010000 0.0259399 -3.14159
0010010001 0.0124664 -3.14159
0010010010 0.00677109 0
0010010011 0.0164185 -3.14159
0010010100 0.00867462 -3.14159
0010010101 0.00933075 0
0010010110 0.00405121 -3.14159
0010010111 0.0468445 0
0010011000 0.026825 -3.14159
0010011001 0.0129623 -3.14159
0010011010 0.0153961 0
0010011011 0.00338173 -3.14159
0010011100 0.00901031 -3.14159
0010011101 0.0205078 0
0010011110 0.0234833 -3.14159
0010011111 0.0231171 0
0010100000 0.0184631 0
0010100001 0.0039978 -3.14159
0010100010 0.00335121 0
0010100011 0.0264435 -3.14159
0010100100 0.0117722 0
0010100101 0.0149307 -3.14159
0010100110 0.0249176 0
0010100111 0.000648499 -3.14159
0010101000 0.0089798 0
0010101001 0.0294952 0
0010101010 0.00348854 0
0010101011 0.04422 0
0010101100 0.0337524 0
0010101101 0.0242767 0
0010101110 0.00986481 -3.14159
0010101111 0.0079422 0
0010110000 0.00434113 0
0010110001 0.0422058 -3.14159
0010110010 0.0289307 -3.14159
0010110011 0.0560608 0
0010110100 0.0725098 0
0010110101 0.0217743 -3.14159
0010110110 0.0267029 0
0010110111 0.016922 -3.14159
0010111000 0.00181675 -3.14159
0010111001 0.0335388 -3.14159
0010111010 0.000831604 -3.14159
0010111011 0.0233459 0
0010111100 0.0477905 0
0010111101 0.0497437 -3.14159
0010111110 0.00643921 0
0010111111 0.0717163 -3.14159
0011000000 0.0477295 0
0011000001 0.00561142 0
0011000010 0.00957489 0
0011000011 0.0329285 0
0011000100 0.00998688 -3.14159
0011000101 0.0102386 0
0011000110 0.0504456 0
0011000111 0.00234985 0
0011001000 0.0154953 0
0011001001 0.00383186 -3.14159
0011001010 0.0232239 0
0011001011 0.0151291 -3.14159
0011001100 0.00564575 0
0011001101 0.0210419 -3.14159
0011001110 0.0082016 -3.14159
0011001111 0.0279388 0
0011010000 0.023468 0
0011010001 0.00716019 0
0011010010 0.0193634 0
0011010011 0.0053215 -3.14159
0011010100 0.0108032 0
0011010101 0.0420837 -3.14159
0011010110 0.0247803 -3.14159
0011010111 0.0765381 0
0011011000 0.00300598 0
0011011001 0.0173492 0
0011011010 0.00109291 -3.14159
0011011011 0.0066185 -3.14159
0011011100 0.00827789 -3.14159
0011011101 0.058197 -3.14159
0011011110 0.0509033 -3.14159
0011011111 0.00259399 -3.14159
0011100000 0.0224304 0
0011100001 0.0108566 0
0011100010 0.0164948 -3.14159
0011100011 0.0224915 -3.14159
0011100100 0.0449219 0
0011100101 0.0530701 0
0011100110 0.00355911 -3.14159
0011100111 0.0153275 -3.14159
0011101000 0.011734 -3.14159
0011101001 0.00459671 0
0011101010 0.0855103 -3.14159
0011101011 0.00379944 0
0011101100 0.0249481 -3.14159
0011101101 0.0208282 -3.14159
0011101110 0.00803375 -3.14159
0011101111 0.0646362 0
0011110000 0.00681686 -3.14159
0011110001 0.00254631 0
0011110010 0.0240936 0
0011110011 0.0720825 -3.14159
0011110100 0.00582504 -3.14159
0011110101 0.00830841 0
0011110110 0.0176239 0
0011110111 0.00860596 -3.14159
0011111000 0.098999 0
0011111001 0.0305481 0
0011111010 0.00106907 -3.14159
0011111011 0.0116119 -3.14159
0011111100 0.0170898 -3.14159
0011111101 0.0233002 -3.14159
0011111110 0.0155106 0
0011111111 0.02742 0
0100000000 0.0648193 0
0100000001 0.0284576 0
0100000010 0.0151596 -3.14159
0100000011 0.0280151 0
0100000100 0.0578918 -3.14159
0100000101 0.00812531 -3.14159
0100000110 0.0278015 0
0100000111 0.0389099 0
0100001000 0.00489426 -3.14159
0100001001 0.0249481 -3.14159
0100001010 0.00939941 0
0100001011 0.0636597 -3.14159
0100001100 0.0167236 -3.14159
0100001101 0.00912476 -3.14159
0100001110 0.00558853 -3.14159
0100001111 0.0192261 -3.14159
0100010000 0.0348206 0
0100010001 0.0599976 -3.14159
0100010010 0.00681305 -3.14159
0100010011 0.00257874 -3.14159
0100010100 0.0438232 0
0100010101 0.0252838 -3.14159
0100010110 0.00735092 0
0100010111 0.00285721 -3.14159
0100011000 0.00794983 0
0100011001 0.0141602 0
0100011010 0.00775528 -3.14159
0100011011 0.0695801 -3.14159
0100011100 0.017334 -3.14159
0100011101 0.00814056 0
0100011110 0.0496216 -3.14159
0100011111 0.0406189 0
0100100000 0.026001 -3.14159
0100100001 0.00432587 -3.14159
0100100010 0.00348663 -3.14159
0100100011 0.0149155 0
0100100100 0.0164032 -3.14159
0100100101 0.016449 0
0100100110 0.0593262 -3.14159
0100100111 0.0523376 -3.14159
0100101000 0.0518799 0
0100101001 0.0957642 -3.14159
0100101010 0.0567627 0
0100101011 0.0181732 -3.14159
0100101100 0.0438538 0
0100101101 0.0653076 -3.14159
0100101110 0.0390625 0
0100101111 0.00225067 0
0100110000 0.0404968 0
0100110001 0.0403748 -3.14159
0100110010 0.00167751 -3.14159
0100110011 0.0271149 -3.14159
0100110100 0.0130997 0
0100110101 0.0366516 0
0100110110 0.00102043 -3.14159
0100110111 0.0170441 0
0100111000 0.0319519 -3.14159
0100111001 0.0633545 -3.14159
0100111010 0.057251 -3.14159
0100111011 0.0465088 -3.14159
0100111100 0.038269 -3.14159
0100111101 0.0016346 -3.14159
0100111110 0.0449219 0
0100111111 0.0256042 -3.14159
0101000000 0.000725269 -3.14159
0101000001 0.0117798 0
0101000010 0.000647068 -3.14159
0101000011 0.0281219 0
0101000100 0.00922394 -3.14159
0101000101 0.0211029 0
0101000110 0.0253601 -3.14159
0101000111 0.0263367 -3.14159
0101001000 0.029541 0
0101001001 0.00611496 -3.14159
0101001010 0.0223389 0
0101001011 0.0343018 0
0101001100 0.0041008 -3.14159
0101001101 0.0105591 0
0101001110 0.021637 0
0101001111 0.000763416 -3.14159
0101010000 0.0470886 0
0101010001 0.00926208 -3.14159
0101010010 0.0309906 0
0101010011 0.0542908 -3.14159
0101010100 0.0361023 0
0101010101 0.0216827 0
0101010110 0.0142517 0
0101010111 0.00778961 -3.14159
0101011000 0.0398865 0
0101011001 0.0136261 0
0101011010 0.029892 -3.14159
0101011011 0.055481 -3.14159
0101011100 0.024231 -3.14159
0101011101 0.078064 0
0101011110 0.0143433 0
0101011111 0.0494995 0
0101100000 0.0262909 0
0101100001 0.050293 -3.14159
0101100010 0.00318909 -3.14159
0101100011 0.0419006 -3.14159
0101100100 0.00495911 -3.14159
0101100101 0.02034 0
0101100110 0.0397339 -3.14159
0101100111 0.023941 -3.14159
0101101000 0.058197 -3.14159
0101101001 0.0176544 -3.14159
0101101010 0.0374451 0
0101101011 0.0233459 0
0101101100 0.00432205 -3.14159
0101101101 0.025116 -3.14159
0101101110 0.00643158 -3.14159
0101101111 0.0161896 0
0101110000 0.0280151 -3.14159
0101110001 0.016037 -3.14159
0101110010 0.0289154 -3.14159
0101110011 0.0285187 0
0101110100 0.0578918 0
0101110101 0.026474 0
0101110110 0.0131836 0
0101110111 0.0047226 0
0101111000 0.0358276 0
0101111001 0.0178986 0
0101111010 0.0429077 0
0101111011 0.0262909 -3.14159
0101111100 0.0235138 -3.14159
0101111101 0.0145187 0
0101111110 0.0188904 0
0101111111 0.0578918 0
0110000000 0.00585938 0
0110000001 0.0251312 0
0110000010 0.0428772 -3.14159
0110000011 0.065979 0
0110000100 0.0848999 -3.14159
0110000101 0.00619888 0
0110000110 0.0314636 0
0110000111 0.0229187 0
0110001000 0.0110474 -3.14159
0110001001 0.0219574 -3.14159
0110001010 0.00458908 0
0110001011 0.00931549 -3.14159
0110001100 0.0208435 0
0110001101 0.0231171 -3.14159
0110001110 0.0327759 0
0110001111 0.0252686 -3.14159
0110010000 0.0487061 0
0110010001 0.0109711 0
0110010010 0.019989 -3.14159
0110010011 0.0192261 0
0110010100 0.059845 -3.14159
0110010101 0.0620422 -3.14159
0110010110 0.015686 0
0110010111 0.00946808 0
0110011000 0.00754929 -3.14159
0110011001 0.0237885 -3.14159
0110011010 0.00709534 0
0110011011 0.0631714 0
0110011100 0.0205994 -3.14159
0110011101 0.00140381 -3.14159
0110011110 0.0415649 0
0110011111 0.0187531 0
0110100000 0.0485229 0
0110100001 0.0135422 0
0110100010 0.0308533 0
0110100011 0.0282593 -3.14159
0110100100 0.0298004 0
0110100101 0.0198822 0
0110100110 0.00442886 0
0110100111 0.00690079 -3.14159
0110101000 0.0321655 -3.14159
0110101001 0.0334167 -3.14159
0110101010 0.0270081 0
0110101011 0.0292664 -3.14159
0110101100 0.0168762 -3.14159
0110101101 0.0305481 0
0110101110 0.0053215 0
0110101111 0.00255775 0
0110110000 0.0181732 0
0110110001 0.0588074 -3.14159
0110110010 0.0479736 0
0110110011 0.00240707 -3.14159
0110110100 0.000623703 0
0110110101 0.0289001 0
0110110110 0.0335388 0
0110110111 0.0102234 0
0110111000 0.0366211 -3.14159
0110111001 0.026474 -3.14159
0110111010 0.0091629 0
0110111011 0.0648804 0
0110111100 0.01297 -3.14159
0110111101 0.00712585 0
0110111110 0.0260468 -3.14159
0110111111 0.0257568 -3.14159
0111000000 0.0164795 0
0111000001 0.0358276 -3.14159
0111000010 0.000638008 0
0111000011 0.016861 -3.14159
0111000100 0.0208435 -3.14159
0111000101 0.00469971 0
0111000110 0.00419235 -3.14159
0111000111 0.00725937 -3.14159
0111001000 0.0222015 0
0111001001 0.0388794 0
0111001010 0.00094986 -3.14159
0111001011 0.00286102 0
0111001100 0.0189209 -3.14159
0111001101 0.0228577 -3.14159
0111001110 0.0440369 0
0111001111 0.0703735 0
0111010000 0.041748 0
0111010001 0.00848389 0
0111010010 0.0015564 0
0111010011 0.0622253 0
0111010100 0.014389 0
0111010101 0.0311584 -3.14159
0111010110 0.0103989 0
0111010111 0.0200043 -3.14159
0111011000 0.0216217 0
0111011001 0.00236511 -3.14159
0111011010 0.004879 -3.14159
0111011011 0.0191956 0
0111011100 0.014946 0
0111011101 0.0232849 0
0111011110 0.0300293 0
0111011111 0.0192108 -3.14159
0111100000 0.0127716 0
0111100001 0.02005 -3.14159
0111100010 0.0349731 0
0111100011 0.0180511 0
0111100100 0.00208664 -3.14159
0111100101 0.031189 -3.14159
0111100110 0.0238342 -3.14159
0111100111 0.00920868 -3.14159
0111101000 0.0396423 -3.14159
0111101001 0.0242462 0
0111101010 0.0310211 -3.14159
0111101011 0.0194244 -3.14159
0111101100 0.0404053 -3.14159
0111101101 0.00761414 -3.14159
0111101110 0.037262 0
0111101111 0.00400925 0
0111110000 0.0105209 -3.14159
0111110001 0.0245972 -3.14159
0111110010 0.0378723 0
0111110011 0.0564575 -3.14159
0111110100 0.0142441 0
0111110101 0.00590134 0
0111110110 0.00264549 0
0111110111 0.0175934 0
0111111000 0.0513306 -3.14159
0111111001 0.0284729 0
0111111010 0.0170288 -3.14159
0111111011 0.0199432 0
0111111100 0.000905991 -3.14159
0111111101 0.00385284 0
0111111110 0.00675201 -3.14159
0111111111 0.0506897 0
1000000000 0.00889587 0
1000000001 0.0136719 -3.14159
1000000010 0.0181274 -3.14159
1000000011 0.0111389 -3.14159
1000000100 0.0137482 0
1000000101 0.057373 0
1000000110 0.0233154 0
1000000111 0.0310211 0
1000001000 0.0109024 -3.14159
1000001001 0.0287476 0
1000001010 0.0105362 -3.14159
1000001011 0.0541077 -3.14159
1000001100 0.00196648 -3.14159
1000001101 0.0551758 -3.14159
1000001110 0.0474854 -3.14159
1000001111 0.035553 -3.14159
1000010000 0.00201797 0
1000010001 0.0362549 -3.14159
1000010010 0.00340843 0
1000010011 0.016861 0
1000010100 0.029068 0
1000010101 0.0153961 0
1000010110 0.00348473 -3.14159
1000010111 0.00374031 0
1000011000 0.0201874 0
1000011001 0.0228271 0
1000011010 0.0100861 -3.14159
1000011011 0.0333557 0
1000011100 0.00230217 -3.14159
1000011101 0.00888062 -3.14159
1000011110 0.0147476 -3.14159
1000011111 0.0171356 -3.14159
1000100000 0.0184174 -3.14159
1000100001 0.0541077 -3.14159
1000100010 0.0122833 0
1000100011 0.00247002 0
1000100100 0.00251198 -3.14159
1000100101 0.0631104 -3.14159
1000100110 0.0342102 -3.14159
1000100111 0.0668945 0
1000101000 0.0187378 0
1000101001 0.00450897 0
1000101010 0.0131454 -3.14159
1000101011 0.0190277 -3.14159
1000101100 0.0271454 -3.14159
1000101101 0.0185547 0
1000101110 0.0205231 0
1000101111 0.0214996 0
1000110000 0.00447083 -3.14159
1000110001 0.0106659 0
1000110010 0.010643 0
1000110011 0.0338745 -3.14159
1000110100 0.0287018 -3.14159
1000110101 0.017868 0
1000110110 0.0426025 -3.14159
1000110111 0.0067749 0
1000111000 0.00430679 -3.14159
1000111001 0.0369568 -3.14159
1000111010 0.0552063 0
1000111011 0.0162048 0
1000111100 0.0362549 0
1000111101 0.0181427 0
1000111110 0.00698853 -3.14159
1000111111 0.00353622 0
1001000000 0.0157318 0
1001000001 0.032135 -3.14159
1001000010 0.021225 0
1001000011 0.0306854 0
1001000100 0.0335999 -3.14159
1001000101 0.0173798 0
1001000110 0.0358582 -3.14159
1001000111 0.0417786 -3.14159
1001001000 0.0196075 0
1001001001 0.00134087 -3.14159
1001001010 0.0363159 -3.14159
1001001011 0.0108795 0
1001001100 0.00162506 -3.14159
1001001101 0.0567017 -3.14159
1001001110 0.0285339 -3.14159
1001001111 0.0155716 0
1001010000 0.0118256 0
1001010001 0.0103607 -3.14159
1001010010 0.00639343 -3.14159
1001010011 0.00976562 -3.14159
1001010100 0.0222778 -3.14159
1001010101 0.0328979 -3.14159
1001010110 0.0290222 0
1001010111 0.0342407 -3.14159
1001011000 0.00415039 -3.14159
1001011001 0.0301514 0
1001011010 0.0221558 0
1001011011 0.0308838 0
1001011100 0.0100098 -3.14159
1001011101 0.0238953 -3.14159
1001011110 0.00129604 -3.14159
1001011111 0.0180511 -3.14159
1001100000 0.0361023 0
1001100001 0.00249481 0
1001100010 0.0261536 -3.14159
1001100011 0.0255432 0
1001100100 0.0387573 -3.14159
1001100101 0.00797272 0
1001100110 0.0446777 0
1001100111 0.0773315 0
1001101000 0.0159302 0
1001101001 0.00672531 -3.14159
1001101010 0.0297546 0
1001101011 0.0334473 0
1001101100 0.0491333 0
1001101101 0.00253296 0
1001101110 0.0508728 -3.14159
1001101111 0.0085144 -3.14159
1001110000 0.0469666 0
1001110001 0.083374 -3.14159
1001110010 0.00151443 0
1001110011 0.0141983 0
1001110100 0.0240936 -3.14159
1001110101 0.0145645 -3.14159
1001110110 0.00185966 -3.14159
1001110111 0.028244 -3.14159
1001111000 0.0309601 0
1001111001 0.0146027 0
1001111010 0.0204315 0
1001111011 0.0429382 0
1001111100 0.0276794 0
1001111101 0.0153961 -3.14159
1001111110 0.0218353 -3.14159
1001111111 0.00479507 -3.14159
1010000000 0.00899506 0
1010000001 0.0130615 0
1010000010 0.0109711 -3.14159
1010000011 0.00577164 0
1010000100 0.00218964 0
1010000101 0.0147324 -3.14159
1010000110 0.0212402 -3.14159
1010000111 0.0353088 -3.14159
1010001000 0.00453568 -3.14159
1010001001 0.0316467 0
1010001010 0.0197296 0
1010001011 0.0330505 0
1010001100 0.0162811 0
1010001101 0.00682831 -3.14159
1010001110 0.00971222 0
1010001111 0.0577393 0
1010010000 0.059082 0
1010010001 0.0148315 -3.14159
1010010010 0.0662842 -3.14159
1010010011 0.0410767 0
1010010100 0.0112915 0
1010010101 0.0100937 0
1010010110 0.00972748 0
1010010111 0.0393982 -3.14159
1010011000 0.0698242 0
1010011001 0.0244141 -3.14159
1010011010 0.00061512 -3.14159
1010011011 0.0299683 -3.14159
1010011100 0.0375671 0
1010011101 0.00276756 -3.14159
1010011110 0.00201035 0
1010011111 0.00386429 0
1010100000 0.0407715 -3.14159
1010100001 0.0349731 -3.14159
1010100010 0.0326538 -3.14159
1010100011 0.00304985 -3.14159
1010100100 0.0215302 0
1010100101 0.0189514 -3.14159
1010100110 0.00902557 -3.14159
1010100111 0.0272827 -3.14159
1010101000 0.0225677 0
1010101001 0.0426331 0
1010101010 0.00966644 -3.14159
1010101011 0.00583267 0
1010101100 0.0406799 0
1010101101 0.00939941 -3.14159
1010101110 0.0129929 -3.14159
1010101111 0.00269318 0
1010110000 0.0698853 0
1010110001 0.025177 -3.14159
1010110010 0.0055542 0
1010110011 0.0280304 -3.14159
1010110100 0.0383606 -3.14159
1010110101 0.0182343 0
1010110110 0.00283051 -3.14159
1010110111 0.00912476 -3.14159
1010111000 0.0125961 -3.14159
1010111001 0.014801 -3.14159
1010111010 0.0354614 -3.14159
1010111011 0.0143661 -3.14159
1010111100 0.0101395 0
1010111101 0.020874 0
1010111110 0.0361633 -3.14159
1010111111 0.0102692 0
1011000000 0.026062 -3.14159
1011000001 0.0393982 0
1011000010 0.0270996 0
1011000011 0.0341187 -3.14159
1011000100 0.0137711 0
1011000101 0.0198212 0
1011000110 0.0357666 0
1011000111 0.000804424 0
1011001000 1.06096e-05 -3.14159
1011001001 0.0393372 -3.14159
1011001010 0.0386047 -3.14159
1011001011 0.0236816 -3.14159
1011001100 0.0495911 -3.14159
1011001101 0.0219879 -3.14159
1011001110 0.0110016 0
1011001111 0.0219269 -3.14159
1011010000 0.00180054 0
1011010001 0.0326538 -3.14159
1011010010 0.000834942 0
1011010011 0.0137024 0
1011010100 0.0267334 -3.14159
1011010101 0.0228424 0
1011010110 0.0544739 0
1011010111 0.0128326 0
1011011000 0.0116882 0
1011011001 0.021637 0
1011011010 0.007267 -3.14159
1011011011 0.022583 -3.14159
1011011100 0.0100632 0
1011011101 0.0283356 0
1011011110 0.00119591 0
1011011111 0.0277405 0
1011100000 0.00796509 -3.14159
1011100001 0.0261383 -3.14159
1011100010 0.0588684 0
1011100011 0.000904083 0
1011100100 0.0220642 0
1011100101 0.0633545 0
1011100110 0.00415421 0
1011100111 0.0276031 -3.14159
1011101000 0.0814819 -3.14159
1011101001 0.0070076 0
1011101010 0.0502319 -3.14159
1011101011 0.037384 0
1011101100 0.0177155 0
1011101101 0.0202026 0
1011101110 0.0072937 0
1011101111 0.0578003 0
1011110000 0.0578918 -3.14159
1011110001 0.0022583 -3.14159
1011110010 0.0085144 -3.14159
1011110011 0.00376511 -3.14159
1011110100 0.00355148 0
1011110101 0.0163574 0
1011110110 0.0419312 -3.14159
1011110111 0.0257874 0
1011111000 0.00235367 0
1011111001 0.0181732 -3.14159
1011111010 0.0195312 -3.14159
1011111011 0.0814819 0
1011111100 0.00405121 0
1011111101 0.0011816 -3.14159
1011111110 0.0639038 0
1011111111 0.00165653 0
1100000000 0.0494385 0
1100000001 0.00634766 -3.14159
1100000010 0.0180511 -3.14159
1100000011 0.0385132 -3.14159
1100000100 0.0204315 -3.14159
1100000101 0.0574036 0
1100000110 0.00665665 0
1100000111 0.00899506 -3.14159
1100001000 0.0448303 -3.14159
1100001001 0.0533447 -3.14159
1100001010 0.000573635 0
1100001011 0.0362244 0
1100001100 0.00240898 -3.14159
1100001101 0.0123901 0
1100001110 0.0571899 -3.14159
1100001111 0.0458374 0
1100010000 0.0470276 -3.14159
1100010001 0.0137787 0
1100010010 0.0456848 0
1100010011 0.0294037 -3.14159
1100010100 0.0346069 -3.14159
1100010101 0.0138168 -3.14159
1100010110 0.0072403 0
1100010111 0.0797729 0
1100011000 0.0977173 -3.14159
1100011001 0.0229187 0
1100011010 0.0161133 -3.14159
1100011011 0.0429077 0
1100011100 0.0418701 0
1100011101 0.0215759 0
1100011110 0.00109196 0
1100011111 0.0501099 -3.14159
1100100000 0.0453186 0
1100100001 0.0527039 0
1100100010 0.000137925 0
1100100011 0.0211334 0
1100100100 0.00050354 0
1100100101 0.0484314 -3.14159
1100100110 0.0204315 0
1100100111 0.0274963 -3.14159
1100101000 0.0504456 0
1100101001 0.0228119 0
1100101010 0.0114288 -3.14159
1100101011 0.0034256 0
1100101100 0.014801 -3.14159
1100101101 0.0138092 -3.14159
1100101110 0.0558472 0
1100101111 0.0422974 0
1100110000 0.00531769 0
1100110001 0.0628052 -3.14159
1100110010 0.0166016 -3.14159
1100110011 0.0133057 0
1100110100 0.01297 0
1100110101 0.0239716 0
1100110110 0.0335083 0
1100110111 0.0445251 -3.14159
1100111000 0.0231018 -3.14159
1100111001 0.0869751 -3.14159
1100111010 0.0163879 0
1100111011 0.0203552 -3.14159
1100111100 0.0316772 -3.14159
1100111101 0.00701523 0
1100111110 0.0370789 -3.14159
1100111111 0.040863 -3.14159
1101000000 0.0686035 -3.14159
1101000001 0.0126648 0
1101000010 0.0189209 -3.14159
1101000011 0.00624084 -3.14159
1101000100 0.0606995 0
1101000101 0.0132523 0
1101000110 0.0362549 -3.14159
1101000111 0.0769653 0
1101001000 0.0179596 0
1101001001 0.0589905 0
1101001010 0.0128784 0
1101001011 0.0480957 0
1101001100 0.0317688 -3.14159
1101001101 0.00881195 0
1101001110 0.0221405 0
1101001111 0.0378113 0
1101010000 0.0166321 -3.14159
1101010001 0.023407 0
1101010010 0.0190582 -3.14159
1101010011 0.0578918 -3.14159
1101010100 0.0352478 0
1101010101 0.0322876 -3.14159
1101010110 0.0415649 -3.14159
1101010111 0.0205841 0
1101011000 0.0409241 -3.14159
1101011001 0.00118351 -3.14159
1101011010 0.00250053 -3.14159
1101011011 0.0541382 -3.14159
1101011100 0.0147629 0
1101011101 0.0317688 -3.14159
1101011110 0.0121231 0
1101011111 0.0517578 -3.14159
1101100000 0.0670166 0
1101100001 0.0454407 0
1101100010 0.0128479 -3.14159
1101100011 0.00824738 0
1101100100 0.0172882 -3.14159
1101100101 0.0116043 -3.14159
1101100110 0.0233002 0
1101100111 0.0337219 -3.14159
1101101000 0.00156116 -3.14159
1101101001 0.000696659 0
1101101010 0.0276794 0
1101101011 0.00149918 0
1101101100 0.0331421 -3.14159
1101101101 0.0232544 -3.14159
1101101110 0.00757217 -3.14159
1101101111 0.00626755 0
1101110000 0.00848389 -3.14159
1101110001 0.0568237 0
1101110010 0.00873566 0
1101110011 0.0419922 -3.14159
1101110100 0.00215149 -3.14159
1101110101 0.0474854 -3.14159
1101110110 0.0143585 -3.14159
1101110111 0.0157471 0
1101111000 0.0153732 0
1101111001 0.0157318 0
1101111010 0.0077858 -3.14159
1101111011 0.0147629 -3.14159
1101111100 0.00808716 0
1101111101 0.0446167 -3.14159
1101111110 0.0414124 -3.14159
1101111111 0.097168 0
1110000000 0.0456543 -3.14159
1110000001 0.0195007 -3.14159
1110000010 0.0599976 0
1110000011 0.0567017 0
1110000100 0.0149765 0
1110000101 0.0568542 0
1110000110 0.0171661 -3.14159
1110000111 0.0122452 0
1110001000 0.00416946 0
1110001001 0.0318909 0
1110001010 0.0441284 0
1110001011 0.0167999 -3.14159
1110001100 0.0137482 0
1110001101 0.0048027 -3.14159
1110001110 0.0165253 0
1110001111 0.00856781 -3.14159
1110010000 0.0270691 0
1110010001 0.0481873 -3.14159
1110010010 0.0162659 -3.14159
1110010011 0.00894928 -3.14159
1110010100 0.0591431 -3.14159
1110010101 0.0509949 -3.14159
1110010110 0.0228424 0
1110010111 0.0476074 -3.14159
1110011000 0.0121613 0
1110011001 0.0185699 0
1110011010 0.0452576 -3.14159
1110011011 0.0305939 -3.14159
1110011100 0.0244141 0
1110011101 0.00843811 -3.14159
1110011110 0.00202942 -3.14159
1110011111 0.0063858 0
1110100000 0.00104427 0
1110100001 0.00605774 0
1110100010 0.0324402 0
1110100011 0.0249329 -3.14159
1110100100 0.059906 0
1110100101 0.0433044 0
1110100110 0.0419312 -3.14159
1110100111 0.0163879 0
1110101000 0.0302887 -3.14159
1110101001 0.03125 0
1110101010 0.0288086 0
1110101011 0.00788879 0
1110101100 0.0181427 -3.14159
1110101101 0.0254211 0
1110101110 0.0219421 -3.14159
1110101111 0.033844 -3.14159
1110110000 0.0089035 -3.14159
1110110001 0.0260162 0
1110110010 0.0621643 -3.14159
1110110011 0.0410767 -3.14159
1110110100 0.00389481 0
1110110101 0.0354919 0
1110110110 0.0216827 -3.14159
1110110111 0.0215302 -3.14159
1110111000 0.0130157 -3.14159
1110111001 0.0418091 0
1110111010 0.0409546 0
1110111011 0.00523758 0
1110111100 0.00628281 -3.14159
1110111101 0.0217133 -3.14159
1110111110 0.00878143 0
1110111111 0.0209351 0
1111000000 0.00164223 0
1111000001 0.0707397 0
1111000010 0.0266113 0
1111000011 0.0239716 -3.14159
1111000100 0.0278473 0
1111000101 0.0422668 -3.14159
1111000110 0.00619507 -3.14159
1111000111 0.018158 0
1111001000 0.0402527 0
1111001001 0.0231476 0
1111001010 0.000957012 -3.14159
1111001011 0.0230408 -3.14159
1111001100 0.0441589 0
1111001101 0.101196 0
1111001110 0.0211334 -3.14159
1111001111 0.00417709 0
1111010000 0.00485611 0
1111010001 0.00574112 -3.14159
1111010010 0.0233002 -3.14159
1111010011 0.010498 -3.14159
1111010100 0.00274086 -3.14159
1111010101 0.0164185 -3.14159
1111010110 0.0740356 0
1111010111 0.0342102 0
1111011000 0.0601807 0
1111011001 0.00219154 0
1111011010 0.000581264 0
1111011011 0.0157776 0
1111011100 0.0179596 -3.14159
1111011101 0.0145645 0
1111011110 0.0172729 0
1111011111 0.00498199 -3.14159
1111100000 0.0845947 0
1111100001 0.0248871 -3.14159
1111100010 0.0253906 -3.14159
1111100011 0.0271301 0
1111100100 0.0770264 -3.14159
1111100101 0.0164642 -3.14159
1111100110 0.0762939 -3.14159
1111100111 0.0343628 -3.14159
1111101000 0.0119934 -3.14159
1111101001 0.0303955 -3.14159
1111101010 0.0563354 -3.14159
1111101011 0.079895 0
1111101100 0.0686646 0
1111101101 0.0198059 -3.14159
1111101110 0.0325623 0
1111101111 0.00455856 0
1111110000 0.00628281 0
1111110001 0.0124435 0
1111110010 0.053772 -3.14159
1111110011 0.00407028 0
1111110100 0.013176 0
1111110101 0.00466537 0
1111110110 0.0328674 0
1111110111 0.0261688 0
1111111000 0.00953674 0
1111111001 0.0682983 -3.14159
1111111010 0.0379639 0
1111111011 0.0371399 -3.14159
1111111100 0.0146179 -3.14159
1111111101 0.0313416 0
1111111110 0.0130615 -3.14159
1111111111 0.029953 -3.14159
