0000000000 0.0200348 0
0000000001 0.0421143 0
0000000010 0.0261993 0
0000000011 0.0111694 -3.14159
0000000100 0.0371094 -3.14159
0000000101 0.0220337 0
0000000110 0.0179443 -3.14159
0000000111 0.0402527 -3.14159
0000001000 0.00206375 -3.14159
0000001001 0.00255013 0
0000001010 0.00888824 -3.14159
0000001011 0.0302734 -3.14159
0000001100 0.00352478 0
0000001101 0.019043 -3.14159
0000001110 0.0207062 0
0000001111 0.00746918 -3.14159
0000010000 0.0340271 0
0000010001 0.015625 -3.14159
0000010010 0.0301208 -3.14159
0000010011 0.0111389 -3.14159
0000010100 0.0269775 -3.14159
0000010101 0.0428162 -3.14159
0000010110 0.026825 -3.14159
0000010111 0.00775146 -3.14159
0000011000 0.0236206 -3.14159
0000011001 0.00955963 0
0000011010 0.0134506 0
0000011011 0.0180664 0
0000011100 4.01139e-05 0
0000011101 0.00302887 0
0000011110 0.0439758 -3.14159
0000011111 0.0667114 0
0000100000 0.0704346 -3.14159
0000100001 0.0179443 -3.14159
0000100010 0.0657959 -3.14159
0000100011 0.0324097 0
0000100100 0.032196 -3.14159
0000100101 0.0253754 0
0000100110 0.0244904 0
0000100111 0.011261 0
0000101000 0.019104 0
0000101001 0.00914764 0
0000101010 0.0154648 -3.14159
0000101011 0.0893555 0
0000101100 0.0202942 0
0000101101 0.0180054 -3.14159
0000101110 0.0170441 -3.14159
0000101111 0.0104599 0
0000110000 0.0176392 0
0000110001 0.00230026 0
0000110010 0.0229187 0
0000110011 0.0272675 0
0000110100 0.0461426 -3.14159
0000110101 0.0114136 0
0000110110 0.0271606 0
0000110111 0.0104828 -3.14159
0000111000 0.00671005 0
0000111001 0.0083313 -3.14159
0000111010 0.0134583 -3.14159
0000111011 0.0112991 -3.14159
0000111100 0.00767136 0
0000111101 0.0353699 0
0000111110 0.0091095 -3.14159
0000111111 0.0151596 -3.14159
0001000000 0.0267181 0
0001000001 0.0421143 -3.14159
0001000010 0.0317078 -3.14159
0001000011 0.00416946 -3.14159
0001000100 0.0096817 -3.14159
0001000101 0.0153427 0
0001000110 0.029068 0
0001000111 0.0172882 -3.14159
0001001000 0.0933838 -3.14159
0001001001 0.00579071 -3.14159
0001001010 0.0275574 -3.14159
0001001011 0.0194855 -3.14159
0001001100 0.0122681 0
0001001101 0.0516663 -3.14159
0001001110 0.0302429 0
0001001111 0.0190277 0
0001010000 0.0368958 0
0001010001 0.00782776 -3.14159
0001010010 0.0691528 0
0001010011 0.00814819 -3.14159
0001010100 0.0033226 -3.14159
0001010101 0.00548172 -3.14159
0001010110 0.0100555 -3.14159
0001010111 0.0522156 -3.14159
0001011000 0.0403137 0
0001011001 0.0174103 0
0001011010 0.00364304 0
0001011011 0.0661621 -3.14159
0001011100 0.0379639 0
0001011101 0.0245667 -3.14159
0001011110 0.0281677 -3.14159
0001011111 0.0101547 -3.14159
0001100000 0.0584106 -3.14159
0001100001 0.036377 0
0001100010 0.038208 -3.14159
0001100011 0.0116501 -3.14159
0001100100 0.0254364 0
0001100101 0.000894547 0
0001100110 0.00623322 -3.14159
0001100111 0.113098 0
0001101000 0.036438 0
0001101001 0.0059433 -3.14159
0001101010 0.00273895 -3.14159
0001101011 0.0322571 -3.14159
0001101100 0.0343323 -3.14159
0001101101 0.0433655 -3.14159
0001101110 0.0579834 0
0001101111 0.0181732 0
0001110000 0.0522156 -3.14159
0001110001 0.0100479 0
0001110010 0.0422668 -3.14159
0001110011 0.0184326 0
0001110100 0.0104599 0
0001110101 0.00162792 -3.14159
0001110110 0.0302887 -3.14159
0001110111 0.0231323 -3.14159
0001111000 0.00367928 -3.14159
0001111001 0.0405884 -3.14159
0001111010 0.0191956 0
0001111011 0.0230713 0
0001111100 0.0335999 -3.14159
0001111101 0.0349426 0
0001111110 0.0013876 0
0001111111 0.0444641 0
0010000000 0.0107574 0
0010000001 0.00888062 0
0010000010 0.00593185 -3.14159
0010000011 0.0153656 -3.14159
0010000100 0.053772 -3.14159
0010000101 0.0329285 -3.14159
0010000110 0.00961304 -3.14159
0010000111 0.0810547 -3.14159
0010001000 0.0317993 -3.14159
0010001001 0.00277138 0
0010001010 9.85265e-05 -3.14159
0010001011 0.0083847 -3.14159
0010001100 0.0214386 -3.14159
0010001101 0.0528564 -3.14159
0010001110 0.0230865 0
0010001111 0.0193634 -3.14159
0010010000 0.0657349 -3.14159
0010010001 0.0236511 -3.14159
0010010010 0.00978851 -3.14159
0010010011 0.0151672 -3.14159
0010010100 0.0418701 -3.14159
0010010101 0.0320129 -3.14159
0010010110 0.0210419 0
0010010111 0.00472641 0
0010011000 0.0226746 0
0010011001 0.0451355 -3.14159
0010011010 0.0112228 0
0010011011 0.0386353 0
0010011100 0.0169678 0
0010011101 0.0534668 0
0010011110 0.00982666 -3.14159
0010011111 0.0144424 0
0010100000 0.0237427 -3.14159
0010100001 0.0038166 0
0010100010 0.0661011 -3.14159
0010100011 0.0273285 -3.14159
0010100100 0.0156097 -3.14159
0010100101 0.0114594 -3.14159
0010100110 0.0286407 0
0010100111 0.0189819 0
0010101000 0.0127106 0
0010101001 0.00605774 0
0010101010 0.0359497 -3.14159
0010101011 0.0221863 -3.14159
0010101100 0.0474243 -3.14159
0010101101 0.0353088 0
0010101110 0.0096283 -3.14159
0010101111 0.00822449 0
0010110000 0.00660324 -3.14159
0010110001 0.00337219 0
0010110010 0.015007 0
0010110011 0.012558 -3.14159
0010110100 0.0231628 0
0010110101 0.00294113 0
0010110110 0.0213623 0
0010110111 0.0107651 -3.14159
0010111000 0.0116119 0
0010111001 0.00613785 0
0010111010 0.0112152 -3.14159
0010111011 0.0275726 0
0010111100 0.0149384 -3.14159
0010111101 0.02005 -3.14159
0010111110 0.0198212 0
0010111111 0.00316048 -3.14159
0011000000 0.0342407 -3.14159
0011000001 0.0113373 0
0011000010 0.0527039 0
0011000011 0.0102768 0
0011000100 0.0147781 -3.14159
0011000101 0.00378418 0
0011000110 0.00210381 -3.14159
0011000111 0.0310822 -3.14159
0011001000 0.0413818 0
0011001001 0.0091095 0
0011001010 0.0379639 0
0011001011 0.0552979 -3.14159
0011001100 0.00253487 -3.14159
0011001101 0.0326233 -3.14159
0011001110 0.106384 0
0011001111 0.0172882 -3.14159
0011010000 0.00796509 -3.14159
0011010001 0.0160217 0
0011010010 0.0141678 0
0011010011 0.0375061 -3.14159
0011010100 0.00270844 -3.14159
0011010101 0.0190277 -3.14159
0011010110 0.00125694 -3.14159
0011010111 0.0288086 0
0011011000 0.0236511 0
0011011001 0.0325623 -3.14159
0011011010 0.000573635 0
0011011011 0.0032959 -3.14159
0011011100 0.000547409 -3.14159
0011011101 0.0242004 -3.14159
0011011110 0.0156174 0
0011011111 0.0626221 0
0011100000 0.00948334 0
0011100001 0.0149612 -3.14159
0011100010 0.0237732 0
0011100011 0.010376 -3.14159
0011100100 0.0160828 -3.14159
0011100101 0.00582504 -3.14159
0011100110 0.0104599 0
0011100111 0.0432434 0
0011101000 0.0432129 -3.14159
0011101001 0.018219 0
0011101010 0.00197983 -3.14159
0011101011 0.0235901 0
0011101100 0.0177002 -3.14159
0011101101 0.0230713 0
0011101110 0.040802 -3.14159
0011101111 0.0182953 -3.14159
0011110000 0.0163879 -3.14159
0011110001 0.0313721 0
0011110010 0.0280914 0
0011110011 0.0493774 0
0011110100 0.0352478 -3.14159
0011110101 0.0382385 0
0011110110 0.0353394 -3.14159
0011110111 0.0390015 0
0011111000 0.00568771 0
0011111001 0.0240021 -3.14159
0011111010 0.010994 0
0011111011 0.0420227 -3.14159
0011111100 0.0324402 -3.14159
0011111101 0.0132828 -3.14159
0011111110 0.0421753 0
0011111111 0.00322914 0
0100000000 0.00780869 0
0100000001 0.0105438 -3.14159
0100000010 0.0150146 -3.14159
0100000011 0.0234985 0
0100000100 0.0692749 -3.14159
0100000101 0.0220642 0
0100000110 0.0397644 0
0100000111 0.023056 -3.14159
0100001000 0.0359497 0
0100001001 0.00284958 0
0100001010 0.0160675 0
0100001011 0.0193024 -3.14159
0100001100 0.0105515 0
0100001101 0.0364075 -3.14159
0100001110 0.0181122 0
0100001111 0.00114632 -3.14159
0100010000 0.0349731 0
0100010001 0.0705566 -3.14159
0100010010 0.0212402 0
0100010011 0.0191193 -3.14159
0100010100 0.0802002 -3.14159
0100010101 0.0762329 -3.14159
0100010110 0.0163879 0
0100010111 0.0551453 -3.14159
0100011000 0.0432129 -3.14159
0100011001 0.0323181 0
0100011010 0.0126648 -3.14159
0100011011 0.0201111 0
0100011100 0.0120544 -3.14159
0100011101 0.000850677 -3.14159
0100011110 0.0260468 0
0100011111 0.00359154 0
0100100000 0.0156097 0
0100100001 0.0650024 0
0100100010 0.0114136 -3.14159
0100100011 0.0375061 0
0100100100 0.0157623 0
0100100101 0.0138321 -3.14159
0100100110 0.0894165 0
0100100111 0.0222778 -3.14159
0100101000 0.0170746 0
0100101001 0.0352478 -3.14159
0100101010 0.00444031 -3.14159
0100101011 0.0444641 0
0100101100 0.00653839 -3.14159
0100101101 0.0141678 0
0100101110 0.0142746 -3.14159
0100101111 0.0349731 0
0100110000 0.049469 0
0100110001 0.0116959 0
0100110010 0.0015049 -3.14159
0100110011 0.0572205 -3.14159
0100110100 0.0310669 0
0100110101 0.0317993 0
0100110110 0.0190735 -3.14159
0100110111 0.00833893 0
0100111000 0.021347 0
0100111001 0.0154724 0
0100111010 0.00790405 0
0100111011 0.00301933 0
0100111100 0.0205383 -3.14159
0100111101 0.0196075 0
0100111110 0.0258484 0
0100111111 0.00194931 0
0101000000 0.00910187 0
0101000001 0.02388 -3.14159
0101000010 0.0462036 -3.14159
0101000011 0.0253906 -3.14159
0101000100 0.0117416 0
0101000101 0.0633545 0
0101000110 0.0198822 -3.14159
0101000111 0.0180206 0
0101001000 0.0229645 -3.14159
0101001001 0.0522461 -3.14159
0101001010 0.0175323 -3.14159
0101001011 0.0234833 0
0101001100 0.0215454 -3.14159
0101001101 0.018631 -3.14159
0101001110 0.00079155 -3.14159
0101001111 0.00404358 0
0101010000 0.00606918 -3.14159
0101010001 0.0239716 0
0101010010 0.0169525 -3.14159
0101010011 0.00387573 -3.14159
0101010100 0.0271759 -3.14159
0101010101 0.00718307 0
0101010110 0.0133896 -3.14159
0101010111 0.0332336 0
0101011000 0.025116 0
0101011001 0.0193787 0
0101011010 0.00218582 -3.14159
0101011011 0.0201263 -3.14159
0101011100 0.00391006 0
0101011101 0.00805664 0
0101011110 0.034668 -3.14159
0101011111 0.00617218 0
0101100000 0.0415344 -3.14159
0101100001 0.00969696 -3.14159
0101100010 0.0235596 0
0101100011 0.0393677 -3.14159
0101100100 0.0272675 -3.14159
0101100101 0.00913239 -3.14159
0101100110 0.0305786 -3.14159
0101100111 0.0301819 0
0101101000 0.0379028 0
0101101001 0.0292664 -3.14159
0101101010 0.0717163 -3.14159
0101101011 0.0222626 -3.14159
0101101100 0.0275421 0
0101101101 0.0301056 0
0101101110 0.04776 -3.14159
0101101111 0.0407104 -3.14159
0101110000 0.0045929 0
0101110001 0.0219116 -3.14159
0101110010 0.0328064 -3.14159
0101110011 0.00284195 0
0101110100 0.0178833 -3.14159
0101110101 0.00927734 0
0101110110 0.0411682 -3.14159
0101110111 0.0288086 0
0101111000 0.0118637 -3.14159
0101111001 0.00207901 0
0101111010 0.00384712 -3.14159
0101111011 0.0114899 0
0101111100 0.0252686 0
0101111101 0.00250244 -3.14159
0101111110 0.00914001 0
0101111111 0.0555115 0
0110000000 0.0397034 -3.14159
0110000001 0.0471191 -3.14159
0110000010 0.000179768 -3.14159
0110000011 0.0183258 0
0110000100 0.0151367 -3.14159
0110000101 0.00414658 0
0110000110 0.0355225 0
0110000111 0.0447998 -3.14159
0110001000 0.00721359 -3.14159
0110001001 0.0278931 0
0110001010 0.0433655 0
0110001011 0.022171 -3.14159
0110001100 0.0146027 0
0110001101 0.0439758 -3.14159
0110001110 0.0208282 0
0110001111 0.00843048 0
0110010000 0.0418396 0
0110010001 0.0215149 -3.14159
0110010010 0.0556641 0
0110010011 0.0232391 0
0110010100 0.00316048 0
0110010101 0.0604858 -3.14159
0110010110 0.0464478 0
0110010111 0.0601807 0
0110011000 0.00904083 -3.14159
0110011001 0.0853271 -3.14159
0110011010 0.0135956 -3.14159
0110011011 0.00776672 -3.14159
0110011100 0.0072937 0
0110011101 0.0386658 -3.14159
0110011110 0.00884247 0
0110011111 0.0419922 0
0110100000 0.0141373 0
0110100001 0.00415802 0
0110100010 0.00566864 -3.14159
0110100011 0.02034 0
0110100100 0.00491333 -3.14159
0110100101 0.0704346 0
0110100110 0.011055 -3.14159
0110100111 0.0556641 0
0110101000 0.0103455 -3.14159
0110101001 0.00594711 0
0110101010 0.0385132 0
0110101011 0.023941 0
0110101100 0.0456848 -3.14159
0110101101 0.00478363 0
0110101110 0.0393677 0
0110101111 0.00626373 -3.14159
0110110000 0.00375175 0
0110110001 0.0446167 0
0110110010 0.0103912 0
0110110011 0.0152283 0
0110110100 0.00609589 -3.14159
0110110101 0.0447998 0
0110110110 0.0202637 0
0110110111 0.0375671 -3.14159
0110111000 0.052948 -3.14159
0110111001 0.0346375 0
0110111010 0.00368118 -3.14159
0110111011 0.085144 0
0110111100 0.0209351 -3.14159
0110111101 0.048645 -3.14159
0110111110 0.0329895 0
0110111111 0.00223541 0
0111000000 0.00421906 0
0111000001 0.0076561 -3.14159
0111000010 0.0176086 0
0111000011 0.0346375 -3.14159
0111000100 0.02034 -3.14159
0111000101 0.0348816 -3.14159
0111000110 0.00802612 -3.14159
0111000111 0.0584412 -3.14159
0111001000 0.0341492 0
0111001001 0.0208435 -3.14159
0111001010 0.0194092 0
0111001011 0.0116959 0
0111001100 0.00568008 0
0111001101 0.0328369 -3.14159
0111001110 0.0517578 0
0111001111 0.0121994 -3.14159
0111010000 0.00717163 0
0111010001 0.000827312 -3.14159
0111010010 0.0407715 0
0111010011 0.0341187 0
0111010100 0.00754929 -3.14159
0111010101 0.00619507 0
0111010110 0.0484009 0
0111010111 0.00191402 0
0111011000 0.014183 -3.14159
0111011001 0.00306511 -3.14159
0111011010 0.00224686 -3.14159
0111011011 0.00427246 -3.14159
0111011100 0.0178223 0
0111011101 0.0138245 -3.14159
0111011110 0.0484619 -3.14159
0111011111 0.00869751 -3.14159
0111100000 0.0419312 0
0111100001 0.00274277 0
0111100010 0.00416565 -3.14159
0111100011 0.031189 -3.14159
0111100100 0.00323105 -3.14159
0111100101 0.0265808 0
0111100110 0.0257111 -3.14159
0111100111 0.000126004 0
0111101000 0.0454712 -3.14159
0111101001 0.00507736 0
0111101010 0.0174561 0
0111101011 0.00338364 0
0111101100 0.0296021 -3.14159
0111101101 0.0628052 -3.14159
0111101110 0.0295258 0
0111101111 0.0243835 0
0111110000 0.0118332 -3.14159
0111110001 0.00774765 -3.14159
0111110010 0.0350647 -3.14159
0111110011 0.0290222 -3.14159
0111110100 0.0507812 -3.14159
0111110101 0.0239716 -3.14159
0111110110 0.00294495 -3.14159
0111110111 0.00292587 0
0111111000 0.0187683 0
0111111001 0.0383301 0
0111111010 0.0889282 -3.14159
0111111011 0.0365601 -3.14159
0111111100 0.0316162 -3.14159
0111111101 0.0227509 0
0111111110 0.0339661 -3.14159
0111111111 0.0186462 0
1000000000 0.0270233 -3.14159
1000000001 0.0266418 -3.14159
1000000010 0.0116653 -3.14159
1000000011 0.0316772 0
1000000100 0.0201111 0
1000000101 0.023407 -3.14159
1000000110 0.0157013 -3.14159
1000000111 0.028717 0
1000001000 0.0229034 -3.14159
1000001001 0.0529785 0
1000001010 0.00980377 -3.14159
1000001011 0.0163422 0
1000001100 0.0467834 -3.14159
1000001101 0.0213623 -3.14159
1000001110 0.016098 0
1000001111 0.00668716 -3.14159
1000010000 0.000632286 0
1000010001 0.00543976 -3.14159
1000010010 0.0404053 -3.14159
1000010011 0.00218391 -3.14159
1000010100 0.0545044 0
1000010101 0.0292358 -3.14159
1000010110 0.0186768 0
1000010111 0.0199585 0
1000011000 0.0431824 0
1000011001 0.0869751 -3.14159
1000011010 0.00892639 0
1000011011 0.00432587 0
1000011100 0.00274658 0
1000011101 0.0386658 0
1000011110 0.00251198 -3.14159
1000011111 0.00302505 -3.14159
1000100000 0.0186768 -3.14159
1000100001 0.0171967 0
1000100010 0.00669098 -3.14159
1000100011 0.0293427 0
1000100100 0.0338745 -3.14159
1000100101 0.032196 -3.14159
1000100110 0.0233459 -3.14159
1000100111 0.0223541 -3.14159
1000101000 0.00416183 0
1000101001 0.0124283 0
1000101010 0.00146103 0
1000101011 0.033783 0
1000101100 0.00447083 -3.14159
1000101101 0.0492859 -3.14159
1000101110 0.0435791 -3.14159
1000101111 0.0302429 -3.14159
1000110000 0.0139542 -3.14159
1000110001 0.011467 -3.14159
1000110010 0.00757217 0
1000110011 0.0144043 0
1000110100 0.0124435 -3.14159
1000110101 0.00901794 0
1000110110 0.02005 0
1000110111 0.0432434 0
1000111000 0.0714111 -3.14159
1000111001 0.018158 0
1000111010 0.00239563 -3.14159
1000111011 0.0114136 0
1000111100 0.0271759 0
1000111101 0.0101013 0
1000111110 0.0382385 0
1000111111 0.00956726 0
1001000000 0.0150604 0
1001000001 0.0220184 -3.14159
1001000010 0.00958252 -3.14159
1001000011 0.011261 0
1001000100 0.0357666 -3.14159
1001000101 0.016983 0
1001000110 0.023468 -3.14159
1001000111 0.0485535 -3.14159
1001001000 0.0513306 0
1001001001 0.0144348 -3.14159
1001001010 0.0196228 -3.14159
1001001011 0.00938416 0
1001001100 0.0285797 0
1001001101 0.0191803 -3.14159
1001001110 0.0252533 0
1001001111 0.0541687 -3.14159
1001010000 0.04776 0
1001010001 0.0238037 0
1001010010 0.0706177 -3.14159
1001010011 0.0393677 -3.14159
1001010100 0.0172272 0
1001010101 0.00301743 -3.14159
1001010110 0.0177155 0
1001010111 0.0376892 0
1001011000 0.0489502 -3.14159
1001011001 0.00510788 0
1001011010 0.0229645 0
1001011011 0.0122299 -3.14159
1001011100 0.00185013 -3.14159
1001011101 0.031311 0
1001011110 0.0393677 0
1001011111 0.00444031 -3.14159
1001100000 0.0200195 -3.14159
1001100001 0.0231476 0
1001100010 0.00969696 0
1001100011 0.0144501 -3.14159
1001100100 0.032959 -3.14159
1001100101 0.0150452 0
1001100110 0.00281906 0
1001100111 0.0863647 0
1001101000 0.0407104 0
1001101001 0.0293884 -3.14159
1001101010 0.0159302 0
1001101011 0.00656128 -3.14159
1001101100 0.00780487 0
1001101101 0.0460815 0
1001101110 0.0276337 0
1001101111 0.085144 0
1001110000 0.0426025 0
1001110001 0.0486145 -3.14159
1001110010 0.00169849 0
1001110011 0.0202637 0
1001110100 0.0179901 -3.14159
1001110101 0.0256805 0
1001110110 0.055603 0
1001110111 0.0189209 -3.14159
1001111000 0.0178375 0
1001111001 0.0046463 0
1001111010 0.0248566 0
1001111011 0.0358887 -3.14159
1001111100 0.0147934 -3.14159
1001111101 0.0124512 -3.14159
1001111110 0.0312805 -3.14159
1001111111 0.0218201 -3.14159
1010000000 0.00432968 -3.14159
1010000001 0.0242004 -3.14159
1010000010 0.0391235 -3.14159
1010000011 0.0270081 -3.14159
1010000100 0.011467 -3.14159
1010000101 0.0516663 0
1010000110 0.0440674 0
1010000111 0.0501099 -3.14159
1010001000 0.0476379 -3.14159
1010001001 0.0767212 0
1010001010 0.034668 -3.14159
1010001011 0.0103455 0
1010001100 0.0277252 0
1010001101 0.0175629 0
1010001110 0.0193176 -3.14159
1010001111 0.00476837 -3.14159
1010010000 0.026886 0
1010010001 0.0330811 -3.14159
1010010010 0.0230408 -3.14159
1010010011 0.00125122 0
1010010100 0.0212555 -3.14159
1010010101 0.00773621 0
1010010110 0.0171661 -3.14159
1010010111 0.00537872 0
1010011000 0.00917816 0
1010011001 0.0681763 0
1010011010 0.00272942 0
1010011011 0.0184326 0
1010011100 0.00858307 -3.14159
1010011101 0.0225067 0
1010011110 0.0019331 -3.14159
1010011111 0.00484848 -3.14159
1010100000 0.0311737 -3.14159
1010100001 0.0187988 0
1010100010 0.0167542 -3.14159
1010100011 0.0237427 -3.14159
1010100100 0.0279846 -3.14159
1010100101 0.037384 0
1010100110 0.0152512 0
1010100111 0.0219116 0
1010101000 0.0190125 -3.14159
1010101001 0.0021801 0
1010101010 0.0135269 0
1010101011 0.105896 0
1010101100 0.0427551 0
1010101101 0.00291252 0
1010101110 0.01297 -3.14159
1010101111 0.0153427 -3.14159
1010110000 0.0500488 0
1010110001 0.0523987 -3.14159
1010110010 0.0323792 -3.14159
1010110011 0.0283813 0
1010110100 0.00632477 -3.14159
1010110101 0.0130234 0
1010110110 0.00528336 0
1010110111 0.0173035 -3.14159
1010111000 0.00587463 -3.14159
1010111001 0.043335 0
1010111010 0.0448608 -3.14159
1010111011 0.0159454 0
1010111100 0.0146408 -3.14159
1010111101 0.0107498 0
1010111110 0.028717 -3.14159
1010111111 0.0281525 -3.14159
1011000000 0.0232544 0
1011000001 0.0204468 -3.14159
1011000010 0.00775528 0
1011000011 0.00465775 0
1011000100 0.0340576 0
1011000101 0.0423889 0
1011000110 0.0299988 -3.14159
1011000111 0.0186462 -3.14159
1011001000 0.0508728 -3.14159
1011001001 0.0187378 0
1011001010 0.00892639 0
1011001011 0.0066185 0
1011001100 0.00833893 0
1011001101 0.0375061 0
1011001110 0.0204468 -3.14159
1011001111 0.0359802 -3.14159
1011010000 0.0215759 0
1011010001 0.0409241 -3.14159
1011010010 0.0219421 0
1011010011 0.0121384 -3.14159
1011010100 0.00866699 0
1011010101 0.0539856 -3.14159
1011010110 0.0220032 -3.14159
1011010111 0.0476074 -3.14159
1011011000 0.0141983 -3.14159
1011011001 0.0131378 0
1011011010 0.00319862 -3.14159
1011011011 0.0166779 -3.14159
1011011100 0.0267181 -3.14159
1011011101 0.0224304 0
1011011110 0.0413513 -3.14159
1011011111 0.0331116 -3.14159
1011100000 0.00530243 -3.14159
1011100001 0.00697327 0
1011100010 0.00379562 -3.14159
1011100011 0.0594482 0
1011100100 0.0607605 0
1011100101 0.0245972 0
1011100110 0.00582886 0
1011100111 0.019577 0
1011101000 0.0417175 0
1011101001 0.0343018 -3.14159
1011101010 0.00473022 0
1011101011 0.0267181 -3.14159
1011101100 0.0280762 0
1011101101 0.0243988 -3.14159
1011101110 0.0214996 0
1011101111 0.11322 0
1011110000 0.015976 0
1011110001 0.0118561 -3.14159
1011110010 0.00600052 0
1011110011 0.00796509 -3.14159
1011110100 0.029892 -3.14159
1011110101 0.033783 0
1011110110 0.062561 -3.14159
1011110111 0.0116196 -3.14159
1011111000 0.0105438 0
1011111001 0.0462646 -3.14159
1011111010 0.00965881 -3.14159
1011111011 0.0151749 -3.14159
1011111100 0.0843506 0
1011111101 0.0368652 0
1011111110 0.0643311 0
1011111111 0.00174904 0
1100000000 0.0207672 -3.14159
1100000001 0.0357666 0
1100000010 0.00379562 -3.14159
1100000011 0.0042038 0
1100000100 0.0357666 -3.14159
1100000101 0.0188446 0
1100000110 0.0063324 0
1100000111 0.00833893 0
1100001000 0.0188446 -3.14159
1100001001 0.00685883 -3.14159
1100001010 0.00347328 0
1100001011 0.0140305 -3.14159
1100001100 0.00306511 0
1100001101 0.00338745 -3.14159
1100001110 0.0224152 0
1100001111 0.0202789 0
1100010000 0.0693359 0
1100010001 0.0210114 0
1100010010 0.00456619 0
1100010011 0.069519 -3.14159
1100010100 0.0125275 0
1100010101 0.036438 -3.14159
1100010110 0.0218353 -3.14159
1100010111 0.0632324 0
1100011000 0.0409241 -3.14159
1100011001 0.00691986 -3.14159
1100011010 0.00296593 0
1100011011 0.0134277 0
1100011100 0.029068 -3.14159
1100011101 0.011055 0
1100011110 0.018219 -3.14159
1100011111 0.023407 -3.14159
1100100000 0.0239563 0
1100100001 0.0396423 -3.14159
1100100010 0.0183868 0
1100100011 0.0112381 0
1100100100 0.0142899 0
1100100101 0.0577698 -3.14159
1100100110 0.00575256 -3.14159
1100100111 0.00314713 0
1100101000 0.00152302 -3.14159
1100101001 0.032196 0
1100101010 0.0182953 0
1100101011 0.0400696 0
1100101100 0.0435791 -3.14159
1100101101 0.0243683 -3.14159
1100101110 0.0789795 0
1100101111 0.00454712 0
1100110000 0.00817871 0
1100110001 0.000968456 -3.14159
1100110010 0.0423279 0
1100110011 0.0328064 -3.14159
1100110100 0.00464249 0
1100110101 0.00913239 0
1100110110 0.0545959 0
1100110111 0.00532532 -3.14159
1100111000 0.0157471 -3.14159
1100111001 0.00760651 0
1100111010 0.0112839 -3.14159
1100111011 0.0498047 -3.14159
1100111100 0.0306091 -3.14159
1100111101 0.0309296 -3.14159
1100111110 0.0390015 -3.14159
1100111111 0.0265961 -3.14159
1101000000 0.0767822 0
1101000001 0.00301743 -3.14159
1101000010 0.00389481 -3.14159
1101000011 0.0226593 -3.14159
1101000100 0.0372009 0
1101000101 0.0484619 0
1101000110 0.0366211 0
1101000111 0.0211029 -3.14159
1101001000 0.071228 0
1101001001 0.0141144 0
1101001010 0.00284958 -3.14159
1101001011 0.0279541 0
1101001100 0.00998688 0
1101001101 0.0365601 0
1101001110 0.0124664 0
1101001111 0.0172729 0
1101010000 0.0165558 0
1101010001 0.00402069 0
1101010010 0.0257416 0
1101010011 0.0639038 0
1101010100 0.00799561 0
1101010101 0.0185547 -3.14159
1101010110 0.0133667 0
1101010111 0.0276489 0
1101011000 0.0119553 -3.14159
1101011001 0.0193787 0
1101011010 0.0482178 0
1101011011 0.0195007 -3.14159
1101011100 0.0124207 0
1101011101 0.0317078 0
1101011110 0.0265808 -3.14159
1101011111 0.045166 -3.14159
1101100000 0.00816345 0
1101100001 0.00138378 -3.14159
1101100010 0.020401 -3.14159
1101100011 0.0448303 0
1101100100 0.0210876 -3.14159
1101100101 0.042572 -3.14159
1101100110 0.0096283 -3.14159
1101100111 0.00603867 0
1101101000 0.0287628 0
1101101001 0.0145569 0
1101101010 0.00252342 0
1101101011 0.0141373 0
1101101100 0.0282745 -3.14159
1101101101 0.0174561 0
1101101110 0.0469971 0
1101101111 0.0435486 -3.14159
1101110000 0.00512695 -3.14159
1101110001 0.0271454 0
1101110010 0.0052948 -3.14159
1101110011 0.0274658 -3.14159
1101110100 0.00510025 -3.14159
1101110101 0.0247955 0
1101110110 0.0354919 -3.14159
1101110111 0.0437317 -3.14159
1101111000 0.0722046 -3.14159
1101111001 0.0165863 0
1101111010 0.0151901 0
1101111011 0.0290527 -3.14159
1101111100 0.0329285 0
1101111101 0.0354614 -3.14159
1101111110 0.00614929 -3.14159
1101111111 0.0287628 -3.14159
1110000000 0.00116062 -3.14159
1110000001 0.0148773 0
1110000010 0.0702515 0
1110000011 0.0326233 -3.14159
1110000100 0.0274963 -3.14159
1110000101 0.0177002 0
1110000110 0.0421753 -3.14159
1110000111 0.0213623 0
1110001000 5.06639e-06 -3.14159
1110001001 0.00843811 0
1110001010 0.025177 0
1110001011 0.0109558 0
1110001100 0.0071373 -3.14159
1110001101 0.0599365 0
1110001110 0.0179443 0
1110001111 0.0318604 0
1110010000 0.00792694 -3.14159
1110010001 0.0182343 0
1110010010 0.0026722 -3.14159
1110010011 0.0386658 0
1110010100 0.0229645 -3.14159
1110010101 0.0378723 -3.14159
1110010110 0.0390015 0
1110010111 0.032074 -3.14159
1110011000 0.00786591 -3.14159
1110011001 0.0133743 -3.14159
1110011010 0.00971985 0
1110011011 0.0152588 -3.14159
1110011100 0.013916 0
1110011101 0.0140457 -3.14159
1110011110 0.0187988 -3.14159
1110011111 0.0889282 0
1110100000 0.0297241 0
1110100001 0.0136566 -3.14159
1110100010 0.0531311 -3.14159
1110100011 0.00184059 -3.14159
1110100100 0.00120544 -3.14159
1110100101 0.0351562 0
1110100110 0.045166 -3.14159
1110100111 0.0171967 0
1110101000 0.0229797 -3.14159
1110101001 0.0320129 0
1110101010 0.0176392 0
1110101011 0.00500488 -3.14159
1110101100 0.0237274 0
1110101101 0.00582504 0
1110101110 0.00419235 0
1110101111 0.0124207 -3.14159
1110110000 0.00509644 0
1110110001 0.0138168 -3.14159
1110110010 0.0286407 -3.14159
1110110011 0.0679932 -3.14159
1110110100 0.0011282 0
1110110101 0.065918 -3.14159
1110110110 0.00122547 -3.14159
1110110111 0.0380249 -3.14159
1110111000 0.0183716 -3.14159
1110111001 0.10968 -3.14159
1110111010 0.0505371 -3.14159
1110111011 0.0226898 0
1110111100 0.0341492 -3.14159
1110111101 0.0030098 0
1110111110 0.00939178 -3.14159
1110111111 0.0450134 -3.14159
1111000000 0.0267181 0
1111000001 0.0227356 -3.14159
1111000010 0.0499268 0
1111000011 0.00824738 -3.14159
1111000100 0.0350342 -3.14159
1111000101 0.0301666 -3.14159
1111000110 0.0432434 0
1111000111 0.0103455 -3.14159
1111001000 0.00383377 0
1111001001 0.0275879 -3.14159
1111001010 0.0105972 0
1111001011 0.0225983 0
1111001100 0.0235291 -3.14159
1111001101 0.0135956 -3.14159
1111001110 0.0210876 0
1111001111 0.0981445 0
1111010000 0.00642395 -3.14159
1111010001 0.0393982 -3.14159
1111010010 0.0171814 -3.14159
1111010011 0.0105667 0
1111010100 0.0126648 0
1111010101 0.00836945 -3.14159
1111010110 0.00441742 -3.14159
1111010111 0.0237885 0
1111011000 0.0358582 0
1111011001 0.0240631 -3.14159
1111011010 0.0451355 -3.14159
1111011011 0.0122452 0
1111011100 0.0129776 -3.14159
1111011101 0.00423813 -3.14159
1111011110 0.0184174 -3.14159
1111011111 0.0212402 -3.14159
1111100000 0.0388184 0
1111100001 0.00104904 -3.14159
1111100010 0.00469971 0
1111100011 0.0632935 -3.14159
1111100100 0.0137939 0
1111100101 0.0404663 -3.14159
1111100110 0.0369873 0
1111100111 0.00355721 0
1111101000 0.00579453 0
1111101001 0.0206451 0
1111101010 0.0230103 -3.14159
1111101011 0.0456543 -3.14159
1111101100 0.0788574 0
1111101101 0.0363464 -3.14159
1111101110 0.0645142 0
1111101111 0.0477905 0
1111110000 0.0184479 -3.14159
1111110001 0.0637207 0
1111110010 0.0143051 -3.14159
1111110011 0.0317993 -3.14159
1111110100 0.0424194 -3.14159
1111110101 0.0337524 0
1111110110 0.065979 -3.14159
1111110111 0.0325012 0
1111111000 0.0546875 -3.14159
1111111001 0.0325928 -3.14159
1111111010 0.00428391 0
1111111011 0.0239868 -3.14159
1111111100 0.0255432 0
1111111101 0.0269012 0
1111111110 0.023819 0
1111111111 0.0109711 0
