0000000000 0.00309372 0
0000000001 0.0583801 0
0000000010 0.0333252 0
0000000011 0.0172882 -3.14159
0000000100 0.0460205 -3.14159
0000000101 0.0115051 0
0000000110 0.0208588 -3.14159
0000000111 0.0353699 -3.14159
0000001000 0.00408936 0
0000001001 0.00904083 0
0000001010 0.000954151 -3.14159
0000001011 0.0202789 -3.14159
0000001100 0.0100632 0
0000001101 0.00771713 -3.14159
0000001110 0.022171 0
0000001111 0.0138931 -3.14159
0000010000 0.0301208 0
0000010001 0.0116196 -3.14159
0000010010 0.025589 -3.14159
0000010011 0.0120926 -3.14159
0000010100 0.0159607 -3.14159
0000010101 0.0470581 -3.14159
0000010110 0.0254364 -3.14159
0000010111 0.0103531 -3.14159
0000011000 0.0317688 -3.14159
0000011001 0.00100231 -3.14159
0000011010 0.0105743 0
0000011011 0.0280914 0
0000011100 0.00543594 0
0000011101 0.0161133 0
0000011110 0.0499268 -3.14159
0000011111 0.0627441 0
0000100000 0.0704346 -3.14159
0000100001 0.0341797 -3.14159
0000100010 0.0667725 -3.14159
0000100011 0.0397339 0
0000100100 0.0261993 -3.14159
0000100101 0.0158539 0
0000100110 0.0219269 0
0000100111 0.0186768 0
0000101000 0.00919342 -3.14159
0000101001 0.0215149 0
0000101010 0.0277405 -3.14159
0000101011 0.0685425 0
0000101100 0.0191803 0
0000101101 0.00592041 0
0000101110 0.0220337 -3.14159
0000101111 0.0192566 0
0000110000 0.014183 0
0000110001 0.00973511 -3.14159
0000110010 0.00769043 0
0000110011 0.0197601 0
0000110100 0.0392151 -3.14159
0000110101 0.0163116 0
0000110110 0.0275726 0
0000110111 0.00968933 -3.14159
0000111000 0.00234604 -3.14159
0000111001 0.0201263 -3.14159
0000111010 0.0109177 -3.14159
0000111011 0.00312233 -3.14159
0000111100 0.0071907 -3.14159
0000111101 0.03302 0
0000111110 0.0187836 -3.14159
0000111111 0.00846863 -3.14159
0001000000 0.0231476 0
0001000001 0.0396729 -3.14159
0001000010 0.0327148 -3.14159
0001000011 0.0141678 -3.14159
0001000100 0.021225 -3.14159
0001000101 0.0053215 0
0001000110 0.0265198 0
0001000111 0.0156555 -3.14159
0001001000 0.0958252 -3.14159
0001001001 0.0131073 0
0001001010 0.0259399 -3.14159
0001001011 0.0252075 -3.14159
0001001100 0.00746536 -3.14159
0001001101 0.0403137 -3.14159
0001001110 0.0358582 0
0001001111 0.0243378 0
0001010000 0.0305939 0
0001010001 0.00330162 0
0001010010 0.0762329 0
0001010011 0.0111084 -3.14159
0001010100 0.00264359 -3.14159
0001010101 0.00600815 0
0001010110 0.00514221 -3.14159
0001010111 0.0593872 -3.14159
0001011000 0.032135 0
0001011001 0.0310974 0
0001011010 0.0134354 0
0001011011 0.0787964 -3.14159
0001011100 0.0369568 0
0001011101 0.0265503 -3.14159
0001011110 0.0372009 -3.14159
0001011111 0.00313187 -3.14159
0001100000 0.0415039 -3.14159
0001100001 0.0285797 0
0001100010 0.0369568 -3.14159
0001100011 0.0191345 -3.14159
0001100100 0.0250702 0
0001100101 0.00306129 0
0001100110 0.0233307 -3.14159
0001100111 0.104919 0
0001101000 0.0350647 0
0001101001 0.00181389 -3.14159
0001101010 0.002985 0
0001101011 0.0341187 -3.14159
0001101100 0.0291901 -3.14159
0001101101 0.0557556 -3.14159
0001101110 0.0600891 0
0001101111 0.0328674 0
0001110000 0.0458984 -3.14159
0001110001 0.0105057 0
0001110010 0.0414124 -3.14159
0001110011 0.0319214 0
0001110100 0.00549316 -3.14159
0001110101 0.00551224 -3.14159
0001110110 0.0377197 -3.14159
0001110111 0.010704 -3.14159
0001111000 0.00149727 -3.14159
0001111001 0.0278625 -3.14159
0001111010 0.0233765 0
0001111011 0.0222168 0
0001111100 0.0379333 -3.14159
0001111101 0.0447083 0
0001111110 0.00154877 -3.14159
0001111111 0.0448914 0
0010000000 0.0216675 0
0010000001 0.0256042 0
0010000010 0.00146675 -3.14159
0010000011 0.0103531 -3.14159
0010000100 0.0310211 -3.14159
0010000101 0.0341797 -3.14159
0010000110 0.033905 -3.14159
0010000111 0.0820312 -3.14159
0010001000 0.0258026 -3.14159
0010001001 0.0208282 0
0010001010 0.0125732 -3.14159
0010001011 0.0225372 -3.14159
0010001100 0.0380554 -3.14159
0010001101 0.0290985 -3.14159
0010001110 0.0173035 0
0010001111 0.0196228 -3.14159
0010010000 0.0753174 -3.14159
0010010001 0.0317688 -3.14159
0010010010 0.012825 -3.14159
0010010011 0.0215149 -3.14159
0010010100 0.0447693 -3.14159
0010010101 0.0232544 -3.14159
0010010110 0.00262642 0
0010010111 0.00219917 -3.14159
0010011000 0.0155106 0
0010011001 0.0476379 -3.14159
0010011010 0.0302277 0
0010011011 0.0275879 0
0010011100 0.0357056 0
0010011101 0.0527344 0
0010011110 0.0108109 -3.14159
0010011111 0.0180664 0
0010100000 0.020874 -3.14159
0010100001 0.0133438 0
0010100010 0.0745239 -3.14159
0010100011 0.0252228 -3.14159
0010100100 0.00300217 -3.14159
0010100101 0.0049057 -3.14159
0010100110 0.032196 0
0010100111 0.0316162 0
0010101000 0.0154572 0
0010101001 0.00577545 0
0010101010 0.0283508 -3.14159
0010101011 0.0304108 -3.14159
0010101100 0.0396729 -3.14159
0010101101 0.0523987 0
0010101110 0.000197411 0
0010101111 0.0129929 0
0010110000 0.000760078 -3.14159
0010110001 0.00653458 -3.14159
0010110010 0.0132675 0
0010110011 0.00580597 0
0010110100 0.0151672 0
0010110101 0.0144501 0
0010110110 0.00650024 0
0010110111 0.00815582 -3.14159
0010111000 0.0161896 0
0010111001 0.0129471 0
0010111010 0.00598907 -3.14159
0010111011 0.0360718 0
0010111100 0.00905609 -3.14159
0010111101 0.0163116 -3.14159
0010111110 0.0211945 0
0010111111 0.00398636 -3.14159
0011000000 0.0309906 -3.14159
0011000001 0.0191956 0
0011000010 0.0455322 0
0011000011 0.029068 0
0011000100 0.0135803 -3.14159
0011000101 0.00737762 0
0011000110 0.0079422 -3.14159
0011000111 0.0314636 -3.14159
0011001000 0.0447083 0
0011001001 0.0012188 0
0011001010 0.0395813 0
0011001011 0.0553894 -3.14159
0011001100 0.0138092 -3.14159
0011001101 0.0249481 -3.14159
0011001110 0.102905 0
0011001111 0.00113583 0
0011010000 0.00737381 -3.14159
0011010001 0.00495148 0
0011010010 0.000925064 0
0011010011 0.0440674 -3.14159
0011010100 0.0121841 -3.14159
0011010101 0.030838 -3.14159
0011010110 0.000741482 0
0011010111 0.0236359 0
0011011000 0.00914764 0
0011011001 0.0275879 -3.14159
0011011010 0.00791931 0
0011011011 0.0197144 -3.14159
0011011100 0.0148315 -3.14159
0011011101 0.0269928 -3.14159
0011011110 0.0220642 0
0011011111 0.0499268 0
0011100000 0.0262146 0
0011100001 0.030304 -3.14159
0011100010 0.0186005 0
0011100011 0.0204926 -3.14159
0011100100 0.0339661 -3.14159
0011100101 0.00337791 0
0011100110 0.0247803 0
0011100111 0.0499268 0
0011101000 0.048584 -3.14159
0011101001 0.0119705 0
0011101010 0.0294647 0
0011101011 0.020752 0
0011101100 0.016571 -3.14159
0011101101 0.0185394 0
0011101110 0.0565796 -3.14159
0011101111 0.0120621 -3.14159
0011110000 0.0238953 -3.14159
0011110001 0.0191803 0
0011110010 0.0299988 0
0011110011 0.0379639 0
0011110100 0.0375366 -3.14159
0011110101 0.0335693 0
0011110110 0.0349121 -3.14159
0011110111 0.0415649 0
0011111000 0.00529861 -3.14159
0011111001 0.0367737 -3.14159
0011111010 0.01017 0
0011111011 0.0397644 -3.14159
0011111100 0.0204773 -3.14159
0011111101 0.00712585 -3.14159
0011111110 0.0279541 0
0011111111 0.00534058 0
0100000000 0.00314331 -3.14159
0100000001 0.0238647 -3.14159
0100000010 0.0223236 -3.14159
0100000011 0.0193787 0
0100000100 0.0731201 -3.14159
0100000101 0.0350647 0
0100000110 0.0390625 0
0100000111 0.0502625 -3.14159
0100001000 0.0219879 0
0100001001 0.00422668 0
0100001010 0.0171661 0
0100001011 0.0221405 -3.14159
0100001100 0.00878143 0
0100001101 0.0449524 -3.14159
0100001110 0.0278015 0
0100001111 0.0148849 -3.14159
0100010000 0.0392761 0
0100010001 0.0723267 -3.14159
0100010010 0.020813 0
0100010011 0.00862122 -3.14159
0100010100 0.090332 -3.14159
0100010101 0.0602417 -3.14159
0100010110 0.00265121 0
0100010111 0.0661621 -3.14159
0100011000 0.0407715 -3.14159
0100011001 0.0411377 0
0100011010 0.00643158 -3.14159
0100011011 0.0194244 0
0100011100 0.000529766 0
0100011101 0.0152969 -3.14159
0100011110 0.00535965 0
0100011111 0.0143051 0
0100100000 0.0114288 0
0100100001 0.055603 0
0100100010 0.0118256 -3.14159
0100100011 0.0281219 0
0100100100 0.0047493 -3.14159
0100100101 0.00606918 -3.14159
0100100110 0.0926514 0
0100100111 0.0210114 -3.14159
0100101000 0.0299683 0
0100101001 0.0219727 -3.14159
0100101010 0.00524521 0
0100101011 0.0549316 0
0100101100 0.0168762 -3.14159
0100101101 0.00156212 0
0100101110 0.0345154 -3.14159
0100101111 0.0351562 0
0100110000 0.0425415 0
0100110001 0.00735855 0
0100110010 0.00623703 -3.14159
0100110011 0.0647583 -3.14159
0100110100 0.0414734 0
0100110101 0.0272522 0
0100110110 0.0010767 -3.14159
0100110111 0.0113525 0
0100111000 0.0124512 0
0100111001 0.0162811 0
0100111010 0.00351524 -3.14159
0100111011 0.00998688 0
0100111100 0.0168915 -3.14159
0100111101 0.0345764 0
0100111110 0.022934 0
0100111111 0.0135193 -3.14159
0101000000 0.000602245 -3.14159
0101000001 0.022995 -3.14159
0101000010 0.0448608 -3.14159
0101000011 0.0153961 -3.14159
0101000100 0.000903606 0
0101000101 0.0628662 0
0101000110 0.0178528 -3.14159
0101000111 0.0280151 0
0101001000 0.0306854 -3.14159
0101001001 0.0499573 -3.14159
0101001010 0.00728226 -3.14159
0101001011 0.019577 0
0101001100 0.00914001 -3.14159
0101001101 0.0137024 -3.14159
0101001110 0.00584793 0
0101001111 0.0205994 0
0101010000 0.00456619 0
0101010001 0.0351257 0
0101010010 0.0143051 -3.14159
0101010011 0.0270386 -3.14159
0101010100 0.0343628 -3.14159
0101010101 0.0213318 0
0101010110 0.00995636 -3.14159
0101010111 0.0205231 0
0101011000 0.0237274 0
0101011001 0.00803375 0
0101011010 0.0013113 0
0101011011 0.0211792 -3.14159
0101011100 0.0108032 -3.14159
0101011101 0.000174046 -3.14159
0101011110 0.0254364 -3.14159
0101011111 0.00130177 0
0101100000 0.053833 -3.14159
0101100001 0.0096283 -3.14159
0101100010 0.0189362 0
0101100011 0.0484619 -3.14159
0101100100 0.0283203 -3.14159
0101100101 0.0111847 -3.14159
0101100110 0.0327454 -3.14159
0101100111 0.0148926 0
0101101000 0.0516052 0
0101101001 0.00614548 -3.14159
0101101010 0.0612793 -3.14159
0101101011 0.00940704 -3.14159
0101101100 0.0366821 0
0101101101 0.0453796 0
0101101110 0.0379028 -3.14159
0101101111 0.0280457 -3.14159
0101110000 0.0189209 0
0101110001 0.026413 -3.14159
0101110010 0.0364075 -3.14159
0101110011 0.00639725 0
0101110100 0.0169067 -3.14159
0101110101 8.70824e-05 -3.14159
0101110110 0.0335693 -3.14159
0101110111 0.0269165 0
0101111000 7.31945e-05 0
0101111001 0.00205421 0
0101111010 0.00547028 -3.14159
0101111011 0.00251007 -3.14159
0101111100 0.0215912 0
0101111101 0.00583267 0
0101111110 0.00685501 0
0101111111 0.0508423 0
0110000000 0.0287933 -3.14159
0110000001 0.0404968 -3.14159
0110000010 0.00183868 -3.14159
0110000011 0.0228424 0
0110000100 0.0219116 -3.14159
0110000101 0.0174255 0
0110000110 0.0197296 0
0110000111 0.0472412 -3.14159
0110001000 0.00913239 -3.14159
0110001001 0.0276489 0
0110001010 0.0269012 0
0110001011 0.034729 -3.14159
0110001100 0.0333862 0
0110001101 0.0450439 -3.14159
0110001110 0.0106659 0
0110001111 0.00125599 0
0110010000 0.0485229 0
0110010001 0.0344543 -3.14159
0110010010 0.058075 0
0110010011 0.0246735 0
0110010100 0.00889587 0
0110010101 0.0587463 -3.14159
0110010110 0.0474548 0
0110010111 0.0305939 0
0110011000 0.014183 -3.14159
0110011001 0.0834351 -3.14159
0110011010 0.00362396 -3.14159
0110011011 0.0143814 -3.14159
0110011100 0.0220642 0
0110011101 0.0408325 -3.14159
0110011110 0.000199437 0
0110011111 0.0482483 0
0110100000 0.0301819 0
0110100001 0.00382042 0
0110100010 0.00569534 0
0110100011 0.00654221 0
0110100100 0.011116 0
0110100101 0.0532532 0
0110100110 0.00957489 -3.14159
0110100111 0.0518799 0
0110101000 0.0105515 -3.14159
0110101001 0.0228271 0
0110101010 0.0311432 0
0110101011 0.0148849 0
0110101100 0.0463562 -3.14159
0110101101 0.00955963 0
0110101110 0.033844 0
0110101111 0.00841522 -3.14159
0110110000 0.00754166 0
0110110001 0.053833 0
0110110010 0.0122833 0
0110110011 0.0249786 0
0110110100 0.0186768 -3.14159
0110110101 0.045105 0
0110110110 0.0309601 0
0110110111 0.0250549 -3.14159
0110111000 0.0421143 -3.14159
0110111001 0.02565 0
0110111010 0.011322 0
0110111011 0.0835571 0
0110111100 0.0212555 -3.14159
0110111101 0.0548096 -3.14159
0110111110 0.0257721 0
0110111111 0.00266838 -3.14159
0111000000 0.000193 -3.14159
0111000001 0.00451279 0
0111000010 0.0229034 0
0111000011 0.0171661 -3.14159
0111000100 0.00945282 -3.14159
0111000101 0.0291595 -3.14159
0111000110 0.0110474 -3.14159
0111000111 0.051178 -3.14159
0111001000 0.0383606 0
0111001001 0.0464783 -3.14159
0111001010 0.0250702 0
0111001011 0.0147247 0
0111001100 0.00113773 0
0111001101 0.0456543 -3.14159
0111001110 0.0452576 0
0111001111 0.00710297 -3.14159
0111010000 0.00754547 0
0111010001 0.00482559 0
0111010010 0.055481 0
0111010011 0.0249786 0
0111010100 0.00291443 0
0111010101 0.00639725 0
0111010110 0.0472412 0
0111010111 0.0116272 0
0111011000 0.00147629 0
0111011001 0.0193024 -3.14159
0111011010 0.00363159 0
0111011011 0.0116501 -3.14159
0111011100 0.0106812 0
0111011101 0.00651932 0
0111011110 0.054657 -3.14159
0111011111 0.000726223 0
0111100000 0.0327759 0
0111100001 0.0123215 0
0111100010 0.00365257 0
0111100011 0.0188751 -3.14159
0111100100 0.00254822 0
0111100101 0.022995 0
0111100110 0.0156174 -3.14159
0111100111 0.00993347 0
0111101000 0.0600281 -3.14159
0111101001 0.0238953 0
0111101010 0.00450897 -3.14159
0111101011 0.000999451 0
0111101100 0.0219879 -3.14159
0111101101 0.0678711 -3.14159
0111101110 0.016098 0
0111101111 0.0325623 0
0111110000 0.00523376 0
0111110001 0.00330734 -3.14159
0111110010 0.0387573 -3.14159
0111110011 0.0135803 -3.14159
0111110100 0.0554199 -3.14159
0111110101 0.0375061 -3.14159
0111110110 0.00456619 0
0111110111 0.0140839 -3.14159
0111111000 0.0144501 0
0111111001 0.0411987 0
0111111010 0.0595093 -3.14159
0111111011 0.0378723 -3.14159
0111111100 0.0206451 -3.14159
0111111101 0.0223541 0
0111111110 0.0244293 -3.14159
0111111111 0.0318298 0
1000000000 0.0161896 -3.14159
1000000001 0.026123 -3.14159
1000000010 0.00598907 -3.14159
1000000011 0.023468 0
1000000100 0.0114288 0
1000000101 0.0256958 -3.14159
1000000110 0.000596046 -3.14159
1000000111 0.0158081 0
1000001000 0.0258331 -3.14159
1000001001 0.0517273 0
1000001010 0.00510406 -3.14159
1000001011 0.00351524 0
1000001100 0.0448914 -3.14159
1000001101 0.0206604 -3.14159
1000001110 0.0345764 0
1000001111 0.0129318 -3.14159
1000010000 0.00959015 -3.14159
1000010001 0.00804138 -3.14159
1000010010 0.0390625 -3.14159
1000010011 0.00423431 -3.14159
1000010100 0.0610657 0
1000010101 0.0260468 -3.14159
1000010110 0.0194244 0
1000010111 0.0125122 0
1000011000 0.0519714 0
1000011001 0.0831909 -3.14159
1000011010 0.00917816 0
1000011011 0.0061264 0
1000011100 0.0146484 0
1000011101 0.0619812 0
1000011110 0.0149231 0
1000011111 0.0130005 -3.14159
1000100000 0.0181274 -3.14159
1000100001 0.0132217 0
1000100010 0.00891876 0
1000100011 0.0305634 0
1000100100 0.0287628 -3.14159
1000100101 0.0463562 -3.14159
1000100110 0.0213776 -3.14159
1000100111 0.0387573 -3.14159
1000101000 0.0031395 0
1000101001 0.00589371 0
1000101010 0.0125122 0
1000101011 0.026825 0
1000101100 0.0124969 -3.14159
1000101101 0.0465393 -3.14159
1000101110 0.0374756 -3.14159
1000101111 0.0185089 -3.14159
1000110000 0.0118179 -3.14159
1000110001 0.00424194 -3.14159
1000110010 0.00940704 0
1000110011 0.00939178 -3.14159
1000110100 0.00708389 -3.14159
1000110101 0.00822449 0
1000110110 0.0280609 0
1000110111 0.0395813 0
1000111000 0.0633545 -3.14159
1000111001 0.0157166 0
1000111010 0.00941467 -3.14159
1000111011 0.00653076 0
1000111100 0.0370789 0
1000111101 0.00443268 0
1000111110 0.0354614 0
1000111111 0.00465012 0
1001000000 0.00694656 0
1001000001 0.0098877 -3.14159
1001000010 0.0153809 -3.14159
1001000011 0.0131912 0
1001000100 0.0202637 -3.14159
1001000101 0.0078125 0
1001000110 0.0229797 -3.14159
1001000111 0.0466614 -3.14159
1001001000 0.0464478 0
1001001001 0.0113144 -3.14159
1001001010 0.000703335 0
1001001011 0.0160217 0
1001001100 0.0162354 0
1001001101 0.00402451 0
1001001110 0.0163879 0
1001001111 0.0477295 -3.14159
1001010000 0.0531006 0
1001010001 0.00791931 0
1001010010 0.0672607 -3.14159
1001010011 0.0333862 -3.14159
1001010100 0.00952911 0
1001010101 0.00298119 -3.14159
1001010110 0.00734711 0
1001010111 0.0354614 0
1001011000 0.0491028 -3.14159
1001011001 0.00347137 -3.14159
1001011010 0.0250397 0
1001011011 0.00997162 -3.14159
1001011100 0.0283661 -3.14159
1001011101 0.0376587 0
1001011110 0.0361938 0
1001011111 0.00836182 -3.14159
1001100000 0.0178223 -3.14159
1001100001 0.0219116 0
1001100010 0.00130653 -3.14159
1001100011 0.00484848 -3.14159
1001100100 0.0448608 -3.14159
1001100101 0.0316772 0
1001100110 0.00243568 -3.14159
1001100111 0.0874023 0
1001101000 0.0381165 0
1001101001 0.00614166 -3.14159
1001101010 0.00645065 0
1001101011 0.00374985 -3.14159
1001101100 0.00577545 0
1001101101 0.0611267 0
1001101110 0.0206451 0
1001101111 0.0704346 0
1001110000 0.0364685 0
1001110001 0.0410461 -3.14159
1001110010 0.00627899 -3.14159
1001110011 0.00535202 0
1001110100 0.0222778 -3.14159
1001110101 0.0184631 0
1001110110 0.0554504 0
1001110111 0.0106277 -3.14159
1001111000 0.00537109 0
1001111001 0.0186005 -3.14159
1001111010 0.0158386 0
1001111011 0.0304108 -3.14159
1001111100 0.0157623 -3.14159
1001111101 0.00674057 -3.14159
1001111110 0.0297089 -3.14159
1001111111 0.00598145 -3.14159
1010000000 0.0044136 -3.14159
1010000001 0.031189 -3.14159
1010000010 0.0357666 -3.14159
1010000011 0.0420837 -3.14159
1010000100 0.00680923 -3.14159
1010000101 0.0561829 0
1010000110 0.0405273 0
1010000111 0.046051 -3.14159
1010001000 0.0231476 -3.14159
1010001001 0.0774536 0
1010001010 0.0406799 -3.14159
1010001011 0.0185547 0
1010001100 0.0135193 0
1010001101 0.0139236 0
1010001110 0.0334473 -3.14159
1010001111 0.00138378 0
1010010000 0.0233459 0
1010010001 0.0254669 -3.14159
1010010010 0.0105286 -3.14159
1010010011 0.00166798 0
1010010100 0.0123978 -3.14159
1010010101 0.0193634 0
1010010110 0.011116 -3.14159
1010010111 0.00603104 0
1010011000 0.0176544 0
1010011001 0.0705566 0
1010011010 0.0105515 0
1010011011 0.00530624 0
1010011100 0.0213776 -3.14159
1010011101 0.0270081 0
1010011110 0.0103378 0
1010011111 0.00905609 -3.14159
1010100000 0.0417175 -3.14159
1010100001 0.0202637 0
1010100010 0.0135498 -3.14159
1010100011 0.015625 -3.14159
1010100100 0.0468445 -3.14159
1010100101 0.0463257 0
1010100110 0.0143967 0
1010100111 0.0296021 0
1010101000 0.0322876 -3.14159
1010101001 0.00437927 0
1010101010 0.016037 0
1010101011 0.104309 0
1010101100 0.0259857 0
1010101101 0.00827026 0
1010101110 0.0148392 -3.14159
1010101111 0.0300446 -3.14159
1010110000 0.046051 0
1010110001 0.042511 -3.14159
1010110010 0.0255127 -3.14159
1010110011 0.0322266 0
1010110100 0.00638199 0
1010110101 0.00357437 0
1010110110 0.00476456 0
1010110111 0.0137482 -3.14159
1010111000 0.00671387 -3.14159
1010111001 0.0400085 0
1010111010 0.0392151 -3.14159
1010111011 0.00350571 0
1010111100 0.013855 -3.14159
1010111101 0.0264587 0
1010111110 0.03479 -3.14159
1010111111 0.0236359 -3.14159
1011000000 0.0231018 0
1011000001 0.0245056 -3.14159
1011000010 0.00260162 0
1011000011 0.00307274 0
1011000100 0.0345764 0
1011000101 0.0418701 0
1011000110 0.0606384 -3.14159
1011000111 0.00598907 -3.14159
1011001000 0.0488892 -3.14159
1011001001 0.025589 0
1011001010 0.00497818 0
1011001011 0.00467682 -3.14159
1011001100 0.0234985 0
1011001101 0.0298309 0
1011001110 0.0236511 -3.14159
1011001111 0.0315552 -3.14159
1011010000 0.00990295 0
1011010001 0.043396 -3.14159
1011010010 0.00647736 0
1011010011 0.0156708 -3.14159
1011010100 0.0029068 -3.14159
1011010101 0.0635376 -3.14159
1011010110 0.0214844 -3.14159
1011010111 0.0488281 -3.14159
1011011000 0.0124588 -3.14159
1011011001 0.020462 0
1011011010 0.0144806 -3.14159
1011011011 0.0102081 -3.14159
1011011100 0.0157623 -3.14159
1011011101 0.0232544 0
1011011110 0.0393066 -3.14159
1011011111 0.0267029 -3.14159
1011100000 0.0183563 0
1011100001 0.00205612 -3.14159
1011100010 0.00082159 0
1011100011 0.053894 0
1011100100 0.061615 0
1011100101 0.0135956 0
1011100110 0.0124817 0
1011100111 0.0210266 0
1011101000 0.041748 0
1011101001 0.00766754 -3.14159
1011101010 0.00471115 0
1011101011 0.0130234 -3.14159
1011101100 0.0314331 0
1011101101 0.0196838 -3.14159
1011101110 0.0263214 0
1011101111 0.104858 0
1011110000 0.0188141 0
1011110001 0.0157166 -3.14159
1011110010 0.0199127 0
1011110011 0.00730896 -3.14159
1011110100 0.0168304 -3.14159
1011110101 0.0418091 0
1011110110 0.0621338 -3.14159
1011110111 0.0363159 -3.14159
1011111000 0.0188141 0
1011111001 0.0389709 -3.14159
1011111010 0.00905609 0
1011111011 0.0162354 -3.14159
1011111100 0.0600281 0
1011111101 0.0349731 0
1011111110 0.055603 0
1011111111 0.0085907 0
1100000000 0.016861 -3.14159
1100000001 0.0443115 0
1100000010 0.00701141 -3.14159
1100000011 0.0118103 0
1100000100 0.0316772 -3.14159
1100000101 0.00524139 -3.14159
1100000110 0.000802517 -3.14159
1100000111 0.0207977 0
1100001000 0.0085907 -3.14159
1100001001 0.00860596 0
1100001010 0.00411224 0
1100001011 0.000148535 0
1100001100 0.00554276 0
1100001101 0.000398874 -3.14159
1100001110 0.029892 0
1100001111 0.0285187 0
1100010000 0.0722046 0
1100010001 0.0228577 0
1100010010 0.00456619 -3.14159
1100010011 0.0726318 -3.14159
1100010100 0.000204802 -3.14159
1100010101 0.048584 -3.14159
1100010110 0.0237122 -3.14159
1100010111 0.0571594 0
1100011000 0.0418091 -3.14159
1100011001 0.0150604 -3.14159
1100011010 0.00466537 0
1100011011 0.00547409 0
1100011100 0.00369263 -3.14159
1100011101 0.0107651 0
1100011110 0.00775909 -3.14159
1100011111 0.0198669 -3.14159
1100100000 0.0136566 0
1100100001 0.040802 -3.14159
1100100010 0.025528 0
1100100011 0.0118027 0
1100100100 0.00804901 0
1100100101 0.0527649 -3.14159
1100100110 0.015007 0
1100100111 4.85778e-05 0
1100101000 0.0190887 -3.14159
1100101001 0.0396729 0
1100101010 0.0419312 0
1100101011 0.0410461 0
1100101100 0.0281677 -3.14159
1100101101 0.0305634 -3.14159
1100101110 0.0812988 0
1100101111 0.00248146 0
1100110000 0.0102997 0
1100110001 0.00989532 -3.14159
1100110010 0.0494385 0
1100110011 0.0213623 -3.14159
1100110100 0.0157623 0
1100110101 0.00450897 -3.14159
1100110110 0.0439148 0
1100110111 0.0121841 -3.14159
1100111000 0.0138245 -3.14159
1100111001 0.0234833 0
1100111010 0.00610733 -3.14159
1100111011 0.0641479 -3.14159
1100111100 0.0231781 -3.14159
1100111101 0.0263519 -3.14159
1100111110 0.0327148 -3.14159
1100111111 0.0213623 -3.14159
1101000000 0.0925903 0
1101000001 0.0155487 -3.14159
1101000010 0.0142822 -3.14159
1101000011 0.0209503 -3.14159
1101000100 0.0392151 0
1101000101 0.0562744 0
1101000110 0.0397034 0
1101000111 0.0125961 -3.14159
1101001000 0.0578308 0
1101001001 0.00996399 0
1101001010 0.0122528 -3.14159
1101001011 0.0199127 0
1101001100 0.0023613 -3.14159
1101001101 0.028183 0
1101001110 0.004776 -3.14159
1101001111 0.00666046 0
1101010000 0.0130386 0
1101010001 0.00752258 -3.14159
1101010010 0.0214081 0
1101010011 0.0478516 0
1101010100 0.00349998 -3.14159
1101010101 0.00956726 0
1101010110 0.0106659 0
1101010111 0.0309601 0
1101011000 0.0191193 -3.14159
1101011001 0.0195465 0
1101011010 0.0390625 0
1101011011 0.00158882 0
1101011100 0.00011152 -3.14159
1101011101 0.0314636 0
1101011110 0.0290222 -3.14159
1101011111 0.0538635 -3.14159
1101100000 0.00480652 0
1101100001 0.0122223 -3.14159
1101100010 0.0125122 -3.14159
1101100011 0.0332336 0
1101100100 0.0215454 -3.14159
1101100101 0.0413513 -3.14159
1101100110 0.00118637 -3.14159
1101100111 0.0238495 0
1101101000 0.019928 0
1101101001 0.0305939 0
1101101010 0.016922 0
1101101011 0.00749969 0
1101101100 0.0297699 -3.14159
1101101101 0.000932693 -3.14159
1101101110 0.0204926 0
1101101111 0.0426941 -3.14159
1101110000 0.0193329 -3.14159
1101110001 0.0428162 0
1101110010 0.00100613 -3.14159
1101110011 0.0430603 -3.14159
1101110100 0.0209045 -3.14159
1101110101 0.0254364 0
1101110110 0.0307007 -3.14159
1101110111 0.0377502 -3.14159
1101111000 0.0779419 -3.14159
1101111001 0.000361919 -3.14159
1101111010 0.0142517 0
1101111011 0.0369263 -3.14159
1101111100 0.0408325 0
1101111101 0.0342712 -3.14159
1101111110 0.0091629 0
1101111111 0.0188599 -3.14159
1110000000 0.000967026 -3.14159
1110000001 0.0371399 0
1110000010 0.0702515 0
1110000011 0.0199585 -3.14159
1110000100 0.0119858 -3.14159
1110000101 0.0314331 0
1110000110 0.0360718 -3.14159
1110000111 0.0409851 0
1110001000 0.00227547 -3.14159
1110001001 0.0164032 0
1110001010 0.014061 0
1110001011 0.00193024 0
1110001100 0.00478363 -3.14159
1110001101 0.0488281 0
1110001110 0.0314636 0
1110001111 0.0158844 0
1110010000 0.000956059 0
1110010001 0.0154419 0
1110010010 0.00571823 -3.14159
1110010011 0.0344849 0
1110010100 0.0331726 -3.14159
1110010101 0.0423584 -3.14159
1110010110 0.0419312 0
1110010111 0.0303345 -3.14159
1110011000 0.0029335 0
1110011001 0.0133133 -3.14159
1110011010 0.00803375 0
1110011011 0.0302887 -3.14159
1110011100 0.0203094 0
1110011101 0.00165844 -3.14159
1110011110 0.014595 -3.14159
1110011111 0.0852051 0
1110100000 0.0391541 0
1110100001 0.0157318 -3.14159
1110100010 0.046051 -3.14159
1110100011 0.00655365 -3.14159
1110100100 0.00764084 -3.14159
1110100101 0.0296326 0
1110100110 0.0391541 -3.14159
1110100111 0.0117722 0
1110101000 0.020752 -3.14159
1110101001 0.022995 0
1110101010 0.0216064 0
1110101011 0.00747681 0
1110101100 0.0280304 0
1110101101 0.00703049 -3.14159
1110101110 0.00354385 0
1110101111 0.00455093 0
1110110000 0.0140076 0
1110110001 0.0046196 -3.14159
1110110010 0.0388184 -3.14159
1110110011 0.0692139 -3.14159
1110110100 0.00572586 0
1110110101 0.0639648 -3.14159
1110110110 0.01371 0
1110110111 0.0296936 -3.14159
1110111000 0.0293884 -3.14159
1110111001 0.114624 -3.14159
1110111010 0.0439148 -3.14159
1110111011 0.0275574 0
1110111100 0.0295868 -3.14159
1110111101 0.015152 0
1110111110 0.0200043 -3.14159
1110111111 0.0496826 -3.14159
1111000000 0.048645 0
1111000001 0.0400085 -3.14159
1111000010 0.050415 0
1111000011 0.0224762 -3.14159
1111000100 0.0371094 -3.14159
1111000101 0.0351868 -3.14159
1111000110 0.0472412 0
1111000111 0.0136566 -3.14159
1111001000 0.00744247 -3.14159
1111001001 0.032074 -3.14159
1111001010 0.000754833 -3.14159
1111001011 0.0252838 0
1111001100 0.0168304 -3.14159
1111001101 0.0165558 -3.14159
1111001110 0.0214844 0
1111001111 0.0944824 0
1111010000 0.00152302 -3.14159
1111010001 0.0322876 -3.14159
1111010010 0.00492859 -3.14159
1111010011 0.0129013 0
1111010100 0.0121307 0
1111010101 0.00613022 -3.14159
1111010110 0.00524139 0
1111010111 0.020813 0
1111011000 0.0233917 0
1111011001 0.00170898 -3.14159
1111011010 0.0499268 -3.14159
1111011011 0.0243683 0
1111011100 0.00431061 -3.14159
1111011101 0.0141449 -3.14159
1111011110 0.0163879 -3.14159
1111011111 0.0144043 -3.14159
1111100000 0.0251465 0
1111100001 0.00259209 0
1111100010 0.000871658 -3.14159
1111100011 0.0524902 -3.14159
1111100100 0.00990295 0
1111100101 0.034729 -3.14159
1111100110 0.0441589 0
1111100111 0.014801 0
1111101000 0.00135326 0
1111101001 0.0161285 0
1111101010 0.0381775 -3.14159
1111101011 0.0419617 -3.14159
1111101100 0.0791016 0
1111101101 0.0281372 -3.14159
1111101110 0.0539246 0
1111101111 0.0509338 0
1111110000 0.0337524 -3.14159
1111110001 0.0648193 0
1111110010 0.0176086 -3.14159
1111110011 0.0345764 -3.14159
1111110100 0.0472107 -3.14159
1111110101 0.0508423 0
1111110110 0.0553894 -3.14159
1111110111 0.0381775 0
1111111000 0.0560303 -3.14159
1111111001 0.0307007 -3.14159
1111111010 0.0118103 -3.14159
1111111011 0.012825 -3.14159
1111111100 0.0386963 0
1111111101 0.0170135 0
1111111110 0.0236969 0
1111111111 0.0123367 0
