0000000000 0.0346069 -3.14159
0000000001 0.0150146 0
0000000010 0.017868 0
0000000011 0.00648499 -3.14159
0000000100 0.00162792 -3.14159
0000000101 0.0119247 -3.14159
0000000110 0.0145874 -3.14159
0000000111 0.0616455 -3.14159
0000001000 0.038269 -3.14159
0000001001 0.0227356 -3.14159
0000001010 0.0516663 -3.14159
0000001011 0.0368958 -3.14159
0000001100 0.0961914 -3.14159
0000001101 0.0256653 0
0000001110 0.01548 0
0000001111 0.0301361 0
0000010000 0.00715637 0
0000010001 0.0369873 -3.14159
0000010010 0.0223999 -3.14159
0000010011 0.0175171 -3.14159
0000010100 0.0103455 -3.14159
0000010101 0.0110474 0
0000010110 0.0388489 -3.14159
0000010111 0.0236511 -3.14159
0000011000 0.0207825 0
0000011001 0.000141978 -3.14159
0000011010 0.0177002 0
0000011011 0.0667725 -3.14159
0000011100 0.0196075 -3.14159
0000011101 0.0224915 0
0000011110 0.050415 0
0000011111 0.0294037 0
0000100000 0.0740356 -3.14159
0000100001 0.0221863 -3.14159
0000100010 0.0594788 -3.14159
0000100011 0.0324707 -3.14159
0000100100 0.0185699 -3.14159
0000100101 0.0267487 0
0000100110 0.0378723 -3.14159
0000100111 0.0233917 -3.14159
0000101000 0.00320053 0
0000101001 0.0361023 -3.14159
0000101010 0.00693512 0
0000101011 0.0165558 0
0000101100 0.0650635 -3.14159
0000101101 0.0438843 -3.14159
0000101110 0.0268097 -3.14159
0000101111 0.0147858 0
0000110000 0.0575256 0
0000110001 0.00571442 -3.14159
0000110010 0.0553894 -3.14159
0000110011 0.0203705 -3.14159
0000110100 0.000231504 0
0000110101 0.0218658 -3.14159
0000110110 0.00775528 0
0000110111 0.031189 0
0000111000 0.020752 -3.14159
0000111001 0.00999451 -3.14159
0000111010 0.000331163 -3.14159
0000111011 0.00039959 -3.14159
0000111100 0.0175171 -3.14159
0000111101 0.0136948 -3.14159
0000111110 0.000509739 0
0000111111 0.020874 0
0001000000 0.0519104 0
0001000001 0.0237122 0
0001000010 0.00649643 0
0001000011 0.00173569 -3.14159
0001000100 0.0202179 0
0001000101 0.0392456 -3.14159
0001000110 0.00567627 -3.14159
0001000111 0.00593185 0
0001001000 0.0474548 -3.14159
0001001001 0.0322876 0
0001001010 0.0160217 0
0001001011 0.0045433 -3.14159
0001001100 0.0338745 0
0001001101 0.00805664 -3.14159
0001001110 0.0110855 0
0001001111 0.017746 -3.14159
0001010000 0.0257416 0
0001010001 0.0244904 -3.14159
0001010010 0.0248413 -3.14159
0001010011 0.0338745 0
0001010100 0.0503235 0
0001010101 0.00709534 -3.14159
0001010110 0.00608826 0
0001010111 0.00618744 -3.14159
0001011000 0.0236511 -3.14159
0001011001 0.0383606 0
0001011010 0.0260925 -3.14159
0001011011 0.0176849 0
0001011100 0.0139923 0
0001011101 0.0285797 -3.14159
0001011110 0.0120087 -3.14159
0001011111 0.0440674 0
0001100000 0.0427246 -3.14159
0001100001 0.0120239 -3.14159
0001100010 0.0254211 -3.14159
0001100011 0.00971222 -3.14159
0001100100 0.0405273 -3.14159
0001100101 0.0204773 0
0001100110 0.00468445 0
0001100111 0.0577393 0
0001101000 0.026123 0
0001101001 0.0332031 0
0001101010 0.0246429 0
0001101011 0.0325012 -3.14159
0001101100 0.00235558 -3.14159
0001101101 0.0133514 -3.14159
0001101110 0.0184631 0
0001101111 0.00997925 0
0001110000 0.0105667 0
0001110001 0.0180359 -3.14159
0001110010 0.0103912 -3.14159
0001110011 0.035553 0
0001110100 0.011879 0
0001110101 0.0511169 -3.14159
0001110110 0.00377464 -3.14159
0001110111 0.0113602 -3.14159
0001111000 0.0161438 -3.14159
0001111001 0.031311 -3.14159
0001111010 0.00585556 -3.14159
0001111011 0.0621033 0
0001111100 0.0145035 0
0001111101 0.0546265 0
0001111110 0.0400085 -3.14159
0001111111 0.0324707 -3.14159
0010000000 0.0403442 0
0010000001 0.00180817 -3.14159
0010000010 0.0342102 0
0010000011 0.0635376 -3.14159
0010000100 0.00312424 0
0010000101 0.0249481 -3.14159
0010000110 0.00212097 -3.14159
0010000111 0.00336456 -3.14159
0010001000 0.0389709 -3.14159
0010001001 0.00595093 0
0010001010 0.0029335 0
0010001011 0.0350647 -3.14159
0010001100 0.0350342 0
0010001101 0.0236664 0
0010001110 0.0423279 0
0010001111 0.042572 -3.14159
0010010000 0.038269 -3.14159
0010010001 0.0201874 0
0010010010 0.0475769 0
0010010011 0.00718307 -3.14159
0010010100 0.0423584 -3.14159
0010010101 0.00630951 0
0010010110 0.000387669 0
0010010111 0.0302582 0
0010011000 0.0345459 -3.14159
0010011001 0.0161591 -3.14159
0010011010 0.0254059 0
0010011011 0.00995636 -3.14159
0010011100 0.0384216 -3.14159
0010011101 0.00343895 0
0010011110 0.00370979 -3.14159
0010011111 0.0266113 0
0010100000 0.0337219 0
0010100001 0.0448608 0
0010100010 0.0681152 -3.14159
0010100011 0.0161591 0
0010100100 0.00227547 0
0010100101 0.0114059 -3.14159
0010100110 0.0144348 0
0010100111 0.0509949 0
0010101000 0.0171661 -3.14159
0010101001 0.0106125 0
0010101010 0.0292358 0
0010101011 0.00151062 -3.14159
0010101100 0.00388145 0
0010101101 0.0273132 0
0010101110 0.0470886 0
0010101111 0.00276566 0
0010110000 0.016037 -3.14159
0010110001 0.0570374 -3.14159
0010110010 0.0302277 -3.14159
0010110011 0.0394287 0
0010110100 0.0133286 0
0010110101 0.0132294 -3.14159
0010110110 0.016922 -3.14159
0010110111 0.0870972 -3.14159
0010111000 0.0200806 -3.14159
0010111001 0.00873566 -3.14159
0010111010 0.00976562 0
0010111011 0.000744343 0
0010111100 0.0405273 0
0010111101 0.0367737 -3.14159
0010111110 0.0464783 0
0010111111 0.00521088 -3.14159
0011000000 0.0207672 0
0011000001 0.00280952 -3.14159
0011000010 0.0118942 0
0011000011 0.00983429 -3.14159
0011000100 0.00662231 0
0011000101 0.0466309 -3.14159
0011000110 0.0418396 0
0011000111 0.0142365 0
0011001000 0.0219116 0
0011001001 0.033905 -3.14159
0011001010 0.0792236 0
0011001011 0.00258255 0
0011001100 0.0367432 -3.14159
0011001101 0.0215302 -3.14159
0011001110 0.0352173 0
0011001111 0.0246887 0
0011010000 0.00317001 -3.14159
0011010001 0.0124054 -3.14159
0011010010 0.0393372 0
0011010011 0.00441742 -3.14159
0011010100 0.0224609 0
0011010101 0.00110626 -3.14159
0011010110 0.00411987 -3.14159
0011010111 0.0338745 0
0011011000 0.0643921 -3.14159
0011011001 0.0318298 0
0011011010 0.029541 0
0011011011 0.0247955 -3.14159
0011011100 0.0405273 0
0011011101 0.0534973 -3.14159
0011011110 0.0317688 -3.14159
0011011111 0.0341492 0
0011100000 9.47714e-05 0
0011100001 0.000467777 -3.14159
0011100010 0.010376 0
0011100011 0.0357666 -3.14159
0011100100 0.0252991 0
0011100101 0.0020771 0
0011100110 0.000410795 -3.14159
0011100111 0.022171 -3.14159
0011101000 0.0421143 -3.14159
0011101001 0.0194244 -3.14159
0011101010 0.0199432 -3.14159
0011101011 0.0553284 0
0011101100 0.00568008 -3.14159
0011101101 0.026062 0
0011101110 0.00650406 -3.14159
0011101111 0.0318909 0
0011110000 0.0130234 0
0011110001 0.04245 -3.14159
0011110010 0.0475159 0
0011110011 0.0812378 -3.14159
0011110100 0.0286865 -3.14159
0011110101 0.0282288 -3.14159
0011110110 0.0409851 0
0011110111 0.0210724 -3.14159
0011111000 0.0745239 0
0011111001 0.0131302 -3.14159
0011111010 0.00588608 0
0011111011 0.0115585 0
0011111100 0.021698 -3.14159
0011111101 0.0155411 0
0011111110 0.00498581 -3.14159
0011111111 0.0585022 0
0100000000 0.0551147 0
0100000001 0.01548 0
0100000010 0.00409317 0
0100000011 0.0283966 0
0100000100 0.0316772 0
0100000101 0.0301361 -3.14159
0100000110 0.0637817 0
0100000111 0.0828857 0
0100001000 0.0060463 0
0100001001 0.0513 -3.14159
0100001010 0.00167465 0
0100001011 0.0543823 -3.14159
0100001100 0.00950623 -3.14159
0100001101 0.00881195 -3.14159
0100001110 0.0101471 0
0100001111 0.00983429 -3.14159
0100010000 0.0994873 0
0100010001 0.0496216 -3.14159
0100010010 0.0118561 0
0100010011 0.000722408 -3.14159
0100010100 0.0342712 -3.14159
0100010101 0.0254364 -3.14159
0100010110 0.0223389 0
0100010111 0.0172272 0
0100011000 0.0146561 0
0100011001 0.0257721 0
0100011010 0.00285912 -3.14159
0100011011 0.0732422 -3.14159
0100011100 0.0243835 0
0100011101 0.0428162 0
0100011110 0.000431299 0
0100011111 0.0185547 0
0100100000 0.0504761 -3.14159
0100100001 0.00943756 0
0100100010 0.0508728 -3.14159
0100100011 0.0481873 0
0100100100 0.0256805 -3.14159
0100100101 0.0290985 0
0100100110 0.0313416 0
0100100111 0.0487671 -3.14159
0100101000 0.0422668 0
0100101001 0.0640259 -3.14159
0100101010 0.0139923 -3.14159
0100101011 0.0414429 0
0100101100 0.0130386 0
0100101101 0.00774002 -3.14159
0100101110 0.019043 0
0100101111 0.0103989 0
0100110000 0.0254974 0
0100110001 0.0172882 -3.14159
0100110010 0.00136566 -3.14159
0100110011 0.0449524 -3.14159
0100110100 0.0207062 -3.14159
0100110101 0.0255585 0
0100110110 0.03302 -3.14159
0100110111 0.0635986 -3.14159
0100111000 0.0167542 -3.14159
0100111001 0.030304 -3.14159
0100111010 0.0194397 -3.14159
0100111011 0.0424194 -3.14159
0100111100 0.000731945 0
0100111101 0.0032196 0
0100111110 0.0454712 0
0100111111 0.0155716 0
0101000000 0.00952148 0
0101000001 0.00389862 -3.14159
0101000010 0.0149536 -3.14159
0101000011 0.0142899 0
0101000100 0.0116959 0
0101000101 0.0567932 0
0101000110 0.0571289 -3.14159
0101000111 0.00283432 0
0101001000 0.0151443 -3.14159
0101001001 0.00602722 0
0101001010 0.0208282 0
0101001011 0.0189667 -3.14159
0101001100 0.00928497 -3.14159
0101001101 0.00221634 0
0101001110 0.00913239 0
0101001111 0.0152588 0
0101010000 0.0270386 0
0101010001 0.0329285 -3.14159
0101010010 0.0136032 0
0101010011 0.026947 -3.14159
0101010100 0.0292053 0
0101010101 0.0199585 0
0101010110 0.0191956 0
0101010111 0.0096817 0
0101011000 0.0126114 0
0101011001 0.0207977 0
0101011010 0.0158386 0
0101011011 0.0534363 -3.14159
0101011100 0.0267639 0
0101011101 0.0821533 0
0101011110 0.0324097 0
0101011111 0.0140915 0
0101100000 0.0160675 -3.14159
0101100001 0.0220642 -3.14159
0101100010 0.00503922 0
0101100011 0.00149345 -3.14159
0101100100 0.00241852 0
0101100101 0.0194092 0
0101100110 0.00826263 0
0101100111 0.0379333 -3.14159
0101101000 0.0151291 -3.14159
0101101001 0.018692 -3.14159
0101101010 0.0352478 0
0101101011 0.0471802 0
0101101100 0.000788689 -3.14159
0101101101 0.0605164 -3.14159
0101101110 0.0310822 -3.14159
0101101111 0.0189819 0
0101110000 0.0138855 -3.14159
0101110001 0.0223846 -3.14159
0101110010 0.0385437 -3.14159
0101110011 0.012558 -3.14159
0101110100 0.00762177 -3.14159
0101110101 0.0101395 0
0101110110 0.000524521 0
0101110111 0.026535 0
0101111000 0.000696659 -3.14159
0101111001 0.00473785 0
0101111010 0.0233765 0
0101111011 0.00839233 -3.14159
0101111100 0.0125122 -3.14159
0101111101 0.0585022 -3.14159
0101111110 0.0185089 0
0101111111 0.0541077 0
0110000000 0.021637 -3.14159
0110000001 0.0561523 0
0110000010 0.0341187 -3.14159
0110000011 0.038269 0
0110000100 0.0497131 -3.14159
0110000101 0.0588074 0
0110000110 0.0355225 0
0110000111 0.0154114 -3.14159
0110001000 0.0197449 -3.14159
0110001001 0.0418091 -3.14159
0110001010 0.0227051 -3.14159
0110001011 0.0257568 -3.14159
0110001100 0.00615311 -3.14159
0110001101 0.0174866 -3.14159
0110001110 0.0210114 -3.14159
0110001111 0.0357971 0
0110010000 0.00844574 0
0110010001 0.0346375 -3.14159
0110010010 0.0228882 0
0110010011 0.00358391 0
0110010100 0.0393066 -3.14159
0110010101 0.0494385 -3.14159
0110010110 0.0182343 -3.14159
0110010111 0.0206604 0
0110011000 0.0123749 -3.14159
0110011001 0.0419006 -3.14159
0110011010 0.00160313 0
0110011011 0.0614624 0
0110011100 0.0166931 0
0110011101 0.0196991 -3.14159
0110011110 0.0548096 0
0110011111 0.000831604 -3.14159
0110100000 0.0305634 0
0110100001 0.0201111 0
0110100010 0.0448608 -3.14159
0110100011 0.014389 -3.14159
0110100100 0.0551147 0
0110100101 0.0485229 0
0110100110 0.0108948 0
0110100111 0.00661469 0
0110101000 0.0414124 -3.14159
0110101001 0.0416565 0
0110101010 0.0144653 0
0110101011 0.0173798 -3.14159
0110101100 0.0223694 -3.14159
0110101101 0.00450134 0
0110101110 0.0414429 0
0110101111 0.0349121 0
0110110000 0.0145874 -3.14159
0110110001 0.0619812 -3.14159
0110110010 0.0169678 0
0110110011 0.0255737 0
0110110100 0.0706787 0
0110110101 0.042511 0
0110110110 0.0476685 0
0110110111 0.00106621 0
0110111000 0.0319824 -3.14159
0110111001 0.0131378 0
0110111010 0.0273438 0
0110111011 0.076355 0
0110111100 0.027832 -3.14159
0110111101 0.0512085 -3.14159
0110111110 0.0275116 0
0110111111 0.0110855 0
0111000000 0.0226593 0
0111000001 0.0334778 -3.14159
0111000010 0.000546932 -3.14159
0111000011 0.0340271 0
0111000100 0.0292816 0
0111000101 0.0257874 -3.14159
0111000110 0.0198669 -3.14159
0111000111 0.0115891 0
0111001000 0.0308533 0
0111001001 0.0286255 -3.14159
0111001010 0.0226135 0
0111001011 0.0112762 -3.14159
0111001100 0.0258942 0
0111001101 0.00535583 -3.14159
0111001110 0.00201225 0
0111001111 0.0398254 0
0111010000 0.0139694 0
0111010001 0.0285339 0
0111010010 0.040863 0
0111010011 0.0537415 0
0111010100 0.0296783 -3.14159
0111010101 0.00983429 -3.14159
0111010110 0.0336609 0
0111010111 0.0276642 0
0111011000 0.0133972 -3.14159
0111011001 0.00260544 0
0111011010 0.0146027 0
0111011011 0.00498199 -3.14159
0111011100 0.00196648 0
0111011101 0.0149689 -3.14159
0111011110 0.0199432 0
0111011111 0.0427856 0
0111100000 0.0361938 -3.14159
0111100001 0.0297089 0
0111100010 0.0133514 0
0111100011 0.0396423 0
0111100100 0.0542603 0
0111100101 0.0891113 -3.14159
0111100110 0.00960541 -3.14159
0111100111 0.0411682 0
0111101000 0.0378418 -3.14159
0111101001 0.0311432 -3.14159
0111101010 0.0218658 -3.14159
0111101011 0.00669479 -3.14159
0111101100 0.00573349 0
0111101101 0.0190887 -3.14159
0111101110 0.0377808 0
0111101111 0.0111847 0
0111110000 0.00107574 0
0111110001 0.052887 -3.14159
0111110010 0.0778198 0
0111110011 0.0717163 -3.14159
0111110100 0.0253296 -3.14159
0111110101 0.0308228 -3.14159
0111110110 0.0154953 0
0111110111 0.0175781 0
0111111000 0.0492554 -3.14159
0111111001 0.0111389 0
0111111010 0.0124283 0
0111111011 0.0133896 -3.14159
0111111100 0.0119095 -3.14159
0111111101 0.0383911 0
0111111110 0.0187225 -3.14159
0111111111 0.0293121 0
1000000000 0.0225677 -3.14159
1000000001 0.0440674 -3.14159
1000000010 0.0151138 0
1000000011 0.0326538 -3.14159
1000000100 0.0431213 0
1000000101 0.029007 0
1000000110 0.025528 0
1000000111 0.0163879 -3.14159
1000001000 0.0161133 0
1000001001 0.00769043 -3.14159
1000001010 0.0230408 -3.14159
1000001011 0.0210571 -3.14159
1000001100 0.0197906 -3.14159
1000001101 0.0397034 -3.14159
1000001110 0.0544739 -3.14159
1000001111 0.0177917 0
1000010000 0.0242004 0
1000010001 0.0398254 -3.14159
1000010010 0.0102692 -3.14159
1000010011 0.0171661 0
1000010100 0.0286255 0
1000010101 0.0411987 0
1000010110 0.00536346 0
1000010111 0.00207138 0
1000011000 0.0143051 0
1000011001 0.0177612 0
1000011010 0.0192261 0
1000011011 0.0448303 0
1000011100 0.0288086 -3.14159
1000011101 0.0240479 -3.14159
1000011110 0.0155106 0
1000011111 0.0193634 0
1000100000 0.0381165 -3.14159
1000100001 0.0114365 -3.14159
1000100010 0.0198975 0
1000100011 0.0224152 -3.14159
1000100100 0.0326538 -3.14159
1000100101 0.00678253 -3.14159
1000100110 0.054718 -3.14159
1000100111 0.0509338 0
1000101000 0.0491333 0
1000101001 0.05896 -3.14159
1000101010 0.00742722 0
1000101011 0.0241547 -3.14159
1000101100 0.000894547 0
1000101101 0.0532837 0
1000101110 0.0135498 0
1000101111 0.00661087 -3.14159
1000110000 0.00482941 0
1000110001 0.0219116 -3.14159
1000110010 0.0317383 0
1000110011 0.0107727 -3.14159
1000110100 0.0122375 0
1000110101 0.00322914 -3.14159
1000110110 0.0254059 -3.14159
1000110111 0.00266647 0
1000111000 0.0175171 -3.14159
1000111001 0.0328369 -3.14159
1000111010 0.0103607 -3.14159
1000111011 0.000136018 0
1000111100 0.0106888 0
1000111101 0.0280762 -3.14159
1000111110 0.0160828 -3.14159
1000111111 0.02742 -3.14159
1001000000 0.0112686 -3.14159
1001000001 0.0171051 -3.14159
1001000010 0.0124893 -3.14159
1001000011 0.0211334 -3.14159
1001000100 0.00719833 0
1001000101 0.0190582 0
1001000110 0.0440979 -3.14159
1001000111 0.0662842 -3.14159
1001001000 0.00996399 0
1001001001 0.0139847 -3.14159
1001001010 0.0290527 -3.14159
1001001011 0.0385742 0
1001001100 0.0169983 0
1001001101 0.0248566 -3.14159
1001001110 0.0233307 -3.14159
1001001111 0.0697021 -3.14159
1001010000 0.052002 0
1001010001 0.0282898 -3.14159
1001010010 0.0145721 -3.14159
1001010011 0.0594788 -3.14159
1001010100 0.0115662 -3.14159
1001010101 0.0155258 -3.14159
1001010110 0.00875092 -3.14159
1001010111 0.0350952 -3.14159
1001011000 0.00523758 -3.14159
1001011001 0.0113983 0
1001011010 0.0139084 -3.14159
1001011011 0.0260773 -3.14159
1001011100 0.000439644 0
1001011101 0.0231323 0
1001011110 0.0299683 0
1001011111 0.0187378 -3.14159
1001100000 0.0103607 0
1001100001 0.0135727 -3.14159
1001100010 0.0205688 -3.14159
1001100011 0.00317383 -3.14159
1001100100 0.0235443 0
1001100101 0.0102539 -3.14159
1001100110 0.0427551 0
1001100111 0.0698853 0
1001101000 0.00428391 0
1001101001 0.00990295 -3.14159
1001101010 0.0454407 0
1001101011 0.0144043 0
1001101100 0.0327759 0
1001101101 0.0171509 -3.14159
1001101110 0.0264435 -3.14159
1001101111 0.0207977 0
1001110000 0.0661621 0
1001110001 0.0407104 -3.14159
1001110010 0.00538254 0
1001110011 0.0214386 0
1001110100 0.00515747 0
1001110101 0.00338554 -3.14159
1001110110 0.0187988 -3.14159
1001110111 0.0318604 0
1001111000 0.0279083 0
1001111001 0.00482941 -3.14159
1001111010 0.022934 0
1001111011 0.0438232 0
1001111100 0.059082 -3.14159
1001111101 0.028595 0
1001111110 0.0165253 -3.14159
1001111111 0.0201721 0
1010000000 0.0158539 -3.14159
1010000001 0.0323792 -3.14159
1010000010 0.00482178 0
1010000011 0.0337524 -3.14159
1010000100 0.00634766 -3.14159
1010000101 0.0143967 0
1010000110 0.0180969 -3.14159
1010000111 0.00439072 -3.14159
1010001000 0.0458984 -3.14159
1010001001 0.0328979 -3.14159
1010001010 0.00412369 0
1010001011 0.0161438 0
1010001100 0.023407 -3.14159
1010001101 0.0316162 0
1010001110 0.0101471 -3.14159
1010001111 0.0270691 0
1010010000 0.0497742 0
1010010001 0.00575638 -3.14159
1010010010 0.0109253 -3.14159
1010010011 0.0240631 -3.14159
1010010100 0.0386353 0
1010010101 0.0731201 0
1010010110 0.00822449 0
1010010111 0.0214539 -3.14159
1010011000 0.0769653 0
1010011001 0.0691528 0
1010011010 0.0214081 -3.14159
1010011011 0.0273132 -3.14159
1010011100 0.004776 0
1010011101 0.019516 0
1010011110 0.00747681 0
1010011111 0.0175171 -3.14159
1010100000 0.0367737 -3.14159
1010100001 0.0130692 -3.14159
1010100010 0.00691223 -3.14159
1010100011 0.0104065 0
1010100100 0.0415039 -3.14159
1010100101 0.00193024 0
1010100110 0.0354919 0
1010100111 0.0149155 -3.14159
1010101000 0.0280457 0
1010101001 0.0158234 -3.14159
1010101010 0.00497055 0
1010101011 0.0290375 0
1010101100 0.0254364 0
1010101101 0.0184631 0
1010101110 0.026947 0
1010101111 0.0182037 0
1010110000 0.0368347 0
1010110001 0.0017395 -3.14159
1010110010 0.0210571 -3.14159
1010110011 0.0121918 -3.14159
1010110100 0.00119781 0
1010110101 0.0294495 0
1010110110 0.00642014 -3.14159
1010110111 0.0142441 -3.14159
1010111000 0.0119781 0
1010111001 0.0265045 0
1010111010 0.00136852 -3.14159
1010111011 0.0089035 -3.14159
1010111100 0.00782013 -3.14159
1010111101 0.0853882 0
1010111110 0.0494995 -3.14159
1010111111 0.00600815 0
1011000000 0.0328369 -3.14159
1011000001 0.0195465 0
1011000010 0.0252838 0
1011000011 0.0432129 -3.14159
1011000100 0.0155563 -3.14159
1011000101 0.00484848 0
1011000110 0.0221252 0
1011000111 0.00677872 -3.14159
1011001000 0.0251312 -3.14159
1011001001 0.0512695 -3.14159
1011001010 0.0597534 -3.14159
1011001011 0.0320435 -3.14159
1011001100 0.00590134 0
1011001101 0.00314331 -3.14159
1011001110 0.0125732 0
1011001111 0.0179443 0
1011010000 0.0136414 0
1011010001 0.038269 -3.14159
1011010010 0.00381088 -3.14159
1011010011 0.0348816 0
1011010100 0.038208 -3.14159
1011010101 0.00427628 0
1011010110 0.0469971 0
1011010111 0.0461731 -3.14159
1011011000 0.01297 0
1011011001 0.0223694 -3.14159
1011011010 0.0087738 0
1011011011 0.0254517 -3.14159
1011011100 0.0164032 -3.14159
1011011101 0.019928 0
1011011110 0.00293159 0
1011011111 0.0281982 0
1011100000 0.0245361 0
1011100001 0.0344543 -3.14159
1011100010 0.0251007 0
1011100011 0.0344238 0
1011100100 0.0146713 0
1011100101 0.0137634 -3.14159
1011100110 0.0403748 0
1011100111 0.0499573 0
1011101000 0.0018816 0
1011101001 0.0103683 -3.14159
1011101010 0.0265198 -3.14159
1011101011 0.0365906 0
1011101100 0.00658417 0
1011101101 0.0101624 0
1011101110 0.0086441 -3.14159
1011101111 0.0355225 0
1011110000 0.00356865 0
1011110001 0.0447693 -3.14159
1011110010 0.00862122 -3.14159
1011110011 0.0330811 0
1011110100 0.00923157 -3.14159
1011110101 0.0297394 0
1011110110 0.0385132 -3.14159
1011110111 0.0172272 0
1011111000 0.0344238 0
1011111001 0.0203552 0
1011111010 0.0055809 0
1011111011 0.00668335 -3.14159
1011111100 0.00939178 0
1011111101 0.00657654 0
1011111110 0.00116348 0
1011111111 0.000406027 0
1100000000 0.0161133 -3.14159
1100000001 0.000264168 -3.14159
1100000010 0.0405273 0
1100000011 0.0559082 -3.14159
1100000100 0.0474548 -3.14159
1100000101 0.0288239 0
1100000110 0.00641632 0
1100000111 0.0280762 -3.14159
1100001000 0.0401001 -3.14159
1100001001 0.0166779 -3.14159
1100001010 0.0190887 -3.14159
1100001011 0.0411987 0
1100001100 0.0204926 0
1100001101 0.0112305 -3.14159
1100001110 0.013649 -3.14159
1100001111 0.102051 0
1100010000 0.0111389 -3.14159
1100010001 0.0288239 0
1100010010 0.0395813 0
1100010011 0.0155563 -3.14159
1100010100 0.00810242 0
1100010101 0.0293121 -3.14159
1100010110 0.0489502 0
1100010111 0.0773926 0
1100011000 0.0842285 -3.14159
1100011001 0.0139389 -3.14159
1100011010 0.0110855 -3.14159
1100011011 0.00421524 0
1100011100 0.00068903 0
1100011101 0.0336609 0
1100011110 0.000505447 -3.14159
1100011111 0.0507812 -3.14159
1100100000 0.0101395 -3.14159
1100100001 0.0378418 0
1100100010 0.000262499 0
1100100011 0.028183 0
1100100100 0.0055809 -3.14159
1100100101 0.0315247 -3.14159
1100100110 0.0404358 0
1100100111 0.0563965 -3.14159
1100101000 0.0528564 0
1100101001 0.0209351 0
1100101010 0.0226135 0
1100101011 0.0157471 -3.14159
1100101100 0.0309143 0
1100101101 0.0146179 -3.14159
1100101110 0.054718 0
1100101111 0.0252838 -3.14159
1100110000 0.0152588 0
1100110001 0.0947266 -3.14159
1100110010 0.00613785 0
1100110011 0.026535 0
1100110100 0.00262642 -3.14159
1100110101 0.0013504 0
1100110110 0.0126343 0
1100110111 0.0344543 -3.14159
1100111000 0.015625 0
1100111001 0.0705566 -3.14159
1100111010 0.01651 0
1100111011 0.046814 -3.14159
1100111100 0.011055 -3.14159
1100111101 0.0314331 -3.14159
1100111110 0.0505371 -3.14159
1100111111 0.0240479 0
1101000000 0.046936 -3.14159
1101000001 0.0135498 0
1101000010 0.0189819 0
1101000011 0.022995 -3.14159
1101000100 0.0454102 0
1101000101 0.0361023 0
1101000110 0.0241394 -3.14159
1101000111 0.0635986 0
1101001000 0.00304222 -3.14159
1101001001 0.0162964 0
1101001010 0.015686 0
1101001011 0.00966644 -3.14159
1101001100 0.0369568 0
1101001101 0.0394897 0
1101001110 0.00155258 0
1101001111 0.0209656 0
1101010000 0.0326843 -3.14159
1101010001 0.00623703 -3.14159
1101010010 0.00451279 -3.14159
1101010011 0.0376587 -3.14159
1101010100 0.0289612 0
1101010101 0.0080719 -3.14159
1101010110 0.0243683 -3.14159
1101010111 0.00574875 -3.14159
1101011000 0.0209351 -3.14159
1101011001 0.00556946 0
1101011010 0.0147018 -3.14159
1101011011 0.0213165 -3.14159
1101011100 0.0306549 -3.14159
1101011101 0.0229645 -3.14159
1101011110 0.0286102 -3.14159
1101011111 0.0163574 0
1101100000 0.0841064 0
1101100001 0.00784302 0
1101100010 0.0260925 -3.14159
1101100011 0.0176544 -3.14159
1101100100 0.00314903 0
1101100101 0.052124 -3.14159
1101100110 0.00460052 0
1101100111 0.0695801 -3.14159
1101101000 0.0105972 0
1101101001 0.0287018 -3.14159
1101101010 0.0530396 0
1101101011 0.0304871 0
1101101100 0.0089035 0
1101101101 0.00447845 -3.14159
1101101110 0.0218353 -3.14159
1101101111 0.00273132 -3.14159
1101110000 0.0131073 -3.14159
1101110001 0.0606689 0
1101110010 0.0348816 0
1101110011 0.0171661 -3.14159
1101110100 0.000389576 -3.14159
1101110101 0.0181732 -3.14159
1101110110 0.0317078 -3.14159
1101110111 0.0245514 -3.14159
1101111000 0.0128708 0
1101111001 0.0280762 0
1101111010 0.0234833 -3.14159
1101111011 0.0275574 -3.14159
1101111100 0.0458679 0
1101111101 0.00221062 -3.14159
1101111110 0.0206451 -3.14159
1101111111 0.0507507 0
1110000000 0.0212402 -3.14159
1110000001 0.00755692 -3.14159
1110000010 0.0566101 0
1110000011 0.0254211 0
1110000100 0.020462 0
1110000101 0.0430908 0
1110000110 0.0395813 -3.14159
1110000111 0.0201721 0
1110001000 0.0133057 0
1110001001 0.019928 0
1110001010 0.0391235 0
1110001011 0.0229492 -3.14159
1110001100 0.00792694 0
1110001101 0.00619888 0
1110001110 0.0136871 -3.14159
1110001111 0.0124054 -3.14159
1110010000 0.0354614 0
1110010001 0.017334 -3.14159
1110010010 0.0277252 0
1110010011 0.030426 0
1110010100 0.0601807 -3.14159
1110010101 0.00763321 0
1110010110 0.0381775 0
1110010111 0.0568237 -3.14159
1110011000 0.0521545 -3.14159
1110011001 0.0479736 -3.14159
1110011010 0.0187378 -3.14159
1110011011 0.0134964 -3.14159
1110011100 0.026886 0
1110011101 0.00022018 0
1110011110 0.0312805 0
1110011111 0.0526733 0
1110100000 0.0187836 0
1110100001 0.00548553 0
1110100010 0.0153961 0
1110100011 0.00715637 0
1110100100 0.0519104 0
1110100101 0.0169983 0
1110100110 0.0335693 -3.14159
1110100111 0.0222473 0
1110101000 0.0231476 -3.14159
1110101001 0.00639343 0
1110101010 0.0406799 0
1110101011 0.0043335 0
1110101100 0.028244 0
1110101101 0.021637 -3.14159
1110101110 0.0622864 -3.14159
1110101111 0.0139313 0
1110110000 0.0163879 0
1110110001 0.015686 0
1110110010 0.045929 -3.14159
1110110011 0.0532532 -3.14159
1110110100 0.0531311 -3.14159
1110110101 0.0601807 0
1110110110 0.0302582 -3.14159
1110110111 0.0130768 -3.14159
1110111000 0.015358 -3.14159
1110111001 0.019928 0
1110111010 0.0510559 -3.14159
1110111011 0.0317993 0
1110111100 0.00348282 0
1110111101 0.0150681 0
1110111110 0.0150833 -3.14159
1110111111 0.0038166 0
1111000000 0.0334473 0
1111000001 0.0203552 0
1111000010 0.00393677 -3.14159
1111000011 0.00401688 0
1111000100 0.00170898 0
1111000101 0.0316772 -3.14159
1111000110 0.0209503 0
1111000111 0.00176144 0
1111001000 0.00374985 0
1111001001 0.0246124 0
1111001010 0.0225372 -3.14159
1111001011 0.0129089 -3.14159
1111001100 0.0223083 0
1111001101 0.0704956 0
1111001110 0.00732803 -3.14159
1111001111 0.0792236 0
1111010000 0.00294495 0
1111010001 0.0118713 -3.14159
1111010010 0.0264893 0
1111010011 0.00742722 -3.14159
1111010100 0.0175629 -3.14159
1111010101 0.0065155 -3.14159
1111010110 0.0265808 -3.14159
1111010111 0.0243378 0
1111011000 0.0329285 0
1111011001 0.0398865 -3.14159
1111011010 0.0375671 -3.14159
1111011011 0.0305939 0
1111011100 0.04245 0
1111011101 0.0352173 0
1111011110 0.0273743 0
1111011111 0.037384 0
1111100000 0.0647583 0
1111100001 2.83122e-05 0
1111100010 0.00150585 0
1111100011 0.0311127 0
1111100100 0.033844 -3.14159
1111100101 0.0336914 0
1111100110 0.0521851 -3.14159
1111100111 0.0156403 0
1111101000 0.000618935 0
1111101001 0.0595398 -3.14159
1111101010 0.0160675 -3.14159
1111101011 0.0380249 0
1111101100 0.0629883 0
1111101101 0.00403976 -3.14159
1111101110 0.0193024 0
1111101111 0.0239105 0
1111110000 0.0145187 0
1111110001 0.00579071 0
1111110010 0.0572205 -3.14159
1111110011 0.01091 -3.14159
1111110100 0.0138626 0
1111110101 0.0392151 0
1111110110 0.0062561 0
1111110111 0.0233612 0
1111111000 0.0089798 -3.14159
1111111001 0.0558167 -3.14159
1111111010 0.00512695 0
1111111011 0.035553 -3.14159
1111111100 0.0020504 0
1111111101 0.0349121 0
1111111110 0.0169983 -3.14159
1111111111 0.0338745 0
