0000000000 0.0117493 0
0000000001 0.0406494 0
0000000010 0.00986481 0
0000000011 0.0066185 -3.14159
0000000100 0.00949097 -3.14159
0000000101 0.0257416 0
0000000110 0.0198059 -3.14159
0000000111 0.00683212 -3.14159
0000001000 0.00990295 -3.14159
0000001001 0.0169678 -3.14159
0000001010 0.0167542 -3.14159
0000001011 0.00731659 0
0000001100 0.0285034 -3.14159
0000001101 0.03125 0
0000001110 0.0387573 0
0000001111 0.0171661 -3.14159
0000010000 0.00629425 0
0000010001 0.0184937 -3.14159
0000010010 0.0261688 -3.14159
0000010011 0.0213318 -3.14159
0000010100 0.0456848 -3.14159
0000010101 0.0318604 0
0000010110 0.0183563 -3.14159
0000010111 0.0761719 0
0000011000 0.0613098 0
0000011001 0.00786591 0
0000011010 0.0306244 -3.14159
0000011011 0.0478821 -3.14159
0000011100 0.0387878 -3.14159
0000011101 0.0255432 -3.14159
0000011110 0.00773239 -3.14159
0000011111 0.00655746 -3.14159
0000100000 0.072937 -3.14159
0000100001 0.0190125 -3.14159
0000100010 0.0576477 -3.14159
0000100011 0.019455 -3.14159
0000100100 0.00299263 0
0000100101 0.0212555 0
0000100110 0.0304718 -3.14159
0000100111 0.0154266 0
0000101000 0.0314636 -3.14159
0000101001 0.037323 -3.14159
0000101010 0.0157013 -3.14159
0000101011 0.00769424 0
0000101100 0.0845337 -3.14159
0000101101 0.0229645 -3.14159
0000101110 0.0200958 0
0000101111 0.0121155 0
0000110000 0.0088501 0
0000110001 0.0362549 -3.14159
0000110010 0.0409546 -3.14159
0000110011 0.00623322 0
0000110100 0.00400543 0
0000110101 0.0142365 -3.14159
0000110110 0.00383377 -3.14159
0000110111 0.0195618 0
0000111000 0.0452576 -3.14159
0000111001 0.0328674 -3.14159
0000111010 0.00563049 -3.14159
0000111011 0.0259705 -3.14159
0000111100 0.0160217 0
0000111101 0.020401 0
0000111110 0.00140858 0
0000111111 8.31485e-05 -3.14159
0001000000 0.0707397 0
0001000001 0.00938416 0
0001000010 0.00379181 0
0001000011 0.0112457 -3.14159
0001000100 0.0123672 -3.14159
0001000101 0.0001899 -3.14159
0001000110 0.01828 -3.14159
0001000111 0.0138855 -3.14159
0001001000 0.0480042 -3.14159
0001001001 0.0230255 0
0001001010 0.016037 0
0001001011 0.00956726 0
0001001100 0.0370178 -3.14159
0001001101 0.0189362 0
0001001110 0.00321198 0
0001001111 0.00538635 -3.14159
0001010000 0.0148392 0
0001010001 0.0312805 -3.14159
0001010010 0.0419922 -3.14159
0001010011 0.0299988 0
0001010100 0.0496521 0
0001010101 0.00422668 0
0001010110 0.0328064 0
0001010111 0.0350647 -3.14159
0001011000 0.0179749 -3.14159
0001011001 0.0314941 0
0001011010 0.0186615 0
0001011011 0.0126266 0
0001011100 0.0534058 0
0001011101 0.045929 -3.14159
0001011110 0.0301819 -3.14159
0001011111 0.0493774 0
0001100000 0.00394821 -3.14159
0001100001 0.0233765 -3.14159
0001100010 0.0569458 -3.14159
0001100011 0.0160675 -3.14159
0001100100 0.052063 -3.14159
0001100101 0.0210419 0
0001100110 0.00264168 -3.14159
0001100111 0.0144196 0
0001101000 0.00247955 -3.14159
0001101001 0.0864258 0
0001101010 0.0103912 -3.14159
0001101011 0.00439072 -3.14159
0001101100 0.0067215 0
0001101101 0.0689697 -3.14159
0001101110 0.00460434 -3.14159
0001101111 0.0269623 0
0001110000 0.0499268 -3.14159
0001110001 0.0248413 -3.14159
0001110010 0.0422058 -3.14159
0001110011 0.0571289 0
0001110100 0.00657654 -3.14159
0001110101 0.00468445 0
0001110110 0.00666428 -3.14159
0001110111 0.00972748 0
0001111000 0.0487976 -3.14159
0001111001 0.00512695 -3.14159
0001111010 0.00136471 0
0001111011 0.0094223 0
0001111100 0.0505676 -3.14159
0001111101 0.0242462 0
0001111110 0.0100174 0
0001111111 0.00944519 -3.14159
0010000000 0.0135498 0
0010000001 0.0125427 -3.14159
0010000010 0.0298157 0
0010000011 0.0553284 -3.14159
0010000100 0.014061 0
0010000101 0.0121078 -3.14159
0010000110 0.00165462 0
0010000111 0.00878143 0
0010001000 0.00855255 -3.14159
0010001001 0.00888062 0
0010001010 0.0150604 -3.14159
0010001011 0.0123138 -3.14159
0010001100 0.0338745 0
0010001101 0.0189972 -3.14159
0010001110 0.0225677 0
0010001111 0.0281219 -3.14159
0010010000 0.0336914 -3.14159
0010010001 0.00917816 -3.14159
0010010010 0.0218506 0
0010010011 0.0049057 0
0010010100 0.0108566 0
0010010101 0.01651 -3.14159
0010010110 0.0438538 -3.14159
0010010111 0.0621338 0
0010011000 0.00843811 -3.14159
0010011001 0.0333862 -3.14159
0010011010 0.00709534 0
0010011011 0.00411224 -3.14159
0010011100 0.0187378 -3.14159
0010011101 0.0183105 0
0010011110 0.016571 0
0010011111 0.0365601 0
0010100000 0.00789642 -3.14159
0010100001 0.0400696 0
0010100010 0.0315247 -3.14159
0010100011 0.00804901 -3.14159
0010100100 0.0124054 0
0010100101 0.0238495 0
0010100110 0.00500488 0
0010100111 0.0248871 0
0010101000 0.00632858 -3.14159
0010101001 0.0265198 0
0010101010 0.0113068 0
0010101011 0.0380554 0
0010101100 0.0369873 0
0010101101 0.0313721 0
0010101110 0.00286102 -3.14159
0010101111 0.00234985 0
0010110000 0.00173569 0
0010110001 0.0534973 -3.14159
0010110010 0.0372314 -3.14159
0010110011 0.0297089 0
0010110100 0.0314026 0
0010110101 0.0213318 -3.14159
0010110110 0.00271988 -3.14159
0010110111 0.0508118 -3.14159
0010111000 0.0295563 0
0010111001 0.0302124 -3.14159
0010111010 0.0148544 -3.14159
0010111011 0.00716019 -3.14159
0010111100 0.0482483 0
0010111101 0.0506592 -3.14159
0010111110 0.00578308 0
0010111111 0.0441284 -3.14159
0011000000 0.0216675 0
0011000001 0.022995 0
0011000010 0.0108948 0
0011000011 0.014595 0
0011000100 0.00279999 0
0011000101 0.00570679 -3.14159
0011000110 0.0257111 0
0011000111 0.0042305 0
0011001000 0.0333862 0
0011001001 0.0367432 -3.14159
0011001010 0.036438 0
0011001011 0.0224609 -3.14159
0011001100 0.00511169 -3.14159
0011001101 0.00911713 -3.14159
0011001110 0.0170441 0
0011001111 0.0351562 0
0011010000 0.00465393 -3.14159
0011010001 0.0164948 -3.14159
0011010010 0.0216217 0
0011010011 0.02211 -3.14159
0011010100 0.0089035 0
0011010101 0.0599365 -3.14159
0011010110 0.0220795 -3.14159
0011010111 0.055542 0
0011011000 0.0157471 0
0011011001 0.0310364 0
0011011010 0.0183563 0
0011011011 0.026062 0
0011011100 0.00376511 -3.14159
0011011101 0.0338745 -3.14159
0011011110 0.067627 -3.14159
0011011111 0.0192108 -3.14159
0011100000 0.0430298 0
0011100001 0.00634003 -3.14159
0011100010 0.00978088 -3.14159
0011100011 0.0490723 -3.14159
0011100100 0.0287628 0
0011100101 0.0116043 0
0011100110 0.00791931 0
0011100111 0.0141602 -3.14159
0011101000 0.0410461 -3.14159
0011101001 0.00626755 0
0011101010 0.0595093 -3.14159
0011101011 0.0042038 -3.14159
0011101100 0.0299683 -3.14159
0011101101 0.00514221 -3.14159
0011101110 0.0140839 -3.14159
0011101111 0.0405579 0
0011110000 0.0060997 0
0011110001 0.022522 -3.14159
0011110010 0.0348511 0
0011110011 0.0458374 -3.14159
0011110100 0.00605392 -3.14159
0011110101 0.0141068 0
0011110110 0.0206604 -3.14159
0011110111 0.022934 -3.14159
0011111000 0.0802612 0
0011111001 0.0392761 0
0011111010 0.00227356 -3.14159
0011111011 0.00157547 -3.14159
0011111100 0.0143204 0
0011111101 0.0211945 -3.14159
0011111110 0.0292969 0
0011111111 0.0269165 0
0100000000 0.0673218 0
0100000001 0.00815582 0
0100000010 0.0120621 -3.14159
0100000011 0.046051 0
0100000100 0.0141754 -3.14159
0100000101 0.0108566 -3.14159
0100000110 0.0541382 0
0100000111 0.0323181 0
0100001000 0.00287437 -3.14159
0100001001 0.000892639 -3.14159
0100001010 0.0205994 -3.14159
0100001011 0.0599365 -3.14159
0100001100 0.0130615 -3.14159
0100001101 0.0409546 -3.14159
0100001110 0.0314636 0
0100001111 0.0361633 -3.14159
0100010000 0.0335999 0
0100010001 0.0515137 -3.14159
0100010010 0.0193481 0
0100010011 0.000275373 0
0100010100 0.0362549 0
0100010101 0.0118484 -3.14159
0100010110 0.0076828 0
0100010111 0.0119171 -3.14159
0100011000 0.00885773 0
0100011001 0.0127869 0
0100011010 0.0151443 -3.14159
0100011011 0.0716553 -3.14159
0100011100 0.00222778 0
0100011101 0.0267487 0
0100011110 0.0478516 -3.14159
0100011111 0.0196991 0
0100100000 0.0354919 -3.14159
0100100001 0.0117035 0
0100100010 0.00625992 -3.14159
0100100011 0.0155182 0
0100100100 0.0224457 -3.14159
0100100101 0.0661621 0
0100100110 0.043396 -3.14159
0100100111 0.0722656 -3.14159
0100101000 0.0263824 0
0100101001 0.0963135 -3.14159
0100101010 0.0516663 0
0100101011 0.020462 -3.14159
0100101100 0.0566101 0
0100101101 0.0271149 -3.14159
0100101110 0.0467834 0
0100101111 0.0203552 0
0100110000 0.0456848 0
0100110001 0.0314331 -3.14159
0100110010 0.00783539 0
0100110011 0.0158844 -3.14159
0100110100 0.0221863 0
0100110101 0.0218964 0
0100110110 0.0343933 -3.14159
0100110111 0.00638962 0
0100111000 0.0188141 -3.14159
0100111001 0.0219421 -3.14159
0100111010 0.0215302 -3.14159
0100111011 0.0467529 -3.14159
0100111100 0.0568542 -3.14159
0100111101 0.0287476 -3.14159
0100111110 0.0510559 0
0100111111 0.0193939 -3.14159
0101000000 0.00185204 0
0101000001 0.0254822 0
0101000010 0.0017767 0
0101000011 0.000191927 0
0101000100 0.00125599 -3.14159
0101000101 0.0466003 0
0101000110 0.0364075 -3.14159
0101000111 0.0468445 -3.14159
0101001000 0.0106506 -3.14159
0101001001 0.018692 -3.14159
0101001010 0.0198364 0
0101001011 0.0361633 0
0101001100 0.0289307 -3.14159
0101001101 0.00470734 0
0101001110 0.0309143 0
0101001111 0.00171661 -3.14159
0101010000 0.00258064 -3.14159
0101010001 0.00894928 0
0101010010 0.0352783 0
0101010011 0.0491333 -3.14159
0101010100 0.0419312 0
0101010101 0.0149307 0
0101010110 0.0137863 0
0101010111 0.00611496 0
0101011000 0.0210419 0
0101011001 0.0109863 0
0101011010 0.0258636 -3.14159
0101011011 0.0635986 -3.14159
0101011100 0.0119705 -3.14159
0101011101 0.0542297 0
0101011110 0.0315247 0
0101011111 0.0250549 0
0101100000 0.0360718 0
0101100001 0.0537109 -3.14159
0101100010 0.0265656 -3.14159
0101100011 0.0158386 -3.14159
0101100100 0.00976562 0
0101100101 0.0180817 0
0101100110 0.0301514 -3.14159
0101100111 0.0547791 -3.14159
0101101000 0.0453796 -3.14159
0101101001 0.0312042 -3.14159
0101101010 0.0350342 0
0101101011 0.0167389 0
0101101100 0.00809479 -3.14159
0101101101 0.0295258 -3.14159
0101101110 0.0149307 -3.14159
0101101111 0.0167084 0
0101110000 0.0228424 -3.14159
0101110001 0.0456238 -3.14159
0101110010 0.0210419 -3.14159
0101110011 0.00122547 0
0101110100 0.0305939 0
0101110101 0.0227356 0
0101110110 0.020752 0
0101110111 0.0091629 -3.14159
0101111000 0.0147629 0
0101111001 0.034729 0
0101111010 0.028244 0
0101111011 0.0499878 -3.14159
0101111100 0.0101242 -3.14159
0101111101 0.00924683 -3.14159
0101111110 0.00182533 0
0101111111 0.0533752 0
0110000000 0.00856018 0
0110000001 0.0345764 0
0110000010 0.00827789 -3.14159
0110000011 0.0370178 0
0110000100 0.074707 -3.14159
0110000101 0.0233612 0
0110000110 0.00803375 0
0110000111 0.0106125 -3.14159
0110001000 0.0137558 -3.14159
0110001001 0.00448608 -3.14159
0110001010 0.00810242 -3.14159
0110001011 0.0154572 -3.14159
0110001100 0.0030117 -3.14159
0110001101 0.0103302 -3.14159
0110001110 0.0299988 0
0110001111 0.0314331 -3.14159
0110010000 0.0490417 0
0110010001 0.00865173 0
0110010010 0.00539398 -3.14159
0110010011 0.0227966 0
0110010100 0.0446167 -3.14159
0110010101 0.057312 -3.14159
0110010110 0.00656891 0
0110010111 0.0370483 0
0110011000 0.0171051 -3.14159
0110011001 0.0299377 -3.14159
0110011010 0.0305176 -3.14159
0110011011 0.038208 0
0110011100 0.0274048 0
0110011101 0.025177 -3.14159
0110011110 0.0402527 0
0110011111 0.0162048 0
0110100000 0.0560608 0
0110100001 0.0236359 0
0110100010 0.0350647 0
0110100011 0.0455627 -3.14159
0110100100 0.0180054 0
0110100101 0.00950623 0
0110100110 0.00798035 0
0110100111 0.0286865 -3.14159
0110101000 0.0237427 -3.14159
0110101001 0.0332642 -3.14159
0110101010 0.0219574 0
0110101011 0.0254211 -3.14159
0110101100 0.0151901 -3.14159
0110101101 0.0414734 0
0110101110 0.000281811 0
0110101111 0.00240326 -3.14159
0110110000 0.000787258 -3.14159
0110110001 0.0794067 -3.14159
0110110010 0.0243378 0
0110110011 0.0198975 0
0110110100 0.0140991 0
0110110101 0.0298462 0
0110110110 0.0656738 0
0110110111 0.0106125 -3.14159
0110111000 0.0436096 -3.14159
0110111001 0.0103378 -3.14159
0110111010 0.0157318 0
0110111011 0.0572205 0
0110111100 0.0595093 -3.14159
0110111101 0.00158978 0
0110111110 0.00834656 -3.14159
0110111111 0.0259247 -3.14159
0111000000 0.00270844 -3.14159
0111000001 0.0618286 -3.14159
0111000010 0.0238495 -3.14159
0111000011 0.0241394 -3.14159
0111000100 0.0046196 0
0111000101 0.0172119 0
0111000110 0.0223999 -3.14159
0111000111 0.00979614 -3.14159
0111001000 0.053772 0
0111001001 0.0155182 -3.14159
0111001010 0.00269318 -3.14159
0111001011 0.00611877 -3.14159
0111001100 0.0281219 0
0111001101 0.039856 -3.14159
0111001110 0.0635376 0
0111001111 0.0767212 0
0111010000 0.0195618 0
0111010001 0.0263214 0
0111010010 0.0174255 0
0111010011 0.0534973 0
0111010100 0.0315247 0
0111010101 0.00907135 -3.14159
0111010110 0.00914001 0
0111010111 0.00497437 -3.14159
0111011000 0.0585938 0
0111011001 0.00399017 0
0111011010 0.00391769 -3.14159
0111011011 0.0247345 0
0111011100 0.00218582 0
0111011101 0.0446167 0
0111011110 0.0143204 0
0111011111 0.0035038 0
0111100000 0.000569344 -3.14159
0111100001 0.0254211 -3.14159
0111100010 0.0137711 0
0111100011 0.00396347 0
0111100100 0.00426483 0
0111100101 0.0432434 -3.14159
0111100110 0.0205841 -3.14159
0111100111 0.0170135 -3.14159
0111101000 0.0464783 -3.14159
0111101001 0.00352478 0
0111101010 0.0139771 -3.14159
0111101011 0.0474243 -3.14159
0111101100 0.0165558 -3.14159
0111101101 0.047699 -3.14159
0111101110 0.00711823 0
0111101111 0.00471497 0
0111110000 0.00948334 -3.14159
0111110001 0.039856 -3.14159
0111110010 0.0530701 0
0111110011 0.0751343 -3.14159
0111110100 0.0108871 -3.14159
0111110101 0.0325317 -3.14159
0111110110 0.00873566 -3.14159
0111110111 0.0309296 0
0111111000 0.0482178 -3.14159
0111111001 0.0169983 0
0111111010 0.0102463 -3.14159
0111111011 0.00203705 0
0111111100 0.00727844 0
0111111101 0.000413895 0
0111111110 0.0267792 -3.14159
0111111111 0.0365601 0
1000000000 0.00580215 0
1000000001 0.000302315 -3.14159
1000000010 0.00516891 -3.14159
1000000011 0.0184937 -3.14159
1000000100 0.0124512 0
1000000101 0.047699 0
1000000110 0.0284576 0
1000000111 0.0208435 0
1000001000 0.0249329 0
1000001001 0.0256805 0
1000001010 0.000291109 0
1000001011 0.028244 -3.14159
1000001100 0.00427246 0
1000001101 0.0493164 -3.14159
1000001110 0.0126495 -3.14159
1000001111 0.0200195 -3.14159
1000010000 0.019928 -3.14159
1000010001 0.0734863 -3.14159
1000010010 0.0286102 0
1000010011 0.0263519 0
1000010100 0.0281372 0
1000010101 0.0250092 0
1000010110 0.0100174 0
1000010111 0.0131073 -3.14159
1000011000 0.0483398 0
1000011001 0.0161743 0
1000011010 0.0143738 -3.14159
1000011011 0.0276642 0
1000011100 0.017868 -3.14159
1000011101 0.0121765 0
1000011110 0.0114212 -3.14159
1000011111 0.0315552 -3.14159
1000100000 0.024826 -3.14159
1000100001 0.0634155 -3.14159
1000100010 0.022171 0
1000100011 0.00548935 -3.14159
1000100100 0.00385094 0
1000100101 0.0703735 -3.14159
1000100110 0.0401306 -3.14159
1000100111 0.0707397 0
1000101000 0.00376892 0
1000101001 0.000484943 -3.14159
1000101010 0.0214081 -3.14159
1000101011 0.00471115 -3.14159
1000101100 0.00777435 0
1000101101 0.0357056 0
1000101110 0.00678635 0
1000101111 0.00214005 0
1000110000 0.0164032 0
1000110001 0.0112534 0
1000110010 0.0189362 0
1000110011 0.0385437 -3.14159
1000110100 0.0395203 -3.14159
1000110101 0.0326233 0
1000110110 0.0236511 -3.14159
1000110111 0.0225372 0
1000111000 0.0317078 -3.14159
1000111001 0.00721741 -3.14159
1000111010 0.0197296 0
1000111011 0.0188446 -3.14159
1000111100 0.0274658 0
1000111101 0.042572 0
1000111110 0.000315189 -3.14159
1000111111 0.00240326 -3.14159
1001000000 0.0285797 0
1001000001 0.019928 -3.14159
1001000010 0.0124741 0
1001000011 0.0190277 0
1001000100 0.00403214 -3.14159
1001000101 0.00915527 0
1001000110 0.0492249 -3.14159
1001000111 0.0515442 -3.14159
1001001000 0.00115299 0
1001001001 0.0117645 -3.14159
1001001010 0.00180817 -3.14159
1001001011 0.0168915 0
1001001100 0.0111084 0
1001001101 0.00683975 -3.14159
1001001110 0.0387268 -3.14159
1001001111 0.01194 0
1001010000 0.0092392 0
1001010001 0.0165253 -3.14159
1001010010 0.0184937 0
1001010011 0.0280304 -3.14159
1001010100 0.0265045 -3.14159
1001010101 0.0292053 -3.14159
1001010110 0.0111847 0
1001010111 0.0317078 -3.14159
1001011000 0.00729752 0
1001011001 0.00757599 0
1001011010 0.0404358 0
1001011011 0.0132446 0
1001011100 0.0418091 -3.14159
1001011101 0.0190125 -3.14159
1001011110 0.0124741 -3.14159
1001011111 0.0170288 -3.14159
1001100000 0.0318909 0
1001100001 0.0145645 0
1001100010 0.0428467 -3.14159
1001100011 0.0150909 0
1001100100 0.0395813 -3.14159
1001100101 0.0232391 0
1001100110 0.0544434 0
1001100111 0.0686646 0
1001101000 0.00949097 0
1001101001 0.00423813 -3.14159
1001101010 0.0370789 0
1001101011 0.036438 0
1001101100 0.0294189 0
1001101101 0.00788116 0
1001101110 0.0247498 -3.14159
1001101111 0.0190277 -3.14159
1001110000 0.0328674 0
1001110001 0.0775757 -3.14159
1001110010 0.0360718 -3.14159
1001110011 0.00290871 -3.14159
1001110100 0.00169849 0
1001110101 0.017334 -3.14159
1001110110 0.00294113 0
1001110111 0.00118637 -3.14159
1001111000 0.0288239 0
1001111001 0.0030899 -3.14159
1001111010 0.0333862 0
1001111011 0.0452271 0
1001111100 0.0185852 -3.14159
1001111101 0.00515366 -3.14159
1001111110 0.0191956 -3.14159
1001111111 0.0251465 0
1010000000 0.0183716 0
1010000001 0.0121841 0
1010000010 0.00274086 -3.14159
1010000011 0.0175018 -3.14159
1010000100 0.0135498 0
1010000101 0.0176392 -3.14159
1010000110 0.0557556 -3.14159
1010000111 0.00637054 -3.14159
1010001000 0.00966644 -3.14159
1010001001 0.0345459 0
1010001010 0.00349236 0
1010001011 0.0362854 0
1010001100 0.00791931 -3.14159
1010001101 0.0274811 -3.14159
1010001110 0.0104294 0
1010001111 0.0316162 0
1010010000 0.0511169 0
1010010001 0.0221863 -3.14159
1010010010 0.0450439 -3.14159
1010010011 0.00234032 0
1010010100 0.0339966 0
1010010101 0.0408936 0
1010010110 0.010849 0
1010010111 0.0299683 -3.14159
1010011000 0.0787354 0
1010011001 0.00717926 -3.14159
1010011010 0.00531769 0
1010011011 0.0127869 -3.14159
1010011100 0.0230713 0
1010011101 0.0100861 -3.14159
1010011110 0.0259552 -3.14159
1010011111 0.00512314 -3.14159
1010100000 0.0319519 -3.14159
1010100001 0.00648117 -3.14159
1010100010 0.0257111 -3.14159
1010100011 0.00541687 -3.14159
1010100100 0.0102539 0
1010100101 0.0498657 0
1010100110 0.0111084 0
1010100111 0.0119171 -3.14159
1010101000 0.0138474 0
1010101001 0.0083313 -3.14159
1010101010 0.0204163 -3.14159
1010101011 0.0158081 0
1010101100 0.0240479 0
1010101101 0.00798035 -3.14159
1010101110 0.00820923 -3.14159
1010101111 0.0138245 0
1010110000 0.0200806 0
1010110001 0.0455322 -3.14159
1010110010 0.00587463 0
1010110011 0.0293732 -3.14159
1010110100 0.0496826 -3.14159
1010110101 0.00168514 0
1010110110 0.0118103 0
1010110111 0.0175171 0
1010111000 0.00143909 0
1010111001 0.00256348 -3.14159
1010111010 0.0344238 -3.14159
1010111011 0.0559082 -3.14159
1010111100 0.0239258 0
1010111101 0.0432129 0
1010111110 0.0293427 -3.14159
1010111111 0.00357628 -3.14159
1011000000 0.0262299 -3.14159
1011000001 0.0277557 0
1011000010 0.00122643 -3.14159
1011000011 0.00676727 -3.14159
1011000100 0.012413 -3.14159
1011000101 0.0216827 0
1011000110 0.0310974 -3.14159
1011000111 0.0160217 0
1011001000 0.00226212 0
1011001001 0.0443115 -3.14159
1011001010 0.0313721 -3.14159
1011001011 0.0528259 -3.14159
1011001100 0.0301056 -3.14159
1011001101 0.0335083 -3.14159
1011001110 0.0059433 -3.14159
1011001111 0.0239258 -3.14159
1011010000 0.0426025 0
1011010001 0.0182953 -3.14159
1011010010 0.00230217 -3.14159
1011010011 0.0289459 0
1011010100 0.0297394 -3.14159
1011010101 0.0083313 0
1011010110 0.0682373 0
1011010111 0.0070076 -3.14159
1011011000 0.018158 0
1011011001 0.0305939 0
1011011010 0.0242462 -3.14159
1011011011 0.0149689 -3.14159
1011011100 0.0282745 0
1011011101 0.0248413 0
1011011110 0.00523758 0
1011011111 0.018219 0
1011100000 0.00113583 0
1011100001 0.0354614 -3.14159
1011100010 0.00115395 0
1011100011 0.00714493 0
1011100100 0.0408325 0
1011100101 0.0387878 0
1011100110 0.0124207 0
1011100111 0.000501633 -3.14159
1011101000 0.0805664 -3.14159
1011101001 0.00727844 0
1011101010 0.0493164 -3.14159
1011101011 0.0386047 0
1011101100 0.0129623 0
1011101101 0.0229034 0
1011101110 0.0224762 -3.14159
1011101111 0.0492554 0
1011110000 0.0262756 -3.14159
1011110001 0.0394592 -3.14159
1011110010 0.0188446 0
1011110011 0.0200043 0
1011110100 0.00418472 0
1011110101 0.0142822 0
1011110110 0.0313416 -3.14159
1011110111 0.012764 0
1011111000 0.0254822 0
1011111001 0.0101547 0
1011111010 0.0231171 -3.14159
1011111011 0.0493164 0
1011111100 0.0164948 -3.14159
1011111101 0.00574493 0
1011111110 0.0323792 0
1011111111 0.0150146 -3.14159
1100000000 0.00259018 0
1100000001 0.00640488 0
1100000010 0.000536919 -3.14159
1100000011 0.0629883 -3.14159
1100000100 0.0227509 -3.14159
1100000101 0.0801392 0
1100000110 0.00445557 -3.14159
1100000111 0.0240784 -3.14159
1100001000 0.0494995 -3.14159
1100001001 0.0384216 -3.14159
1100001010 0.00662994 -3.14159
1100001011 0.00273705 0
1100001100 0.00946808 0
1100001101 0.00918579 0
1100001110 0.0449219 -3.14159
1100001111 0.0501404 0
1100010000 0.0218964 -3.14159
1100010001 0.00118732 0
1100010010 0.0552979 0
1100010011 0.0233917 -3.14159
1100010100 0.0210571 -3.14159
1100010101 0.0271759 -3.14159
1100010110 0.0306244 0
1100010111 0.081665 0
1100011000 0.045166 -3.14159
1100011001 0.00905609 -3.14159
1100011010 0.0242767 -3.14159
1100011011 0.0272827 0
1100011100 0.0325928 0
1100011101 0.0231628 0
1100011110 0.00428009 -3.14159
1100011111 0.0276489 -3.14159
1100100000 0.0393372 0
1100100001 0.0336914 0
1100100010 0.00131798 0
1100100011 0.0519714 0
1100100100 0.00179672 0
1100100101 0.035553 -3.14159
1100100110 0.0464172 0
1100100111 0.0539246 -3.14159
1100101000 0.0431519 0
1100101001 0.00836182 -3.14159
1100101010 0.00015986 -3.14159
1100101011 0.00195885 -3.14159
1100101100 0.00852966 0
1100101101 0.00758362 -3.14159
1100101110 0.0487671 0
1100101111 0.0145035 0
1100110000 0.0152969 0
1100110001 0.069458 -3.14159
1100110010 0.0199432 -3.14159
1100110011 0.0407715 0
1100110100 0.011261 0
1100110101 0.00530243 -3.14159
1100110110 0.00949097 -3.14159
1100110111 0.0166626 -3.14159
1100111000 0.0130463 -3.14159
1100111001 0.0837402 -3.14159
1100111010 0.0181274 0
1100111011 0.0388489 -3.14159
1100111100 0.0514221 -3.14159
1100111101 0.00937653 0
1100111110 0.0349731 -3.14159
1100111111 0.045166 -3.14159
1101000000 0.0743408 -3.14159
1101000001 0.0122528 0
1101000010 0.01297 -3.14159
1101000011 0.0200348 -3.14159
1101000100 0.0385132 0
1101000101 0.0162964 0
1101000110 0.0418091 -3.14159
1101000111 0.067749 0
1101001000 0.00676727 0
1101001001 0.0569153 0
1101001010 0.0334167 0
1101001011 0.0379333 0
1101001100 0.00444031 -3.14159
1101001101 0.0108337 0
1101001110 0.0282135 0
1101001111 0.0276184 0
1101010000 0.00461578 -3.14159
1101010001 0.0103455 -3.14159
1101010010 0.0335083 -3.14159
1101010011 0.0539856 -3.14159
1101010100 0.0296326 0
1101010101 0.0146713 -3.14159
1101010110 0.0554504 -3.14159
1101010111 0.0423889 0
1101011000 0.0556641 -3.14159
1101011001 0.00734329 0
1101011010 0.0338745 0
1101011011 0.0503845 -3.14159
1101011100 0.00123405 0
1101011101 0.0329895 -3.14159
1101011110 0.00892639 -3.14159
1101011111 0.0352173 -3.14159
1101100000 0.0717773 0
1101100001 0.0506897 0
1101100010 0.0451965 -3.14159
1101100011 0.00062561 0
1101100100 0.0125504 0
1101100101 0.0260315 -3.14159
1101100110 0.032196 0
1101100111 0.0325928 -3.14159
1101101000 0.00876617 0
1101101001 0.00120354 -3.14159
1101101010 0.0328064 0
1101101011 0.0377197 0
1101101100 0.0199432 -3.14159
1101101101 0.0087204 -3.14159
1101101110 0.0629272 -3.14159
1101101111 0.0222015 -3.14159
1101110000 0.0192413 -3.14159
1101110001 0.0637817 0
1101110010 0.0250092 0
1101110011 0.0515137 -3.14159
1101110100 0.0169067 -3.14159
1101110101 0.0481873 -3.14159
1101110110 0.00236893 -3.14159
1101110111 0.030777 -3.14159
1101111000 0.00901031 -3.14159
1101111001 0.020874 -3.14159
1101111010 0.00230789 0
1101111011 0.0076561 -3.14159
1101111100 0.000993729 -3.14159
1101111101 0.0247345 -3.14159
1101111110 0.015976 -3.14159
1101111111 0.086853 0
1110000000 0.0341492 -3.14159
1110000001 0.0253296 -3.14159
1110000010 0.0532837 0
1110000011 0.0279541 0
1110000100 0.0420532 0
1110000101 0.109863 0
1110000110 0.0433044 -3.14159
1110000111 0.00761795 -3.14159
1110001000 0.0141525 0
1110001001 0.0164032 0
1110001010 0.0484009 0
1110001011 0.0106888 -3.14159
1110001100 0.0256958 0
1110001101 0.0145264 0
1110001110 0.00557327 0
1110001111 0.0104523 -3.14159
1110010000 0.0259399 0
1110010001 0.039917 -3.14159
1110010010 0.0339355 -3.14159
1110010011 1.91927e-05 -3.14159
1110010100 0.0402832 -3.14159
1110010101 0.0526428 -3.14159
1110010110 0.00564194 0
1110010111 0.069397 -3.14159
1110011000 0.0262146 0
1110011001 0.00443649 0
1110011010 0.067688 -3.14159
1110011011 0.0258636 -3.14159
1110011100 0.0154266 0
1110011101 0.00762177 -3.14159
1110011110 0.0196838 0
1110011111 0.0427856 0
1110100000 0.0147629 -3.14159
1110100001 0.0251617 0
1110100010 0.0599365 0
1110100011 0.0405884 -3.14159
1110100100 0.0457764 0
1110100101 0.0544434 0
1110100110 0.0213165 -3.14159
1110100111 0.00810242 0
1110101000 0.00911713 -3.14159
1110101001 0.00251579 0
1110101010 0.0209351 0
1110101011 0.0352173 0
1110101100 0.0155182 -3.14159
1110101101 0.0167542 0
1110101110 0.0502625 -3.14159
1110101111 0.0218964 -3.14159
1110110000 0.0122833 0
1110110001 0.0262451 0
1110110010 0.0718994 -3.14159
1110110011 0.0436096 -3.14159
1110110100 0.0231476 -3.14159
1110110101 0.0748901 0
1110110110 0.0415955 -3.14159
1110110111 0.0340881 -3.14159
1110111000 0.00983429 0
1110111001 0.022934 0
1110111010 0.0306244 0
1110111011 0.0213318 0
1110111100 0.0302124 -3.14159
1110111101 0.00381088 -3.14159
1110111110 0.0157623 -3.14159
1110111111 0.0173187 0
1111000000 0.0240784 0
1111000001 0.0586853 0
1111000010 0.0445862 0
1111000011 0.00559235 -3.14159
1111000100 0.00904083 0
1111000101 0.0149078 -3.14159
1111000110 0.0209656 -3.14159
1111000111 0.00577545 0
1111001000 0.0507812 0
1111001001 0.0066452 -3.14159
1111001010 0.00524902 -3.14159
1111001011 0.0224762 -3.14159
1111001100 0.0445557 0
1111001101 0.097168 0
1111001110 0.0108719 0
1111001111 0.00454712 0
1111010000 0.012886 -3.14159
1111010001 0.00959015 -3.14159
1111010010 0.00627518 0
1111010011 0.0723877 -3.14159
1111010100 0.0340881 0
1111010101 0.0044899 0
1111010110 0.037323 0
1111010111 0.0121613 0
1111011000 0.0559082 0
1111011001 0.00247765 0
1111011010 0.000657082 -3.14159
1111011011 0.000337839 -3.14159
1111011100 0.0211945 0
1111011101 0.00460052 0
1111011110 0.00972748 0
1111011111 0.0195007 -3.14159
1111100000 0.0812988 0
1111100001 0.0056572 -3.14159
1111100010 0.00198174 0
1111100011 0.0343628 0
1111100100 0.0444031 -3.14159
1111100101 0.0139008 -3.14159
1111100110 0.0769043 -3.14159
1111100111 0.0386353 -3.14159
1111101000 0.0167847 -3.14159
1111101001 0.0332642 -3.14159
1111101010 0.0343933 -3.14159
1111101011 0.0783081 0
1111101100 0.0609436 0
1111101101 0.00545502 0
1111101110 0.0145264 0
1111101111 0.000739574 -3.14159
1111110000 0.0119705 -3.14159
1111110001 0.0179901 0
1111110010 0.0326843 -3.14159
1111110011 0.00270081 0
1111110100 0.00226974 0
1111110101 0.01474 0
1111110110 0.0108871 0
1111110111 0.0167542 0
1111111000 0.0161133 0
1111111001 0.0412292 -3.14159
1111111010 4.64916e-05 -3.14159
1111111011 0.0365295 -3.14159
1111111100 0.00298309 0
1111111101 0.033905 0
1111111110 0.0148697 -3.14159
1111111111 0.031311 -3.14159
