0000000000 0.0184479 -3.14159
0000000001 0.0154572 0
0000000010 0.00211334 0
0000000011 0.00011915 -3.14159
0000000100 0.0165253 -3.14159
0000000101 0.0257721 0
0000000110 0.0121841 -3.14159
0000000111 0.0488281 -3.14159
0000001000 0.024231 0
0000001001 0.0322571 0
0000001010 0.00507355 -3.14159
0000001011 0.0233307 -3.14159
0000001100 0.0178528 0
0000001101 0.00965881 -3.14159
0000001110 0.023819 0
0000001111 0.0134735 -3.14159
0000010000 0.0070076 0
0000010001 0.00292206 0
0000010010 0.0341492 -3.14159
0000010011 0.0325012 -3.14159
0000010100 0.0212097 -3.14159
0000010101 0.0427551 -3.14159
0000010110 0.0527649 -3.14159
0000010111 0.0139694 0
0000011000 0.0112839 -3.14159
0000011001 0.0245972 0
0000011010 0.0136108 0
0000011011 0.0623779 0
0000011100 0.0172729 0
0000011101 0.000755787 -3.14159
0000011110 0.0492554 -3.14159
0000011111 0.0668335 0
0000100000 0.0825195 -3.14159
0000100001 0.0121689 -3.14159
0000100010 0.0761719 -3.14159
0000100011 0.023819 0
0000100100 0.0116806 -3.14159
0000100101 0.026825 0
0000100110 0.0297546 0
0000100111 0.0125809 -3.14159
0000101000 0.0217896 0
0000101001 0.0588379 0
0000101010 0.0324402 -3.14159
0000101011 0.0634155 0
0000101100 0.00909424 -3.14159
0000101101 0.0126877 0
0000101110 0.0144577 -3.14159
0000101111 0.0224457 0
0000110000 0.046051 0
0000110001 0.00974274 -3.14159
0000110010 0.0243073 0
0000110011 0.0253448 0
0000110100 0.0591736 -3.14159
0000110101 0.00114918 0
0000110110 0.0307159 0
0000110111 0.0161438 0
0000111000 0.000383139 0
0000111001 0.0505676 -3.14159
0000111010 0.0056572 -3.14159
0000111011 0.00351143 -3.14159
0000111100 0.00601959 0
0000111101 0.04599 0
0000111110 0.0112 -3.14159
0000111111 0.00763702 0
0001000000 0.0147552 0
0001000001 0.0319214 -3.14159
0001000010 0.0230408 -3.14159
0001000011 0.00218201 0
0001000100 0.00699615 -3.14159
0001000101 0.0308685 0
0001000110 0.00796509 -3.14159
0001000111 0.00535583 0
0001001000 0.0733643 -3.14159
0001001001 0.00186443 0
0001001010 0.0117188 -3.14159
0001001011 0.022995 -3.14159
0001001100 0.00922394 0
0001001101 0.054718 -3.14159
0001001110 0.0499878 0
0001001111 0.00786591 0
0001010000 0.0356445 0
0001010001 0.00578308 -3.14159
0001010010 0.0617371 0
0001010011 0.0085907 0
0001010100 0.019104 -3.14159
0001010101 0.0180817 0
0001010110 0.0279236 -3.14159
0001010111 0.0271759 -3.14159
0001011000 0.0646362 0
0001011001 0.0396423 0
0001011010 0.00530243 -3.14159
0001011011 0.086792 -3.14159
0001011100 0.0348816 0
0001011101 0.00416946 -3.14159
0001011110 0.0504761 -3.14159
0001011111 0.0038147 -3.14159
0001100000 0.0668945 -3.14159
0001100001 0.0218811 0
0001100010 0.0379639 -3.14159
0001100011 0.0314026 0
0001100100 0.047821 0
0001100101 0.0560913 -3.14159
0001100110 0.0237885 0
0001100111 0.106812 0
0001101000 0.0474548 0
0001101001 0.000824451 0
0001101010 0.00103569 -3.14159
0001101011 0.0283966 -3.14159
0001101100 0.0474243 -3.14159
0001101101 0.0102539 -3.14159
0001101110 0.0577087 0
0001101111 0.00638962 0
0001110000 0.0396729 -3.14159
0001110001 0.0175476 0
0001110010 0.040802 -3.14159
0001110011 0.00835419 0
0001110100 0.0267639 0
0001110101 0.0261536 -3.14159
0001110110 0.0237274 -3.14159
0001110111 0.0278015 -3.14159
0001111000 0.0210114 -3.14159
0001111001 0.0152283 -3.14159
0001111010 0.0135345 0
0001111011 0.0199432 0
0001111100 0.0174255 -3.14159
0001111101 0.026825 0
0001111110 0.00476837 0
0001111111 0.0232697 0
0010000000 0.00627518 -3.14159
0010000001 0.0118713 0
0010000010 0.0245667 -3.14159
0010000011 0.0141602 -3.14159
0010000100 0.0143509 -3.14159
0010000101 0.0026474 0
0010000110 0.0267792 -3.14159
0010000111 0.0571899 -3.14159
0010001000 0.0104675 -3.14159
0010001001 0.0158997 0
0010001010 0.016037 0
0010001011 0.0288544 -3.14159
0010001100 0.016098 -3.14159
0010001101 0.0280914 -3.14159
0010001110 0.028244 0
0010001111 0.00685501 0
0010010000 0.0825806 -3.14159
0010010001 0.0126648 -3.14159
0010010010 0.036499 -3.14159
0010010011 0.0270538 -3.14159
0010010100 0.059082 -3.14159
0010010101 0.0288544 -3.14159
0010010110 0.0270538 0
0010010111 0.0163574 -3.14159
0010011000 0.00499725 -3.14159
0010011001 0.0322571 -3.14159
0010011010 0.0249939 0
0010011011 0.0342102 0
0010011100 0.026886 0
0010011101 0.0599365 0
0010011110 0.0155334 0
0010011111 0.00261307 -3.14159
0010100000 0.0157013 -3.14159
0010100001 0.00772476 -3.14159
0010100010 0.0565491 -3.14159
0010100011 0.0257416 -3.14159
0010100100 0.0072937 -3.14159
0010100101 0.00300026 0
0010100110 0.0381775 0
0010100111 0.0525818 0
0010101000 0.0143127 -3.14159
0010101001 0.0119476 -3.14159
0010101010 0.0389709 -3.14159
0010101011 0.00342369 -3.14159
0010101100 0.0325012 -3.14159
0010101101 0.072876 0
0010101110 0.00954437 0
0010101111 0.00468445 0
0010110000 0.0157776 -3.14159
0010110001 0.0124893 0
0010110010 0.0240326 0
0010110011 0.0213013 -3.14159
0010110100 0.0202637 0
0010110101 0.011116 0
0010110110 0.015358 -3.14159
0010110111 0.0392151 -3.14159
0010111000 0.0270996 0
0010111001 0.0147858 -3.14159
0010111010 0.0196075 -3.14159
0010111011 0.0060463 0
0010111100 0.0156174 -3.14159
0010111101 0.0127716 -3.14159
0010111110 0.00729752 0
0010111111 0.00679398 0
0011000000 0.0124054 0
0011000001 0.0255585 0
0011000010 0.0654907 0
0011000011 0.00643539 0
0011000100 0.00156307 0
0011000101 0.0332947 0
0011000110 0.00884247 0
0011000111 0.00449753 0
0011001000 0.00588608 0
0011001001 0.0209961 0
0011001010 0.0464478 0
0011001011 0.0315552 -3.14159
0011001100 0.00902557 -3.14159
0011001101 0.0207672 -3.14159
0011001110 0.078125 0
0011001111 0.0104752 0
0011010000 0.0146179 -3.14159
0011010001 0.0134125 0
0011010010 0.0106201 -3.14159
0011010011 0.0209503 -3.14159
0011010100 0.0420837 -3.14159
0011010101 0.0290833 -3.14159
0011010110 0.012558 -3.14159
0011010111 0.0231018 0
0011011000 0.0103989 -3.14159
0011011001 0.00773621 0
0011011010 0.0017128 0
0011011011 0.0233917 -3.14159
0011011100 0.00975037 0
0011011101 0.0244141 -3.14159
0011011110 0.0358276 0
0011011111 0.0566406 0
0011100000 0.0261993 0
0011100001 0.000776768 0
0011100010 0.00521469 -3.14159
0011100011 0.017868 0
0011100100 0.0196838 -3.14159
0011100101 0.019577 0
0011100110 0.0180511 0
0011100111 0.026123 0
0011101000 0.0314636 -3.14159
0011101001 0.016449 0
0011101010 0.0376587 0
0011101011 0.0353699 0
0011101100 0.00309563 -3.14159
0011101101 0.0137329 -3.14159
0011101110 0.0428467 -3.14159
0011101111 0.0240631 -3.14159
0011110000 0.0028553 0
0011110001 0.0359192 0
0011110010 0.0113068 0
0011110011 0.0484924 0
0011110100 0.022995 -3.14159
0011110101 0.0189972 0
0011110110 0.0488586 -3.14159
0011110111 0.065918 0
0011111000 0.0288391 0
0011111001 0.0651855 -3.14159
0011111010 0.024231 0
0011111011 0.0385437 -3.14159
0011111100 0.0275574 -3.14159
0011111101 0.00300026 0
0011111110 0.0499573 0
0011111111 0.0139923 0
0100000000 0.0254364 0
0100000001 0.00432968 -3.14159
0100000010 0.0113831 0
0100000011 0.00383377 0
0100000100 0.069458 -3.14159
0100000101 0.0087738 0
0100000110 0.0516052 0
0100000111 0.0350342 -3.14159
0100001000 0.0162964 0
0100001001 0.00517273 0
0100001010 0.01017 0
0100001011 0.0171814 -3.14159
0100001100 0.00476837 -3.14159
0100001101 0.0185852 -3.14159
0100001110 0.00888062 0
0100001111 0.00627136 0
0100010000 0.0226135 0
0100010001 0.0789795 -3.14159
0100010010 0.00575638 0
0100010011 0.0204926 0
0100010100 0.0665894 -3.14159
0100010101 0.0606689 -3.14159
0100010110 0.0298157 0
0100010111 0.0258026 -3.14159
0100011000 0.00753021 -3.14159
0100011001 0.0360413 0
0100011010 0.0217743 -3.14159
0100011011 0.0271606 0
0100011100 0.0202942 -3.14159
0100011101 0.0389099 -3.14159
0100011110 0.0222931 0
0100011111 0.0136414 -3.14159
0100100000 0.00144672 -3.14159
0100100001 0.0396729 0
0100100010 0.00199127 -3.14159
0100100011 0.0289001 0
0100100100 0.0223083 0
0100100101 0.0289459 -3.14159
0100100110 0.102966 0
0100100111 0.0267639 -3.14159
0100101000 0.0334473 0
0100101001 0.0417175 -3.14159
0100101010 0.00948334 -3.14159
0100101011 0.0605164 0
0100101100 0.0368042 -3.14159
0100101101 0.019516 0
0100101110 0.0228729 -3.14159
0100101111 0.016449 0
0100110000 0.0309143 0
0100110001 0.000974178 0
0100110010 0.0299683 0
0100110011 0.0346375 -3.14159
0100110100 0.0471191 0
0100110101 0.0113144 0
0100110110 6.1214e-05 -3.14159
0100110111 0.0244141 0
0100111000 0.0106812 -3.14159
0100111001 0.0200653 0
0100111010 0.00957489 -3.14159
0100111011 0.0134354 0
0100111100 0.00611496 0
0100111101 0.0171051 0
0100111110 0.0057106 0
0100111111 0.00449371 -3.14159
0101000000 0.00728226 0
0101000001 0.0398254 -3.14159
0101000010 0.0465393 -3.14159
0101000011 0.0366821 -3.14159
0101000100 0.00113297 -3.14159
0101000101 0.0424805 0
0101000110 0.019165 0
0101000111 0.0450439 0
0101001000 0.0219574 -3.14159
0101001001 0.0283051 -3.14159
0101001010 0.00648117 0
0101001011 0.0271912 0
0101001100 0.026123 -3.14159
0101001101 0.0147858 -3.14159
0101001110 0.0135498 -3.14159
0101001111 0.0323792 0
0101010000 0.00457764 0
0101010001 0.00738525 0
0101010010 0.0171356 -3.14159
0101010011 0.0159607 -3.14159
0101010100 0.024231 -3.14159
0101010101 0.0198059 0
0101010110 0.0311279 -3.14159
0101010111 0.039856 0
0101011000 0.0212097 0
0101011001 0.029892 0
0101011010 0.0198517 0
0101011011 0.0056839 0
0101011100 0.0325623 0
0101011101 0.00378418 -3.14159
0101011110 0.0392151 -3.14159
0101011111 0.0308685 0
0101100000 0.0354004 -3.14159
0101100001 0.00683975 -3.14159
0101100010 0.00382805 -3.14159
0101100011 0.0158691 -3.14159
0101100100 0.0366821 -3.14159
0101100101 0.0163269 0
0101100110 0.0228119 -3.14159
0101100111 0.0227356 0
0101101000 0.00886536 -3.14159
0101101001 0.037384 -3.14159
0101101010 0.0535583 -3.14159
0101101011 0.00201225 -3.14159
0101101100 0.00504303 0
0101101101 0.0163269 0
0101101110 0.025116 -3.14159
0101101111 0.0355225 -3.14159
0101110000 0.0373535 0
0101110001 0.0445862 -3.14159
0101110010 0.0530396 -3.14159
0101110011 0.0278168 0
0101110100 0.00820923 0
0101110101 0.0136185 -3.14159
0101110110 0.0279236 -3.14159
0101110111 0.0129929 0
0101111000 0.0209198 -3.14159
0101111001 0.00660324 0
0101111010 0.00342751 0
0101111011 0.00518036 -3.14159
0101111100 0.0210724 0
0101111101 0.0276184 -3.14159
0101111110 0.0247498 0
0101111111 0.0233154 0
0110000000 0.026886 -3.14159
0110000001 0.0121155 -3.14159
0110000010 0.00588989 0
0110000011 0.00723648 0
0110000100 0.0254059 -3.14159
0110000101 0.0107346 0
0110000110 0.00310135 -3.14159
0110000111 0.0578308 -3.14159
0110001000 0.000739574 0
0110001001 0.0130386 0
0110001010 0.065979 0
0110001011 0.04422 -3.14159
0110001100 0.036438 0
0110001101 0.0704956 -3.14159
0110001110 0.00621414 0
0110001111 0.033844 0
0110010000 0.0278473 0
0110010001 0.02211 -3.14159
0110010010 0.0214386 0
0110010011 0.0106201 0
0110010100 0.0181274 -3.14159
0110010101 0.0661011 -3.14159
0110010110 0.0414429 0
0110010111 0.00135994 0
0110011000 0.00609207 0
0110011001 0.11438 -3.14159
0110011010 0.00654602 0
0110011011 0.00414276 -3.14159
0110011100 0.00965881 -3.14159
0110011101 0.0109711 -3.14159
0110011110 0.0253754 -3.14159
0110011111 0.0182648 0
0110100000 0.0237885 0
0110100001 0.0372009 -3.14159
0110100010 0.0152206 0
0110100011 0.0332947 0
0110100100 0.00315094 -3.14159
0110100101 0.109131 0
0110100110 0.00374031 0
0110100111 0.0568848 0
0110101000 0.0218811 -3.14159
0110101001 0.0353699 0
0110101010 0.0375366 0
0110101011 0.0444946 0
0110101100 0.0535278 -3.14159
0110101101 0.00154114 0
0110101110 0.0470276 0
0110101111 0.00440598 0
0110110000 0.00952911 0
0110110001 0.0536499 0
0110110010 0.0121994 0
0110110011 0.00500488 0
0110110100 0.013237 -3.14159
0110110101 0.0551147 0
0110110110 0.013031 0
0110110111 0.0555725 -3.14159
0110111000 0.0579224 -3.14159
0110111001 0.0106583 -3.14159
0110111010 0.0125198 -3.14159
0110111011 0.102478 0
0110111100 0.0402527 -3.14159
0110111101 0.0480347 -3.14159
0110111110 0.0160675 0
0110111111 0.036438 0
0111000000 0.0139542 0
0111000001 0.0166473 -3.14159
0111000010 0.0299683 0
0111000011 0.0109482 -3.14159
0111000100 0.00497818 -3.14159
0111000101 0.056427 -3.14159
0111000110 0.0115433 0
0111000111 0.0344238 -3.14159
0111001000 0.0150452 0
0111001001 0.0231476 -3.14159
0111001010 0.019455 0
0111001011 0.0303802 0
0111001100 0.0223083 -3.14159
0111001101 0.0586853 -3.14159
0111001110 0.01548 0
0111001111 0.0147858 0
0111010000 0.0206604 -3.14159
0111010001 0.013092 -3.14159
0111010010 0.0755615 0
0111010011 0.033905 0
0111010100 0.0392456 -3.14159
0111010101 0.0100632 0
0111010110 0.0877075 0
0111010111 0.0208435 0
0111011000 0.011116 -3.14159
0111011001 0.0176239 -3.14159
0111011010 0.0117798 0
0111011011 0.019577 -3.14159
0111011100 0.0132599 0
0111011101 0.000807762 -3.14159
0111011110 0.0566711 -3.14159
0111011111 0.00722504 -3.14159
0111100000 0.0189667 0
0111100001 0.0131073 -3.14159
0111100010 0.00362778 0
0111100011 0.00312996 -3.14159
0111100100 0.0141983 0
0111100101 0.040863 0
0111100110 0.0191193 -3.14159
0111100111 0.0203705 -3.14159
0111101000 0.0438538 -3.14159
0111101001 0.0243073 0
0111101010 0.0158997 0
0111101011 0.00762558 0
0111101100 0.0129852 -3.14159
0111101101 0.0574341 -3.14159
0111101110 0.0244293 0
0111101111 0.0409851 0
0111110000 0.0168762 -3.14159
0111110001 0.0156403 0
0111110010 0.0245972 -3.14159
0111110011 0.0128021 0
0111110100 0.00323868 -3.14159
0111110101 0.0344543 -3.14159
0111110110 0.0152435 -3.14159
0111110111 0.00312614 0
0111111000 0.00285149 -3.14159
0111111001 0.0571289 0
0111111010 0.0736084 -3.14159
0111111011 0.0548096 -3.14159
0111111100 0.0210419 -3.14159
0111111101 0.0283203 0
0111111110 0.0117111 -3.14159
0111111111 0.0217285 -3.14159
1000000000 0.0143356 -3.14159
1000000001 0.0238495 -3.14159
1000000010 0.00500488 0
1000000011 0.00521088 -3.14159
1000000100 0.0360718 0
1000000101 0.0218353 -3.14159
1000000110 0.0285339 -3.14159
1000000111 0.00806427 0
1000001000 0.0017519 -3.14159
1000001001 0.00321579 0
1000001010 0.0315247 -3.14159
1000001011 0.00432205 -3.14159
1000001100 0.0371704 -3.14159
1000001101 0.0313721 -3.14159
1000001110 0.0182953 0
1000001111 0.0153122 -3.14159
1000010000 0.0181885 -3.14159
1000010001 0.0153275 0
1000010010 0.00833893 -3.14159
1000010011 0.0300903 -3.14159
1000010100 0.019989 0
1000010101 0.0180511 -3.14159
1000010110 0.0160675 0
1000010111 0.0310364 0
1000011000 0.0339661 0
1000011001 0.0589294 -3.14159
1000011010 0.0565186 0
1000011011 0.0043602 -3.14159
1000011100 0.00181007 0
1000011101 0.0335083 0
1000011110 0.0096283 0
1000011111 0.00722504 -3.14159
1000100000 0.0114059 -3.14159
1000100001 0.0425415 0
1000100010 0.0101013 -3.14159
1000100011 0.015625 0
1000100100 0.0304413 -3.14159
1000100101 0.00226402 -3.14159
1000100110 0.0368347 -3.14159
1000100111 0.0173645 -3.14159
1000101000 0.0031147 -3.14159
1000101001 0.0275574 0
1000101010 0.0064621 0
1000101011 0.00410461 0
1000101100 0.0412292 -3.14159
1000101101 0.0638428 -3.14159
1000101110 0.0610962 -3.14159
1000101111 0.0198059 -3.14159
1000110000 0.00258636 -3.14159
1000110001 0.00565338 0
1000110010 0.0101089 0
1000110011 0.0139923 0
1000110100 0.0123215 -3.14159
1000110101 0.009758 0
1000110110 0.00893402 0
1000110111 0.0055275 0
1000111000 0.0549927 -3.14159
1000111001 0.0192413 0
1000111010 0.00671768 -3.14159
1000111011 0.00627518 -3.14159
1000111100 0.0057869 -3.14159
1000111101 0.0312347 0
1000111110 0.00409698 0
1000111111 0.00774384 -3.14159
1001000000 0.038269 -3.14159
1001000001 0.0193787 -3.14159
1001000010 0.00384331 0
1001000011 0.00183201 0
1001000100 0.00867462 0
1001000101 0.0103989 -3.14159
1001000110 0.0264435 0
1001000111 0.0249176 -3.14159
1001001000 0.0614319 0
1001001001 0.0176849 -3.14159
1001001010 0.0133057 0
1001001011 0.0237274 0
1001001100 0.0394897 0
1001001101 0.0141068 -3.14159
1001001110 0.00923157 0
1001001111 0.0303955 -3.14159
1001010000 0.0457153 0
1001010001 0.0232086 0
1001010010 0.0221252 -3.14159
1001010011 0.0379639 -3.14159
1001010100 0.00938416 -3.14159
1001010101 0.0037117 0
1001010110 0.00342369 0
1001010111 0.0233917 0
1001011000 0.0279846 -3.14159
1001011001 0.00294495 -3.14159
1001011010 0.00750732 0
1001011011 0.00411987 0
1001011100 0.0129929 0
1001011101 0.0115738 0
1001011110 0.00473404 0
1001011111 0.00689697 0
1001100000 0.0193939 -3.14159
1001100001 0.0380859 0
1001100010 0.00869751 -3.14159
1001100011 0.0193634 0
1001100100 0.0457458 -3.14159
1001100101 0.00564575 0
1001100110 0.00333023 -3.14159
1001100111 0.0973511 0
1001101000 0.0116806 0
1001101001 0.0393982 -3.14159
1001101010 0.0340881 0
1001101011 0.00266266 -3.14159
1001101100 0.016922 0
1001101101 0.0665894 0
1001101110 0.00222397 0
1001101111 0.0343933 0
1001110000 0.0256042 0
1001110001 0.0129852 -3.14159
1001110010 0.0155716 -3.14159
1001110011 0.0498962 0
1001110100 0.0382385 -3.14159
1001110101 0.0558167 0
1001110110 0.0239563 0
1001110111 0.00414276 0
1001111000 0.00327301 0
1001111001 0.0024128 0
1001111010 0.0186768 0
1001111011 0.0187683 -3.14159
1001111100 0.00375557 0
1001111101 0.00379753 -3.14159
1001111110 0.00468063 -3.14159
1001111111 0.00447845 0
1010000000 0.00751114 -3.14159
1010000001 0.030899 -3.14159
1010000010 0.0450439 -3.14159
1010000011 0.0475769 -3.14159
1010000100 0.0106125 0
1010000101 0.0496521 0
1010000110 0.0483398 0
1010000111 0.0368652 -3.14159
1010001000 0.0193329 -3.14159
1010001001 0.059021 0
1010001010 0.0233154 -3.14159
1010001011 0.0242004 0
1010001100 0.0166473 0
1010001101 0.0158997 0
1010001110 0.0175629 -3.14159
1010001111 0.000257015 -3.14159
1010010000 0.021698 0
1010010001 0.0168304 -3.14159
1010010010 0.0417786 -3.14159
1010010011 0.0575256 -3.14159
1010010100 0.037323 -3.14159
1010010101 0.0171051 -3.14159
1010010110 0.0225067 -3.14159
1010010111 0.0279236 0
1010011000 0.00326729 -3.14159
1010011001 0.0469055 0
1010011010 0.0141068 -3.14159
1010011011 0.00691223 -3.14159
1010011100 0.0222778 -3.14159
1010011101 0.0430603 0
1010011110 0.0583801 0
1010011111 0.0096283 0
1010100000 0.026474 0
1010100001 0.0161133 0
1010100010 0.0184021 -3.14159
1010100011 0.020752 -3.14159
1010100100 0.0100021 -3.14159
1010100101 0.0317993 0
1010100110 0.0316467 0
1010100111 0.0188599 0
1010101000 0.0258484 -3.14159
1010101001 0.0164185 0
1010101010 0.0129929 0
1010101011 0.118774 0
1010101100 0.0289001 0
1010101101 0.0164032 -3.14159
1010101110 0.00516891 0
1010101111 0.00671005 -3.14159
1010110000 0.0415649 0
1010110001 0.0333252 -3.14159
1010110010 0.0216064 -3.14159
1010110011 0.0285339 0
1010110100 0.0148849 0
1010110101 0.0166168 0
1010110110 0.0182953 -3.14159
1010110111 0.00562668 0
1010111000 0.0166931 -3.14159
1010111001 0.0250549 0
1010111010 0.0384521 -3.14159
1010111011 0.0104752 0
1010111100 0.0235596 -3.14159
1010111101 0.0613708 0
1010111110 0.0113373 -3.14159
1010111111 0.0322571 -3.14159
1011000000 0.0331116 0
1011000001 0.0183105 -3.14159
1011000010 0.0143585 0
1011000011 0.000321627 0
1011000100 0.0324402 0
1011000101 0.0206146 0
1011000110 0.0072937 0
1011000111 0.0245819 -3.14159
1011001000 0.0651245 -3.14159
1011001001 0.0105286 0
1011001010 0.00297737 0
1011001011 0.0174255 0
1011001100 0.0422974 0
1011001101 0.008461 0
1011001110 0.0385742 -3.14159
1011001111 0.00932312 -3.14159
1011010000 0.000556946 0
1011010001 0.0336914 -3.14159
1011010010 0.009552 0
1011010011 0.00978088 -3.14159
1011010100 0.0148773 0
1011010101 0.0527344 -3.14159
1011010110 0.0275879 -3.14159
1011010111 0.0314636 -3.14159
1011011000 0.0146408 -3.14159
1011011001 0.0155106 0
1011011010 0.0118103 -3.14159
1011011011 0.00200653 -3.14159
1011011100 0.00274467 -3.14159
1011011101 0.0191956 0
1011011110 0.0350647 -3.14159
1011011111 0.0432739 -3.14159
1011100000 0.0177612 0
1011100001 0.00502396 0
1011100010 0.000572681 -3.14159
1011100011 0.0637207 0
1011100100 0.0257263 0
1011100101 0.00234795 0
1011100110 0.0227051 0
1011100111 0.0248566 0
1011101000 0.0306549 0
1011101001 0.0202179 -3.14159
1011101010 0.000213623 0
1011101011 0.0138092 -3.14159
1011101100 0.0250854 0
1011101101 0.00599289 0
1011101110 0.0626831 0
1011101111 0.111145 0
1011110000 0.0239105 0
1011110001 0.00623322 0
1011110010 0.00827789 0
1011110011 0.0118103 -3.14159
1011110100 0.0180206 -3.14159
1011110101 0.0206451 0
1011110110 0.0287628 -3.14159
1011110111 0.0207825 -3.14159
1011111000 0.0195923 0
1011111001 0.0472412 -3.14159
1011111010 0.000854969 0
1011111011 0.00258827 0
1011111100 0.0653076 0
1011111101 0.0340271 0
1011111110 0.0402527 0
1011111111 0.037262 0
1100000000 0.0347595 -3.14159
1100000001 0.0290222 0
1100000010 0.00419617 -3.14159
1100000011 0.00133896 -3.14159
1100000100 0.0290527 -3.14159
1100000101 0.0129318 -3.14159
1100000110 0.0120544 0
1100000111 0.00876617 0
1100001000 0.00400162 0
1100001001 0.0209045 0
1100001010 0.0209198 0
1100001011 0.0380249 0
1100001100 0.00602722 -3.14159
1100001101 0.00279236 0
1100001110 0.0349731 0
1100001111 0.0105209 0
1100010000 0.0437622 0
1100010001 0.00849915 0
1100010010 0.00556183 -3.14159
1100010011 0.0512695 -3.14159
1100010100 0.00489044 0
1100010101 0.0372009 -3.14159
1100010110 0.00981903 0
1100010111 0.0499878 0
1100011000 0.0450134 -3.14159
1100011001 0.0206909 -3.14159
1100011010 0.0185394 0
1100011011 0.0384521 0
1100011100 0.0111389 -3.14159
1100011101 0.0279236 0
1100011110 0.0166168 -3.14159
1100011111 0.0250549 -3.14159
1100100000 0.0269012 0
1100100001 0.0372925 -3.14159
1100100010 0.022934 0
1100100011 0.0108185 0
1100100100 0.0259705 0
1100100101 0.0509949 -3.14159
1100100110 0.00687408 0
1100100111 0.00397873 -3.14159
1100101000 0.0298309 -3.14159
1100101001 0.0341797 0
1100101010 0.0171509 0
1100101011 0.0550232 0
1100101100 0.036499 -3.14159
1100101101 0.0272827 -3.14159
1100101110 0.0910645 0
1100101111 0.00830841 0
1100110000 0.0155029 -3.14159
1100110001 0.0158691 -3.14159
1100110010 0.0410767 0
1100110011 0.00683212 -3.14159
1100110100 0.00957489 0
1100110101 0.0257416 -3.14159
1100110110 0.0327148 0
1100110111 0.0299683 0
1100111000 0.00971222 -3.14159
1100111001 0.0142212 0
1100111010 0.0245819 -3.14159
1100111011 0.0368042 -3.14159
1100111100 0.029007 -3.14159
1100111101 0.0200958 -3.14159
1100111110 0.0337524 -3.14159
1100111111 0.030838 -3.14159
1101000000 0.0655518 0
1101000001 0.0113754 -3.14159
1101000010 0.00388336 -3.14159
1101000011 0.0075531 -3.14159
1101000100 0.0438538 0
1101000101 0.0571899 0
1101000110 0.0207214 0
1101000111 0.000196934 0
1101001000 0.0361023 0
1101001001 0.00270462 0
1101001010 0.00745392 -3.14159
1101001011 0.0117493 0
1101001100 0.0022049 -3.14159
1101001101 0.0143051 0
1101001110 0.0028801 0
1101001111 0.0130692 -3.14159
1101010000 0.00630188 0
1101010001 0.0078125 -3.14159
1101010010 0.0265808 0
1101010011 0.076355 0
1101010100 0.00027442 0
1101010101 0.0091095 0
1101010110 0.0220184 0
1101010111 0.0489502 0
1101011000 0.00226784 -3.14159
1101011001 0.0126724 0
1101011010 0.0472412 0
1101011011 0.00357437 0
1101011100 0.00164127 0
1101011101 0.00411224 -3.14159
1101011110 0.0245819 -3.14159
1101011111 0.0600586 -3.14159
1101100000 0.0129929 0
1101100001 0.0147552 -3.14159
1101100010 0.0264435 -3.14159
1101100011 0.0369263 0
1101100100 0.0346069 -3.14159
1101100101 0.0384521 -3.14159
1101100110 0.0209503 -3.14159
1101100111 0.0270538 0
1101101000 0.0498657 0
1101101001 0.0160828 0
1101101010 0.0571899 0
1101101011 0.00756454 0
1101101100 0.0110016 -3.14159
1101101101 0.0167999 0
1101101110 0.0378723 0
1101101111 0.0556335 -3.14159
1101110000 0.0344238 -3.14159
1101110001 0.0521545 0
1101110010 0.0138779 -3.14159
1101110011 0.0291748 -3.14159
1101110100 0.0255432 -3.14159
1101110101 0.00758362 0
1101110110 0.0175781 -3.14159
1101110111 0.0394592 -3.14159
1101111000 0.0386353 -3.14159
1101111001 0.00367737 -3.14159
1101111010 0.00323105 0
1101111011 0.0223541 -3.14159
1101111100 0.0653076 0
1101111101 0.0238953 -3.14159
1101111110 0.00964355 0
1101111111 0.0256653 -3.14159
1110000000 0.0010004 0
1110000001 0.0294647 0
1110000010 0.0812378 0
1110000011 0.00403976 -3.14159
1110000100 0.0315552 -3.14159
1110000101 0.0129623 -3.14159
1110000110 0.0187073 -3.14159
1110000111 0.0303955 0
1110001000 0.00469971 -3.14159
1110001001 0.00194168 0
1110001010 0.00498199 0
1110001011 0.00558853 -3.14159
1110001100 0.00869751 0
1110001101 0.0723877 0
1110001110 0.046051 0
1110001111 0.0158691 0
1110010000 0.0210419 -3.14159
1110010001 0.0158997 0
1110010010 0.000581264 0
1110010011 0.0447693 0
1110010100 0.0384827 -3.14159
1110010101 0.0179596 -3.14159
1110010110 0.0388794 0
1110010111 0.00882721 -3.14159
1110011000 0.00772476 0
1110011001 0.015625 -3.14159
1110011010 0.028244 0
1110011011 0.0428467 -3.14159
1110011100 0.0294495 0
1110011101 0.000508785 -3.14159
1110011110 0.0112228 -3.14159
1110011111 0.0595398 0
1110100000 0.0219269 0
1110100001 0.00385857 -3.14159
1110100010 0.0592957 -3.14159
1110100011 0.00895691 0
1110100100 0.0143661 0
1110100101 0.0402222 0
1110100110 0.022934 -3.14159
1110100111 0.0115662 0
1110101000 0.00294495 -3.14159
1110101001 0.0174713 0
1110101010 0.0172272 0
1110101011 0.0159607 0
1110101100 0.0330811 0
1110101101 0.0298615 0
1110101110 0.021637 0
1110101111 0.00202751 0
1110110000 0.00642014 0
1110110001 0.0394287 -3.14159
1110110010 0.0114975 -3.14159
1110110011 0.0732422 -3.14159
1110110100 0.0171967 0
1110110101 0.0380859 -3.14159
1110110110 0.0153122 0
1110110111 0.016037 -3.14159
1110111000 0.0163422 0
1110111001 0.0812988 -3.14159
1110111010 0.00612259 -3.14159
1110111011 0.00673676 -3.14159
1110111100 0.0107956 -3.14159
1110111101 0.0213776 0
1110111110 0.0248718 -3.14159
1110111111 0.0525208 -3.14159
1111000000 0.0253906 0
1111000001 0.0313416 -3.14159
1111000010 0.0311432 0
1111000011 0.0314941 -3.14159
1111000100 0.0301971 -3.14159
1111000101 0.0207977 -3.14159
1111000110 0.029541 0
1111000111 0.00118542 -3.14159
1111001000 0.0142517 -3.14159
1111001001 0.00767136 0
1111001010 0.00709152 -3.14159
1111001011 0.0375977 0
1111001100 0.00834656 -3.14159
1111001101 0.0254364 -3.14159
1111001110 0.0023098 0
1111001111 0.0888672 0
1111010000 0.0214081 -3.14159
1111010001 0.0395203 -3.14159
1111010010 0.00118828 0
1111010011 0.0170593 0
1111010100 0.00777054 0
1111010101 0.0300903 0
1111010110 0.00757217 0
1111010111 0.00047946 -3.14159
1111011000 0.0556946 0
1111011001 0.0214081 -3.14159
1111011010 0.0456238 -3.14159
1111011011 0.0115433 0
1111011100 0.020752 -3.14159
1111011101 0.026535 -3.14159
1111011110 0.00865936 -3.14159
1111011111 0.0338745 -3.14159
1111100000 0.0120087 0
1111100001 0.00200653 0
1111100010 0.0140533 0
1111100011 0.0733032 -3.14159
1111100100 0.0332336 0
1111100101 0.0172577 -3.14159
1111100110 0.0228729 0
1111100111 0.00780869 0
1111101000 0.00443268 -3.14159
1111101001 0.0280762 0
1111101010 0.0256195 -3.14159
1111101011 0.05896 -3.14159
1111101100 0.086853 0
1111101101 0.0222778 -3.14159
1111101110 0.0447083 0
1111101111 0.072876 0
1111110000 0.0453491 -3.14159
1111110001 0.0601807 0
1111110010 0.00806427 0
1111110011 0.0300293 -3.14159
1111110100 0.0575562 -3.14159
1111110101 0.00789642 0
1111110110 0.0274963 -3.14159
1111110111 0.0244751 0
1111111000 0.0239716 -3.14159
1111111001 0.0629272 -3.14159
1111111010 0.00737 0
1111111011 0.0163879 -3.14159
1111111100 0.011055 0
1111111101 0.0387878 0
1111111110 0.0331421 0
1111111111 0.0374756 0
