0000000000 0.00796509 0
0000000001 0.0372314 0
0000000010 0.0154953 -3.14159
0000000011 0.00919342 -3.14159
0000000100 0.0089798 0
0000000101 0.0445862 0
0000000110 0.0262604 -3.14159
0000000111 0.0229492 -3.14159
0000001000 0.0141525 0
0000001001 0.00647354 -3.14159
0000001010 0.00377655 -3.14159
0000001011 0.00868225 0
0000001100 0.0427246 -3.14159
0000001101 0.00917816 0
0000001110 0.0110855 -3.14159
0000001111 0.0358276 0
0000010000 0.00711441 -3.14159
0000010001 0.0183411 -3.14159
0000010010 0.021225 -3.14159
0000010011 0.033905 -3.14159
0000010100 0.0194702 -3.14159
0000010101 0.0300903 0
0000010110 0.00799561 -3.14159
0000010111 0.00950623 0
0000011000 0.0480957 0
0000011001 0.0294037 -3.14159
0000011010 0.029953 -3.14159
0000011011 0.0466919 -3.14159
0000011100 0.0323181 -3.14159
0000011101 0.0106583 -3.14159
0000011110 0.0222321 0
0000011111 0.0123138 -3.14159
0000100000 0.0836182 -3.14159
0000100001 0.0163269 -3.14159
0000100010 0.0670166 -3.14159
0000100011 0.0340576 -3.14159
0000100100 0.0291901 0
0000100101 0.0139389 -3.14159
0000100110 0.0103226 -3.14159
0000100111 0.00132179 -3.14159
0000101000 0.0124054 -3.14159
0000101001 0.0301514 -3.14159
0000101010 0.0384827 -3.14159
0000101011 0.00217819 -3.14159
0000101100 0.0522156 -3.14159
0000101101 0.00730515 0
0000101110 0.0211487 -3.14159
0000101111 0.008255 0
0000110000 0.0119476 0
0000110001 0.0408936 -3.14159
0000110010 0.0359192 -3.14159
0000110011 0.00782776 0
0000110100 0.00861359 -3.14159
0000110101 0.00419235 0
0000110110 0.0165253 -3.14159
0000110111 0.0250244 0
0000111000 0.0354004 -3.14159
0000111001 0.0197144 -3.14159
0000111010 0.0015316 -3.14159
0000111011 0.0276184 -3.14159
0000111100 0.025116 0
0000111101 0.00770569 0
0000111110 0.0292664 0
0000111111 0.011055 0
0001000000 0.0761719 0
0001000001 0.00218391 0
0001000010 0.0216675 -3.14159
0001000011 0.017395 0
0001000100 0.0174866 -3.14159
0001000101 0.0342712 -3.14159
0001000110 0.0194092 -3.14159
0001000111 0.00176334 -3.14159
0001001000 0.0317688 -3.14159
0001001001 0.0036087 -3.14159
0001001010 0.0124283 0
0001001011 0.00487518 -3.14159
0001001100 0.0247803 -3.14159
0001001101 0.0237274 0
0001001110 0.00737381 0
0001001111 0.00589371 -3.14159
0001010000 0.000782967 0
0001010001 0.0341492 -3.14159
0001010010 0.0171509 -3.14159
0001010011 0.00132561 0
0001010100 0.0139999 0
0001010101 0.000433922 0
0001010110 0.0314026 0
0001010111 0.00706863 -3.14159
0001011000 0.0278931 -3.14159
0001011001 0.0302429 0
0001011010 0.0155258 0
0001011011 0.00490952 -3.14159
0001011100 0.0469666 0
0001011101 0.0309296 -3.14159
0001011110 0.0180664 -3.14159
0001011111 0.0336609 0
0001100000 0.00218964 -3.14159
0001100001 0.00309944 -3.14159
0001100010 0.0439453 -3.14159
0001100011 0.018692 -3.14159
0001100100 0.0568542 -3.14159
0001100101 0.00832367 0
0001100110 0.0144653 -3.14159
0001100111 0.028717 0
0001101000 0.0125351 0
0001101001 0.0813599 0
0001101010 0.00320244 -3.14159
0001101011 0.0100174 -3.14159
0001101100 0.0193634 0
0001101101 0.0504761 -3.14159
0001101110 0.000211477 -3.14159
0001101111 0.0189972 0
0001110000 0.0469666 -3.14159
0001110001 7.64728e-05 0
0001110010 0.0451965 -3.14159
0001110011 0.0298004 0
0001110100 0.0408936 -3.14159
0001110101 0.0149918 0
0001110110 0.0137482 0
0001110111 0.0275421 -3.14159
0001111000 0.0368347 -3.14159
0001111001 0.00576019 0
0001111010 0.0354919 -3.14159
0001111011 0.00359917 -3.14159
0001111100 0.0221863 -3.14159
0001111101 0.0223999 0
0001111110 0.0235748 -3.14159
0001111111 0.0087204 -3.14159
0010000000 0.0404358 0
0010000001 0.0168762 -3.14159
0010000010 0.0254517 0
0010000011 0.0406799 -3.14159
0010000100 0.0178375 0
0010000101 0.0409851 -3.14159
0010000110 0.0374451 0
0010000111 0.00400162 -3.14159
0010001000 0.0137482 -3.14159
0010001001 0.0247955 0
0010001010 0.0222473 0
0010001011 0.0105515 -3.14159
0010001100 0.027298 0
0010001101 0.0570068 0
0010001110 0.0384827 0
0010001111 0.0102386 -3.14159
0010010000 0.0193176 -3.14159
0010010001 0.0272522 -3.14159
0010010010 0.00836182 -3.14159
0010010011 0.011116 0
0010010100 0.0304718 -3.14159
0010010101 0.0163727 0
0010010110 0.0159149 -3.14159
0010010111 0.0141373 0
0010011000 0.0187836 -3.14159
0010011001 0.00421143 -3.14159
0010011010 0.0198059 0
0010011011 0.00222969 0
0010011100 0.00597 -3.14159
0010011101 0.0275879 0
0010011110 0.0332031 -3.14159
0010011111 0.0295715 0
0010100000 0.0284424 0
0010100001 0.000421286 -3.14159
0010100010 0.014183 -3.14159
0010100011 0.0115128 -3.14159
0010100100 0.00304031 0
0010100101 0.0285339 -3.14159
0010100110 0.00626373 0
0010100111 0.00665665 0
0010101000 0.0043869 0
0010101001 0.0377502 0
0010101010 0.0202637 -3.14159
0010101011 0.0279388 0
0010101100 0.0103531 0
0010101101 0.0367432 0
0010101110 0.00995636 0
0010101111 0.00643921 -3.14159
0010110000 0.023941 0
0010110001 0.0545959 -3.14159
0010110010 0.0205383 -3.14159
0010110011 0.0723877 0
0010110100 0.0488892 0
0010110101 0.0183411 -3.14159
0010110110 0.0122452 0
0010110111 0.0192566 -3.14159
0010111000 0.0050354 0
0010111001 0.017746 -3.14159
0010111010 0.016098 0
0010111011 0.0253448 0
0010111100 0.0449219 0
0010111101 0.0351868 -3.14159
0010111110 0.0211182 0
0010111111 0.0467224 -3.14159
0011000000 0.0433044 0
0011000001 0.0172119 0
0011000010 0.00268173 0
0011000011 0.0139923 0
0011000100 0.00657272 -3.14159
0011000101 0.000316381 0
0011000110 0.0491943 0
0011000111 0.00221062 0
0011001000 0.00919342 0
0011001001 0.0150452 -3.14159
0011001010 0.0322266 0
0011001011 0.0135498 -3.14159
0011001100 0.0233002 -3.14159
0011001101 0.015007 -3.14159
0011001110 0.00639725 0
0011001111 0.0263214 0
0011010000 0.0263367 0
0011010001 0.014183 0
0011010010 0.028717 0
0011010011 0.00615311 -3.14159
0011010100 0.011528 0
0011010101 0.0544128 -3.14159
0011010110 0.0375061 -3.14159
0011010111 0.0616455 0
0011011000 0.00745773 -3.14159
0011011001 0.0105591 0
0011011010 0.00662231 0
0011011011 0.00555801 -3.14159
0011011100 0.00154209 -3.14159
0011011101 0.0434875 -3.14159
0011011110 0.0589905 -3.14159
0011011111 0.00675201 0
0011100000 0.030899 0
0011100001 0.0240021 0
0011100010 0.0173492 0
0011100011 0.0220184 -3.14159
0011100100 0.0342407 0
0011100101 0.0678711 0
0011100110 0.0059166 -3.14159
0011100111 0.0210724 -3.14159
0011101000 0.0278931 -3.14159
0011101001 0.0257263 0
0011101010 0.0554504 -3.14159
0011101011 0.010849 -3.14159
0011101100 0.0377197 -3.14159
0011101101 0.00829315 -3.14159
0011101110 0.00550842 -3.14159
0011101111 0.0686035 0
0011110000 0.00391769 -3.14159
0011110001 0.00461197 0
0011110010 0.0269012 0
0011110011 0.0758667 -3.14159
0011110100 0.0115738 -3.14159
0011110101 0.0185699 -3.14159
0011110110 0.0197144 0
0011110111 0.0083313 -3.14159
0011111000 0.0863037 0
0011111001 0.00161171 0
0011111010 0.00594711 0
0011111011 0.002882 0
0011111100 0.00746536 -3.14159
0011111101 0.0189972 -3.14159
0011111110 0.019043 0
0011111111 0.0311584 0
0100000000 0.0841675 0
0100000001 0.0418091 0
0100000010 0.0266876 -3.14159
0100000011 0.0379028 0
0100000100 0.0482178 -3.14159
0100000101 0.00711823 -3.14159
0100000110 0.0538635 0
0100000111 0.0274048 0
0100001000 0.0127106 -3.14159
0100001001 0.0120544 -3.14159
0100001010 0.0235291 0
0100001011 0.0622559 -3.14159
0100001100 0.000133157 -3.14159
0100001101 0.0044632 -3.14159
0100001110 0.00881958 -3.14159
0100001111 0.0222626 -3.14159
0100010000 0.0393372 0
0100010001 0.0583191 -3.14159
0100010010 0.00461197 -3.14159
0100010011 0.0165863 -3.14159
0100010100 0.0368958 0
0100010101 0.00652313 -3.14159
0100010110 0.00904083 0
0100010111 0.00214577 0
0100011000 0.0108795 -3.14159
0100011001 0.017868 0
0100011010 0.00378418 -3.14159
0100011011 0.0737915 -3.14159
0100011100 0.00818634 -3.14159
0100011101 0.00494003 0
0100011110 0.0426331 -3.14159
0100011111 0.0276947 0
0100100000 0.0277252 -3.14159
0100100001 0.00468445 -3.14159
0100100010 0.0198364 -3.14159
0100100011 0.0121689 0
0100100100 0.0192871 -3.14159
0100100101 0.027359 0
0100100110 0.0354004 -3.14159
0100100111 0.0457458 -3.14159
0100101000 0.0437317 0
0100101001 0.0932007 -3.14159
0100101010 0.0470581 0
0100101011 0.0306091 -3.14159
0100101100 0.0231323 0
0100101101 0.0770264 -3.14159
0100101110 0.0376892 0
0100101111 0.00214958 0
0100110000 0.045166 0
0100110001 0.035553 -3.14159
0100110010 0.00329781 0
0100110011 0.0242157 -3.14159
0100110100 0.0146408 0
0100110101 0.0479126 0
0100110110 0.00796509 -3.14159
0100110111 0.0144501 0
0100111000 0.0349731 -3.14159
0100111001 0.0653076 -3.14159
0100111010 0.0443726 -3.14159
0100111011 0.037262 -3.14159
0100111100 0.0393677 -3.14159
0100111101 0.02388 -3.14159
0100111110 0.0479126 0
0100111111 0.0132675 -3.14159
0101000000 0.0161591 -3.14159
0101000001 0.00806427 0
0101000010 0.00289154 0
0101000011 0.0233765 0
0101000100 0.0172729 -3.14159
0101000101 0.0278778 0
0101000110 0.0227509 -3.14159
0101000111 0.0369263 -3.14159
0101001000 0.0109024 0
0101001001 0.00450897 0
0101001010 0.0194092 0
0101001011 0.00297928 0
0101001100 0.00146389 -3.14159
0101001101 0.0189819 0
0101001110 0.00439072 0
0101001111 0.00633621 -3.14159
0101010000 0.0407715 0
0101010001 0.0123978 0
0101010010 0.0409546 0
0101010011 0.0684204 -3.14159
0101010100 0.0178528 0
0101010101 0.0349426 0
0101010110 0.0248718 0
0101010111 0.0187225 0
0101011000 0.0385742 0
0101011001 0.0143585 0
0101011010 0.0165253 -3.14159
0101011011 0.0762939 -3.14159
0101011100 0.0158081 -3.14159
0101011101 0.051239 0
0101011110 0.0156708 0
0101011111 0.0285034 0
0101100000 0.0242615 0
0101100001 0.0518799 -3.14159
0101100010 0.00939941 -3.14159
0101100011 0.0440369 -3.14159
0101100100 0.010437 -3.14159
0101100101 0.0118027 0
0101100110 0.0329285 -3.14159
0101100111 0.0456238 -3.14159
0101101000 0.0545959 -3.14159
0101101001 0.00143528 0
0101101010 0.0421753 0
0101101011 0.017395 0
0101101100 0.0161896 -3.14159
0101101101 0.0392151 -3.14159
0101101110 0.013649 -3.14159
0101101111 0.0169373 0
0101110000 0.0191498 -3.14159
0101110001 0.00491714 -3.14159
0101110010 0.0279388 -3.14159
0101110011 0.0251465 0
0101110100 0.0327759 0
0101110101 0.0178528 0
0101110110 0.0108032 0
0101110111 0.0136948 -3.14159
0101111000 0.039093 0
0101111001 0.0266571 0
0101111010 0.0467224 0
0101111011 0.0306702 -3.14159
0101111100 0.0354309 -3.14159
0101111101 0.000563145 -3.14159
0101111110 0.0391541 0
0101111111 0.0402527 0
0110000000 0.0303497 0
0110000001 0.0448608 0
0110000010 0.0503845 -3.14159
0110000011 0.0290222 0
0110000100 0.0908813 -3.14159
0110000101 0.0193329 0
0110000110 0.0333862 0
0110000111 0.026413 0
0110001000 0.00830841 -3.14159
0110001001 0.0175018 -3.14159
0110001010 0.000804901 0
0110001011 0.0183563 -3.14159
0110001100 0.0167999 0
0110001101 0.0336914 -3.14159
0110001110 0.0135574 0
0110001111 0.0193481 -3.14159
0110010000 0.0528259 0
0110010001 0.00866699 -3.14159
0110010010 0.0045433 -3.14159
0110010011 0.031189 0
0110010100 0.0757446 -3.14159
0110010101 0.0584106 -3.14159
0110010110 0.00125217 0
0110010111 0.036377 0
0110011000 0.00119972 0
0110011001 0.0363464 -3.14159
0110011010 0.00245285 -3.14159
0110011011 0.062561 0
0110011100 0.00450516 -3.14159
0110011101 0.0117264 0
0110011110 0.0332947 0
0110011111 0.0195312 0
0110100000 0.0737305 0
0110100001 0.0113602 0
0110100010 0.0234833 0
0110100011 0.0422668 -3.14159
0110100100 0.0438843 0
0110100101 0.0471497 0
0110100110 0.0280762 0
0110100111 0.00207901 0
0110101000 0.0209961 -3.14159
0110101001 0.00751495 -3.14159
0110101010 0.0239258 0
0110101011 0.0294342 -3.14159
0110101100 0.0222321 -3.14159
0110101101 0.0314941 0
0110101110 0.0094223 0
0110101111 0.00194454 -3.14159
0110110000 0.0200195 0
0110110001 0.069458 -3.14159
0110110010 0.0415955 0
0110110011 0.00810242 -3.14159
0110110100 0.00484085 0
0110110101 0.0283203 0
0110110110 0.032959 0
0110110111 0.0249176 0
0110111000 0.032959 -3.14159
0110111001 0.0146179 -3.14159
0110111010 0.0289459 0
0110111011 0.0698853 0
0110111100 0.0268402 -3.14159
0110111101 0.00358391 -3.14159
0110111110 0.0258942 -3.14159
0110111111 0.0340271 -3.14159
0111000000 0.010437 0
0111000001 0.0314331 -3.14159
0111000010 0.0213165 0
0111000011 0.0194855 -3.14159
0111000100 0.0254211 -3.14159
0111000101 0.00680923 0
0111000110 0.0146027 -3.14159
0111000111 0.00626373 -3.14159
0111001000 0.0342102 0
0111001001 0.0172729 0
0111001010 0.00121117 0
0111001011 0.00727463 0
0111001100 0.00993347 -3.14159
0111001101 0.0321655 -3.14159
0111001110 0.0533142 0
0111001111 0.0757446 0
0111010000 0.0453796 0
0111010001 0.0163727 0
0111010010 0.0107574 0
0111010011 0.0646362 0
0111010100 0.0141144 0
0111010101 0.0202484 -3.14159
0111010110 0.00378036 -3.14159
0111010111 0.0190735 -3.14159
0111011000 0.0206299 0
0111011001 0.0183563 -3.14159
0111011010 0.00662613 -3.14159
0111011011 0.00712585 0
0111011100 0.0240631 0
0111011101 0.020462 0
0111011110 0.0348816 0
0111011111 0.000882149 0
0111100000 0.00537109 0
0111100001 0.0078125 -3.14159
0111100010 0.020874 0
0111100011 0.032135 0
0111100100 0.00224686 -3.14159
0111100101 0.0368958 -3.14159
0111100110 0.0493774 -3.14159
0111100111 0.00598145 -3.14159
0111101000 0.048584 -3.14159
0111101001 7.59959e-05 -3.14159
0111101010 0.0329285 -3.14159
0111101011 0.0301514 -3.14159
0111101100 0.0383606 -3.14159
0111101101 0.0147171 -3.14159
0111101110 0.020752 0
0111101111 0.00452423 0
0111110000 0.0104904 0
0111110001 0.0374451 -3.14159
0111110010 0.0320435 0
0111110011 0.0734863 -3.14159
0111110100 0.0284119 0
0111110101 0.0043602 -3.14159
0111110110 0.00590515 0
0111110111 0.0234222 -3.14159
0111111000 0.0509033 -3.14159
0111111001 0.0289764 0
0111111010 0.00185013 0
0111111011 0.0110779 0
0111111100 0.018158 -3.14159
0111111101 0.00930023 -3.14159
0111111110 0.0107346 -3.14159
0111111111 0.0596619 0
1000000000 0.000566006 0
1000000001 0.0167694 -3.14159
1000000010 0.00189877 -3.14159
1000000011 0.022583 -3.14159
1000000100 0.0244751 0
1000000101 0.0445862 0
1000000110 0.0150909 0
1000000111 0.00743103 0
1000001000 0.00883484 -3.14159
1000001001 0.0161133 0
1000001010 0.0148849 -3.14159
1000001011 0.044281 -3.14159
1000001100 0.000734806 0
1000001101 0.0585327 -3.14159
1000001110 0.0250092 -3.14159
1000001111 0.0179138 -3.14159
1000010000 0.00178242 0
1000010001 0.0448914 -3.14159
1000010010 0.0032177 0
1000010011 0.00505829 0
1000010100 0.0460815 0
1000010101 0.0150299 0
1000010110 0.00743103 0
1000010111 0.00778961 -3.14159
1000011000 0.0228729 0
1000011001 0.0214691 0
1000011010 0.0230865 -3.14159
1000011011 0.048645 0
1000011100 0.00287437 0
1000011101 0.0137711 -3.14159
1000011110 0.0069046 -3.14159
1000011111 0.0199738 0
1000100000 0.0332031 -3.14159
1000100001 0.0334167 -3.14159
1000100010 0.00645447 0
1000100011 0.00303459 -3.14159
1000100100 0.00715256 -3.14159
1000100101 0.0463867 -3.14159
1000100110 0.0328979 -3.14159
1000100111 0.0645142 0
1000101000 0.0253448 0
1000101001 0.012291 -3.14159
1000101010 0.0168762 -3.14159
1000101011 0.037384 -3.14159
1000101100 0.0279083 -3.14159
1000101101 0.0343628 0
1000101110 0.024231 0
1000101111 0.0100632 0
1000110000 0.00962067 -3.14159
1000110001 0.0111923 0
1000110010 0.0277863 0
1000110011 0.0262299 -3.14159
1000110100 0.0057869 -3.14159
1000110101 0.0356445 0
1000110110 0.0323181 -3.14159
1000110111 0.0234528 0
1000111000 0.0190887 -3.14159
1000111001 0.0411682 -3.14159
1000111010 0.0460815 0
1000111011 0.00615311 0
1000111100 0.00486374 0
1000111101 0.0193481 0
1000111110 0.0096817 0
1000111111 0.0262451 0
1001000000 0.00473404 0
1001000001 0.0272522 -3.14159
1001000010 0.0231628 0
1001000011 0.00670624 0
1001000100 0.0179901 -3.14159
1001000101 0.0113449 0
1001000110 0.0462952 -3.14159
1001000111 0.0277557 -3.14159
1001001000 0.0328979 0
1001001001 0.00647354 -3.14159
1001001010 0.0275726 -3.14159
1001001011 0.0132523 0
1001001100 0.00297928 -3.14159
1001001101 0.0592041 -3.14159
1001001110 0.0273743 -3.14159
1001001111 0.0183105 -3.14159
1001010000 0.00288773 0
1001010001 0.019043 -3.14159
1001010010 0.0181885 -3.14159
1001010011 0.02034 -3.14159
1001010100 0.0167847 -3.14159
1001010101 0.052948 -3.14159
1001010110 0.0220642 0
1001010111 0.0500488 -3.14159
1001011000 0.0035038 -3.14159
1001011001 0.00309563 0
1001011010 0.00900269 0
1001011011 0.0205688 0
1001011100 0.0173645 -3.14159
1001011101 0.0235596 -3.14159
1001011110 0.006073 -3.14159
1001011111 0.0437012 -3.14159
1001100000 0.0169678 0
1001100001 0.00926971 0
1001100010 0.0292358 -3.14159
1001100011 0.016922 0
1001100100 0.0259705 -3.14159
1001100101 0.0281219 0
1001100110 0.0429077 0
1001100111 0.0791626 0
1001101000 0.0218658 0
1001101001 0.00436783 -3.14159
1001101010 0.0353394 0
1001101011 0.0422974 0
1001101100 0.0403137 0
1001101101 0.00399399 -3.14159
1001101110 0.0444641 -3.14159
1001101111 0.0179138 -3.14159
1001110000 0.0473022 0
1001110001 0.074646 -3.14159
1001110010 0.00765228 -3.14159
1001110011 0.015686 0
1001110100 0.0244598 -3.14159
1001110101 0.00585556 -3.14159
1001110110 0.000477076 -3.14159
1001110111 0.00855255 -3.14159
1001111000 0.0378418 0
1001111001 0.0162506 0
1001111010 0.0302734 0
1001111011 0.0394897 0
1001111100 0.00922394 -3.14159
1001111101 0.00718689 -3.14159
1001111110 0.00091362 -3.14159
1001111111 0.00282288 0
1010000000 0.0113373 0
1010000001 0.0157318 0
1010000010 0.00141907 0
1010000011 0.0102997 -3.14159
1010000100 0.0149155 0
1010000101 0.0299225 -3.14159
1010000110 0.0329285 -3.14159
1010000111 0.0509338 -3.14159
1010001000 0.0173798 -3.14159
1010001001 0.0148773 0
1010001010 0.0193329 0
1010001011 0.0236053 0
1010001100 0.00481033 -3.14159
1010001101 0.0165405 -3.14159
1010001110 0.0110931 0
1010001111 0.0494385 0
1010010000 0.0572815 0
1010010001 0.00727844 0
1010010010 0.0464783 -3.14159
1010010011 0.0271454 0
1010010100 0.0115585 0
1010010101 0.0350342 0
1010010110 0.0222321 0
1010010111 0.0385437 -3.14159
1010011000 0.0800781 0
1010011001 0.00077486 -3.14159
1010011010 0.0168762 0
1010011011 0.0214386 -3.14159
1010011100 0.00727463 -3.14159
1010011101 0.00139618 -3.14159
1010011110 0.00972748 0
1010011111 0.00595856 -3.14159
1010100000 0.040741 -3.14159
1010100001 0.0395813 -3.14159
1010100010 0.0331421 -3.14159
1010100011 0.0157471 -3.14159
1010100100 0.00139904 -3.14159
1010100101 0.00928497 -3.14159
1010100110 0.00665665 -3.14159
1010100111 0.0246735 -3.14159
1010101000 0.0524597 0
1010101001 0.0160828 0
1010101010 0.0179749 -3.14159
1010101011 0.000603199 0
1010101100 0.0471802 0
1010101101 0.0184479 -3.14159
1010101110 0.00784302 -3.14159
1010101111 0.00980377 0
1010110000 0.0605469 0
1010110001 0.0102615 -3.14159
1010110010 0.0056839 0
1010110011 0.0316162 -3.14159
1010110100 0.0453491 -3.14159
1010110101 0.0161591 0
1010110110 0.0200653 -3.14159
1010110111 0.0204163 -3.14159
1010111000 0.00460434 -3.14159
1010111001 0.00336647 0
1010111010 0.0412598 -3.14159
1010111011 0.0219574 -3.14159
1010111100 0.0193481 0
1010111101 0.0496216 0
1010111110 0.0323792 -3.14159
1010111111 0.00211906 -3.14159
1011000000 0.0330811 -3.14159
1011000001 0.0384216 0
1011000010 0.0211487 0
1011000011 0.0271759 -3.14159
1011000100 0.0148315 0
1011000101 8.30293e-05 0
1011000110 0.0141907 0
1011000111 0.00798798 -3.14159
1011001000 0.00647354 0
1011001001 0.049408 -3.14159
1011001010 0.0372314 -3.14159
1011001011 0.0283813 -3.14159
1011001100 0.0386658 -3.14159
1011001101 0.0269623 -3.14159
1011001110 0.0242462 0
1011001111 0.0176849 -3.14159
1011010000 0.0125351 -3.14159
1011010001 0.0597229 -3.14159
1011010010 0.000436783 -3.14159
1011010011 0.0160522 0
1011010100 0.0336304 -3.14159
1011010101 0.0325317 0
1011010110 0.04953 0
1011010111 0.0342712 0
1011011000 0.0189667 0
1011011001 0.0209961 0
1011011010 0.0061264 0
1011011011 0.0319519 -3.14159
1011011100 0.000237346 -3.14159
1011011101 0.0358887 0
1011011110 0.00448227 0
1011011111 0.0300903 0
1011100000 0.0205078 -3.14159
1011100001 0.0297241 -3.14159
1011100010 0.0438538 0
1011100011 0.00106049 -3.14159
1011100100 0.000891209 0
1011100101 0.078064 0
1011100110 0.00632858 -3.14159
1011100111 0.0178223 -3.14159
1011101000 0.0944824 -3.14159
1011101001 0.000300884 0
1011101010 0.0657959 -3.14159
1011101011 0.0325928 0
1011101100 0.00275421 -3.14159
1011101101 0.0298615 0
1011101110 0.00211143 0
1011101111 0.0618591 0
1011110000 0.0565491 -3.14159
1011110001 0.0107117 -3.14159
1011110010 0.00170326 -3.14159
1011110011 0.00304031 0
1011110100 0.00239754 -3.14159
1011110101 0.00753784 0
1011110110 0.0290527 -3.14159
1011110111 0.0168304 0
1011111000 0.00944519 -3.14159
1011111001 0.000110805 -3.14159
1011111010 0.00549698 -3.14159
1011111011 0.0583801 0
1011111100 0.00895691 0
1011111101 0.0032177 -3.14159
1011111110 0.0534973 0
1011111111 0.0169067 0
1100000000 0.0492859 0
1100000001 0.0164948 0
1100000010 0.0239258 -3.14159
1100000011 0.0493469 -3.14159
1100000100 0.0429077 -3.14159
1100000101 0.0608215 0
1100000110 0.000491142 -3.14159
1100000111 0.00629807 -3.14159
1100001000 0.042511 -3.14159
1100001001 0.0421753 -3.14159
1100001010 0.0218658 -3.14159
1100001011 0.036438 0
1100001100 0.00207901 -3.14159
1100001101 0.0114899 -3.14159
1100001110 0.0531921 -3.14159
1100001111 0.0548401 0
1100010000 0.032074 -3.14159
1100010001 0.016037 0
1100010010 0.0351562 0
1100010011 0.0306702 -3.14159
1100010100 0.0170593 -3.14159
1100010101 0.0226746 -3.14159
1100010110 0.0110626 0
1100010111 0.0792236 0
1100011000 0.0806885 -3.14159
1100011001 0.0228577 0
1100011010 0.0248566 -3.14159
1100011011 0.0228424 0
1100011100 0.0279999 0
1100011101 0.0164032 0
1100011110 0.0166321 -3.14159
1100011111 0.0331421 -3.14159
1100100000 0.0326843 0
1100100001 0.0686646 0
1100100010 0.00705338 -3.14159
1100100011 0.0218048 0
1100100100 0.01371 0
1100100101 0.0423279 -3.14159
1100100110 0.04599 0
1100100111 0.00547409 -3.14159
1100101000 0.048645 0
1100101001 0.0116959 0
1100101010 0.00488663 -3.14159
1100101011 0.0066185 -3.14159
1100101100 0.00200272 0
1100101101 0.00276375 -3.14159
1100101110 0.0552368 0
1100101111 0.0200348 0
1100110000 0.0134964 0
1100110001 0.0853882 -3.14159
1100110010 0.00367165 -3.14159
1100110011 0.0350647 0
1100110100 0.0280609 0
1100110101 0.023819 0
1100110110 0.0380859 0
1100110111 0.00344658 -3.14159
1100111000 0.0306396 -3.14159
1100111001 0.0919189 -3.14159
1100111010 0.0212555 0
1100111011 0.0369873 -3.14159
1100111100 0.0270691 -3.14159
1100111101 0.00521851 0
1100111110 0.018158 -3.14159
1100111111 0.0340576 -3.14159
1101000000 0.0612183 -3.14159
1101000001 0.014946 0
1101000010 0.0122986 -3.14159
1101000011 0.00368118 -3.14159
1101000100 0.0662842 0
1101000101 0.0108643 0
1101000110 0.0361328 -3.14159
1101000111 0.0689697 0
1101001000 0.00836182 0
1101001001 0.052887 0
1101001010 0.0189056 0
1101001011 0.0505981 0
1101001100 0.00791931 -3.14159
1101001101 0.0149918 0
1101001110 0.007061 0
1101001111 0.0441895 0
1101010000 0.0236206 -3.14159
1101010001 0.0123825 0
1101010010 0.00761795 -3.14159
1101010011 0.0797119 -3.14159
1101010100 0.0238342 0
1101010101 0.0111847 -3.14159
1101010110 0.0597229 -3.14159
1101010111 0.0238037 0
1101011000 0.0480042 -3.14159
1101011001 0.00327301 0
1101011010 0.0178986 0
1101011011 0.0295258 -3.14159
1101011100 0.0142593 -3.14159
1101011101 0.0262146 -3.14159
1101011110 0.00966644 0
1101011111 0.0315247 -3.14159
1101100000 0.0881348 0
1101100001 0.0541077 0
1101100010 0.00440979 -3.14159
1101100011 0.0114975 -3.14159
1101100100 0.0231781 -3.14159
1101100101 0.000773907 -3.14159
1101100110 0.0343933 0
1101100111 0.0305023 -3.14159
1101101000 0.0197906 -3.14159
1101101001 0.00563812 -3.14159
1101101010 0.036377 0
1101101011 0.00426102 0
1101101100 0.0186157 -3.14159
1101101101 0.0236359 -3.14159
1101101110 0.0231323 -3.14159
1101101111 0.00305367 0
1101110000 0.0109787 -3.14159
1101110001 0.0544739 0
1101110010 0.00252724 0
1101110011 0.0548401 -3.14159
1101110100 0.0106583 -3.14159
1101110101 0.0608215 -3.14159
1101110110 0.0121536 -3.14159
1101110111 0.0250854 0
1101111000 0.0125885 0
1101111001 0.0142899 -3.14159
1101111010 0.0141449 -3.14159
1101111011 0.00434113 -3.14159
1101111100 0.0200195 0
1101111101 0.0440979 -3.14159
1101111110 0.0284882 -3.14159
1101111111 0.0857544 0
1110000000 0.0447693 -3.14159
1110000001 0.00278091 -3.14159
1110000010 0.0608215 0
1110000011 0.0518799 0
1110000100 0.0412598 0
1110000101 0.0466919 0
1110000110 0.0269318 -3.14159
1110000111 0.00588608 -3.14159
1110001000 0.00791168 0
1110001001 0.0339661 0
1110001010 0.0267639 0
1110001011 0.0216827 -3.14159
1110001100 0.012352 0
1110001101 0.00807953 -3.14159
1110001110 0.0209198 0
1110001111 0.0110931 -3.14159
1110010000 0.0214539 0
1110010001 0.0325623 -3.14159
1110010010 0.0286865 -3.14159
1110010011 0.00881195 0
1110010100 0.029541 -3.14159
1110010101 0.0381165 -3.14159
1110010110 0.0221863 0
1110010111 0.0607605 -3.14159
1110011000 0.0243835 0
1110011001 0.0285645 0
1110011010 0.0224915 -3.14159
1110011011 0.0179138 -3.14159
1110011100 0.0305786 0
1110011101 0.0197449 -3.14159
1110011110 0.000545025 0
1110011111 0.0124893 0
1110100000 0.00246048 0
1110100001 0.0165558 0
1110100010 0.0323181 0
1110100011 0.0219116 -3.14159
1110100100 0.0650635 0
1110100101 0.0418701 0
1110100110 0.0268707 -3.14159
1110100111 0.00222969 0
1110101000 0.0120926 -3.14159
1110101001 0.0181122 0
1110101010 0.0244141 0
1110101011 0.00819397 0
1110101100 0.0139389 -3.14159
1110101101 0.0133057 0
1110101110 0.0195618 -3.14159
1110101111 0.00969696 -3.14159
1110110000 0.013298 -3.14159
1110110001 0.019516 0
1110110010 0.0466309 -3.14159
1110110011 0.0450134 -3.14159
1110110100 0.0401611 -3.14159
1110110101 0.0473328 0
1110110110 0.0185699 -3.14159
1110110111 0.00993347 -3.14159
1110111000 0.0200043 -3.14159
1110111001 0.0510254 0
1110111010 0.0294189 0
1110111011 0.00937653 0
1110111100 0.00204086 -3.14159
1110111101 0.01548 -3.14159
1110111110 0.000919819 0
1110111111 0.0054512 0
1111000000 0.00830841 0
1111000001 0.0413513 0
1111000010 0.0278168 0
1111000011 0.0273285 -3.14159
1111000100 0.0100403 0
1111000101 0.0462341 -3.14159
1111000110 0.0118561 0
1111000111 0.0150452 0
1111001000 0.0465088 0
1111001001 0.0188751 0
1111001010 0.0083313 -3.14159
1111001011 0.0251007 -3.14159
1111001100 0.0635986 0
1111001101 0.103271 0
1111001110 0.0359192 -3.14159
1111001111 0.0220642 0
1111010000 0.0157318 -3.14159
1111010001 0.00410843 -3.14159
1111010010 0.0124588 -3.14159
1111010011 0.0171814 -3.14159
1111010100 0.00153923 -3.14159
1111010101 0.019104 -3.14159
1111010110 0.0656128 0
1111010111 0.0403137 0
1111011000 0.0297241 0
1111011001 0.00405121 -3.14159
1111011010 0.00133896 -3.14159
1111011011 0.0175171 0
1111011100 0.0123367 0
1111011101 0.0234833 0
1111011110 0.0181885 0
1111011111 0.015152 -3.14159
1111100000 0.0792236 0
1111100001 0.0208435 -3.14159
1111100010 0.0217285 -3.14159
1111100011 0.0633545 0
1111100100 0.0786743 -3.14159
1111100101 0.0101395 0
1111100110 0.0917969 -3.14159
1111100111 0.0355835 -3.14159
1111101000 0.00539398 -3.14159
1111101001 0.0338135 -3.14159
1111101010 0.0588074 -3.14159
1111101011 0.0817261 0
1111101100 0.0688477 0
1111101101 0.000890732 -3.14159
1111101110 0.0160522 0
1111101111 0.0138245 -3.14159
1111110000 0.00748825 -3.14159
1111110001 0.0158691 0
1111110010 0.0530701 -3.14159
1111110011 0.00317955 0
1111110100 0.00471878 0
1111110101 0.0331421 0
1111110110 0.0399475 0
1111110111 0.00337601 0
1111111000 0.0112457 -3.14159
1111111001 0.0600891 -3.14159
1111111010 0.0189972 0
1111111011 0.0258484 -3.14159
1111111100 0.00589371 -3.14159
1111111101 0.039978 0
1111111110 0.00453186 -3.14159
1111111111 0.00253677 -3.14159
