0000000000 0.00196457 -3.14159
0000000001 0.0391846 0
0000000010 0.0256195 0
0000000011 0.0101089 -3.14159
0000000100 0.0380554 -3.14159
0000000101 0.00959778 0
0000000110 0.0222015 -3.14159
0000000111 0.0388184 -3.14159
0000001000 0.00782013 -3.14159
0000001001 0.00138092 0
0000001010 0.00478745 -3.14159
0000001011 0.018158 -3.14159
0000001100 0.0111847 0
0000001101 0.0236359 -3.14159
0000001110 0.0187073 0
0000001111 0.0145264 -3.14159
0000010000 0.0234833 0
0000010001 0.0139236 -3.14159
0000010010 0.0125198 -3.14159
0000010011 0.0107651 -3.14159
0000010100 0.0140915 -3.14159
0000010101 0.0320435 -3.14159
0000010110 0.0279236 -3.14159
0000010111 0.0129089 -3.14159
0000011000 0.0360413 -3.14159
0000011001 0.0188446 0
0000011010 0.0108337 0
0000011011 0.0208435 0
0000011100 0.00842285 -3.14159
0000011101 0.020752 0
0000011110 0.0495911 -3.14159
0000011111 0.0675659 0
0000100000 0.0697021 -3.14159
0000100001 0.0283966 -3.14159
0000100010 0.0646973 -3.14159
0000100011 0.0429382 0
0000100100 0.0263519 -3.14159
0000100101 0.0175018 0
0000100110 0.0184784 0
0000100111 0.0235138 0
0000101000 0.000448465 0
0000101001 0.0141373 0
0000101010 0.0123596 -3.14159
0000101011 0.079834 0
0000101100 0.0236511 0
0000101101 0.00155449 -3.14159
0000101110 0.018631 -3.14159
0000101111 0.0229797 0
0000110000 0.0114594 0
0000110001 0.00460052 -3.14159
0000110010 0.0214081 0
0000110011 0.0223999 0
0000110100 0.0368958 -3.14159
0000110101 0.00906372 0
0000110110 0.0263214 0
0000110111 0.0129318 -3.14159
0000111000 0.00111675 0
0000111001 0.013382 -3.14159
0000111010 0.00826263 -3.14159
0000111011 0.00988007 -3.14159
0000111100 0.0189819 -3.14159
0000111101 0.0285797 0
0000111110 0.0237427 -3.14159
0000111111 0.00556183 -3.14159
0001000000 0.0253906 0
0001000001 0.0428467 -3.14159
0001000010 0.0423279 -3.14159
0001000011 0.00519562 0
0001000100 0.0180969 -3.14159
0001000101 0.00550079 0
0001000110 0.0216522 0
0001000111 0.0241852 -3.14159
0001001000 0.101013 -3.14159
0001001001 0.00184059 -3.14159
0001001010 0.021759 -3.14159
0001001011 0.0174561 -3.14159
0001001100 0.0108261 0
0001001101 0.0334778 -3.14159
0001001110 0.0320435 0
0001001111 0.0235596 0
0001010000 0.0272064 0
0001010001 0.0045929 -3.14159
0001010010 0.0731201 0
0001010011 0.00735855 -3.14159
0001010100 0.0168915 -3.14159
0001010101 0.0101776 -3.14159
0001010110 0.0143738 -3.14159
0001010111 0.0352783 -3.14159
0001011000 0.0239868 0
0001011001 0.020752 0
0001011010 0.000657082 0
0001011011 0.0643921 -3.14159
0001011100 0.0453491 0
0001011101 0.0279846 -3.14159
0001011110 0.0296021 -3.14159
0001011111 0.00179863 -3.14159
0001100000 0.0611572 -3.14159
0001100001 0.0304871 0
0001100010 0.0487976 -3.14159
0001100011 0.0195618 -3.14159
0001100100 0.00507736 0
0001100101 0.00379944 0
0001100110 0.00556946 -3.14159
0001100111 0.102844 0
0001101000 0.0423584 0
0001101001 0.00101471 -3.14159
0001101010 0.0117111 -3.14159
0001101011 0.0283051 -3.14159
0001101100 0.028183 -3.14159
0001101101 0.0563965 -3.14159
0001101110 0.0379944 0
0001101111 0.0286713 0
0001110000 0.0558777 -3.14159
0001110001 0.0167236 0
0001110010 0.0516663 -3.14159
0001110011 0.0264435 0
0001110100 0.00577545 0
0001110101 0.00716782 -3.14159
0001110110 0.0245972 -3.14159
0001110111 0.0129013 -3.14159
0001111000 0.00324631 0
0001111001 0.0437622 -3.14159
0001111010 0.0260468 0
0001111011 0.0218201 0
0001111100 0.0313721 -3.14159
0001111101 0.0459595 0
0001111110 0.00193214 -3.14159
0001111111 0.0362549 0
0010000000 0.0191498 0
0010000001 0.0229187 0
0010000010 0.00482178 0
0010000011 0.014473 -3.14159
0010000100 0.0378418 -3.14159
0010000101 0.0266113 -3.14159
0010000110 0.0289917 -3.14159
0010000111 0.0742798 -3.14159
0010001000 0.0245514 -3.14159
0010001001 0.00224495 -3.14159
0010001010 0.0200348 -3.14159
0010001011 0.0105209 -3.14159
0010001100 0.0174408 -3.14159
0010001101 0.026535 -3.14159
0010001110 0.0150223 0
0010001111 0.0219574 -3.14159
0010010000 0.0734863 -3.14159
0010010001 0.0215759 -3.14159
0010010010 0.0224304 -3.14159
0010010011 0.0175629 -3.14159
0010010100 0.043335 -3.14159
0010010101 0.0249939 -3.14159
0010010110 0.0176392 0
0010010111 0.00777817 0
0010011000 0.0215912 0
0010011001 0.0484619 -3.14159
0010011010 0.0202942 0
0010011011 0.0306854 0
0010011100 0.0147324 0
0010011101 0.0489807 0
0010011110 0.00494766 -3.14159
0010011111 0.0152435 0
0010100000 0.0115051 -3.14159
0010100001 0.0018549 0
0010100010 0.0825806 -3.14159
0010100011 0.0183258 -3.14159
0010100100 0.0138779 -3.14159
0010100101 0.0108948 -3.14159
0010100110 0.0255432 0
0010100111 0.0150757 0
0010101000 0.02034 0
0010101001 0.00319099 -3.14159
0010101010 0.033905 -3.14159
0010101011 0.023941 -3.14159
0010101100 0.0343933 -3.14159
0010101101 0.0516663 0
0010101110 0.00467682 -3.14159
0010101111 0.00601578 0
0010110000 0.0058403 -3.14159
0010110001 0.0152512 -3.14159
0010110010 0.021759 0
0010110011 0.0112915 0
0010110100 0.0121536 0
0010110101 0.0138397 0
0010110110 0.0143814 0
0010110111 0.00551987 0
0010111000 0.00732422 0
0010111001 0.000891209 0
0010111010 0.009758 -3.14159
0010111011 0.0354919 0
0010111100 0.0160065 -3.14159
0010111101 0.0217438 -3.14159
0010111110 0.0206909 0
0010111111 0.0159149 -3.14159
0011000000 0.0354004 -3.14159
0011000001 0.0243073 0
0011000010 0.042511 0
0011000011 0.026947 0
0011000100 0.00788879 -3.14159
0011000101 0.00509644 0
0011000110 0.00279236 -3.14159
0011000111 0.0278168 -3.14159
0011001000 0.0552063 0
0011001001 0.00756454 0
0011001010 0.0305634 0
0011001011 0.0456543 -3.14159
0011001100 0.00629425 -3.14159
0011001101 0.037323 -3.14159
0011001110 0.108459 0
0011001111 0.0157166 -3.14159
0011010000 0.0113373 -3.14159
0011010001 0.00349236 0
0011010010 0.00251579 0
0011010011 0.0403748 -3.14159
0011010100 0.0120468 -3.14159
0011010101 0.0355835 -3.14159
0011010110 0.00130844 0
0011010111 0.0285339 0
0011011000 0.0284271 0
0011011001 0.0339966 -3.14159
0011011010 0.0025444 -3.14159
0011011011 0.0041275 -3.14159
0011011100 0.00136185 0
0011011101 0.025116 -3.14159
0011011110 0.00817108 0
0011011111 0.0662842 0
0011100000 0.0168304 0
0011100001 0.0207214 -3.14159
0011100010 0.0164032 0
0011100011 0.0129395 -3.14159
0011100100 0.0230255 -3.14159
0011100101 0.0117645 0
0011100110 0.00458527 0
0011100111 0.04599 0
0011101000 0.0441589 -3.14159
0011101001 0.0122452 0
0011101010 0.0189056 0
0011101011 0.0278473 0
0011101100 0.0185242 -3.14159
0011101101 0.025116 0
0011101110 0.0424805 -3.14159
0011101111 0.0264435 -3.14159
0011110000 0.00720215 -3.14159
0011110001 0.030014 0
0011110010 0.0198059 0
0011110011 0.0458069 0
0011110100 0.0383911 -3.14159
0011110101 0.039093 0
0011110110 0.0121994 -3.14159
0011110111 0.0402222 0
0011111000 0.00354767 -3.14159
0011111001 0.0176086 -3.14159
0011111010 0.000576973 0
0011111011 0.0443115 -3.14159
0011111100 0.0246429 -3.14159
0011111101 0.00891113 -3.14159
0011111110 0.0404053 0
0011111111 0.00283051 0
0100000000 3.00407e-05 0
0100000001 0.00852966 -3.14159
0100000010 0.0208588 -3.14159
0100000011 0.028595 0
0100000100 0.0658569 -3.14159
0100000101 0.0384521 0
0100000110 0.0481567 0
0100000111 0.0349426 -3.14159
0100001000 0.0244751 0
0100001001 0.000276804 0
0100001010 0.0165558 0
0100001011 0.0214691 -3.14159
0100001100 0.00194263 0
0100001101 0.0434875 -3.14159
0100001110 0.0184479 0
0100001111 0.0184174 -3.14159
0100010000 0.0395508 0
0100010001 0.0703735 -3.14159
0100010010 0.0148849 0
0100010011 0.00164509 -3.14159
0100010100 0.0847778 -3.14159
0100010101 0.0640869 -3.14159
0100010110 0.0202637 0
0100010111 0.0601807 -3.14159
0100011000 0.0386963 -3.14159
0100011001 0.0359802 0
0100011010 0.0122528 -3.14159
0100011011 0.0141525 0
0100011100 0.000782967 -3.14159
0100011101 0.0029068 -3.14159
0100011110 0.0159454 0
0100011111 0.00888824 0
0100100000 0.0138168 0
0100100001 0.0585327 0
0100100010 0.0233459 -3.14159
0100100011 0.0369873 0
0100100100 0.0137405 0
0100100101 0.0124512 -3.14159
0100100110 0.0914307 0
0100100111 0.00295639 -3.14159
0100101000 0.0204163 0
0100101001 0.0271149 -3.14159
0100101010 0.0102386 -3.14159
0100101011 0.0469666 0
0100101100 0.00910187 -3.14159
0100101101 0.00615692 0
0100101110 0.0140991 -3.14159
0100101111 0.0410156 0
0100110000 0.0618591 0
0100110001 0.00661469 0
0100110010 0.0154572 0
0100110011 0.0527649 -3.14159
0100110100 0.0247345 0
0100110101 0.0251465 0
0100110110 0.00875854 -3.14159
0100110111 0.00791931 0
0100111000 0.0189362 0
0100111001 0.0127792 0
0100111010 0.0108719 0
0100111011 0.00827789 0
0100111100 0.0249329 -3.14159
0100111101 0.0162964 0
0100111110 0.0122986 0
0100111111 0.00310135 -3.14159
0101000000 0.00522232 -3.14159
0101000001 0.0193481 -3.14159
0101000010 0.0407104 -3.14159
0101000011 0.014473 -3.14159
0101000100 0.00304222 0
0101000101 0.0549011 0
0101000110 0.0191956 -3.14159
0101000111 0.0291748 0
0101001000 0.0232849 -3.14159
0101001001 0.0692139 -3.14159
0101001010 0.0175934 -3.14159
0101001011 0.0316162 0
0101001100 0.0105209 -3.14159
0101001101 0.0058136 -3.14159
0101001110 0.00654221 -3.14159
0101001111 0.0124969 0
0101010000 0.00455093 0
0101010001 0.022522 0
0101010010 0.0136871 -3.14159
0101010011 0.0128479 -3.14159
0101010100 0.0229797 -3.14159
0101010101 0.0225067 0
0101010110 0.00763321 -3.14159
0101010111 0.028183 0
0101011000 0.0327148 0
0101011001 0.00614166 0
0101011010 0.00923157 -3.14159
0101011011 0.0259857 -3.14159
0101011100 0.0217438 -3.14159
0101011101 0.00438309 0
0101011110 0.0287933 -3.14159
0101011111 0.00448227 0
0101100000 0.0424805 -3.14159
0101100001 0.00946808 -3.14159
0101100010 0.0113678 0
0101100011 0.043396 -3.14159
0101100100 0.020874 -3.14159
0101100101 0.00657272 -3.14159
0101100110 0.0421753 -3.14159
0101100111 0.0212097 0
0101101000 0.0383301 0
0101101001 0.00914764 -3.14159
0101101010 0.0658569 -3.14159
0101101011 0.0173645 -3.14159
0101101100 0.0279541 0
0101101101 0.0447998 0
0101101110 0.0484619 -3.14159
0101101111 0.0384827 -3.14159
0101110000 0.00205803 0
0101110001 0.0187225 -3.14159
0101110010 0.0443115 -3.14159
0101110011 0.00715637 0
0101110100 0.0285187 -3.14159
0101110101 0.00912476 -3.14159
0101110110 0.0241547 -3.14159
0101110111 0.0386963 0
0101111000 0.0161896 -3.14159
0101111001 0.00715256 -3.14159
0101111010 0.0169067 -3.14159
0101111011 0.00801849 0
0101111100 0.0152664 0
0101111101 0.0088501 -3.14159
0101111110 0.0086441 0
0101111111 0.0608215 0
0110000000 0.0232391 -3.14159
0110000001 0.0462952 -3.14159
0110000010 0.00327492 0
0110000011 0.0319519 0
0110000100 0.0113831 -3.14159
0110000101 0.0254517 0
0110000110 0.0216675 0
0110000111 0.0452881 -3.14159
0110001000 0.0135803 -3.14159
0110001001 0.0197601 0
0110001010 0.0451355 0
0110001011 0.025238 -3.14159
0110001100 0.0261536 0
0110001101 0.0405273 -3.14159
0110001110 0.00753784 0
0110001111 0.00576401 0
0110010000 0.0435791 0
0110010001 0.0283356 -3.14159
0110010010 0.0576782 0
0110010011 0.0196991 0
0110010100 0.00139236 0
0110010101 0.0594788 -3.14159
0110010110 0.0394287 0
0110010111 0.0282593 0
0110011000 0.0181732 -3.14159
0110011001 0.0786133 -3.14159
0110011010 0.00632858 -3.14159
0110011011 0.0256958 -3.14159
0110011100 0.0159302 0
0110011101 0.0394287 -3.14159
0110011110 0.0147629 0
0110011111 0.0531311 0
0110100000 0.00583267 0
0110100001 0.0104752 0
0110100010 0.00479126 0
0110100011 0.0182495 0
0110100100 0.0139465 0
0110100101 0.0527649 0
0110100110 0.00947571 -3.14159
0110100111 0.0585632 0
0110101000 0.00131798 -3.14159
0110101001 0.0121689 0
0110101010 0.0217743 0
0110101011 0.0155792 0
0110101100 0.0415649 -3.14159
0110101101 0.000461578 0
0110101110 0.030838 0
0110101111 0.0191956 -3.14159
0110110000 0.000817299 0
0110110001 0.0447388 0
0110110010 0.0106049 0
0110110011 0.021698 0
0110110100 0.00206375 -3.14159
0110110101 0.0486755 0
0110110110 0.0288849 0
0110110111 0.0276031 -3.14159
0110111000 0.0505066 -3.14159
0110111001 0.0425415 0
0110111010 0.00284386 -3.14159
0110111011 0.0827637 0
0110111100 0.0143585 -3.14159
0110111101 0.0491333 -3.14159
0110111110 0.0482788 0
0110111111 0.000863552 -3.14159
0111000000 0.00323486 -3.14159
0111000001 0.00484085 0
0111000010 0.0239258 0
0111000011 0.0214081 -3.14159
0111000100 0.0033989 -3.14159
0111000101 0.0346069 -3.14159
0111000110 0.000396013 0
0111000111 0.0565491 -3.14159
0111001000 0.0564575 0
0111001001 0.0279541 -3.14159
0111001010 0.0112686 0
0111001011 0.00225449 0
0111001100 0.00650787 0
0111001101 0.0421753 -3.14159
0111001110 0.0456238 0
0111001111 0.0172119 -3.14159
0111010000 0.00908661 0
0111010001 0.00382042 0
0111010010 0.0575867 0
0111010011 0.0357666 0
0111010100 0.00149822 -3.14159
0111010101 0.0025177 0
0111010110 0.042572 0
0111010111 0.00167274 -3.14159
0111011000 0.00470352 0
0111011001 0.00344086 -3.14159
0111011010 0.00754929 0
0111011011 0.0105591 -3.14159
0111011100 0.00758362 0
0111011101 0.0213623 -3.14159
0111011110 0.0424194 -3.14159
0111011111 0.000874043 -3.14159
0111100000 0.0287628 0
0111100001 0.011467 0
0111100010 0.00926971 0
0111100011 0.02005 -3.14159
0111100100 0.001647 -3.14159
0111100101 0.0169983 0
0111100110 0.0184479 -3.14159
0111100111 0.00642776 0
0111101000 0.0531616 -3.14159
0111101001 0.0197296 0
0111101010 0.00549698 0
0111101011 0.0103989 0
0111101100 0.0243225 -3.14159
0111101101 0.0632935 -3.14159
0111101110 0.0357361 0
0111101111 0.0158997 0
0111110000 0.00607681 0
0111110001 0.00290298 -3.14159
0111110010 0.0466309 -3.14159
0111110011 0.0224609 -3.14159
0111110100 0.0569458 -3.14159
0111110101 0.035675 -3.14159
0111110110 0.00200844 0
0111110111 0.0138931 -3.14159
0111111000 0.0151215 0
0111111001 0.0380554 0
0111111010 0.0737915 -3.14159
0111111011 0.0443115 -3.14159
0111111100 0.0347595 -3.14159
0111111101 0.0121155 0
0111111110 0.0391846 -3.14159
0111111111 0.0202637 0
1000000000 0.0129929 -3.14159
1000000001 0.0233307 -3.14159
1000000010 0.0139618 -3.14159
1000000011 0.0296936 0
1000000100 0.0222473 0
1000000101 0.0266113 -3.14159
1000000110 0.010704 0
1000000111 0.0253143 0
1000001000 0.0195312 -3.14159
1000001001 0.049469 0
1000001010 0.00734329 -3.14159
1000001011 0.0112305 0
1000001100 0.0419922 -3.14159
1000001101 0.0243378 -3.14159
1000001110 0.0258331 0
1000001111 0.00821686 -3.14159
1000010000 0.000323057 -3.14159
1000010001 0.00923157 -3.14159
1000010010 0.032196 -3.14159
1000010011 0.00704575 -3.14159
1000010100 0.051239 0
1000010101 0.0296783 -3.14159
1000010110 0.0144424 0
1000010111 0.0227509 0
1000011000 0.0556946 0
1000011001 0.083374 -3.14159
1000011010 0.014183 0
1000011011 0.003088 0
1000011100 0.0133057 0
1000011101 0.0449829 0
1000011110 0.0131149 0
1000011111 0.00970459 -3.14159
1000100000 0.0293732 -3.14159
1000100001 0.0181885 0
1000100010 0.0144653 0
1000100011 0.0476074 0
1000100100 0.0393982 -3.14159
1000100101 0.0466614 -3.14159
1000100110 0.0339966 -3.14159
1000100111 0.0400391 -3.14159
1000101000 0.00912476 0
1000101001 0.00571823 0
1000101010 0.0151138 0
1000101011 0.0334473 0
1000101100 0.0111771 -3.14159
1000101101 0.0471802 -3.14159
1000101110 0.0376587 -3.14159
1000101111 0.0146866 -3.14159
1000110000 0.026886 -3.14159
1000110001 0.0138931 -3.14159
1000110010 0.0200653 0
1000110011 0.00920105 0
1000110100 0.0209351 -3.14159
1000110101 0.0129013 0
1000110110 0.0157318 0
1000110111 0.032196 0
1000111000 0.0637817 -3.14159
1000111001 0.00801086 0
1000111010 0.0189972 -3.14159
1000111011 0.00788879 0
1000111100 0.0280609 0
1000111101 0.0096817 0
1000111110 0.0317078 0
1000111111 0.0101089 0
1001000000 0.00415421 0
1001000001 0.0130386 -3.14159
1001000010 0.00690079 -3.14159
1001000011 0.00959778 0
1001000100 0.0217743 -3.14159
1001000101 0.00878143 0
1001000110 0.0223999 -3.14159
1001000111 0.0455627 -3.14159
1001001000 0.034729 0
1001001001 0.0234985 -3.14159
1001001010 0.00753021 -3.14159
1001001011 0.0080719 0
1001001100 0.027298 0
1001001101 0.0161133 -3.14159
1001001110 0.0197906 0
1001001111 0.0483093 -3.14159
1001010000 0.0544739 0
1001010001 0.00934601 0
1001010010 0.06073 -3.14159
1001010011 0.0412292 -3.14159
1001010100 0.0216217 0
1001010101 0.00245476 0
1001010110 0.0122147 0
1001010111 0.0322571 0
1001011000 0.0535889 -3.14159
1001011001 0.00642395 0
1001011010 0.0234833 0
1001011011 0.0149231 -3.14159
1001011100 0.00959778 -3.14159
1001011101 0.0381165 0
1001011110 0.0465393 0
1001011111 0.0058403 -3.14159
1001100000 0.0194855 -3.14159
1001100001 0.0100937 0
1001100010 0.0012455 0
1001100011 0.00800323 -3.14159
1001100100 0.0372009 -3.14159
1001100101 0.0203857 0
1001100110 0.000609875 -3.14159
1001100111 0.0852051 0
1001101000 0.0416565 0
1001101001 0.0207214 -3.14159
1001101010 0.0235291 0
1001101011 0.00536346 -3.14159
1001101100 0.00137424 -3.14159
1001101101 0.0509644 0
1001101110 0.0254669 0
1001101111 0.0880737 0
1001110000 0.0408936 0
1001110001 0.0357056 -3.14159
1001110010 0.00111389 -3.14159
1001110011 0.000272989 -3.14159
1001110100 0.0213623 -3.14159
1001110101 0.0196228 0
1001110110 0.0350037 0
1001110111 0.0152664 -3.14159
1001111000 0.00663757 0
1001111001 0.0019989 0
1001111010 0.00817871 0
1001111011 0.0357971 -3.14159
1001111100 0.000660419 0
1001111101 0.00892639 -3.14159
1001111110 0.0248108 -3.14159
1001111111 0.00254631 -3.14159
1010000000 0.00846863 -3.14159
1010000001 0.0324402 -3.14159
1010000010 0.0450439 -3.14159
1010000011 0.0344238 -3.14159
1010000100 0.0149918 -3.14159
1010000101 0.034668 0
1010000110 0.0428772 0
1010000111 0.0506287 -3.14159
1010001000 0.0246277 -3.14159
1010001001 0.0775146 0
1010001010 0.0298157 -3.14159
1010001011 0.0249023 0
1010001100 0.00677872 0
1010001101 0.016922 0
1010001110 0.0394592 -3.14159
1010001111 0.012291 0
1010010000 0.0276794 0
1010010001 0.0165558 -3.14159
1010010010 0.0275421 -3.14159
1010010011 0.000950813 -3.14159
1010010100 0.009758 -3.14159
1010010101 0.00760651 0
1010010110 0.0225067 -3.14159
1010010111 0.00668335 0
1010011000 0.0204468 0
1010011001 0.049469 0
1010011010 0.004776 0
1010011011 0.0038166 0
1010011100 0.00945282 -3.14159
1010011101 0.0370178 0
1010011110 0.0128937 0
1010011111 0.00817871 -3.14159
1010100000 0.0391846 -3.14159
1010100001 0.0197601 0
1010100010 0.0118637 -3.14159
1010100011 0.0185852 -3.14159
1010100100 0.0411987 -3.14159
1010100101 0.0496216 0
1010100110 0.0279694 0
1010100111 0.0324402 0
1010101000 0.0154648 -3.14159
1010101001 0.00131607 -3.14159
1010101010 0.0166016 0
1010101011 0.100647 0
1010101100 0.0299225 0
1010101101 0.0155792 0
1010101110 0.0141754 -3.14159
1010101111 0.0243225 -3.14159
1010110000 0.04953 0
1010110001 0.0476379 -3.14159
1010110010 0.0232391 -3.14159
1010110011 0.0272064 0
1010110100 0.00154495 0
1010110101 0.00305367 0
1010110110 0.00248337 0
1010110111 0.0227661 -3.14159
1010111000 0.0104141 -3.14159
1010111001 0.0374146 0
1010111010 0.0493164 -3.14159
1010111011 5.11408e-05 -3.14159
1010111100 0.0077095 -3.14159
1010111101 0.0210571 0
1010111110 0.0320435 -3.14159
1010111111 0.0211945 -3.14159
1011000000 0.0224609 0
1011000001 0.015976 -3.14159
1011000010 0.00580978 -3.14159
1011000011 0.00474548 0
1011000100 0.032196 0
1011000101 0.0475159 0
1011000110 0.0574036 -3.14159
1011000111 0.0156097 -3.14159
1011001000 0.0626221 -3.14159
1011001001 0.0317688 0
1011001010 0.0109558 0
1011001011 0.0011282 -3.14159
1011001100 0.0191193 0
1011001101 0.0397339 0
1011001110 0.0300751 -3.14159
1011001111 0.0305634 -3.14159
1011010000 0.0259094 0
1011010001 0.0475159 -3.14159
1011010010 0.00888824 0
1011010011 0.0159149 -3.14159
1011010100 0.00188541 -3.14159
1011010101 0.0638428 -3.14159
1011010110 0.0347595 -3.14159
1011010111 0.0505981 -3.14159
1011011000 0.0168304 -3.14159
1011011001 0.021759 0
1011011010 0.0152969 -3.14159
1011011011 0.0158081 -3.14159
1011011100 0.0207977 -3.14159
1011011101 0.0233917 0
1011011110 0.040741 -3.14159
1011011111 0.0237732 -3.14159
1011100000 0.012001 0
1011100001 0.00593567 -3.14159
1011100010 0.0012846 -3.14159
1011100011 0.0611267 0
1011100100 0.0690308 0
1011100101 0.00639725 0
1011100110 0.00162506 -3.14159
1011100111 0.0166168 0
1011101000 0.0511475 0
1011101001 0.0395508 -3.14159
1011101010 0.0178528 0
1011101011 0.0188293 -3.14159
1011101100 0.031311 0
1011101101 0.0185242 -3.14159
1011101110 0.0267029 0
1011101111 0.105835 0
1011110000 0.0127487 0
1011110001 0.0128326 -3.14159
1011110010 0.0161896 0
1011110011 0.00460052 -3.14159
1011110100 0.0292053 -3.14159
1011110101 0.0449829 0
1011110110 0.059845 -3.14159
1011110111 0.0310974 -3.14159
1011111000 0.0125427 0
1011111001 0.0457153 -3.14159
1011111010 0.0158234 -3.14159
1011111011 0.00944519 -3.14159
1011111100 0.0685425 0
1011111101 0.0344238 0
1011111110 0.0619812 0
1011111111 0.00960541 0
1100000000 0.0275726 -3.14159
1100000001 0.0374146 0
1100000010 0.00973511 -3.14159
1100000011 0.010376 0
1100000100 0.0402527 -3.14159
1100000101 0.0171814 0
1100000110 0.00245667 -3.14159
1100000111 0.0303497 0
1100001000 0.00764465 -3.14159
1100001001 0.00115776 0
1100001010 0.00959778 0
1100001011 0.0141449 -3.14159
1100001100 0.0184021 0
1100001101 0.000330925 -3.14159
1100001110 0.0393982 0
1100001111 0.0137711 0
1100010000 0.0758057 0
1100010001 0.00953674 0
1100010010 0.0106659 0
1100010011 0.0821533 -3.14159
1100010100 0.00388527 -3.14159
1100010101 0.0425415 -3.14159
1100010110 0.0131454 -3.14159
1100010111 0.0584412 0
1100011000 0.0523071 -3.14159
1100011001 0.00746918 -3.14159
1100011010 0.00166893 -3.14159
1100011011 0.00607681 0
1100011100 0.0165405 -3.14159
1100011101 0.00888824 0
1100011110 0.0101471 -3.14159
1100011111 0.033783 -3.14159
1100100000 0.0112534 0
1100100001 0.0406189 -3.14159
1100100010 0.00930786 0
1100100011 0.024231 0
1100100100 0.0198517 0
1100100101 0.0621948 -3.14159
1100100110 0.00374031 -3.14159
1100100111 0.0087738 0
1100101000 0.0135193 -3.14159
1100101001 0.0332336 0
1100101010 0.0377502 0
1100101011 0.0358887 0
1100101100 0.0432434 -3.14159
1100101101 0.0188446 -3.14159
1100101110 0.0782471 0
1100101111 0.00673676 0
1100110000 0.00513077 0
1100110001 0.00118637 -3.14159
1100110010 0.0515747 0
1100110011 0.00974274 -3.14159
1100110100 0.00657654 0
1100110101 0.0038414 0
1100110110 0.0586548 0
1100110111 0.00337982 0
1100111000 0.00172806 -3.14159
1100111001 0.0219421 0
1100111010 0.00354576 0
1100111011 0.0611572 -3.14159
1100111100 0.0278778 -3.14159
1100111101 0.0179901 -3.14159
1100111110 0.0304871 -3.14159
1100111111 0.00696182 -3.14159
1101000000 0.0823975 0
1101000001 0.00152874 -3.14159
1101000010 0.0137177 -3.14159
1101000011 0.0253754 -3.14159
1101000100 0.0349731 0
1101000101 0.0548706 0
1101000110 0.0332947 0
1101000111 0.0170135 -3.14159
1101001000 0.0708618 0
1101001001 0.00510406 0
1101001010 0.00755692 -3.14159
1101001011 0.00763321 0
1101001100 0.0101395 0
1101001101 0.0296783 0
1101001110 0.00555038 0
1101001111 0.014679 0
1101010000 0.0115585 0
1101010001 0.00377083 0
1101010010 0.0221558 0
1101010011 0.0546875 0
1101010100 0.00608063 -3.14159
1101010101 0.00745392 0
1101010110 0.0291138 0
1101010111 0.0313721 0
1101011000 0.0212402 -3.14159
1101011001 0.00976562 0
1101011010 0.0475464 0
1101011011 0.00904083 0
1101011100 0.00385857 0
1101011101 0.0392761 0
1101011110 0.0283661 -3.14159
1101011111 0.0462952 -3.14159
1101100000 0.00910187 0
1101100001 0.0119095 -3.14159
1101100010 0.0210876 -3.14159
1101100011 0.0379333 0
1101100100 0.0289154 -3.14159
1101100101 0.052063 -3.14159
1101100110 0.00430298 -3.14159
1101100111 0.0288849 0
1101101000 0.023407 0
1101101001 0.0143738 0
1101101010 0.0111771 0
1101101011 0.0149612 0
1101101100 0.0240784 -3.14159
1101101101 0.00870514 0
1101101110 0.0328369 0
1101101111 0.0421753 -3.14159
1101110000 0.00634384 -3.14159
1101110001 0.0311432 0
1101110010 0.00998688 -3.14159
1101110011 0.0498352 -3.14159
1101110100 0.02005 -3.14159
1101110101 0.022934 0
1101110110 0.0371399 -3.14159
1101110111 0.0486755 -3.14159
1101111000 0.0714111 -3.14159
1101111001 0.00275421 0
1101111010 0.0180817 0
1101111011 0.0286102 -3.14159
1101111100 0.0359802 0
1101111101 0.0237274 -3.14159
1101111110 0.0101318 0
1101111111 0.0265198 -3.14159
1110000000 0.0101166 -3.14159
1110000001 0.00667572 0
1110000010 0.0689087 0
1110000011 0.0163574 -3.14159
1110000100 0.0114517 -3.14159
1110000101 0.0263824 0
1110000110 0.0392456 -3.14159
1110000111 0.0363159 0
1110001000 0.001091 -3.14159
1110001001 0.013031 0
1110001010 0.0240784 0
1110001011 0.00682831 0
1110001100 0.0166473 -3.14159
1110001101 0.0492554 0
1110001110 0.0258789 0
1110001111 0.0318298 0
1110010000 0.00543594 -3.14159
1110010001 0.0162964 0
1110010010 0.00622177 -3.14159
1110010011 0.0391846 0
1110010100 0.0314331 -3.14159
1110010101 0.0305786 -3.14159
1110010110 0.0358276 0
1110010111 0.0305176 -3.14159
1110011000 0.0050087 0
1110011001 0.0174255 -3.14159
1110011010 0.00843048 0
1110011011 0.0193176 -3.14159
1110011100 0.0184784 0
1110011101 0.00856781 -3.14159
1110011110 0.0116348 -3.14159
1110011111 0.0857544 0
1110100000 0.0317688 0
1110100001 0.0160828 -3.14159
1110100010 0.0511169 -3.14159
1110100011 0.00188541 -3.14159
1110100100 0.0133896 -3.14159
1110100101 0.0368958 0
1110100110 0.0458374 -3.14159
1110100111 0.0174713 0
1110101000 0.0218201 -3.14159
1110101001 0.0310059 0
1110101010 0.0218811 0
1110101011 0.00672531 -3.14159
1110101100 0.0108948 0
1110101101 0.0124893 0
1110101110 0.00605774 0
1110101111 0.010376 -3.14159
1110110000 5.16176e-05 0
1110110001 0.0152054 -3.14159
1110110010 0.0360107 -3.14159
1110110011 0.0683594 -3.14159
1110110100 0.00779724 0
1110110101 0.0571594 -3.14159
1110110110 0.000120163 0
1110110111 0.0306091 -3.14159
1110111000 0.0234375 -3.14159
1110111001 0.110291 -3.14159
1110111010 0.0518799 -3.14159
1110111011 0.0218811 0
1110111100 0.0222321 -3.14159
1110111101 0.0117416 0
1110111110 0.0159607 -3.14159
1110111111 0.0440369 -3.14159
1111000000 0.0447388 0
1111000001 0.026474 -3.14159
1111000010 0.0560303 0
1111000011 0.00513458 -3.14159
1111000100 0.0318298 -3.14159
1111000101 0.0328674 -3.14159
1111000110 0.0425415 0
1111000111 0.013176 -3.14159
1111001000 0.000130892 -3.14159
1111001001 0.0225983 -3.14159
1111001010 0.0184479 0
1111001011 0.0322571 0
1111001100 0.0187988 -3.14159
1111001101 0.0284576 -3.14159
1111001110 0.0228119 0
1111001111 0.0985718 0
1111010000 0.00508499 0
1111010001 0.0265503 -3.14159
1111010010 0.0162964 -3.14159
1111010011 0.00600052 -3.14159
1111010100 0.0228271 0
1111010101 0.0108261 -3.14159
1111010110 0.000964165 -3.14159
1111010111 0.0336914 0
1111011000 0.0392456 0
1111011001 0.011261 -3.14159
1111011010 0.0552673 -3.14159
1111011011 0.0127487 0
1111011100 0.00219727 0
1111011101 0.0126572 -3.14159
1111011110 0.0321045 -3.14159
1111011111 0.0247345 -3.14159
1111100000 0.0392456 0
1111100001 0.000735283 -3.14159
1111100010 0.000788689 -3.14159
1111100011 0.0483398 -3.14159
1111100100 0.00536346 0
1111100101 0.0279388 -3.14159
1111100110 0.0463562 0
1111100111 0.0172119 0
1111101000 0.000299692 0
1111101001 0.00893402 0
1111101010 0.0319824 -3.14159
1111101011 0.0438843 -3.14159
1111101100 0.078064 0
1111101101 0.0408325 -3.14159
1111101110 0.0629272 0
1111101111 0.0591736 0
1111110000 0.0361938 -3.14159
1111110001 0.0574341 0
1111110010 0.0143814 -3.14159
1111110011 0.0390625 -3.14159
1111110100 0.0444641 -3.14159
1111110101 0.0393066 0
1111110110 0.0739136 -3.14159
1111110111 0.0361633 0
1111111000 0.0560913 -3.14159
1111111001 0.0230865 -3.14159
1111111010 0.00554657 -3.14159
1111111011 0.00453186 -3.14159
1111111100 0.0259094 0
1111111101 0.026825 0
1111111110 0.0160675 0
1111111111 0.0077858 0
