0000000000 0.00854492 0
0000000001 0.0466309 0
0000000010 0.0245667 0
0000000011 0.0131836 -3.14159
0000000100 0.0299988 -3.14159
0000000101 0.0160828 0
0000000110 0.0177155 -3.14159
0000000111 0.0312805 -3.14159
0000001000 0.0118942 0
0000001001 0.010025 0
0000001010 6.44922e-05 0
0000001011 0.0223846 -3.14159
0000001100 0.00854492 0
0000001101 0.0184174 -3.14159
0000001110 0.0294037 0
0000001111 0.00461197 -3.14159
0000010000 0.0227509 0
0000010001 0.00894165 -3.14159
0000010010 0.0327759 -3.14159
0000010011 0.0136719 -3.14159
0000010100 0.0203094 -3.14159
0000010101 0.0437927 -3.14159
0000010110 0.0288239 -3.14159
0000010111 0.00972748 -3.14159
0000011000 0.0336609 -3.14159
0000011001 0.00997925 0
0000011010 0.00295067 0
0000011011 0.0242615 0
0000011100 0.00404358 0
0000011101 0.0293427 0
0000011110 0.0643311 -3.14159
0000011111 0.0704956 0
0000100000 0.0679932 -3.14159
0000100001 0.0228577 -3.14159
0000100010 0.0640259 -3.14159
0000100011 0.046051 0
0000100100 0.0303497 -3.14159
0000100101 0.0193329 0
0000100110 0.0142212 0
0000100111 0.0180206 0
0000101000 0.00553131 -3.14159
0000101001 0.020401 0
0000101010 0.0339966 -3.14159
0000101011 0.0869751 0
0000101100 0.0115814 0
0000101101 0.00932312 0
0000101110 0.015152 -3.14159
0000101111 0.0207214 0
0000110000 0.00457001 0
0000110001 0.0148239 -3.14159
0000110010 0.0167084 0
0000110011 0.0236664 0
0000110100 0.0563354 -3.14159
0000110101 0.0110016 0
0000110110 0.0365295 0
0000110111 0.0056076 -3.14159
0000111000 0.00362968 0
0000111001 0.0278473 -3.14159
0000111010 0.01828 -3.14159
0000111011 0.00698471 -3.14159
0000111100 0.0133133 -3.14159
0000111101 0.0404663 0
0000111110 0.0145874 -3.14159
0000111111 0.0211945 -3.14159
0001000000 0.0343018 0
0001000001 0.0302277 -3.14159
0001000010 0.0332336 -3.14159
0001000011 0.00562668 -3.14159
0001000100 0.0236969 -3.14159
0001000101 0.0052948 -3.14159
0001000110 0.0143967 0
0001000111 0.0173492 -3.14159
0001001000 0.101257 -3.14159
0001001001 0.00380135 -3.14159
0001001010 0.0220795 -3.14159
0001001011 0.0237427 -3.14159
0001001100 0.00941467 -3.14159
0001001101 0.0546875 -3.14159
0001001110 0.0307312 0
0001001111 0.0285339 0
0001010000 0.0150833 0
0001010001 0.00148773 -3.14159
0001010010 0.0856934 0
0001010011 0.000498295 0
0001010100 0.00553513 -3.14159
0001010101 0.00161171 -3.14159
0001010110 0.00971985 -3.14159
0001010111 0.0401611 -3.14159
0001011000 0.0180359 0
0001011001 0.0180664 0
0001011010 0.0131454 0
0001011011 0.0726929 -3.14159
0001011100 0.0428467 0
0001011101 0.0236053 -3.14159
0001011110 0.0331116 -3.14159
0001011111 0.0198364 -3.14159
0001100000 0.0634766 -3.14159
0001100001 0.01548 0
0001100010 0.051178 -3.14159
0001100011 0.0104294 -3.14159
0001100100 0.015686 0
0001100101 0.00304604 -3.14159
0001100110 0.017395 -3.14159
0001100111 0.09375 0
0001101000 0.0507812 0
0001101001 0.00167274 -3.14159
0001101010 0.00992584 -3.14159
0001101011 0.0361023 -3.14159
0001101100 0.0296783 -3.14159
0001101101 0.0404358 -3.14159
0001101110 0.0403748 0
0001101111 0.0268707 0
0001110000 0.0427551 -3.14159
0001110001 0.0138016 0
0001110010 0.0372925 -3.14159
0001110011 0.0216064 0
0001110100 0.0111465 -3.14159
0001110101 0.00997925 -3.14159
0001110110 0.0356445 -3.14159
0001110111 0.0210419 -3.14159
0001111000 0.00426865 -3.14159
0001111001 0.0280304 -3.14159
0001111010 0.0149078 0
0001111011 0.0272522 0
0001111100 0.0375977 -3.14159
0001111101 0.0479431 0
0001111110 0.00654602 0
0001111111 0.0372925 0
0010000000 0.0103607 0
0010000001 0.0223389 0
0010000010 0.00301933 0
0010000011 0.0265503 -3.14159
0010000100 0.0377197 -3.14159
0010000101 0.0394287 -3.14159
0010000110 0.0181274 -3.14159
0010000111 0.0827637 -3.14159
0010001000 0.0130157 -3.14159
0010001001 0.0160065 0
0010001010 0.00495911 0
0010001011 0.0234528 -3.14159
0010001100 0.0252075 -3.14159
0010001101 0.0316467 -3.14159
0010001110 0.00984192 0
0010001111 0.015274 -3.14159
0010010000 0.065979 -3.14159
0010010001 0.0350952 -3.14159
0010010010 0.00943756 -3.14159
0010010011 0.0145569 -3.14159
0010010100 0.0390625 -3.14159
0010010101 0.0265808 -3.14159
0010010110 0.0109787 0
0010010111 0.0031395 -3.14159
0010011000 0.0287476 0
0010011001 0.054657 -3.14159
0010011010 0.0315247 0
0010011011 0.0404053 0
0010011100 0.0285492 0
0010011101 0.0466309 0
0010011110 0.015564 -3.14159
0010011111 0.0124359 0
0010100000 0.0269318 -3.14159
0010100001 0.0185699 0
0010100010 0.0844116 -3.14159
0010100011 0.0222931 -3.14159
0010100100 0.0159302 -3.14159
0010100101 0.0239105 -3.14159
0010100110 0.038208 0
0010100111 0.0261536 0
0010101000 0.0177917 0
0010101001 0.00437927 0
0010101010 0.040802 -3.14159
0010101011 0.036377 -3.14159
0010101100 0.0601196 -3.14159
0010101101 0.0697632 0
0010101110 0.0184021 -3.14159
0010101111 0.014679 0
0010110000 0.00277519 -3.14159
0010110001 0.0110245 -3.14159
0010110010 0.0134888 0
0010110011 0.0018177 -3.14159
0010110100 0.0296173 0
0010110101 0.0120621 0
0010110110 0.0152817 0
0010110111 0.00372314 -3.14159
0010111000 0.00882721 0
0010111001 0.00185585 -3.14159
0010111010 0.00304413 -3.14159
0010111011 0.0411987 0
0010111100 0.00830841 -3.14159
0010111101 0.026535 -3.14159
0010111110 0.031311 0
0010111111 0.0019207 0
0011000000 0.0365295 -3.14159
0011000001 0.019928 0
0011000010 0.052124 0
0011000011 0.0126801 0
0011000100 0.008255 -3.14159
0011000101 0.0146942 -3.14159
0011000110 0.00689316 0
0011000111 0.0300903 -3.14159
0011001000 0.0456543 0
0011001001 5.45382e-05 -3.14159
0011001010 0.0226593 0
0011001011 0.0543823 -3.14159
0011001100 0.009552 -3.14159
0011001101 0.0298462 -3.14159
0011001110 0.101257 0
0011001111 0.000240207 0
0011010000 0.0186615 -3.14159
0011010001 0.00229073 -3.14159
0011010010 0.00543213 0
0011010011 0.0328369 -3.14159
0011010100 0.000519276 0
0011010101 0.0265808 -3.14159
0011010110 0.00850677 0
0011010111 0.0197906 0
0011011000 0.0197296 0
0011011001 0.0306244 -3.14159
0011011010 0.0131149 0
0011011011 0.0200653 -3.14159
0011011100 0.00874329 -3.14159
0011011101 0.0224609 -3.14159
0011011110 0.00458908 0
0011011111 0.0552673 0
0011100000 0.00977325 0
0011100001 0.02948 -3.14159
0011100010 0.00819397 0
0011100011 0.0114746 -3.14159
0011100100 0.0327759 -3.14159
0011100101 0.00258064 0
0011100110 0.014061 0
0011100111 0.041626 0
0011101000 0.0386353 -3.14159
0011101001 0.00946045 0
0011101010 0.0203094 0
0011101011 0.0229034 0
0011101100 0.0261688 -3.14159
0011101101 0.0258484 0
0011101110 0.0563354 -3.14159
0011101111 0.0141678 -3.14159
0011110000 0.0297546 -3.14159
0011110001 0.0278931 0
0011110010 0.0369568 0
0011110011 0.0334473 0
0011110100 0.0337524 -3.14159
0011110101 0.0414734 0
0011110110 0.0255432 -3.14159
0011110111 0.0371094 0
0011111000 0.00644684 -3.14159
0011111001 0.0449219 -3.14159
0011111010 0.000799656 0
0011111011 0.046936 -3.14159
0011111100 0.021698 -3.14159
0011111101 0.0100174 -3.14159
0011111110 0.0345459 0
0011111111 0.00481415 0
0100000000 0.00403976 -3.14159
0100000001 0.0103836 -3.14159
0100000010 0.0214996 -3.14159
0100000011 0.00686646 0
0100000100 0.0780029 -3.14159
0100000101 0.0236969 0
0100000110 0.0227051 0
0100000111 0.0353394 -3.14159
0100001000 0.0281525 0
0100001001 0.00427246 0
0100001010 0.0265808 0
0100001011 0.0213318 -3.14159
0100001100 0.0121689 0
0100001101 0.0505676 -3.14159
0100001110 0.0188141 0
0100001111 0.00172138 -3.14159
0100010000 0.0320129 0
0100010001 0.0701294 -3.14159
0100010010 0.0102768 0
0100010011 0.0210114 -3.14159
0100010100 0.0882568 -3.14159
0100010101 0.0532532 -3.14159
0100010110 0.024231 0
0100010111 0.0577087 -3.14159
0100011000 0.050415 -3.14159
0100011001 0.0360107 0
0100011010 0.00686264 -3.14159
0100011011 0.0169678 0
0100011100 0.00339508 -3.14159
0100011101 0.0108871 -3.14159
0100011110 0.0222321 0
0100011111 0.00624084 0
0100100000 0.0160217 0
0100100001 0.0709839 0
0100100010 0.0212708 -3.14159
0100100011 0.045166 0
0100100100 0.0115662 0
0100100101 0.0136032 -3.14159
0100100110 0.0881958 0
0100100111 0.0210724 -3.14159
0100101000 0.0197601 0
0100101001 0.0415955 -3.14159
0100101010 0.0023632 0
0100101011 0.0566711 0
0100101100 0.0144882 -3.14159
0100101101 0.00257492 -3.14159
0100101110 0.0227661 -3.14159
0100101111 0.0371094 0
0100110000 0.0389709 0
0100110001 0.0192719 0
0100110010 0.00418854 -3.14159
0100110011 0.0588684 -3.14159
0100110100 0.0335693 0
0100110101 0.037262 0
0100110110 0.0129623 -3.14159
0100110111 0.014267 0
0100111000 0.0186615 0
0100111001 0.0181427 0
0100111010 0.0032692 -3.14159
0100111011 0.00941467 0
0100111100 0.013916 -3.14159
0100111101 0.0254211 0
0100111110 0.0162201 0
0100111111 0.00391388 0
0101000000 0.00317383 0
0101000001 0.0260162 -3.14159
0101000010 0.0405579 -3.14159
0101000011 0.0182343 -3.14159
0101000100 0.00206757 0
0101000101 0.046051 0
0101000110 0.0176239 -3.14159
0101000111 0.0211639 0
0101001000 0.0336304 -3.14159
0101001001 0.0471497 -3.14159
0101001010 0.0016489 -3.14159
0101001011 0.0173492 0
0101001100 0.00637054 -3.14159
0101001101 0.00331879 -3.14159
0101001110 0.00258064 0
0101001111 0.0157318 0
0101010000 0.00131321 -3.14159
0101010001 0.0281067 0
0101010010 0.0150452 -3.14159
0101010011 0.0154037 -3.14159
0101010100 0.0254974 -3.14159
0101010101 0.0274658 0
0101010110 0.0228729 -3.14159
0101010111 0.0318298 0
0101011000 0.0297852 0
0101011001 0.025528 0
0101011010 0.00381088 -3.14159
0101011011 0.0166626 -3.14159
0101011100 0.00638962 0
0101011101 0.0187836 0
0101011110 0.0204163 -3.14159
0101011111 4.27961e-05 -3.14159
0101100000 0.0533447 -3.14159
0101100001 0.0157471 -3.14159
0101100010 0.016098 0
0101100011 0.0448303 -3.14159
0101100100 0.0273132 -3.14159
0101100101 0.000610352 -3.14159
0101100110 0.0336609 -3.14159
0101100111 0.0109863 0
0101101000 0.0354919 0
0101101001 0.00879669 -3.14159
0101101010 0.0553284 -3.14159
0101101011 0.00337982 -3.14159
0101101100 0.0280914 0
0101101101 0.0360718 0
0101101110 0.0432129 -3.14159
0101101111 0.0385132 -3.14159
0101110000 0.0269623 0
0101110001 0.0256195 -3.14159
0101110010 0.0383301 -3.14159
0101110011 0.00244141 0
0101110100 0.0145874 -3.14159
0101110101 0.0191956 -3.14159
0101110110 0.0409851 -3.14159
0101110111 0.0300293 0
0101111000 0.0087204 -3.14159
0101111001 0.00800323 0
0101111010 0.0123367 -3.14159
0101111011 0.00577545 0
0101111100 0.0184784 0
0101111101 0.0110779 -3.14159
0101111110 0.0133591 0
0101111111 0.0461731 0
0110000000 0.0216217 -3.14159
0110000001 0.0496521 -3.14159
0110000010 0.00839233 -3.14159
0110000011 0.0302277 0
0110000100 0.0100708 -3.14159
0110000101 0.00204468 -3.14159
0110000110 0.0186157 0
0110000111 0.038147 -3.14159
0110001000 0.00491714 -3.14159
0110001001 0.0273743 0
0110001010 0.0396729 0
0110001011 0.0228577 -3.14159
0110001100 0.0181427 0
0110001101 0.0368958 -3.14159
0110001110 0.0251312 0
0110001111 0.00485992 -3.14159
0110010000 0.0457458 0
0110010001 0.0303192 -3.14159
0110010010 0.0601196 0
0110010011 0.0287018 0
0110010100 0.00972748 0
0110010101 0.0579834 -3.14159
0110010110 0.0455017 0
0110010111 0.0288544 0
0110011000 0.00718307 -3.14159
0110011001 0.0811157 -3.14159
0110011010 0.00497437 -3.14159
0110011011 0.0179291 -3.14159
0110011100 0.0112839 0
0110011101 0.0404358 -3.14159
0110011110 0.00692368 0
0110011111 0.0518188 0
0110100000 0.0203247 0
0110100001 0.00852203 0
0110100010 0.0060463 -3.14159
0110100011 0.00883484 0
0110100100 0.00748062 0
0110100101 0.0491333 0
0110100110 0.0190277 -3.14159
0110100111 0.0542603 0
0110101000 0.0102463 -3.14159
0110101001 0.0217285 0
0110101010 0.02388 0
0110101011 0.0160828 0
0110101100 0.040863 -3.14159
0110101101 0.00676346 -3.14159
0110101110 0.0305481 0
0110101111 0.0148239 -3.14159
0110110000 0.0076828 0
0110110001 0.0446472 0
0110110010 0.00830078 0
0110110011 0.0209503 0
0110110100 0.00487137 -3.14159
0110110101 0.0429993 0
0110110110 0.0337219 0
0110110111 0.0254059 -3.14159
0110111000 0.0472107 -3.14159
0110111001 0.0296173 0
0110111010 0.000788689 0
0110111011 0.0811157 0
0110111100 0.0135651 -3.14159
0110111101 0.0580139 -3.14159
0110111110 0.0223541 0
0110111111 0.0145569 -3.14159
0111000000 0.00195694 0
0111000001 0.00370979 0
0111000010 0.0103607 0
0111000011 0.0200348 -3.14159
0111000100 0.0136185 -3.14159
0111000101 0.040802 -3.14159
0111000110 0.0176544 -3.14159
0111000111 0.052887 -3.14159
0111001000 0.0335388 0
0111001001 0.030777 -3.14159
0111001010 0.0104065 0
0111001011 0.0112991 0
0111001100 0.00788879 -3.14159
0111001101 0.0307465 -3.14159
0111001110 0.045929 0
0111001111 0.0062294 -3.14159
0111010000 0.0059166 0
0111010001 0.00168896 0
0111010010 0.0526733 0
0111010011 0.0404358 0
0111010100 0.00726318 0
0111010101 0.00972748 0
0111010110 0.0440979 0
0111010111 0.00812531 0
0111011000 0.00185299 -3.14159
0111011001 0.00656509 -3.14159
0111011010 0.00951385 0
0111011011 0.0144577 -3.14159
0111011100 0.0145264 0
0111011101 0.00561905 -3.14159
0111011110 0.0496521 -3.14159
0111011111 0.00114918 -3.14159
0111100000 0.0266113 0
0111100001 0.00044775 -3.14159
0111100010 0.00399399 0
0111100011 0.017395 -3.14159
0111100100 0.0190735 -3.14159
0111100101 0.00939178 0
0111100110 0.0192871 -3.14159
0111100111 0.00349998 0
0111101000 0.0507812 -3.14159
0111101001 0.00901031 0
0111101010 0.00435257 0
0111101011 0.000145555 -3.14159
0111101100 0.0270844 -3.14159
0111101101 0.0612183 -3.14159
0111101110 0.0236359 0
0111101111 0.0149612 0
0111110000 0.0116425 0
0111110001 0.009552 -3.14159
0111110010 0.0471497 -3.14159
0111110011 0.0238342 -3.14159
0111110100 0.0563354 -3.14159
0111110101 0.0379333 -3.14159
0111110110 0.00569534 0
0111110111 0.0223999 -3.14159
0111111000 0.00654602 0
0111111001 0.0375977 0
0111111010 0.0696411 -3.14159
0111111011 0.0352478 -3.14159
0111111100 0.0285339 -3.14159
0111111101 0.0115051 0
0111111110 0.029068 -3.14159
0111111111 0.0294647 0
1000000000 0.0215302 -3.14159
1000000001 0.0240021 -3.14159
1000000010 0.00968933 -3.14159
1000000011 0.0405579 0
1000000100 0.0115509 0
1000000101 0.0305786 -3.14159
1000000110 0.00888062 -3.14159
1000000111 0.0125351 0
1000001000 0.0350037 -3.14159
1000001001 0.0544739 0
1000001010 0.00200844 -3.14159
1000001011 0.0160065 0
1000001100 0.0429993 -3.14159
1000001101 0.0156555 -3.14159
1000001110 0.0330505 0
1000001111 0.0121841 -3.14159
1000010000 0.00102615 0
1000010001 0.00413513 -3.14159
1000010010 0.0412903 -3.14159
1000010011 0.0104218 -3.14159
1000010100 0.0406189 0
1000010101 0.0259705 -3.14159
1000010110 0.0348816 0
1000010111 0.0141449 0
1000011000 0.0488892 0
1000011001 0.0800781 -3.14159
1000011010 0.012085 0
1000011011 0.0163269 0
1000011100 0.0171356 0
1000011101 0.0341797 0
1000011110 0.0112915 0
1000011111 0.0108261 -3.14159
1000100000 0.0123825 -3.14159
1000100001 0.0167542 0
1000100010 0.0069313 0
1000100011 0.0437317 0
1000100100 0.0317078 -3.14159
1000100101 0.0386963 -3.14159
1000100110 0.0306244 -3.14159
1000100111 0.0357361 -3.14159
1000101000 0.0045166 0
1000101001 0.00277519 -3.14159
1000101010 0.0132675 0
1000101011 0.0312805 0
1000101100 0.0133667 -3.14159
1000101101 0.0479431 -3.14159
1000101110 0.0312195 -3.14159
1000101111 0.00930023 -3.14159
1000110000 0.0104446 -3.14159
1000110001 0.00521469 -3.14159
1000110010 0.00991821 0
1000110011 0.0125198 -3.14159
1000110100 0.0121231 -3.14159
1000110101 0.0225525 0
1000110110 0.0128555 0
1000110111 0.0451355 0
1000111000 0.0625 -3.14159
1000111001 0.0219879 0
1000111010 0.000768185 0
1000111011 0.0185242 0
1000111100 0.031189 0
1000111101 0.00917053 0
1000111110 0.034729 0
1000111111 0.0181274 0
1001000000 0.00820923 0
1001000001 0.0136032 -3.14159
1001000010 0.001791 -3.14159
1001000011 0.000221372 -3.14159
1001000100 0.0223999 -3.14159
1001000101 0.0112991 0
1001000110 0.0209351 -3.14159
1001000111 0.0409851 -3.14159
1001001000 0.0426636 0
1001001001 0.0256653 -3.14159
1001001010 0.0162201 -3.14159
1001001011 0.00567627 0
1001001100 0.0262909 0
1001001101 0.0019455 -3.14159
1001001110 0.0203247 0
1001001111 0.0539246 -3.14159
1001010000 0.0522766 0
1001010001 0.0182495 0
1001010010 0.083374 -3.14159
1001010011 0.0444031 -3.14159
1001010100 0.0115891 0
1001010101 0.000351667 -3.14159
1001010110 0.00521088 0
1001010111 0.0367737 0
1001011000 0.0488892 -3.14159
1001011001 0.00396729 0
1001011010 0.0137787 0
1001011011 0.00167751 -3.14159
1001011100 0.0135269 -3.14159
1001011101 0.0364075 0
1001011110 0.0391541 0
1001011111 0.00824738 -3.14159
1001100000 0.00709534 -3.14159
1001100001 0.0159607 0
1001100010 0.00989532 0
1001100011 0.00444794 -3.14159
1001100100 0.0349121 -3.14159
1001100101 0.0180664 0
1001100110 0.00315475 -3.14159
1001100111 0.085083 0
1001101000 0.0367737 0
1001101001 0.0120773 -3.14159
1001101010 0.0153351 0
1001101011 0.00288773 -3.14159
1001101100 0.00139713 -3.14159
1001101101 0.0451355 0
1001101110 0.0274506 0
1001101111 0.079834 0
1001110000 0.0335083 0
1001110001 0.0433044 -3.14159
1001110010 0.00547791 0
1001110011 0.00675964 0
1001110100 0.0244141 -3.14159
1001110101 0.0210419 0
1001110110 0.0614319 0
1001110111 0.00915527 -3.14159
1001111000 0.0159607 0
1001111001 0.0176544 -3.14159
1001111010 0.0340271 0
1001111011 0.0391541 -3.14159
1001111100 0.00306129 0
1001111101 0.00696182 -3.14159
1001111110 0.0302887 -3.14159
1001111111 0.0163116 -3.14159
1010000000 0.00767517 -3.14159
1010000001 0.0222168 -3.14159
1010000010 0.0240631 -3.14159
1010000011 0.0356445 -3.14159
1010000100 0.00931549 -3.14159
1010000101 0.0542297 0
1010000110 0.0301208 0
1010000111 0.0371094 -3.14159
1010001000 0.0275116 -3.14159
1010001001 0.0903931 0
1010001010 0.039856 -3.14159
1010001011 0.026886 0
1010001100 0.017807 0
1010001101 0.0113297 0
1010001110 0.0121231 -3.14159
1010001111 0.000161409 0
1010010000 0.0332947 0
1010010001 0.0364075 -3.14159
1010010010 0.00839233 -3.14159
1010010011 0.000845432 -3.14159
1010010100 0.0168152 -3.14159
1010010101 0.00190067 -3.14159
1010010110 0.0216064 -3.14159
1010010111 0.0147324 0
1010011000 0.0153732 0
1010011001 0.0829468 0
1010011010 0.0106506 0
1010011011 0.00748825 0
1010011100 0.014328 -3.14159
1010011101 0.0184631 0
1010011110 0.00675964 0
1010011111 0.0104294 0
1010100000 0.02388 -3.14159
1010100001 0.0176086 0
1010100010 0.0105362 -3.14159
1010100011 0.030304 -3.14159
1010100100 0.0397339 -3.14159
1010100101 0.0399475 0
1010100110 0.023407 0
1010100111 0.0294647 0
1010101000 0.0312347 -3.14159
1010101001 0.000177741 -3.14159
1010101010 0.0146637 0
1010101011 0.10321 0
1010101100 0.0229645 0
1010101101 0.00313377 -3.14159
1010101110 0.0179596 -3.14159
1010101111 0.0292206 -3.14159
1010110000 0.0592041 0
1010110001 0.0481262 -3.14159
1010110010 0.0267029 -3.14159
1010110011 0.0162048 0
1010110100 0.00516129 0
1010110101 0.00180435 0
1010110110 0.00286865 -3.14159
1010110111 0.00148964 -3.14159
1010111000 0.00954437 -3.14159
1010111001 0.0265198 0
1010111010 0.0439148 -3.14159
1010111011 0.018219 0
1010111100 0.0180969 -3.14159
1010111101 0.0237122 0
1010111110 0.0384521 -3.14159
1010111111 0.0319214 -3.14159
1011000000 0.0137939 0
1011000001 0.0148773 -3.14159
1011000010 0.00492096 0
1011000011 0.00296974 -3.14159
1011000100 0.0374146 0
1011000101 0.0404358 0
1011000110 0.0543213 -3.14159
1011000111 0.00169277 0
1011001000 0.0658569 -3.14159
1011001001 0.00706482 0
1011001010 0.00151443 -3.14159
1011001011 0.00913239 0
1011001100 0.0147629 0
1011001101 0.038147 0
1011001110 0.0202789 -3.14159
1011001111 0.0327759 -3.14159
1011010000 0.00148964 0
1011010001 0.0552673 -3.14159
1011010010 0.0154037 0
1011010011 0.0208588 -3.14159
1011010100 0.00162125 -3.14159
1011010101 0.0668945 -3.14159
1011010110 0.0202179 -3.14159
1011010111 0.0528564 -3.14159
1011011000 0.00977325 -3.14159
1011011001 0.0267181 0
1011011010 0.0212555 -3.14159
1011011011 0.0121765 -3.14159
1011011100 0.0287933 -3.14159
1011011101 0.0262604 0
1011011110 0.0420532 -3.14159
1011011111 0.0325928 -3.14159
1011100000 0.00746536 0
1011100001 0.00444794 -3.14159
1011100010 0.0157623 0
1011100011 0.0563049 0
1011100100 0.0593872 0
1011100101 0.0126572 0
1011100110 0.00145435 -3.14159
1011100111 0.02034 0
1011101000 0.0447083 0
1011101001 0.0278015 -3.14159
1011101010 0.0145569 0
1011101011 0.00574112 -3.14159
1011101100 0.0329285 0
1011101101 0.0157776 -3.14159
1011101110 0.0378418 0
1011101111 0.0983276 0
1011110000 0.00744629 0
1011110001 0.0133057 -3.14159
1011110010 0.00405121 0
1011110011 0.0076561 -3.14159
1011110100 0.0142593 -3.14159
1011110101 0.0360107 0
1011110110 0.0578003 -3.14159
1011110111 0.030014 -3.14159
1011111000 0.0296173 0
1011111001 0.0453796 -3.14159
1011111010 0.0119553 0
1011111011 0.0135803 -3.14159
1011111100 0.0744019 0
1011111101 0.0253143 0
1011111110 0.0529785 0
1011111111 0.0122223 0
1100000000 0.0267639 -3.14159
1100000001 0.0418396 0
1100000010 0.00748062 -3.14159
1100000011 0.00582123 0
1100000100 0.0231934 -3.14159
1100000101 0.0103989 0
1100000110 0.000681877 0
1100000111 0.0246582 0
1100001000 0.00276184 -3.14159
1100001001 0.00732803 -3.14159
1100001010 0.00606918 0
1100001011 0.00145626 -3.14159
1100001100 0.0142822 0
1100001101 0.00736618 -3.14159
1100001110 0.016922 0
1100001111 0.00593185 0
1100010000 0.0698242 0
1100010001 0.0215149 0
1100010010 0.00148678 0
1100010011 0.0685425 -3.14159
1100010100 0.00453568 0
1100010101 0.0507812 -3.14159
1100010110 0.0268402 -3.14159
1100010111 0.0453186 0
1100011000 0.0402832 -3.14159
1100011001 0.00161839 -3.14159
1100011010 0.000355959 0
1100011011 0.00856018 0
1100011100 0.00856781 -3.14159
1100011101 0.0135193 0
1100011110 0.0241547 -3.14159
1100011111 0.0244904 -3.14159
1100100000 0.0162201 0
1100100001 0.0480042 -3.14159
1100100010 0.0165863 0
1100100011 0.0121841 0
1100100100 0.0288239 0
1100100101 0.0585327 -3.14159
1100100110 0.0101242 0
1100100111 0.00670242 0
1100101000 0.0230408 -3.14159
1100101001 0.0283356 0
1100101010 0.0327759 0
1100101011 0.0402527 0
1100101100 0.0409241 -3.14159
1100101101 0.0267181 -3.14159
1100101110 0.078186 0
1100101111 0.00693893 -3.14159
1100110000 0.00722504 0
1100110001 0.0085907 -3.14159
1100110010 0.0559692 0
1100110011 0.0306244 -3.14159
1100110100 0.000451565 0
1100110101 0.00165558 -3.14159
1100110110 0.0590515 0
1100110111 0.00533295 0
1100111000 0.026947 -3.14159
1100111001 0.0177155 0
1100111010 0.00327492 -3.14159
1100111011 0.0436401 -3.14159
1100111100 0.0296936 -3.14159
1100111101 0.0361938 -3.14159
1100111110 0.0187836 -3.14159
1100111111 0.0351562 -3.14159
1101000000 0.078125 0
1101000001 0.0226593 -3.14159
1101000010 0.0121536 -3.14159
1101000011 0.0287476 -3.14159
1101000100 0.0387268 0
1101000101 0.051178 0
1101000110 0.0296936 0
1101000111 0.0206757 -3.14159
1101001000 0.0712891 0
1101001001 0.0142365 0
1101001010 0.00660324 -3.14159
1101001011 0.0139694 0
1101001100 0.00397491 0
1101001101 0.0298462 0
1101001110 0.00591278 0
1101001111 0.0113068 0
1101010000 0.00587845 0
1101010001 0.00591278 -3.14159
1101010010 0.0184021 0
1101010011 0.0574036 0
1101010100 0.00380516 -3.14159
1101010101 0.0138779 0
1101010110 0.012825 0
1101010111 0.0247803 0
1101011000 0.0104218 -3.14159
1101011001 0.0183868 0
1101011010 0.0361023 0
1101011011 0.00258636 -3.14159
1101011100 0.0147934 0
1101011101 0.0237885 0
1101011110 0.0236664 -3.14159
1101011111 0.0441589 -3.14159
1101100000 0.0164337 0
1101100001 0.0150986 -3.14159
1101100010 0.0432434 -3.14159
1101100011 0.0205078 0
1101100100 0.0296936 -3.14159
1101100101 0.0394592 -3.14159
1101100110 0.00892639 -3.14159
1101100111 0.0181885 0
1101101000 0.0156555 0
1101101001 0.0217896 0
1101101010 0.0166626 0
1101101011 0.0115814 0
1101101100 0.0369568 -3.14159
1101101101 0.0102463 0
1101101110 0.0289764 0
1101101111 0.0430603 -3.14159
1101110000 0.0110779 -3.14159
1101110001 0.0350342 0
1101110010 0.00339508 -3.14159
1101110011 0.0392761 -3.14159
1101110100 0.0166931 -3.14159
1101110101 0.0287781 0
1101110110 0.0274658 -3.14159
1101110111 0.0435791 -3.14159
1101111000 0.0597534 -3.14159
1101111001 0.000828743 0
1101111010 0.00602341 0
1101111011 0.0157471 -3.14159
1101111100 0.0232239 0
1101111101 0.0366211 -3.14159
1101111110 0.0253906 0
1101111111 0.0300293 -3.14159
1110000000 0.000319958 -3.14159
1110000001 0.00200844 0
1110000010 0.0673828 0
1110000011 0.0294342 -3.14159
1110000100 0.0256805 -3.14159
1110000101 0.0203094 0
1110000110 0.0314941 -3.14159
1110000111 0.0415955 0
1110001000 0.00224495 -3.14159
1110001001 0.00697708 0
1110001010 0.0110397 0
1110001011 0.00834656 0
1110001100 0.0117264 -3.14159
1110001101 0.05896 0
1110001110 0.0218201 0
1110001111 0.032074 0
1110010000 0.0218811 -3.14159
1110010001 0.0178223 0
1110010010 0.0100327 -3.14159
1110010011 0.0440674 0
1110010100 0.0267639 -3.14159
1110010101 0.0382996 -3.14159
1110010110 0.040802 0
1110010111 0.0243683 -3.14159
1110011000 0.00469971 0
1110011001 6.06775e-05 -3.14159
1110011010 0.0128784 0
1110011011 0.0252838 -3.14159
1110011100 0.0218964 0
1110011101 0.0172424 -3.14159
1110011110 0.0250397 -3.14159
1110011111 0.0740967 0
1110100000 0.0294189 0
1110100001 0.0127792 -3.14159
1110100010 0.040741 -3.14159
1110100011 0.00453568 -3.14159
1110100100 0.0032692 -3.14159
1110100101 0.0365295 0
1110100110 0.046051 -3.14159
1110100111 0.0140076 0
1110101000 0.0106201 -3.14159
1110101001 0.0309296 0
1110101010 0.0253906 0
1110101011 0.00445175 0
1110101100 0.0371399 0
1110101101 0.00156879 -3.14159
1110101110 0.0011301 0
1110101111 0.00472641 0
1110110000 0.0337219 0
1110110001 0.0224762 -3.14159
1110110010 0.0282593 -3.14159
1110110011 0.0678711 -3.14159
1110110100 0.00817871 -3.14159
1110110101 0.0698853 -3.14159
1110110110 0.0172882 0
1110110111 0.0332642 -3.14159
1110111000 0.0312805 -3.14159
1110111001 0.110596 -3.14159
1110111010 0.0446777 -3.14159
1110111011 0.0237274 0
1110111100 0.0353088 -3.14159
1110111101 0.0174561 0
1110111110 0.0129852 -3.14159
1110111111 0.0437622 -3.14159
1111000000 0.038269 0
1111000001 0.0452881 -3.14159
1111000010 0.0563354 0
1111000011 0.0120239 -3.14159
1111000100 0.0466919 -3.14159
1111000101 0.0241852 -3.14159
1111000110 0.0375366 0
1111000111 0.0183105 -3.14159
1111001000 0.00397873 -3.14159
1111001001 0.0455322 -3.14159
1111001010 0.00112534 -3.14159
1111001011 0.0209045 0
1111001100 0.0198364 -3.14159
1111001101 0.0218048 -3.14159
1111001110 0.0145416 0
1111001111 0.102112 0
1111010000 0.0105896 0
1111010001 0.0349426 -3.14159
1111010010 0.0101242 -3.14159
1111010011 0.0130081 0
1111010100 0.0154495 0
1111010101 0.00180912 -3.14159
1111010110 0.0153198 0
1111010111 0.0269775 0
1111011000 0.0189819 0
1111011001 0.00953674 -3.14159
1111011010 0.048645 -3.14159
1111011011 0.0209351 0
1111011100 0.00129032 0
1111011101 0.0145569 -3.14159
1111011110 0.0220337 -3.14159
1111011111 0.0172577 -3.14159
1111100000 0.0324707 0
1111100001 0.0124207 -3.14159
1111100010 0.00635147 -3.14159
1111100011 0.0707397 -3.14159
1111100100 0.0064621 0
1111100101 0.0255432 -3.14159
1111100110 0.0531006 0
1111100111 0.00156879 0
1111101000 0.00872803 0
1111101001 0.00986481 0
1111101010 0.0462036 -3.14159
1111101011 0.0409851 -3.14159
1111101100 0.0769043 0
1111101101 0.0441895 -3.14159
1111101110 0.0493469 0
1111101111 0.0517578 0
1111110000 0.0345459 -3.14159
1111110001 0.0563965 0
1111110010 0.00376129 0
1111110011 0.0335083 -3.14159
1111110100 0.0474854 -3.14159
1111110101 0.0434875 0
1111110110 0.0544739 -3.14159
1111110111 0.0325317 0
1111111000 0.0611267 -3.14159
1111111001 0.026001 -3.14159
1111111010 0.0232697 -3.14159
1111111011 0.0141068 -3.14159
1111111100 0.0317078 0
1111111101 0.019928 0
1111111110 0.034729 0
1111111111 0.0209351 0
