0000000000 0.00475311 0
0000000001 0.0614014 0
0000000010 0.0389709 0
0000000011 0.0158539 -3.14159
0000000100 0.0523987 -3.14159
0000000101 0.00521088 -3.14159
0000000110 0.0272369 -3.14159
0000000111 0.0369263 -3.14159
0000001000 0.00498199 0
0000001001 0.00486755 -3.14159
0000001010 0.0130386 -3.14159
0000001011 0.014122 -3.14159
0000001100 0.00132084 -3.14159
0000001101 0.0235138 -3.14159
0000001110 0.028656 0
0000001111 0.00228882 -3.14159
0000010000 0.0493774 0
0000010001 0.00860596 -3.14159
0000010010 0.0305328 -3.14159
0000010011 0.0144119 -3.14159
0000010100 0.0211334 -3.14159
0000010101 0.0335999 -3.14159
0000010110 0.0283661 -3.14159
0000010111 0.029892 -3.14159
0000011000 0.0440979 -3.14159
0000011001 0.00192928 -3.14159
0000011010 0.0118561 0
0000011011 0.0307007 0
0000011100 0.00325966 0
0000011101 0.0185699 0
0000011110 0.0470276 -3.14159
0000011111 0.0802612 0
0000100000 0.0629272 -3.14159
0000100001 0.0297546 -3.14159
0000100010 0.0598755 -3.14159
0000100011 0.0504761 0
0000100100 0.0271912 -3.14159
0000100101 0.0176697 0
0000100110 0.0195923 0
0000100111 0.0259247 0
0000101000 0.0212402 -3.14159
0000101001 0.00257301 0
0000101010 0.0176544 -3.14159
0000101011 0.0793457 0
0000101100 0.0115662 0
0000101101 0.000398874 -3.14159
0000101110 0.016098 -3.14159
0000101111 0.0217438 0
0000110000 0.000551701 0
0000110001 0.0136185 -3.14159
0000110010 0.0225372 0
0000110011 0.0174255 0
0000110100 0.0387878 -3.14159
0000110101 0.00549698 0
0000110110 0.0262909 0
0000110111 0.00489044 -3.14159
0000111000 0.00141239 0
0000111001 0.017746 -3.14159
0000111010 0.0197906 -3.14159
0000111011 0.00402451 -3.14159
0000111100 0.0167236 -3.14159
0000111101 0.0232544 0
0000111110 0.0289307 -3.14159
0000111111 0.00830078 -3.14159
0001000000 0.0255737 0
0001000001 0.0343933 -3.14159
0001000010 0.0308533 -3.14159
0001000011 0.00932312 -3.14159
0001000100 0.0121689 -3.14159
0001000101 0.0120697 0
0001000110 0.0280304 0
0001000111 0.00993347 -3.14159
0001001000 0.0901489 -3.14159
0001001001 0.00831604 -3.14159
0001001010 0.0317688 -3.14159
0001001011 0.0129776 -3.14159
0001001100 0.0157928 0
0001001101 0.0276489 -3.14159
0001001110 0.0343323 0
0001001111 0.0380249 0
0001010000 0.0197449 0
0001010001 0.00148678 0
0001010010 0.0662231 0
0001010011 0.011528 -3.14159
0001010100 0.00428009 -3.14159
0001010101 0.00675583 -3.14159
0001010110 0.00143051 -3.14159
0001010111 0.0342102 -3.14159
0001011000 0.00751495 0
0001011001 0.0238953 0
0001011010 0.00967407 0
0001011011 0.06604 -3.14159
0001011100 0.0280304 0
0001011101 0.0315247 -3.14159
0001011110 0.0389709 -3.14159
0001011111 0.00466156 -3.14159
0001100000 0.0538025 -3.14159
0001100001 0.0205536 0
0001100010 0.0418396 -3.14159
0001100011 0.0168304 -3.14159
0001100100 0.0156097 0
0001100101 0.00823212 0
0001100110 0.0193024 -3.14159
0001100111 0.102112 0
0001101000 0.0280914 0
0001101001 0.00499725 -3.14159
0001101010 0.00206375 -3.14159
0001101011 0.0303802 -3.14159
0001101100 0.0258331 -3.14159
0001101101 0.0525208 -3.14159
0001101110 0.0461731 0
0001101111 0.0387878 0
0001110000 0.0386963 -3.14159
0001110001 0.0116653 0
0001110010 0.0426331 -3.14159
0001110011 0.0260162 0
0001110100 0.0104904 -3.14159
0001110101 0.0130539 -3.14159
0001110110 0.0351868 -3.14159
0001110111 0.012764 -3.14159
0001111000 0.00915527 0
0001111001 0.045105 -3.14159
0001111010 0.0369263 0
0001111011 0.0222778 0
0001111100 0.0304413 -3.14159
0001111101 0.0467529 0
0001111110 0.000289917 -3.14159
0001111111 0.0333557 0
0010000000 0.00911713 0
0010000001 0.022583 0
0010000010 0.00365639 0
0010000011 0.0108337 -3.14159
0010000100 0.036499 -3.14159
0010000101 0.0493469 -3.14159
0010000110 0.0392456 -3.14159
0010000111 0.0688477 -3.14159
0010001000 0.0336609 -3.14159
0010001001 0.0171814 0
0010001010 0.0177765 -3.14159
0010001011 0.0238495 -3.14159
0010001100 0.0379333 -3.14159
0010001101 0.0375366 -3.14159
0010001110 0.0261993 0
0010001111 0.0139236 -3.14159
0010010000 0.0892944 -3.14159
0010010001 0.0350037 -3.14159
0010010010 0.0216522 -3.14159
0010010011 0.0211029 -3.14159
0010010100 0.0271149 -3.14159
0010010101 0.0228882 -3.14159
0010010110 0.00144958 0
0010010111 0.00720978 0
0010011000 0.0207367 0
0010011001 0.0527039 -3.14159
0010011010 0.00789642 0
0010011011 0.0364075 0
0010011100 0.0215302 0
0010011101 0.0419312 0
0010011110 0.00734329 -3.14159
0010011111 0.00779343 0
0010100000 0.0183105 -3.14159
0010100001 0.0189819 0
0010100010 0.0661011 -3.14159
0010100011 0.00597382 -3.14159
0010100100 0.00937653 -3.14159
0010100101 0.0291443 -3.14159
0010100110 0.0403137 0
0010100111 0.00677109 0
0010101000 0.0233002 0
0010101001 0.00419998 -3.14159
0010101010 0.0200195 -3.14159
0010101011 0.040863 -3.14159
0010101100 0.034668 -3.14159
0010101101 0.065979 0
0010101110 0.0062294 -3.14159
0010101111 0.00748444 -3.14159
0010110000 0.00291443 -3.14159
0010110001 0.00099659 0
0010110010 0.0301514 0
0010110011 0.00699615 -3.14159
0010110100 0.0100021 0
0010110101 0.00722122 0
0010110110 0.0232086 0
0010110111 0.00968933 0
0010111000 0.00429916 0
0010111001 0.0148849 0
0010111010 0.0093689 -3.14159
0010111011 0.0447388 0
0010111100 3.46899e-05 0
0010111101 0.022995 -3.14159
0010111110 0.0397949 0
0010111111 0.00240707 -3.14159
0011000000 0.044281 -3.14159
0011000001 0.0268097 0
0011000010 0.0459595 0
0011000011 0.0222626 0
0011000100 0.0118561 -3.14159
0011000101 0.00172901 0
0011000110 0.00564194 0
0011000111 0.0377502 -3.14159
0011001000 0.0405273 0
0011001001 0.0102081 0
0011001010 0.0188446 0
0011001011 0.0580444 -3.14159
0011001100 0.00555801 -3.14159
0011001101 0.0327759 -3.14159
0011001110 0.0834351 0
0011001111 0.0123215 -3.14159
0011010000 0.0122757 -3.14159
0011010001 0.00222206 0
0011010010 0.00566101 0
0011010011 0.0344543 -3.14159
0011010100 0.000466824 0
0011010101 0.0229645 -3.14159
0011010110 0.0140915 0
0011010111 0.0254974 0
0011011000 0.0187531 0
0011011001 0.0336914 -3.14159
0011011010 0.0133133 0
0011011011 0.0035038 -3.14159
0011011100 0.0162354 -3.14159
0011011101 0.0309601 -3.14159
0011011110 0.0102081 0
0011011111 0.0442505 0
0011100000 0.0205688 0
0011100001 0.0372009 -3.14159
0011100010 0.0187073 0
0011100011 0.022995 -3.14159
0011100100 0.0181732 -3.14159
0011100101 0.0113678 0
0011100110 0.0185852 0
0011100111 0.0447693 0
0011101000 0.0535278 -3.14159
0011101001 0.0140533 0
0011101010 0.00452423 0
0011101011 0.0317078 0
0011101100 0.00466919 -3.14159
0011101101 0.0289154 0
0011101110 0.0544128 -3.14159
0011101111 0.0140228 -3.14159
0011110000 0.0164032 -3.14159
0011110001 0.0427856 0
0011110010 0.0276642 0
0011110011 0.0303802 0
0011110100 0.0385437 -3.14159
0011110101 0.0396729 0
0011110110 0.00447845 -3.14159
0011110111 0.0219421 0
0011111000 0.0145264 -3.14159
0011111001 0.0216217 -3.14159
0011111010 0.00115395 -3.14159
0011111011 0.0437317 -3.14159
0011111100 0.0307465 -3.14159
0011111101 0.0163269 -3.14159
0011111110 0.0325928 0
0011111111 0.0030117 0
0100000000 0.00113583 -3.14159
0100000001 0.024765 -3.14159
0100000010 0.0213776 -3.14159
0100000011 0.0217896 0
0100000100 0.0719604 -3.14159
0100000101 0.0430908 0
0100000110 0.0377197 0
0100000111 0.0262909 -3.14159
0100001000 0.0158081 0
0100001001 0.00116348 0
0100001010 0.00856781 0
0100001011 0.0222473 -3.14159
0100001100 0.00454712 0
0100001101 0.0471191 -3.14159
0100001110 0.0197906 0
0100001111 0.00440979 -3.14159
0100010000 0.0335388 0
0100010001 0.0649414 -3.14159
0100010010 0.00949097 0
0100010011 0.0116882 -3.14159
0100010100 0.0809937 -3.14159
0100010101 0.0612183 -3.14159
0100010110 0.00988007 -3.14159
0100010111 0.0552979 -3.14159
0100011000 0.0355225 -3.14159
0100011001 0.0374451 0
0100011010 0.0105209 -3.14159
0100011011 0.0116653 0
0100011100 0.00101566 -3.14159
0100011101 0.00316429 -3.14159
0100011110 0.0136032 0
0100011111 0.0126801 0
0100100000 0.0241394 0
0100100001 0.0550232 0
0100100010 0.0217743 -3.14159
0100100011 0.0440063 0
0100100100 0.00292969 -3.14159
0100100101 0.00932312 -3.14159
0100100110 0.0817261 0
0100100111 0.006073 -3.14159
0100101000 0.0338745 0
0100101001 0.0324707 -3.14159
0100101010 0.00278091 0
0100101011 0.0463257 0
0100101100 0.0150375 -3.14159
0100101101 0.00786591 0
0100101110 0.0317993 -3.14159
0100101111 0.0527954 0
0100110000 0.0445557 0
0100110001 0.00389481 -3.14159
0100110010 0.00545883 0
0100110011 0.0522156 -3.14159
0100110100 0.010376 0
0100110101 0.0243835 0
0100110110 0.014328 -3.14159
0100110111 0.0122223 0
0100111000 0.0147095 0
0100111001 0.0246582 0
0100111010 0.00719452 -3.14159
0100111011 0.00174141 -3.14159
0100111100 0.0110092 -3.14159
0100111101 0.0393372 0
0100111110 0.0173035 0
0100111111 0.00442505 -3.14159
0101000000 0.00753021 -3.14159
0101000001 0.0119553 -3.14159
0101000010 0.0407104 -3.14159
0101000011 0.0177612 -3.14159
0101000100 0.00587082 0
0101000101 0.0437622 0
0101000110 0.0184479 -3.14159
0101000111 0.00600052 0
0101001000 0.0310822 -3.14159
0101001001 0.0565186 -3.14159
0101001010 0.0108566 -3.14159
0101001011 0.0162964 0
0101001100 0.000235319 -3.14159
0101001101 0.0136642 -3.14159
0101001110 0.0058136 -3.14159
0101001111 0.0179596 0
0101010000 0.0083847 -3.14159
0101010001 0.0183563 0
0101010010 0.0179443 -3.14159
0101010011 0.0140915 -3.14159
0101010100 0.0271149 -3.14159
0101010101 0.0220947 0
0101010110 0.0045929 -3.14159
0101010111 0.0258179 0
0101011000 0.0284424 0
0101011001 0.00351524 0
0101011010 0.00777435 -3.14159
0101011011 0.0261993 -3.14159
0101011100 0.00865173 -3.14159
0101011101 0.0181732 0
0101011110 0.0236816 -3.14159
0101011111 0.00679779 -3.14159
0101100000 0.0449219 -3.14159
0101100001 0.00306511 0
0101100010 0.0172882 0
0101100011 0.0665283 -3.14159
0101100100 0.0220642 -3.14159
0101100101 0.0150452 -3.14159
0101100110 0.0487976 -3.14159
0101100111 0.0117569 0
0101101000 0.0469666 0
0101101001 0.00453949 0
0101101010 0.0654907 -3.14159
0101101011 0.0117188 -3.14159
0101101100 0.0369873 0
0101101101 0.0523987 0
0101101110 0.0475464 -3.14159
0101101111 0.0256348 -3.14159
0101110000 0.0148926 0
0101110001 0.0222321 -3.14159
0101110010 0.0492859 -3.14159
0101110011 0.00255203 -3.14159
0101110100 0.0216522 -3.14159
0101110101 0.00899506 -3.14159
0101110110 0.0363464 -3.14159
0101110111 0.0298309 0
0101111000 0.0151138 -3.14159
0101111001 0.00113392 0
0101111010 0.00932312 -3.14159
0101111011 0.0173645 0
0101111100 0.0206909 0
0101111101 0.0150223 -3.14159
0101111110 0.00368118 0
0101111111 0.0673828 0
0110000000 0.0189362 -3.14159
0110000001 0.0477295 -3.14159
0110000010 0.00158691 -3.14159
0110000011 0.0276031 0
0110000100 0.0146255 -3.14159
0110000101 0.0253601 0
0110000110 0.0275879 0
0110000111 0.0382996 -3.14159
0110001000 0.0125732 -3.14159
0110001001 0.0358582 0
0110001010 0.0259399 0
0110001011 0.0333252 -3.14159
0110001100 0.0379333 0
0110001101 0.0165405 -3.14159
0110001110 0.0229797 0
0110001111 0.00526428 -3.14159
0110010000 0.0425415 0
0110010001 0.0342712 -3.14159
0110010010 0.0620728 0
0110010011 0.00971985 0
0110010100 0.00549316 0
0110010101 0.0533752 -3.14159
0110010110 0.0469971 0
0110010111 0.0268555 0
0110011000 0.0294495 -3.14159
0110011001 0.0974731 -3.14159
0110011010 0.0192108 -3.14159
0110011011 0.00154591 0
0110011100 0.0207977 0
0110011101 0.0413818 -3.14159
0110011110 0.00669861 0
0110011111 0.0416565 0
0110100000 0.0243683 0
0110100001 0.0152359 0
0110100010 0.00578308 -3.14159
0110100011 0.00547409 0
0110100100 0.00363159 0
0110100101 0.0384216 0
0110100110 0.0220947 -3.14159
0110100111 0.0377502 0
0110101000 0.0120621 -3.14159
0110101001 0.0224915 0
0110101010 0.0284882 0
0110101011 0.0126724 0
0110101100 0.0393066 -3.14159
0110101101 0.0125656 0
0110101110 0.027298 0
0110101111 0.0128479 -3.14159
0110110000 0.0129929 0
0110110001 0.0575867 0
0110110010 0.0159454 0
0110110011 0.0414124 0
0110110100 0.0204773 -3.14159
0110110101 0.0359497 0
0110110110 0.0357971 0
0110110111 0.036377 -3.14159
0110111000 0.0341187 -3.14159
0110111001 0.0407715 0
0110111010 0.00477982 0
0110111011 0.0770874 0
0110111100 0.0211182 -3.14159
0110111101 0.0480347 -3.14159
0110111110 0.0223694 0
0110111111 0.00410843 -3.14159
0111000000 0.00809479 0
0111000001 0.0204926 0
0111000010 0.0182037 0
0111000011 0.0128708 -3.14159
0111000100 0.00218201 -3.14159
0111000101 0.0225067 -3.14159
0111000110 0.00123692 0
0111000111 0.0466003 -3.14159
0111001000 0.0435791 0
0111001001 0.0332642 -3.14159
0111001010 0.0118713 0
0111001011 0.00531769 0
0111001100 0.00432968 0
0111001101 0.0344238 -3.14159
0111001110 0.0507812 0
0111001111 0.0133209 -3.14159
0111010000 0.0197754 0
0111010001 0.004776 0
0111010010 0.0592346 0
0111010011 0.037262 0
0111010100 4.83394e-05 0
0111010101 0.00444794 0
0111010110 0.0245514 0
0111010111 0.0116882 0
0111011000 0.00632477 -3.14159
0111011001 0.000814915 -3.14159
0111011010 0.00769424 0
0111011011 0.011055 -3.14159
0111011100 0.0157013 0
0111011101 0.00627136 -3.14159
0111011110 0.0428772 -3.14159
0111011111 0.000477076 0
0111100000 0.0245667 0
0111100001 0.0172729 0
0111100010 0.00908661 0
0111100011 0.0276489 -3.14159
0111100100 0.000356197 -3.14159
0111100101 0.00615692 0
0111100110 0.0133286 -3.14159
0111100111 0.0112 0
0111101000 0.0626221 -3.14159
0111101001 0.0127945 0
0111101010 0.00447083 -3.14159
0111101011 0.0058403 0
0111101100 0.0279999 -3.14159
0111101101 0.0674438 -3.14159
0111101110 0.026825 0
0111101111 0.0193634 0
0111110000 0.0153885 0
0111110001 0.0089798 -3.14159
0111110010 0.045166 -3.14159
0111110011 0.0310211 -3.14159
0111110100 0.0527649 -3.14159
0111110101 0.0233307 -3.14159
0111110110 0.000947475 0
0111110111 0.0179596 -3.14159
0111111000 0.00788116 0
0111111001 0.0222626 0
0111111010 0.0611572 -3.14159
0111111011 0.0301819 -3.14159
0111111100 0.0209198 -3.14159
0111111101 0.00457382 0
0111111110 0.0377502 -3.14159
0111111111 0.0374451 0
1000000000 0.00277519 -3.14159
1000000001 0.0302734 -3.14159
1000000010 0.0101395 -3.14159
1000000011 0.0368958 0
1000000100 0.0159149 0
1000000101 0.026947 -3.14159
1000000110 0.00239182 0
1000000111 0.00566864 0
1000001000 0.0217285 -3.14159
1000001001 0.0499268 0
1000001010 0.00219727 -3.14159
1000001011 0.0221405 0
1000001100 0.0620422 -3.14159
1000001101 0.0112305 -3.14159
1000001110 0.0142593 0
1000001111 0.0104446 -3.14159
1000010000 0.00849152 0
1000010001 0.00341415 0
1000010010 0.0434875 -3.14159
1000010011 0.00817108 -3.14159
1000010100 0.0550842 0
1000010101 0.0358887 -3.14159
1000010110 0.0355835 0
1000010111 0.0183105 0
1000011000 0.0490112 0
1000011001 0.0829468 -3.14159
1000011010 0.013298 0
1000011011 0.0217438 0
1000011100 0.00994873 0
1000011101 0.0526733 0
1000011110 0.0045929 0
1000011111 0.0357056 -3.14159
1000100000 0.0319519 -3.14159
1000100001 0.0182343 0
1000100010 0.00725937 0
1000100011 0.0462646 0
1000100100 0.0306244 -3.14159
1000100101 0.0376282 -3.14159
1000100110 0.024826 -3.14159
1000100111 0.023819 -3.14159
1000101000 0.0252228 0
1000101001 0.00833893 0
1000101010 0.0164032 0
1000101011 0.0357056 0
1000101100 0.00765991 -3.14159
1000101101 0.0419617 -3.14159
1000101110 0.0384827 -3.14159
1000101111 0.0180206 -3.14159
1000110000 0.0157013 -3.14159
1000110001 0.000481844 -3.14159
1000110010 0.0285187 0
1000110011 0.00315475 0
1000110100 0.00971222 -3.14159
1000110101 0.00821686 0
1000110110 0.0227203 0
1000110111 0.0537109 0
1000111000 0.0631714 -3.14159
1000111001 0.0179901 0
1000111010 0.00386047 -3.14159
1000111011 0.00882721 0
1000111100 0.0437927 0
1000111101 0.0143661 0
1000111110 0.0349731 0
1000111111 0.0185089 0
1001000000 0.0202026 0
1001000001 0.0140152 -3.14159
1001000010 0.0175629 -3.14159
1001000011 0.00154877 0
1001000100 0.0249176 -3.14159
1001000101 0.00198936 0
1001000110 0.0277405 -3.14159
1001000111 0.0436707 -3.14159
1001001000 0.0338135 0
1001001001 0.0070343 -3.14159
1001001010 0.00367928 0
1001001011 0.0235901 0
1001001100 0.0280457 0
1001001101 0.0177917 -3.14159
1001001110 0.0141907 0
1001001111 0.0426636 -3.14159
1001010000 0.0453491 0
1001010001 0.0107498 0
1001010010 0.0628662 -3.14159
1001010011 0.0270081 -3.14159
1001010100 0.0167084 0
1001010101 0.00476074 0
1001010110 0.014328 0
1001010111 0.0427551 0
1001011000 0.0519714 -3.14159
1001011001 0.00101089 -3.14159
1001011010 0.0162048 0
1001011011 0.0143051 -3.14159
1001011100 0.0248413 -3.14159
1001011101 0.0376587 0
1001011110 0.0493774 0
1001011111 0.00524521 -3.14159
1001100000 0.00943756 -3.14159
1001100001 0.0174866 0
1001100010 0.0183258 0
1001100011 0.00422287 -3.14159
1001100100 0.0344543 -3.14159
1001100101 0.0279694 0
1001100110 0.0139847 0
1001100111 0.0784302 0
1001101000 0.0326843 0
1001101001 0.000458717 -3.14159
1001101010 0.00909424 0
1001101011 0.00774384 -3.14159
1001101100 0.000822544 0
1001101101 0.0566711 0
1001101110 0.0193939 0
1001101111 0.0786743 0
1001110000 0.038147 0
1001110001 0.0513306 -3.14159
1001110010 0.00714874 -3.14159
1001110011 0.00108337 -3.14159
1001110100 0.0224304 -3.14159
1001110101 0.0157928 0
1001110110 0.0621338 0
1001110111 0.0280609 -3.14159
1001111000 0.00377846 0
1001111001 0.0159454 -3.14159
1001111010 0.00495148 0
1001111011 0.0402832 -3.14159
1001111100 0.000396013 -3.14159
1001111101 0.00902557 -3.14159
1001111110 0.049469 -3.14159
1001111111 0.0106583 -3.14159
1010000000 0.00895691 -3.14159
1010000001 0.0344543 -3.14159
1010000010 0.0257416 -3.14159
1010000011 0.0432434 -3.14159
1010000100 0.00350571 -3.14159
1010000101 0.0346375 0
1010000110 0.0316772 0
1010000111 0.0431519 -3.14159
1010001000 0.0241699 -3.14159
1010001001 0.083252 0
1010001010 0.0385132 -3.14159
1010001011 0.02034 0
1010001100 0.0139542 0
1010001101 0.0152359 0
1010001110 0.0290985 -3.14159
1010001111 0.00701523 0
1010010000 0.0257416 0
1010010001 0.0178375 -3.14159
1010010010 0.00987244 -3.14159
1010010011 0.00247574 -3.14159
1010010100 0.00268745 -3.14159
1010010101 0.00646973 -3.14159
1010010110 0.0180359 -3.14159
1010010111 0.000107527 0
1010011000 0.0288696 0
1010011001 0.0572815 0
1010011010 0.000190377 0
1010011011 0.00449371 0
1010011100 0.0185547 -3.14159
1010011101 0.0398254 0
1010011110 0.0104675 0
1010011111 0.0121918 -3.14159
1010100000 0.0374451 -3.14159
1010100001 0.0206909 0
1010100010 0.00694275 -3.14159
1010100011 0.0269775 -3.14159
1010100100 0.0342102 -3.14159
1010100101 0.0437927 0
1010100110 0.0114746 0
1010100111 0.0333252 0
1010101000 0.016571 -3.14159
1010101001 0.0117493 -3.14159
1010101010 0.00500488 0
1010101011 0.118774 0
1010101100 0.0312805 0
1010101101 0.0169373 0
1010101110 0.0243988 -3.14159
1010101111 0.0333252 -3.14159
1010110000 0.0479126 0
1010110001 0.0512085 -3.14159
1010110010 0.0349731 -3.14159
1010110011 0.0273285 0
1010110100 0.0167542 -3.14159
1010110101 0.0166321 0
1010110110 0.00167656 0
1010110111 0.0234833 -3.14159
1010111000 0.00624466 0
1010111001 0.0394897 0
1010111010 0.0326843 -3.14159
1010111011 0.00772095 0
1010111100 0.017807 -3.14159
1010111101 0.0348816 0
1010111110 0.0420227 -3.14159
1010111111 0.0187378 -3.14159
1011000000 0.0102158 0
1011000001 0.0246429 -3.14159
1011000010 0.0123215 0
1011000011 0.00888062 -3.14159
1011000100 0.0337524 0
1011000101 0.0545044 0
1011000110 0.0529175 -3.14159
1011000111 0.0078125 0
1011001000 0.0523071 -3.14159
1011001001 0.0302734 0
1011001010 0.0117722 0
1011001011 0.0106659 -3.14159
1011001100 0.013298 0
1011001101 0.0513916 0
1011001110 0.0209351 -3.14159
1011001111 0.0387268 -3.14159
1011010000 0.0204773 0
1011010001 0.0593262 -3.14159
1011010010 0.00190926 0
1011010011 0.0162964 -3.14159
1011010100 0.0217285 -3.14159
1011010101 0.0670776 -3.14159
1011010110 0.023056 -3.14159
1011010111 0.0516968 -3.14159
1011011000 0.00621033 -3.14159
1011011001 0.0140305 0
1011011010 0.00132751 -3.14159
1011011011 0.0200195 -3.14159
1011011100 0.0129318 -3.14159
1011011101 0.0218048 0
1011011110 0.0508423 -3.14159
1011011111 0.019104 -3.14159
1011100000 0.0142822 0
1011100001 0.0215912 -3.14159
1011100010 0.00921631 -3.14159
1011100011 0.0820923 0
1011100100 0.0769653 0
1011100101 0.0161896 0
1011100110 0.0074501 0
1011100111 0.00547791 0
1011101000 0.0393677 0
1011101001 0.0271301 -3.14159
1011101010 0.0142975 0
1011101011 0.013031 -3.14159
1011101100 0.0306854 0
1011101101 0.0339966 -3.14159
1011101110 0.0207825 0
1011101111 0.106567 0
1011110000 0.0244751 0
1011110001 0.0188904 -3.14159
1011110010 0.00669861 0
1011110011 0.00307846 0
1011110100 0.019165 -3.14159
1011110101 0.0415039 0
1011110110 0.0718994 -3.14159
1011110111 0.0213928 -3.14159
1011111000 0.0141068 0
1011111001 0.0374146 -3.14159
1011111010 0.0022049 -3.14159
1011111011 0.0157928 -3.14159
1011111100 0.0760498 0
1011111101 0.0328979 0
1011111110 0.0513306 0
1011111111 0.0119476 0
1100000000 0.020752 -3.14159
1100000001 0.0384216 0
1100000010 0.0121536 -3.14159
1100000011 0.0175781 0
1100000100 0.0319519 -3.14159
1100000101 0.0105362 0
1100000110 0.00797272 0
1100000111 0.0340271 0
1100001000 0.0168457 -3.14159
1100001001 0.0138397 -3.14159
1100001010 0.003582 0
1100001011 0.0100479 -3.14159
1100001100 0.00141525 0
1100001101 0.0127487 -3.14159
1100001110 0.028656 0
1100001111 0.0264587 0
1100010000 0.085144 0
1100010001 0.00822449 0
1100010010 0.00323486 0
1100010011 0.0751953 -3.14159
1100010100 0.00865936 -3.14159
1100010101 0.0334473 -3.14159
1100010110 0.0170441 -3.14159
1100010111 0.0627441 0
1100011000 0.0474243 -3.14159
1100011001 0.0183411 -3.14159
1100011010 0.00466919 0
1100011011 0.00773621 -3.14159
1100011100 7.81417e-05 0
1100011101 0.0110016 0
1100011110 0.0153122 -3.14159
1100011111 0.0312805 -3.14159
1100100000 0.00577927 0
1100100001 0.029129 -3.14159
1100100010 0.0281219 0
1100100011 0.0230865 0
1100100100 0.0122147 0
1100100101 0.0567322 -3.14159
1100100110 0.00828552 0
1100100111 0.00611115 -3.14159
1100101000 0.0184174 -3.14159
1100101001 0.0319824 0
1100101010 0.0325928 0
1100101011 0.0346985 0
1100101100 0.0191956 -3.14159
1100101101 0.0238953 -3.14159
1100101110 0.072937 0
1100101111 0.00191879 -3.14159
1100110000 0.00361252 0
1100110001 0.00196648 -3.14159
1100110010 0.0466919 0
1100110011 0.0253448 -3.14159
1100110100 0.00782013 0
1100110101 0.0054512 0
1100110110 0.0567017 0
1100110111 0.0118484 -3.14159
1100111000 0.00746918 -3.14159
1100111001 0.0327454 0
1100111010 0.00675964 -3.14159
1100111011 0.0446167 -3.14159
1100111100 0.0278778 -3.14159
1100111101 0.0293121 -3.14159
1100111110 0.0354919 -3.14159
1100111111 0.0157166 -3.14159
1101000000 0.0797119 0
1101000001 0.0147095 -3.14159
1101000010 0.0182953 -3.14159
1101000011 0.026413 -3.14159
1101000100 0.0470886 0
1101000101 0.0550537 0
1101000110 0.0325317 0
1101000111 0.00978088 -3.14159
1101001000 0.0718994 0
1101001001 0.002882 0
1101001010 0.00696564 -3.14159
1101001011 0.0103455 0
1101001100 0.00060463 -3.14159
1101001101 0.0137329 0
1101001110 0.00579834 -3.14159
1101001111 0.0212402 0
1101010000 0.0140915 0
1101010001 0.00385475 -3.14159
1101010010 0.00128365 0
1101010011 0.0486755 0
1101010100 0.00276184 -3.14159
1101010101 0.0188904 0
1101010110 0.019104 0
1101010111 0.0241852 0
1101011000 0.0308685 -3.14159
1101011001 0.0168457 0
1101011010 0.0327148 0
1101011011 0.0050354 -3.14159
1101011100 0.0033226 0
1101011101 0.0493774 0
1101011110 0.0252075 -3.14159
1101011111 0.031311 -3.14159
1101100000 0.00562286 -3.14159
1101100001 0.00979614 -3.14159
1101100010 0.00377083 -3.14159
1101100011 0.0304413 0
1101100100 0.0326538 -3.14159
1101100101 0.0523071 -3.14159
1101100110 0.00884247 0
1101100111 0.0256653 0
1101101000 0.0136337 0
1101101001 0.0176544 0
1101101010 0.00991821 0
1101101011 0.000658035 0
1101101100 0.0296936 -3.14159
1101101101 0.00141144 0
1101101110 0.0204163 0
1101101111 0.0307465 -3.14159
1101110000 0.01474 -3.14159
1101110001 0.0337524 0
1101110010 0.0131836 -3.14159
1101110011 0.0557251 -3.14159
1101110100 0.0129013 -3.14159
1101110101 0.0289764 0
1101110110 0.0351562 -3.14159
1101110111 0.0382385 -3.14159
1101111000 0.0742188 -3.14159
1101111001 0.0104065 0
1101111010 0.0170288 0
1101111011 0.0254364 -3.14159
1101111100 0.0220642 0
1101111101 0.0206757 -3.14159
1101111110 0.00524902 0
1101111111 0.0219879 -3.14159
1110000000 0.00588608 -3.14159
1110000001 0.0207062 0
1110000010 0.0632935 0
1110000011 0.0269165 -3.14159
1110000100 0.00751877 -3.14159
1110000101 0.0116043 0
1110000110 0.0263519 -3.14159
1110000111 0.0474548 0
1110001000 0.00990295 0
1110001001 0.00185204 0
1110001010 0.0159912 0
1110001011 0.0182495 0
1110001100 0.0116577 -3.14159
1110001101 0.043335 0
1110001110 0.0211182 0
1110001111 0.0286102 0
1110010000 0.000631332 -3.14159
1110010001 0.0134735 0
1110010010 0.0147705 -3.14159
1110010011 0.0220642 0
1110010100 0.0325012 -3.14159
1110010101 0.0441284 -3.14159
1110010110 0.0380859 0
1110010111 0.0119095 -3.14159
1110011000 0.00247574 -3.14159
1110011001 0.000225544 0
1110011010 0.00421524 0
1110011011 0.0289917 -3.14159
1110011100 0.0183105 0
1110011101 0.00935364 -3.14159
1110011110 0.0195007 -3.14159
1110011111 0.0799561 0
1110100000 0.0346375 0
1110100001 0.0175629 -3.14159
1110100010 0.0436707 -3.14159
1110100011 0.0057106 -3.14159
1110100100 0.0128479 -3.14159
1110100101 0.0201263 0
1110100110 0.0379639 -3.14159
1110100111 0.0206757 0
1110101000 0.0213623 -3.14159
1110101001 0.0291443 0
1110101010 0.0342712 0
1110101011 0.0109634 -3.14159
1110101100 0.0103302 0
1110101101 0.0129929 -3.14159
1110101110 9.33409e-05 0
1110101111 0.00521469 -3.14159
1110110000 0.0155106 0
1110110001 0.00964355 -3.14159
1110110010 0.0442505 -3.14159
1110110011 0.0631104 -3.14159
1110110100 0.00381851 0
1110110101 0.0665283 -3.14159
1110110110 0.0135117 0
1110110111 0.0233307 -3.14159
1110111000 0.0317078 -3.14159
1110111001 0.10907 -3.14159
1110111010 0.06073 -3.14159
1110111011 0.0209961 0
1110111100 0.0415039 -3.14159
1110111101 0.0202942 0
1110111110 0.0153503 -3.14159
1110111111 0.0453186 -3.14159
1111000000 0.0447693 0
1111000001 0.0347595 -3.14159
1111000010 0.0596924 0
1111000011 0.0133438 -3.14159
1111000100 0.0333557 -3.14159
1111000101 0.0315247 -3.14159
1111000110 0.0423584 0
1111000111 0.00419617 -3.14159
1111001000 0.0113983 0
1111001001 0.041626 -3.14159
1111001010 0.00857544 0
1111001011 0.0258026 0
1111001100 0.0170135 -3.14159
1111001101 0.0223846 -3.14159
1111001110 0.0139923 0
1111001111 0.0991821 0
1111010000 0.000837326 0
1111010001 0.00888062 -3.14159
1111010010 0.0180969 -3.14159
1111010011 0.0182495 0
1111010100 0.02005 0
1111010101 0.000675678 -3.14159
1111010110 0.00735474 0
1111010111 0.0366211 0
1111011000 0.0330505 0
1111011001 0.0165863 -3.14159
1111011010 0.0479431 -3.14159
1111011011 0.0311584 0
1111011100 0.0051651 -3.14159
1111011101 0.015625 -3.14159
1111011110 0.0247803 -3.14159
1111011111 0.0207367 -3.14159
1111100000 0.0343018 0
1111100001 0.000229478 -3.14159
1111100010 0.00223541 -3.14159
1111100011 0.059845 -3.14159
1111100100 0.0066185 0
1111100101 0.0332642 -3.14159
1111100110 0.053772 0
1111100111 0.00510406 0
1111101000 0.00688934 -3.14159
1111101001 0.00655365 -3.14159
1111101010 0.0380249 -3.14159
1111101011 0.0279236 -3.14159
1111101100 0.0717163 0
1111101101 0.0296173 -3.14159
1111101110 0.0566711 0
1111101111 0.056488 0
1111110000 0.0450439 -3.14159
1111110001 0.0648193 0
1111110010 0.00333023 -3.14159
1111110011 0.0461426 -3.14159
1111110100 0.0401306 -3.14159
1111110101 0.0463257 0
1111110110 0.0639038 -3.14159
1111110111 0.0319824 0
1111111000 0.0437927 -3.14159
1111111001 0.0244904 -3.14159
1111111010 0.017395 -3.14159
1111111011 0.018219 -3.14159
1111111100 0.0240326 0
1111111101 0.0164948 0
1111111110 0.0157471 0
1111111111 0.00494003 0
