0000000000 0.0328064 0
0000000001 0.0564575 0
0000000010 0.00206566 0
0000000011 0.00620651 -3.14159
0000000100 0.00699997 -3.14159
0000000101 0.00368309 0
0000000110 0.00894165 -3.14159
0000000111 0.0557251 -3.14159
0000001000 0.0301056 0
0000001001 0.0102615 0
0000001010 0.0275116 -3.14159
0000001011 0.00297165 0
0000001100 0.0407715 -3.14159
0000001101 0.0102844 0
0000001110 0.00506973 -3.14159
0000001111 0.0724487 0
0000010000 0.0355835 0
0000010001 0.0359802 -3.14159
0000010010 0.039978 -3.14159
0000010011 0.038208 -3.14159
0000010100 0.0398865 -3.14159
0000010101 0.0138397 0
0000010110 0.0209961 -3.14159
0000010111 0.032196 0
0000011000 0.0422668 0
0000011001 0.00917053 -3.14159
0000011010 0.015625 -3.14159
0000011011 0.0452576 -3.14159
0000011100 0.0212708 -3.14159
0000011101 0.0219116 -3.14159
0000011110 0.00469208 0
0000011111 0.019516 -3.14159
0000100000 0.0713501 -3.14159
0000100001 0.0119324 -3.14159
0000100010 0.0568848 -3.14159
0000100011 0.0019083 -3.14159
0000100100 0.0137558 0
0000100101 0.0287933 0
0000100110 0.0170746 0
0000100111 0.00355339 0
0000101000 0.0296021 -3.14159
0000101001 0.0396423 -3.14159
0000101010 0.0291443 -3.14159
0000101011 0.00820923 -3.14159
0000101100 0.0497742 -3.14159
0000101101 0.0205688 0
0000101110 0.0275726 0
0000101111 0.0133209 -3.14159
0000110000 0.0247192 0
0000110001 0.0674438 -3.14159
0000110010 0.0411682 -3.14159
0000110011 0.0286865 0
0000110100 0.0164032 0
0000110101 0.0220337 -3.14159
0000110110 0.00362206 0
0000110111 0.0516968 0
0000111000 0.0418701 -3.14159
0000111001 0.00567245 -3.14159
0000111010 0.0130615 -3.14159
0000111011 0.0465088 -3.14159
0000111100 0.00419235 0
0000111101 0.0270538 0
0000111110 0.00505447 0
0000111111 0.00270844 0
0001000000 0.0423889 0
0001000001 0.0331421 0
0001000010 0.039978 -3.14159
0001000011 0.0166931 0
0001000100 0.00348282 -3.14159
0001000101 0.039856 -3.14159
0001000110 0.0347595 -3.14159
0001000111 0.00103951 -3.14159
0001001000 0.0457764 -3.14159
0001001001 0.00523376 0
0001001010 0.00470352 0
0001001011 0.0227509 -3.14159
0001001100 0.0332642 -3.14159
0001001101 0.0114288 0
0001001110 0.0323792 0
0001001111 0.00526047 0
0001010000 0.00901794 0
0001010001 0.0434875 -3.14159
0001010010 0.0487976 -3.14159
0001010011 0.0257263 0
0001010100 0.0282135 0
0001010101 0.00672913 -3.14159
0001010110 0.0329285 0
0001010111 0.0286102 0
0001011000 0.0146637 -3.14159
0001011001 0.0398254 0
0001011010 0.0300293 0
0001011011 0.0130463 0
0001011100 0.0414124 0
0001011101 0.0226135 -3.14159
0001011110 0.0365601 -3.14159
0001011111 0.033905 0
0001100000 0.00804901 0
0001100001 0.0355225 -3.14159
0001100010 0.0481567 -3.14159
0001100011 0.00442886 -3.14159
0001100100 0.0481567 -3.14159
0001100101 0.012001 0
0001100110 0.0284271 -3.14159
0001100111 0.022171 0
0001101000 0.0239258 0
0001101001 0.0980225 0
0001101010 0.0321655 -3.14159
0001101011 0.000171661 0
0001101100 0.00945282 -3.14159
0001101101 0.0375061 -3.14159
0001101110 0.00113201 -3.14159
0001101111 0.00507355 -3.14159
0001110000 0.067749 -3.14159
0001110001 0.0445862 -3.14159
0001110010 0.045166 -3.14159
0001110011 0.0357361 0
0001110100 0.0142212 -3.14159
0001110101 0.00111198 0
0001110110 0.0240021 0
0001110111 0.0366821 -3.14159
0001111000 0.0643921 -3.14159
0001111001 0.00160408 0
0001111010 0.022522 -3.14159
0001111011 0.0202637 -3.14159
0001111100 0.0386047 -3.14159
0001111101 0.0123596 -3.14159
0001111110 0.00102711 -3.14159
0001111111 0.0115585 -3.14159
0010000000 0.00474548 -3.14159
0010000001 0.0133438 -3.14159
0010000010 0.0559998 0
0010000011 0.0548706 -3.14159
0010000100 0.0258636 0
0010000101 0.025528 -3.14159
0010000110 0.026886 0
0010000111 0.0117722 -3.14159
0010001000 0.0108032 -3.14159
0010001001 0.01091 -3.14159
0010001010 0.0304718 -3.14159
0010001011 0.000703335 0
0010001100 0.0339966 0
0010001101 0.00879669 -3.14159
0010001110 0.0241089 0
0010001111 0.00809479 -3.14159
0010010000 0.028717 -3.14159
0010010001 0.0141296 0
0010010010 0.00959015 0
0010010011 0.0321045 -3.14159
0010010100 0.00901794 0
0010010101 0.0335083 0
0010010110 0.0155182 -3.14159
0010010111 0.0570984 0
0010011000 0.0234528 -3.14159
0010011001 0.00894928 -3.14159
0010011010 0.00831604 0
0010011011 0.0261993 -3.14159
0010011100 0.0272675 -3.14159
0010011101 0.0149078 0
0010011110 0.00603867 -3.14159
0010011111 0.00859833 0
0010100000 0.0348816 0
0010100001 0.0285339 -3.14159
0010100010 0.0104675 -3.14159
0010100011 0.00762558 0
0010100100 0.0039978 -3.14159
0010100101 0.00592804 -3.14159
0010100110 0.0289001 0
0010100111 0.025177 0
0010101000 0.00321198 0
0010101001 0.0412598 0
0010101010 0.0138474 0
0010101011 0.0108643 0
0010101100 0.0315552 0
0010101101 0.026062 0
0010101110 0.00278282 -3.14159
0010101111 0.0291748 0
0010110000 0.0114975 -3.14159
0010110001 0.0559387 -3.14159
0010110010 0.0279999 -3.14159
0010110011 0.0498047 0
0010110100 0.0519409 0
0010110101 0.0189209 -3.14159
0010110110 0.0168457 0
0010110111 0.0293579 -3.14159
0010111000 0.00350189 -3.14159
0010111001 0.0287628 -3.14159
0010111010 0.00530243 -3.14159
0010111011 0.0165253 0
0010111100 0.0391235 0
0010111101 0.0484009 -3.14159
0010111110 0.0116501 0
0010111111 0.0617676 -3.14159
0011000000 0.0216217 0
0011000001 0.0253143 0
0011000010 0.0194397 0
0011000011 0.0203552 0
0011000100 0.00830078 0
0011000101 0.0171509 -3.14159
0011000110 0.0287628 0
0011000111 0.0307159 -3.14159
0011001000 0.0303192 0
0011001001 0.00483322 -3.14159
0011001010 0.0075798 -3.14159
0011001011 0.0346069 -3.14159
0011001100 0.0140915 0
0011001101 0.0125732 -3.14159
0011001110 2.40803e-05 0
0011001111 0.010643 -3.14159
0011010000 0.0109253 0
0011010001 0.000968456 0
0011010010 0.00299835 0
0011010011 0.00968933 -3.14159
0011010100 0.0168457 -3.14159
0011010101 0.0158844 -3.14159
0011010110 0.042572 -3.14159
0011010111 0.0578003 0
0011011000 0.0139999 0
0011011001 0.0540161 0
0011011010 0.0130844 0
0011011011 0.0259552 0
0011011100 0.00320625 0
0011011101 0.0440063 -3.14159
0011011110 0.048584 -3.14159
0011011111 0.0144272 0
0011100000 0.0164337 0
0011100001 0.0219727 0
0011100010 0.0400391 -3.14159
0011100011 0.0317078 -3.14159
0011100100 0.0387878 0
0011100101 0.00779343 0
0011100110 0.0120544 -3.14159
0011100111 0.0278931 -3.14159
0011101000 0.0225372 -3.14159
0011101001 0.0254059 -3.14159
0011101010 0.0653076 -3.14159
0011101011 0.0127258 0
0011101100 0.0315552 0
0011101101 0.00711823 -3.14159
0011101110 0.0226593 -3.14159
0011101111 0.0407715 0
0011110000 0.000814438 -3.14159
0011110001 0.00327492 -3.14159
0011110010 0.0437012 0
0011110011 0.0625 -3.14159
0011110100 0.0128479 0
0011110101 0.00818634 0
0011110110 0.0401917 0
0011110111 0.0118713 0
0011111000 0.0668945 0
0011111001 0.0305328 0
0011111010 0.0155182 0
0011111011 0.0314026 -3.14159
0011111100 0.0104446 -3.14159
0011111101 0.0736084 -3.14159
0011111110 0.00155163 -3.14159
0011111111 0.0110397 0
0100000000 0.0460205 0
0100000001 0.0233307 0
0100000010 0.0308228 -3.14159
0100000011 0.026947 0
0100000100 0.0309601 -3.14159
0100000101 0.0120468 -3.14159
0100000110 0.0236511 0
0100000111 0.0652466 0
0100001000 5.41806e-05 -3.14159
0100001001 0.0482483 -3.14159
0100001010 0.0350647 -3.14159
0100001011 0.0491028 -3.14159
0100001100 0.0328674 -3.14159
0100001101 0.0231934 -3.14159
0100001110 0.0322876 0
0100001111 0.0266113 -3.14159
0100010000 0.0263062 0
0100010001 0.0560913 -3.14159
0100010010 0.0282135 -3.14159
0100010011 0.0225983 0
0100010100 0.0412598 0
0100010101 0.0241394 -3.14159
0100010110 0.0242157 0
0100010111 0.00537872 -3.14159
0100011000 0.0263062 0
0100011001 0.0204773 0
0100011010 0.0291138 -3.14159
0100011011 0.0686646 -3.14159
0100011100 0.0071907 -3.14159
0100011101 0.0317688 0
0100011110 0.0198059 -3.14159
0100011111 0.0379333 0
0100100000 0.0223694 -3.14159
0100100001 0.0252838 0
0100100010 0.0125656 0
0100100011 0.0453491 0
0100100100 0.00530243 -3.14159
0100100101 0.0207825 0
0100100110 0.0406799 -3.14159
0100100111 0.0123901 -3.14159
0100101000 0.022049 0
0100101001 0.0637207 -3.14159
0100101010 0.0476685 0
0100101011 0.0473633 -3.14159
0100101100 0.0217438 0
0100101101 0.0440369 -3.14159
0100101110 0.0287628 0
0100101111 0.0134506 0
0100110000 0.0319824 0
0100110001 0.0202484 -3.14159
0100110010 0.000913143 0
0100110011 0.0168152 -3.14159
0100110100 0.0195465 0
0100110101 0.0301361 0
0100110110 0.00776672 -3.14159
0100110111 0.000216246 0
0100111000 0.000178099 0
0100111001 0.0344543 -3.14159
0100111010 0.0665283 -3.14159
0100111011 0.0585938 -3.14159
0100111100 0.0471497 -3.14159
0100111101 0.0142136 -3.14159
0100111110 0.0606384 0
0100111111 0.00177002 -3.14159
0101000000 0.00183105 0
0101000001 0.0246582 0
0101000010 0.0172272 -3.14159
0101000011 0.00660324 0
0101000100 0.0249939 0
0101000101 0.0450134 0
0101000110 0.0101318 -3.14159
0101000111 0.0325317 -3.14159
0101001000 0.00788879 0
0101001001 0.0143738 -3.14159
0101001010 0.00421143 0
0101001011 0.0488586 0
0101001100 0.000697136 -3.14159
0101001101 0.00689697 0
0101001110 0.0117722 -3.14159
0101001111 0.00654602 0
0101010000 0.0216827 0
0101010001 0.0391235 -3.14159
0101010010 0.0315552 0
0101010011 0.0516052 -3.14159
0101010100 0.00171757 0
0101010101 0.0120163 0
0101010110 0.0114822 0
0101010111 5.25117e-05 0
0101011000 0.0375366 0
0101011001 0.0164642 0
0101011010 0.0236053 -3.14159
0101011011 0.0282898 -3.14159
0101011100 0.0354004 -3.14159
0101011101 0.0933838 0
0101011110 0.0155869 0
0101011111 0.0160675 0
0101100000 0.0195312 0
0101100001 0.0584412 -3.14159
0101100010 0.00402069 0
0101100011 0.04953 -3.14159
0101100100 0.00777435 0
0101100101 0.0162201 -3.14159
0101100110 0.0543518 -3.14159
0101100111 0.0020771 -3.14159
0101101000 0.0513306 -3.14159
0101101001 0.00749207 -3.14159
0101101010 0.0137863 0
0101101011 0.0390625 0
0101101100 0.00309563 0
0101101101 0.0132904 -3.14159
0101101110 0.0125809 -3.14159
0101101111 0.0113983 0
0101110000 0.0147552 -3.14159
0101110001 0.00455856 -3.14159
0101110010 0.00773239 -3.14159
0101110011 0.0051651 -3.14159
0101110100 0.0327759 0
0101110101 0.0210419 0
0101110110 0.0418396 0
0101110111 0.00628281 -3.14159
0101111000 0.0246429 0
0101111001 0.0449524 0
0101111010 0.0118561 0
0101111011 0.0177765 -3.14159
0101111100 0.0246735 -3.14159
0101111101 0.00130653 0
0101111110 0.00534439 -3.14159
0101111111 0.0709229 0
0110000000 0.00191307 0
0110000001 0.0380249 0
0110000010 0.0469055 -3.14159
0110000011 0.032074 0
0110000100 0.0938721 -3.14159
0110000101 0.0153732 0
0110000110 0.0268555 0
0110000111 0.027832 0
0110001000 0.00691223 -3.14159
0110001001 0.0453186 -3.14159
0110001010 0.00657272 0
0110001011 0.0173187 0
0110001100 0.0440369 0
0110001101 0.012619 -3.14159
0110001110 0.0441589 0
0110001111 0.00429153 0
0110010000 0.0179596 0
0110010001 0.0203705 -3.14159
0110010010 0.0235596 -3.14159
0110010011 0.0109634 0
0110010100 0.0997314 -3.14159
0110010101 0.0682983 -3.14159
0110010110 0.0112915 -3.14159
0110010111 0.000476599 0
0110011000 0.0034256 0
0110011001 0.0315857 -3.14159
0110011010 0.0197449 0
0110011011 0.0415649 0
0110011100 0.00623703 -3.14159
0110011101 0.0303497 0
0110011110 0.0313416 0
0110011111 0.0202637 -3.14159
0110100000 0.0262299 0
0110100001 0.0149841 0
0110100010 0.0472412 0
0110100011 0.00396347 -3.14159
0110100100 0.0206604 0
0110100101 0.0244904 0
0110100110 0.00125313 -3.14159
0110100111 0.00947571 0
0110101000 0.0196686 -3.14159
0110101001 0.00895691 -3.14159
0110101010 0.00623322 -3.14159
0110101011 0.00731277 0
0110101100 0.0326843 -3.14159
0110101101 0.0225525 0
0110101110 0.0166321 0
0110101111 0.0134277 -3.14159
0110110000 0.0207825 0
0110110001 0.0567932 -3.14159
0110110010 0.0377502 0
0110110011 0.00618362 -3.14159
0110110100 0.013504 0
0110110101 0.0291901 0
0110110110 0.0274811 0
0110110111 0.0195618 0
0110111000 0.0395813 -3.14159
0110111001 0.0273743 -3.14159
0110111010 0.00346947 -3.14159
0110111011 0.0621948 0
0110111100 0.0185852 -3.14159
0110111101 9.98974e-05 0
0110111110 0.0285339 -3.14159
0110111111 0.0263519 -3.14159
0111000000 0.0241394 -3.14159
0111000001 0.0485229 -3.14159
0111000010 0.0105667 -3.14159
0111000011 0.0255432 -3.14159
0111000100 0.00057745 0
0111000101 0.0108185 0
0111000110 0.0184479 -3.14159
0111000111 0.0202637 -3.14159
0111001000 0.0330505 0
0111001001 0.0209198 0
0111001010 0.023941 -3.14159
0111001011 0.00179482 0
0111001100 0.0056572 -3.14159
0111001101 0.0279388 -3.14159
0111001110 0.000130773 0
0111001111 0.0567322 0
0111010000 0.057312 0
0111010001 0.024704 0
0111010010 0.0121307 0
0111010011 0.0374146 0
0111010100 0.0272675 0
0111010101 0.0153046 -3.14159
0111010110 0.0203552 -3.14159
0111010111 0.00259781 -3.14159
0111011000 0.0336304 0
0111011001 0.00677872 -3.14159
0111011010 0.0129547 -3.14159
0111011011 0.0392151 0
0111011100 0.0132065 0
0111011101 0.0376892 0
0111011110 0.0557861 0
0111011111 0.0295715 -3.14159
0111100000 0.0297852 -3.14159
0111100001 0.0250854 -3.14159
0111100010 0.0276947 0
0111100011 0.02388 0
0111100100 0.00494003 0
0111100101 0.0358582 -3.14159
0111100110 0.0106049 -3.14159
0111100111 0.0255585 -3.14159
0111101000 0.0293884 -3.14159
0111101001 0.00332451 0
0111101010 0.0253296 -3.14159
0111101011 0.0287933 -3.14159
0111101100 0.0028019 -3.14159
0111101101 0.0116272 -3.14159
0111101110 0.0372314 0
0111101111 0.0059433 -3.14159
0111110000 0.00952148 0
0111110001 0.014679 -3.14159
0111110010 0.0635986 0
0111110011 0.0622864 -3.14159
0111110100 0.0232544 0
0111110101 0.00145149 -3.14159
0111110110 0.0422058 -3.14159
0111110111 0.0193787 0
0111111000 0.0631714 -3.14159
0111111001 0.0190582 0
0111111010 0.0115662 -3.14159
0111111011 0.00332069 -3.14159
0111111100 0.0385742 0
0111111101 0.00796509 0
0111111110 0.0156021 -3.14159
0111111111 0.0319824 0
1000000000 0.00913239 0
1000000001 0.0167389 -3.14159
1000000010 0.0418396 -3.14159
1000000011 0.0214996 0
1000000100 0.0460815 0
1000000101 0.0668945 0
1000000110 0.0545654 0
1000000111 0.0239258 0
1000001000 0.0044899 0
1000001001 0.0171509 0
1000001010 0.00627518 -3.14159
1000001011 0.0565186 -3.14159
1000001100 0.00977325 0
1000001101 0.0482483 -3.14159
1000001110 0.047699 -3.14159
1000001111 0.0206757 -3.14159
1000010000 0.00183487 0
1000010001 0.0585022 -3.14159
1000010010 0.00721741 -3.14159
1000010011 0.00269508 -3.14159
1000010100 0.00665665 -3.14159
1000010101 0.02034 0
1000010110 0.0217743 -3.14159
1000010111 0.00292587 0
1000011000 0.0440979 0
1000011001 0.0394287 0
1000011010 0.00399017 0
1000011011 0.0597229 0
1000011100 0.0304718 -3.14159
1000011101 0.00434494 -3.14159
1000011110 0.0146255 -3.14159
1000011111 0.0195618 -3.14159
1000100000 0.00654984 -3.14159
1000100001 0.0570068 -3.14159
1000100010 0.030365 0
1000100011 0.0077858 -3.14159
1000100100 0.000662804 -3.14159
1000100101 0.0671997 -3.14159
1000100110 0.051178 -3.14159
1000100111 0.0478821 0
1000101000 0.0259552 0
1000101001 0.00130749 -3.14159
1000101010 0.0227051 -3.14159
1000101011 0.012619 0
1000101100 0.0236816 -3.14159
1000101101 0.0198517 0
1000101110 0.0135574 0
1000101111 0.018158 0
1000110000 0.0116501 0
1000110001 0.00304604 0
1000110010 0.000881672 0
1000110011 0.0385437 -3.14159
1000110100 0.0575867 -3.14159
1000110101 0.0430298 0
1000110110 0.0564575 -3.14159
1000110111 0.0121689 -3.14159
1000111000 0.00457382 0
1000111001 0.0174103 -3.14159
1000111010 0.0748291 0
1000111011 0.0201874 0
1000111100 0.03125 0
1000111101 0.0272675 0
1000111110 0.0148087 -3.14159
1000111111 0.0218964 -3.14159
1001000000 0.0111542 0
1001000001 0.0136642 -3.14159
1001000010 0.0195618 0
1001000011 0.0213013 0
1001000100 0.0215302 -3.14159
1001000101 0.0300751 0
1001000110 0.0248871 -3.14159
1001000111 0.0708008 -3.14159
1001001000 0.0313416 -3.14159
1001001001 0.00769806 0
1001001010 0.0139999 -3.14159
1001001011 0.00661469 0
1001001100 0.0374146 0
1001001101 0.04953 -3.14159
1001001110 0.0313416 -3.14159
1001001111 0.0540771 0
1001010000 0.00155449 -3.14159
1001010001 0.00492096 0
1001010010 0.0416565 0
1001010011 0.0211487 -3.14159
1001010100 0.0496216 -3.14159
1001010101 0.0369873 -3.14159
1001010110 0.00461578 0
1001010111 0.0370789 -3.14159
1001011000 0.0312195 0
1001011001 0.0250549 0
1001011010 0.00103188 -3.14159
1001011011 0.0133743 0
1001011100 0.0147552 -3.14159
1001011101 0.0284271 -3.14159
1001011110 0.0254364 -3.14159
1001011111 0.00131702 -3.14159
1001100000 0.0254517 0
1001100001 0.0132141 -3.14159
1001100010 0.0218506 -3.14159
1001100011 0.0160675 0
1001100100 0.0138397 -3.14159
1001100101 0.0121384 -3.14159
1001100110 0.0478821 0
1001100111 0.0688477 0
1001101000 0.0258331 -3.14159
1001101001 0.0309906 -3.14159
1001101010 0.0612793 0
1001101011 0.0449829 0
1001101100 0.024704 0
1001101101 0.00135803 0
1001101110 0.0365906 -3.14159
1001101111 0.0315857 -3.14159
1001110000 0.0447388 0
1001110001 0.0379333 -3.14159
1001110010 0.00847626 -3.14159
1001110011 0.0292206 0
1001110100 0.0218353 -3.14159
1001110101 0.0488892 -3.14159
1001110110 0.00876617 -3.14159
1001110111 0.0234222 -3.14159
1001111000 0.0371094 0
1001111001 0.0480957 0
1001111010 0.0198517 0
1001111011 0.0437317 0
1001111100 0.0218811 0
1001111101 0.0167084 -3.14159
1001111110 0.0405579 -3.14159
1001111111 0.017868 0
1010000000 0.0123062 0
1010000001 0.00180626 -3.14159
1010000010 0.0286102 -3.14159
1010000011 0.00618362 0
1010000100 0.0292816 -3.14159
1010000101 0.0338745 -3.14159
1010000110 0.0129395 -3.14159
1010000111 0.00948334 -3.14159
1010001000 0.000118315 -3.14159
1010001001 0.00868225 0
1010001010 0.025238 0
1010001011 0.0487976 0
1010001100 0.012764 -3.14159
1010001101 0.00234222 -3.14159
1010001110 0.0124893 0
1010001111 0.0839844 0
1010010000 0.0422058 0
1010010001 0.00465012 -3.14159
1010010010 0.0392761 -3.14159
1010010011 0.0189362 0
1010010100 0.0160217 0
1010010101 0.0265503 -3.14159
1010010110 0.0107803 -3.14159
1010010111 0.0157776 -3.14159
1010011000 0.0589905 0
1010011001 0.0214691 -3.14159
1010011010 0.0100174 -3.14159
1010011011 0.0471191 -3.14159
1010011100 0.0454102 0
1010011101 0.00312805 -3.14159
1010011110 0.00213814 -3.14159
1010011111 0.00253105 -3.14159
1010100000 0.00547028 0
1010100001 0.0289764 -3.14159
1010100010 0.03479 -3.14159
1010100011 0.0283966 -3.14159
1010100100 0.00649261 -3.14159
1010100101 0.0197601 -3.14159
1010100110 0.000478268 0
1010100111 0.0337219 -3.14159
1010101000 0.0257721 0
1010101001 0.0559387 0
1010101010 0.0307159 -3.14159
1010101011 0.00567245 -3.14159
1010101100 0.033844 0
1010101101 0.00182438 -3.14159
1010101110 0.00650787 -3.14159
1010101111 0.00917053 0
1010110000 0.0431519 0
1010110001 0.0372009 -3.14159
1010110010 0.0164948 0
1010110011 0.036438 -3.14159
1010110100 0.0221863 -3.14159
1010110101 0.0353699 0
1010110110 0.00468826 -3.14159
1010110111 0.00366592 0
1010111000 0.0129395 0
1010111001 0.0117188 0
1010111010 0.0400696 -3.14159
1010111011 0.00502014 -3.14159
1010111100 0.0127106 0
1010111101 0.0283356 0
1010111110 0.0105515 -3.14159
1010111111 0.0112762 0
1011000000 0.022049 -3.14159
1011000001 0.0315247 0
1011000010 0.0591431 0
1011000011 0.0491333 -3.14159
1011000100 0.0173645 -3.14159
1011000101 0.0261993 0
1011000110 0.0336609 0
1011000111 0.0179138 0
1011001000 0.0124817 0
1011001001 0.0361023 -3.14159
1011001010 0.045166 -3.14159
1011001011 0.0525513 -3.14159
1011001100 0.0188599 -3.14159
1011001101 0.00735092 -3.14159
1011001110 0.00924683 0
1011001111 0.0363159 -3.14159
1011010000 0.0131531 0
1011010001 0.0017662 -3.14159
1011010010 0.0133209 0
1011010011 0.013916 0
1011010100 0.0281067 -3.14159
1011010101 0.0289001 -3.14159
1011010110 0.0446167 0
1011010111 0.000389576 0
1011011000 0.0123978 0
1011011001 0.0104828 0
1011011010 0.00477219 0
1011011011 0.0313416 -3.14159
1011011100 0.0251312 0
1011011101 0.0512085 0
1011011110 0.0139542 0
1011011111 0.0171356 -3.14159
1011100000 0.017807 0
1011100001 0.00225449 -3.14159
1011100010 0.00873566 0
1011100011 0.0232391 0
1011100100 0.0172272 0
1011100101 0.0250092 0
1011100110 0.0039444 0
1011100111 0.0365295 -3.14159
1011101000 0.0666504 -3.14159
1011101001 0.0152817 -3.14159
1011101010 0.0690918 -3.14159
1011101011 0.0274811 0
1011101100 0.0162048 0
1011101101 0.0059967 -3.14159
1011101110 0.00415039 0
1011101111 0.0653076 0
1011110000 0.0411682 -3.14159
1011110001 0.0146255 -3.14159
1011110010 0.000484467 0
1011110011 0.0234833 0
1011110100 0.00520325 -3.14159
1011110101 0.024292 -3.14159
1011110110 0.0204468 -3.14159
1011110111 0.00463486 0
1011111000 0.0116959 0
1011111001 0.00101948 -3.14159
1011111010 0.0231171 -3.14159
1011111011 0.0768433 0
1011111100 0.0118103 -3.14159
1011111101 0.00117207 -3.14159
1011111110 0.00244141 0
1011111111 0.0134506 0
1100000000 0.0296783 0
1100000001 0.0104904 0
1100000010 0.0158081 -3.14159
1100000011 0.0339355 -3.14159
1100000100 0.0452881 -3.14159
1100000101 0.0541077 0
1100000110 0.0151291 0
1100000111 0.00512695 0
1100001000 0.0457764 -3.14159
1100001001 0.0516968 -3.14159
1100001010 0.00161934 -3.14159
1100001011 0.0080719 0
1100001100 0.014061 0
1100001101 0.0218658 -3.14159
1100001110 0.0610657 -3.14159
1100001111 0.0329285 0
1100010000 0.0244904 -3.14159
1100010001 0.00215912 -3.14159
1100010010 0.0357361 0
1100010011 0.0450439 -3.14159
1100010100 0.00655365 -3.14159
1100010101 0.0204163 0
1100010110 0.0357971 0
1100010111 0.0770874 0
1100011000 0.0703735 -3.14159
1100011001 0.0144272 0
1100011010 0.0346375 -3.14159
1100011011 0.0127563 0
1100011100 0.0193634 0
1100011101 0.0448608 0
1100011110 0.0284729 0
1100011111 0.0189819 -3.14159
1100100000 0.0249481 0
1100100001 0.0548706 0
1100100010 0.00112438 0
1100100011 0.0483704 0
1100100100 0.00223923 0
1100100101 0.0334473 -3.14159
1100100110 0.00613403 0
1100100111 0.0180817 -3.14159
1100101000 0.0302429 0
1100101001 0.0543518 0
1100101010 0.016861 -3.14159
1100101011 0.00432587 0
1100101100 0.014801 0
1100101101 0.0181274 -3.14159
1100101110 0.0498047 0
1100101111 0.0635986 0
1100110000 0.00817108 -3.14159
1100110001 0.0426331 -3.14159
1100110010 0.0465698 -3.14159
1100110011 0.0224762 0
1100110100 0.0313721 0
1100110101 0.0110626 0
1100110110 0.0374451 0
1100110111 0.0257416 -3.14159
1100111000 0.00370979 -3.14159
1100111001 0.0492249 -3.14159
1100111010 0.00990295 0
1100111011 0.0199585 -3.14159
1100111100 0.0282593 -3.14159
1100111101 0.0123596 0
1100111110 0.0153961 -3.14159
1100111111 0.0303192 -3.14159
1101000000 0.081543 -3.14159
1101000001 0.0362549 0
1101000010 0.00351334 0
1101000011 0.00708008 -3.14159
1101000100 0.046051 0
1101000101 0.0175934 0
1101000110 0.0257416 -3.14159
1101000111 0.0386353 0
1101001000 0.00926971 0
1101001001 0.0343018 0
1101001010 0.0262299 0
1101001011 0.0156708 0
1101001100 0.0133438 -3.14159
1101001101 0.000720024 0
1101001110 0.0474548 0
1101001111 0.0316772 0
1101010000 0.0240784 0
1101010001 0.00869751 0
1101010010 0.0457153 -3.14159
1101010011 0.0486755 -3.14159
1101010100 0.0583496 0
1101010101 0.016098 -3.14159
1101010110 0.0406799 -3.14159
1101010111 0.0358276 0
1101011000 0.0233307 -3.14159
1101011001 0.0333557 0
1101011010 0.000879765 -3.14159
1101011011 0.00135231 -3.14159
1101011100 0.000213504 -3.14159
1101011101 0.038147 -3.14159
1101011110 0.000629425 -3.14159
1101011111 0.0380554 -3.14159
1101100000 0.0663452 0
1101100001 0.0330505 0
1101100010 0.00531387 -3.14159
1101100011 0.000275373 0
1101100100 0.0121994 -3.14159
1101100101 0.0285034 -3.14159
1101100110 0.0219727 -3.14159
1101100111 0.0255585 -3.14159
1101101000 0.0087204 0
1101101001 0.00959778 0
1101101010 0.00946808 0
1101101011 0.0137558 0
1101101100 0.00847626 -3.14159
1101101101 0.00115967 0
1101101110 0.0073204 -3.14159
1101101111 0.0316772 -3.14159
1101110000 0.00479507 0
1101110001 0.0386047 0
1101110010 0.00769806 -3.14159
1101110011 0.0279083 -3.14159
1101110100 0.00901031 -3.14159
1101110101 0.0274353 -3.14159
1101110110 0.0208893 -3.14159
1101110111 0.0168152 0
1101111000 0.0248718 0
1101111001 0.0145187 -3.14159
1101111010 0.0082016 0
1101111011 0.0167084 0
1101111100 0.00966644 0
1101111101 0.0263062 -3.14159
1101111110 0.026123 -3.14159
1101111111 0.04953 0
1110000000 0.0650635 -3.14159
1110000001 0.0351562 -3.14159
1110000010 0.053833 0
1110000011 0.0570984 0
1110000100 0.0109024 -3.14159
1110000101 0.0403137 0
1110000110 0.0263214 -3.14159
1110000111 0.00748062 0
1110001000 0.00352859 -3.14159
1110001001 0.0388794 0
1110001010 0.0600891 0
1110001011 0.0551758 -3.14159
1110001100 0.00275612 0
1110001101 0.00254631 -3.14159
1110001110 0.00667953 0
1110001111 0.0270691 -3.14159
1110010000 0.0422058 0
1110010001 0.0724487 -3.14159
1110010010 0.0334778 -3.14159
1110010011 0.0047226 -3.14159
1110010100 0.0847168 -3.14159
1110010101 0.0353088 -3.14159
1110010110 0.0137558 0
1110010111 0.0273285 -3.14159
1110011000 0.022171 0
1110011001 0.0039978 -3.14159
1110011010 0.0557251 -3.14159
1110011011 0.0291443 -3.14159
1110011100 0.01651 0
1110011101 0.0227509 -3.14159
1110011110 0.0102615 0
1110011111 0.00847626 0
1110100000 0.00488281 -3.14159
1110100001 0.0118027 0
1110100010 0.0323792 0
1110100011 0.00767899 -3.14159
1110100100 0.0385132 0
1110100101 0.0337219 0
1110100110 0.0403137 -3.14159
1110100111 0.0153885 0
1110101000 0.0197144 -3.14159
1110101001 0.0559387 0
1110101010 0.0258331 0
1110101011 0.00569916 -3.14159
1110101100 0.0438843 -3.14159
1110101101 0.000389338 0
1110101110 0.013916 -3.14159
1110101111 0.0444946 -3.14159
1110110000 0.0204163 -3.14159
1110110001 0.00824738 0
1110110010 0.0552979 -3.14159
1110110011 0.0437622 -3.14159
1110110100 0.0075264 0
1110110101 0.0653687 0
1110110110 0.00564575 0
1110110111 0.0198364 0
1110111000 0.0253906 0
1110111001 0.052063 0
1110111010 0.0558777 0
1110111011 0.00900269 0
1110111100 0.00855255 0
1110111101 0.037262 -3.14159
1110111110 0.026947 0
1110111111 0.0372925 0
1111000000 0.00523758 0
1111000001 0.0995483 0
1111000010 0.0313721 0
1111000011 0.0204468 -3.14159
1111000100 0.0117722 0
1111000101 0.0067482 -3.14159
1111000110 0.039978 -3.14159
1111000111 0.0197144 0
1111001000 0.00345993 -3.14159
1111001001 0.00291252 0
1111001010 0.0362549 -3.14159
1111001011 0.0387573 -3.14159
1111001100 0.0251465 0
1111001101 0.0383911 0
1111001110 0.0323486 -3.14159
1111001111 0.0176239 0
1111010000 0.0183411 -3.14159
1111010001 0.00398636 -3.14159
1111010010 0.0175781 -3.14159
1111010011 0.0233154 -3.14159
1111010100 0.00616837 0
1111010101 0.0165405 0
1111010110 0.0323181 0
1111010111 0.0364685 0
1111011000 0.0612183 0
1111011001 0.00502777 0
1111011010 0.00928497 -3.14159
1111011011 0.0134888 -3.14159
1111011100 0.0275116 -3.14159
1111011101 0.00335121 -3.14159
1111011110 0.00879669 0
1111011111 0.00965118 -3.14159
1111100000 0.0716553 0
1111100001 0.0144806 -3.14159
1111100010 0.0180359 -3.14159
1111100011 0.0164185 0
1111100100 0.0662231 -3.14159
1111100101 0.0145874 0
1111100110 0.0935669 -3.14159
1111100111 0.0507812 -3.14159
1111101000 0.0346069 0
1111101001 0.0367737 -3.14159
1111101010 0.032959 -3.14159
1111101011 0.0806885 0
1111101100 0.0612183 0
1111101101 0.0257416 -3.14159
1111101110 0.0268707 0
1111101111 0.0308838 0
1111110000 0.0357056 -3.14159
1111110001 0.0111923 0
1111110010 0.0216064 -3.14159
1111110011 0.0055542 0
1111110100 0.0203094 0
1111110101 0.00901031 -3.14159
1111110110 0.00856018 -3.14159
1111110111 0.00780106 -3.14159
1111111000 0.0163574 0
1111111001 0.0518494 -3.14159
1111111010 0.0137405 0
1111111011 0.0436401 -3.14159
1111111100 0.0263519 -3.14159
1111111101 0.0335083 0
1111111110 0.0108643 0
1111111111 0.0177307 -3.14159
