0000000000 0.00473785 0
0000000001 0.0352478 0
0000000010 0.0333557 0
0000000011 0.0037632 0
0000000100 0.0418396 -3.14159
0000000101 0.021286 0
0000000110 0.0219574 -3.14159
0000000111 0.0383301 -3.14159
0000001000 0.00709915 0
0000001001 0.000397682 -3.14159
0000001010 0.00238991 0
0000001011 0.0246429 -3.14159
0000001100 0.0200958 0
0000001101 0.0102692 -3.14159
0000001110 0.0190735 0
0000001111 0.0103607 -3.14159
0000010000 0.030304 0
0000010001 0.00148869 0
0000010010 0.024704 -3.14159
0000010011 0.0260468 -3.14159
0000010100 0.0260773 -3.14159
0000010101 0.0364685 -3.14159
0000010110 0.0362854 -3.14159
0000010111 0.00732422 -3.14159
0000011000 0.030365 -3.14159
0000011001 0.0193481 0
0000011010 0.0244446 0
0000011011 0.036377 0
0000011100 0.010704 0
0000011101 0.0067215 0
0000011110 0.0448914 -3.14159
0000011111 0.0631104 0
0000100000 0.0748291 -3.14159
0000100001 0.0128632 -3.14159
0000100010 0.069519 -3.14159
0000100011 0.036377 0
0000100100 0.0266571 -3.14159
0000100101 0.0246582 0
0000100110 0.0436707 0
0000100111 0.00530243 0
0000101000 0.0206299 0
0000101001 0.0191498 0
0000101010 0.0232544 -3.14159
0000101011 0.0745239 0
0000101100 0.00933075 0
0000101101 0.00340652 -3.14159
0000101110 0.0205994 -3.14159
0000101111 0.0254822 0
0000110000 0.0214386 0
0000110001 0.00448227 -3.14159
0000110010 0.0120544 0
0000110011 0.00963593 0
0000110100 0.0360718 -3.14159
0000110101 0.00468445 0
0000110110 0.0342407 0
0000110111 0.00418854 -3.14159
0000111000 0.00731277 -3.14159
0000111001 0.0234985 -3.14159
0000111010 0.00457382 -3.14159
0000111011 0.00865936 -3.14159
0000111100 0.00259018 0
0000111101 0.0366516 0
0000111110 0.00509644 -3.14159
0000111111 0.000478983 -3.14159
0001000000 0.0122299 0
0001000001 0.0372925 -3.14159
0001000010 0.0331726 -3.14159
0001000011 0.00609589 0
0001000100 0.0204926 -3.14159
0001000101 0.0141068 0
0001000110 0.0182495 0
0001000111 0.0189819 -3.14159
0001001000 0.101074 -3.14159
0001001001 0.00413132 0
0001001010 0.0222473 -3.14159
0001001011 0.0287323 -3.14159
0001001100 0.0155334 0
0001001101 0.0523682 -3.14159
0001001110 0.0376892 0
0001001111 0.0134125 0
0001010000 0.0422974 0
0001010001 0.00946045 -3.14159
0001010010 0.0716553 0
0001010011 0.00299835 -3.14159
0001010100 0.00872803 -3.14159
0001010101 0.0109024 -3.14159
0001010110 0.0146866 -3.14159
0001010111 0.0411682 -3.14159
0001011000 0.0379333 0
0001011001 0.0252075 0
0001011010 0.00181293 -3.14159
0001011011 0.0770874 -3.14159
0001011100 0.0454102 0
0001011101 0.0160828 -3.14159
0001011110 0.0427246 -3.14159
0001011111 0.00432587 -3.14159
0001100000 0.0686646 -3.14159
0001100001 0.0197906 0
0001100010 0.0239716 -3.14159
0001100011 0.00188065 -3.14159
0001100100 0.0268707 0
0001100101 0.0154953 -3.14159
0001100110 0.0067215 0
0001100111 0.113647 0
0001101000 0.0417786 0
0001101001 0.0102463 -3.14159
0001101010 0.00282288 -3.14159
0001101011 0.0327759 -3.14159
0001101100 0.0324707 -3.14159
0001101101 0.0320435 -3.14159
0001101110 0.0473022 0
0001101111 0.0165863 0
0001110000 0.0664062 -3.14159
0001110001 0.0230865 0
0001110010 0.0561829 -3.14159
0001110011 0.0147171 0
0001110100 0.0163574 0
0001110101 0.00245094 -3.14159
0001110110 0.0398254 -3.14159
0001110111 0.0228119 -3.14159
0001111000 0.00120354 -3.14159
0001111001 0.0384827 -3.14159
0001111010 0.0119858 0
0001111011 0.011528 0
0001111100 0.0189209 -3.14159
0001111101 0.022049 0
0001111110 0.00905609 -3.14159
0001111111 0.0364685 0
0010000000 0.00213242 0
0010000001 0.0037365 -3.14159
0010000010 0.00260353 -3.14159
0010000011 0.0115814 -3.14159
0010000100 0.0230865 -3.14159
0010000101 0.00953674 -3.14159
0010000110 0.020462 -3.14159
0010000111 0.0515442 -3.14159
0010001000 0.026474 -3.14159
0010001001 0.019043 -3.14159
0010001010 0.015625 -3.14159
0010001011 0.00603867 -3.14159
0010001100 0.00737 -3.14159
0010001101 0.0236969 -3.14159
0010001110 0.0436401 0
0010001111 0.0139389 -3.14159
0010010000 0.0733643 -3.14159
0010010001 0.0167999 -3.14159
0010010010 0.0255127 -3.14159
0010010011 0.02211 -3.14159
0010010100 0.0431519 -3.14159
0010010101 0.0332336 -3.14159
0010010110 0.0206604 0
0010010111 0.00575256 0
0010011000 0.0239258 0
0010011001 0.0577393 -3.14159
0010011010 0.0282745 0
0010011011 0.038147 0
0010011100 0.029953 0
0010011101 0.0583191 0
0010011110 0.00412369 -3.14159
0010011111 0.0155334 0
0010100000 0.00579834 -3.14159
0010100001 0.01017 -3.14159
0010100010 0.0818481 -3.14159
0010100011 0.0190277 -3.14159
0010100100 0.00666428 -3.14159
0010100101 0.0012579 0
0010100110 0.039917 0
0010100111 0.0384216 0
0010101000 0.0248718 0
0010101001 0.00258636 -3.14159
0010101010 0.0237885 -3.14159
0010101011 0.0224915 -3.14159
0010101100 0.0265503 -3.14159
0010101101 0.0493469 0
0010101110 0.0281067 -3.14159
0010101111 0.0075798 0
0010110000 0.0133438 -3.14159
0010110001 0.0092392 0
0010110010 0.0297699 0
0010110011 0.0169983 -3.14159
0010110100 0.0315857 0
0010110101 0.0136108 0
0010110110 0.00776291 0
0010110111 0.0166931 -3.14159
0010111000 0.00387001 0
0010111001 0.021698 0
0010111010 0.0100479 -3.14159
0010111011 0.0327759 0
0010111100 0.0153198 -3.14159
0010111101 0.0186157 -3.14159
0010111110 0.0155029 0
0010111111 0.00876617 -3.14159
0011000000 0.017334 -3.14159
0011000001 0.015358 0
0011000010 0.0475159 0
0011000011 0.0314026 0
0011000100 0.00635147 -3.14159
0011000101 0.00127983 0
0011000110 0.00600815 -3.14159
0011000111 0.0253754 -3.14159
0011001000 0.0560608 0
0011001001 0.00624847 0
0011001010 0.0477295 0
0011001011 0.0424805 -3.14159
0011001100 0.00179291 0
0011001101 0.0305634 -3.14159
0011001110 0.104187 0
0011001111 0.0118179 -3.14159
0011010000 0.00190735 -3.14159
0011010001 0.000648499 -3.14159
0011010010 0.00745773 -3.14159
0011010011 0.029541 -3.14159
0011010100 0.0314026 -3.14159
0011010101 0.0474548 -3.14159
0011010110 0.000451088 0
0011010111 0.026825 0
0011011000 0.00943756 0
0011011001 0.0253906 -3.14159
0011011010 0.00547409 -3.14159
0011011011 0.0210876 -3.14159
0011011100 0.00998688 0
0011011101 0.0279694 -3.14159
0011011110 0.00460434 0
0011011111 0.064209 0
0011100000 0.0293121 0
0011100001 0.00551224 0
0011100010 0.0187988 0
0011100011 0.010025 -3.14159
0011100100 0.0200195 -3.14159
0011100101 0.0110016 0
0011100110 0.0123901 0
0011100111 0.0392151 0
0011101000 0.0455322 -3.14159
0011101001 0.0116882 0
0011101010 0.019989 0
0011101011 0.0181885 0
0011101100 0.0154266 -3.14159
0011101101 0.0251312 0
0011101110 0.0403137 -3.14159
0011101111 0.025528 -3.14159
0011110000 0.0218964 -3.14159
0011110001 0.0411682 0
0011110010 0.0145569 0
0011110011 0.0569763 0
0011110100 0.033783 -3.14159
0011110101 0.0231476 0
0011110110 0.0279999 -3.14159
0011110111 0.0342102 0
0011111000 0.010376 0
0011111001 0.0345459 -3.14159
0011111010 0.0110245 0
0011111011 0.0469055 -3.14159
0011111100 0.0217743 -3.14159
0011111101 0.00812531 -3.14159
0011111110 0.0517578 0
0011111111 0.00321579 -3.14159
0100000000 0.00298691 -3.14159
0100000001 0.00530243 -3.14159
0100000010 0.0296783 -3.14159
0100000011 0.0255127 0
0100000100 0.0650635 -3.14159
0100000101 0.0266571 0
0100000110 0.0498047 0
0100000111 0.0284119 -3.14159
0100001000 0.0340881 0
0100001001 0.0111389 0
0100001010 0.0106125 0
0100001011 0.0251007 -3.14159
0100001100 0.00443268 -3.14159
0100001101 0.0454102 -3.14159
0100001110 0.00579071 0
0100001111 0.0119553 -3.14159
0100010000 0.0311737 0
0100010001 0.0742798 -3.14159
0100010010 0.0197906 0
0100010011 0.0098877 -3.14159
0100010100 0.0865479 -3.14159
0100010101 0.0553894 -3.14159
0100010110 0.0254822 0
0100010111 0.0422668 -3.14159
0100011000 0.0368042 -3.14159
0100011001 0.0298462 0
0100011010 0.0249634 -3.14159
0100011011 0.0256042 0
0100011100 0.00403214 0
0100011101 0.0210876 -3.14159
0100011110 0.0173035 0
0100011111 0.00270462 0
0100100000 0.00487518 0
0100100001 0.0591125 0
0100100010 0.0151825 -3.14159
0100100011 0.0271912 0
0100100100 0.0204773 0
0100100101 0.0280609 -3.14159
0100100110 0.0888672 0
0100100111 0.0131073 -3.14159
0100101000 0.0351257 0
0100101001 0.0387878 -3.14159
0100101010 0.000994682 -3.14159
0100101011 0.0403748 0
0100101100 0.0309296 -3.14159
0100101101 0.0181427 0
0100101110 0.0248413 -3.14159
0100101111 0.0392456 0
0100110000 0.0492859 0
0100110001 0.00278664 0
0100110010 0.00878906 0
0100110011 0.0596924 -3.14159
0100110100 0.0309906 0
0100110101 0.0233612 0
0100110110 0.00886536 -3.14159
0100110111 0.0121307 0
0100111000 0.0151978 0
0100111001 0.0133591 0
0100111010 0.0113068 0
0100111011 0.00274467 0
0100111100 0.0245667 -3.14159
0100111101 0.0207214 0
0100111110 0.0227051 0
0100111111 0.00355339 -3.14159
0101000000 0.000193238 -3.14159
0101000001 0.020401 -3.14159
0101000010 0.0558167 -3.14159
0101000011 0.0331116 -3.14159
0101000100 0.0044136 0
0101000101 0.0634155 0
0101000110 0.0210266 -3.14159
0101000111 0.0352173 0
0101001000 0.0203857 -3.14159
0101001001 0.0626831 -3.14159
0101001010 0.00348473 -3.14159
0101001011 0.0245667 0
0101001100 0.0138397 -3.14159
0101001101 0.0119629 -3.14159
0101001110 0.00714493 0
0101001111 0.0268555 0
0101010000 0.00270081 -3.14159
0101010001 0.0067749 0
0101010010 0.0148544 -3.14159
0101010011 0.00817871 -3.14159
0101010100 0.0243988 -3.14159
0101010101 0.0164795 0
0101010110 0.0210876 -3.14159
0101010111 0.0227661 0
0101011000 0.0161438 0
0101011001 0.00213814 -3.14159
0101011010 0.00737762 -3.14159
0101011011 0.0216217 -3.14159
0101011100 0.0116119 0
0101011101 0.00703812 -3.14159
0101011110 0.039978 -3.14159
0101011111 0.0164032 0
0101100000 0.0413208 -3.14159
0101100001 0.0018425 -3.14159
0101100010 0.00751495 0
0101100011 0.0225677 -3.14159
0101100100 0.0218964 -3.14159
0101100101 0.00287819 -3.14159
0101100110 0.036438 -3.14159
0101100111 0.0317383 0
0101101000 0.0317993 0
0101101001 0.0123978 -3.14159
0101101010 0.0823975 -3.14159
0101101011 0.0262909 -3.14159
0101101100 0.0257416 0
0101101101 0.0379944 0
0101101110 0.0441589 -3.14159
0101101111 0.0471497 -3.14159
0101110000 0.0175171 0
0101110001 0.0275879 -3.14159
0101110010 0.0401917 -3.14159
0101110011 0.00776291 0
0101110100 0.00913239 -3.14159
0101110101 0.0101776 -3.14159
0101110110 0.030365 -3.14159
0101110111 0.0291748 0
0101111000 0.0102692 0
0101111001 0.00924683 -3.14159
0101111010 0.00439453 0
0101111011 0.00299072 -3.14159
0101111100 0.0131302 0
0101111101 0.0164948 -3.14159
0101111110 0.0174408 0
0101111111 0.0567932 0
0110000000 0.0412292 -3.14159
0110000001 0.0366211 -3.14159
0110000010 0.00444794 -3.14159
0110000011 0.0379333 0
0110000100 0.0150604 -3.14159
0110000101 0.00491333 0
0110000110 0.0250702 0
0110000111 0.046051 -3.14159
0110001000 0.000668526 -3.14159
0110001001 0.0294342 0
0110001010 0.0488586 0
0110001011 0.0418396 -3.14159
0110001100 0.0366821 0
0110001101 0.0623169 -3.14159
0110001110 0.0145111 0
0110001111 0.0127029 0
0110010000 0.0447388 0
0110010001 0.0251465 -3.14159
0110010010 0.041626 0
0110010011 0.0251923 0
0110010100 0.00101757 -3.14159
0110010101 0.0648193 -3.14159
0110010110 0.0412292 0
0110010111 0.0233765 0
0110011000 0.0100632 -3.14159
0110011001 0.0859375 -3.14159
0110011010 0.0028553 0
0110011011 0.00584412 -3.14159
0110011100 0.000330687 0
0110011101 0.0274811 -3.14159
0110011110 0.00953674 0
0110011111 0.0392151 0
0110100000 0.0188293 0
0110100001 0.00609207 0
0110100010 0.0042038 -3.14159
0110100011 0.0100327 0
0110100100 0.000844002 0
0110100101 0.0742798 0
0110100110 0.00833893 -3.14159
0110100111 0.052002 0
0110101000 0.0101624 -3.14159
0110101001 0.0253448 0
0110101010 0.03479 0
0110101011 0.0325317 0
0110101100 0.0561218 -3.14159
0110101101 0.0283051 0
0110101110 0.0324097 0
0110101111 0.0150528 -3.14159
0110110000 0.00700378 0
0110110001 0.0458374 0
0110110010 0.0182037 0
0110110011 0.0232239 0
0110110100 0.00422287 0
0110110101 0.0523987 0
0110110110 0.0325012 0
0110110111 0.0463867 -3.14159
0110111000 0.048645 -3.14159
0110111001 0.0280609 0
0110111010 0.00897217 -3.14159
0110111011 0.0897827 0
0110111100 0.0200958 -3.14159
0110111101 0.0358887 -3.14159
0110111110 0.0412292 0
0110111111 0.0167694 0
0111000000 0.000110984 -3.14159
0111000001 0.00497818 -3.14159
0111000010 0.0399475 0
0111000011 0.026825 -3.14159
0111000100 0.00665665 -3.14159
0111000101 0.0305023 -3.14159
0111000110 0.00661469 0
0111000111 0.0406494 -3.14159
0111001000 0.038208 0
0111001001 0.0350647 -3.14159
0111001010 0.0252991 0
0111001011 0.0142059 0
0111001100 0.00749588 0
0111001101 0.0522461 -3.14159
0111001110 0.0344238 0
0111001111 0.00726318 -3.14159
0111010000 0.00878143 0
0111010001 0.00484467 -3.14159
0111010010 0.0620117 0
0111010011 0.0354004 0
0111010100 0.0224304 -3.14159
0111010101 0.0134125 0
0111010110 0.0471497 0
0111010111 0.0143051 0
0111011000 0.0121841 -3.14159
0111011001 0.0112839 -3.14159
0111011010 0.00445557 0
0111011011 0.00449753 -3.14159
0111011100 0.0210266 0
0111011101 0.00769043 -3.14159
0111011110 0.0518188 -3.14159
0111011111 0.0113449 -3.14159
0111100000 0.0255737 0
0111100001 0.000923634 -3.14159
0111100010 0.000941277 -3.14159
0111100011 0.0162811 -3.14159
0111100100 0.0155792 0
0111100101 0.00497055 0
0111100110 0.0150986 -3.14159
0111100111 0.0120316 0
0111101000 0.0419312 -3.14159
0111101001 0.0133286 0
0111101010 0.0168762 0
0111101011 0.0230408 0
0111101100 0.0267334 -3.14159
0111101101 0.0622253 -3.14159
0111101110 0.0349121 0
0111101111 0.0120163 0
0111110000 0.00742722 0
0111110001 0.0091095 0
0111110010 0.0393677 -3.14159
0111110011 0.0267181 -3.14159
0111110100 0.0498352 -3.14159
0111110101 0.0225067 -3.14159
0111110110 0.00317955 -3.14159
0111110111 0.00923157 -3.14159
0111111000 0.0111847 0
0111111001 0.0397644 0
0111111010 0.0617981 -3.14159
0111111011 0.0395813 -3.14159
0111111100 0.00888062 -3.14159
0111111101 0.0180664 0
0111111110 0.0249176 -3.14159
0111111111 0.019043 0
1000000000 0.0157013 -3.14159
1000000001 0.0157166 -3.14159
1000000010 0.00172138 -3.14159
1000000011 0.00328445 0
1000000100 0.0365295 0
1000000101 0.0139389 -3.14159
1000000110 0.00187206 -3.14159
1000000111 0.0211639 0
1000001000 0.0105438 -3.14159
1000001001 0.0339355 0
1000001010 0.0220795 -3.14159
1000001011 0.00392914 -3.14159
1000001100 0.0370789 -3.14159
1000001101 0.0232849 -3.14159
1000001110 0.000833511 0
1000001111 0.0083847 0
1000010000 0.00111866 -3.14159
1000010001 0.0129242 0
1000010010 0.0227814 -3.14159
1000010011 0.0116882 -3.14159
1000010100 0.0602417 0
1000010101 0.0302429 -3.14159
1000010110 0.0116425 0
1000010111 0.0366821 0
1000011000 0.0588989 0
1000011001 0.0634766 -3.14159
1000011010 0.0278931 0
1000011011 0.00873566 -3.14159
1000011100 0.0103989 0
1000011101 0.0431213 0
1000011110 0.0012188 0
1000011111 0.00527191 -3.14159
1000100000 0.0231018 -3.14159
1000100001 0.0241699 0
1000100010 0.00221252 -3.14159
1000100011 0.0251312 0
1000100100 0.030777 -3.14159
1000100101 0.0266724 -3.14159
1000100110 0.0466309 -3.14159
1000100111 0.0241089 -3.14159
1000101000 0.0197144 0
1000101001 0.0198822 0
1000101010 0.0121231 0
1000101011 0.022583 0
1000101100 0.0298157 -3.14159
1000101101 0.0635376 -3.14159
1000101110 0.0552673 -3.14159
1000101111 0.0177612 -3.14159
1000110000 0.0206757 -3.14159
1000110001 0.0117645 -3.14159
1000110010 0.00518417 0
1000110011 0.00842285 0
1000110100 0.0141754 -3.14159
1000110101 0.00554276 0
1000110110 0.0280914 0
1000110111 0.0273895 0
1000111000 0.062561 -3.14159
1000111001 0.00214958 0
1000111010 0.00805664 -3.14159
1000111011 0.00143909 -3.14159
1000111100 0.00933838 0
1000111101 0.017807 0
1000111110 0.0225525 0
1000111111 0.00246429 0
1001000000 0.000243187 -3.14159
1001000001 0.00983429 -3.14159
1001000010 0.0128937 -3.14159
1001000011 0.0273438 0
1001000100 0.012619 -3.14159
1001000101 0.0221405 0
1001000110 0.0133286 -3.14159
1001000111 0.0422668 -3.14159
1001001000 0.0483093 0
1001001001 0.01548 -3.14159
1001001010 0.00122738 -3.14159
1001001011 0.0013504 0
1001001100 0.0285339 0
1001001101 0.0139694 -3.14159
1001001110 0.0249329 0
1001001111 0.0406799 -3.14159
1001010000 0.0662842 0
1001010001 0.0220337 0
1001010010 0.0510864 -3.14159
1001010011 0.0443115 -3.14159
1001010100 0.00731277 0
1001010101 0.0101013 -3.14159
1001010110 0.00675201 0
1001010111 0.0381165 0
1001011000 0.0453491 -3.14159
1001011001 0.00471115 0
1001011010 0.016983 0
1001011011 0.0180969 -3.14159
1001011100 0.0122528 -3.14159
1001011101 0.0164642 0
1001011110 0.0405273 0
1001011111 0.00621796 0
1001100000 0.0336609 -3.14159
1001100001 0.0148544 0
1001100010 0.00389671 0
1001100011 0.000241995 0
1001100100 0.0390015 -3.14159
1001100101 0.00171661 0
1001100110 0.000858784 -3.14159
1001100111 0.09021 0
1001101000 0.0401611 0
1001101001 0.0377502 -3.14159
1001101010 0.0173645 0
1001101011 0.000533104 -3.14159
1001101100 0.0122681 0
1001101101 0.0648804 0
1001101110 0.0187988 0
1001101111 0.0603638 0
1001110000 0.0350037 0
1001110001 0.0280304 -3.14159
1001110010 0.000730991 -3.14159
1001110011 0.0117264 0
1001110100 0.0177307 -3.14159
1001110101 0.0371399 0
1001110110 0.0383301 0
1001110111 0.00621414 -3.14159
1001111000 0.0239716 0
1001111001 0.0166321 0
1001111010 0.00291443 0
1001111011 0.0278778 -3.14159
1001111100 0.00310898 -3.14159
1001111101 0.0080719 -3.14159
1001111110 0.0226288 -3.14159
1001111111 0.00391006 -3.14159
1010000000 0.0030632 -3.14159
1010000001 0.0187531 -3.14159
1010000010 0.0333252 -3.14159
1010000011 0.0318298 -3.14159
1010000100 0.0127029 -3.14159
1010000101 0.04422 0
1010000110 0.0540466 0
1010000111 0.0452271 -3.14159
1010001000 0.0222015 -3.14159
1010001001 0.0758057 0
1010001010 0.0318298 -3.14159
1010001011 0.0272064 0
1010001100 0.0265808 0
1010001101 0.0288849 0
1010001110 0.0354004 -3.14159
1010001111 0.0178833 0
1010010000 0.0207367 0
1010010001 0.0332336 -3.14159
1010010010 0.0333557 -3.14159
1010010011 0.00607681 -3.14159
1010010100 0.0317078 -3.14159
1010010101 0.0185699 0
1010010110 0.0350342 -3.14159
1010010111 0.0242004 0
1010011000 0.00304794 0
1010011001 0.0602112 0
1010011010 0.000686169 0
1010011011 0.00392532 -3.14159
1010011100 0.00952148 -3.14159
1010011101 0.0319519 0
1010011110 0.0206909 0
1010011111 0.0200958 -3.14159
1010100000 0.0171356 -3.14159
1010100001 0.00988007 0
1010100010 0.0238342 -3.14159
1010100011 0.0125504 -3.14159
1010100100 0.0370789 -3.14159
1010100101 0.0295105 0
1010100110 0.0231934 0
1010100111 0.0253448 0
1010101000 0.0219421 -3.14159
1010101001 0.0253448 0
1010101010 0.0253906 0
1010101011 0.103271 0
1010101100 0.0287018 0
1010101101 0.014946 0
1010101110 0.0106049 -3.14159
1010101111 0.0171967 -3.14159
1010110000 0.0327454 0
1010110001 0.0467529 -3.14159
1010110010 0.0292358 -3.14159
1010110011 0.0318298 0
1010110100 0.0123825 -3.14159
1010110101 0.0247192 0
1010110110 0.0141373 -3.14159
1010110111 0.032959 -3.14159
1010111000 0.0176849 -3.14159
1010111001 0.0506287 0
1010111010 0.0436401 -3.14159
1010111011 0.0115738 0
1010111100 0.0192413 -3.14159
1010111101 0.0257874 0
1010111110 0.0278168 -3.14159
1010111111 0.0239563 -3.14159
1011000000 0.0349731 0
1011000001 0.00413132 -3.14159
1011000010 0.0142136 0
1011000011 0.00455856 -3.14159
1011000100 0.0296326 0
1011000101 0.0484924 0
1011000110 0.0224152 -3.14159
1011000111 0.0279541 -3.14159
1011001000 0.06073 -3.14159
1011001001 0.0169678 0
1011001010 0.00123119 -3.14159
1011001011 0.0086441 0
1011001100 0.0160217 0
1011001101 0.0288239 0
1011001110 0.0272675 -3.14159
1011001111 0.0279694 -3.14159
1011010000 0.0173645 0
1011010001 0.0398865 -3.14159
1011010010 0.00245476 -3.14159
1011010011 0.0161896 -3.14159
1011010100 0.00980377 0
1011010101 0.0439453 -3.14159
1011010110 0.0276794 -3.14159
1011010111 0.037384 -3.14159
1011011000 0.00614929 -3.14159
1011011001 0.0278015 0
1011011010 0.000355959 0
1011011011 0.00955963 -3.14159
1011011100 0.0173645 -3.14159
1011011101 0.0153275 0
1011011110 0.0395203 -3.14159
1011011111 0.0384827 -3.14159
1011100000 0.0145569 0
1011100001 0.00849152 0
1011100010 0.00211906 -3.14159
1011100011 0.0568237 0
1011100100 0.061676 0
1011100101 0.00900269 0
1011100110 0.0144806 0
1011100111 0.0299072 0
1011101000 0.0474243 0
1011101001 0.0281677 -3.14159
1011101010 0.00188732 0
1011101011 0.0237732 -3.14159
1011101100 0.0294952 0
1011101101 0.0156555 -3.14159
1011101110 0.0472717 0
1011101111 0.113159 0
1011110000 0.0092392 0
1011110001 0.00458908 0
1011110010 0.0146027 0
1011110011 0.0175934 -3.14159
1011110100 0.0208588 -3.14159
1011110101 0.0198517 0
1011110110 0.053772 -3.14159
1011110111 0.0311127 -3.14159
1011111000 0.0158691 0
1011111001 0.0418396 -3.14159
1011111010 0.0112534 -3.14159
1011111011 0.0135651 -3.14159
1011111100 0.0678711 0
1011111101 0.0428162 0
1011111110 0.0680542 0
1011111111 0.00830841 0
1100000000 0.0226746 -3.14159
1100000001 0.0283966 0
1100000010 0.000652313 -3.14159
1100000011 0.00831604 -3.14159
1100000100 0.0401917 -3.14159
1100000101 0.0130615 0
1100000110 0.00470352 -3.14159
1100000111 0.0233612 0
1100001000 0.0121155 -3.14159
1100001001 0.00914001 0
1100001010 0.0137177 0
1100001011 0.00437927 -3.14159
1100001100 0.00340652 0
1100001101 0.00151253 -3.14159
1100001110 0.039917 0
1100001111 0.0227509 0
1100010000 0.055481 0
1100010001 0.010437 0
1100010010 0.00258636 0
1100010011 0.0644531 -3.14159
1100010100 0.0185089 -3.14159
1100010101 0.0363464 -3.14159
1100010110 0.00540161 0
1100010111 0.0650024 0
1100011000 0.0473022 -3.14159
1100011001 0.00870514 -3.14159
1100011010 0.0133972 0
1100011011 0.0143051 0
1100011100 0.0222778 -3.14159
1100011101 0.0163574 0
1100011110 0.0131989 -3.14159
1100011111 0.0379333 -3.14159
1100100000 0.0171967 0
1100100001 0.0362854 -3.14159
1100100010 0.0187683 0
1100100011 0.0182495 0
1100100100 0.0180206 0
1100100101 0.0541687 -3.14159
1100100110 0.00289345 0
1100100111 0.00393677 0
1100101000 0.00743866 -3.14159
1100101001 0.033844 0
1100101010 0.0397034 0
1100101011 0.0478516 0
1100101100 0.0527649 -3.14159
1100101101 0.0325012 -3.14159
1100101110 0.0835571 0
1100101111 0.013176 0
1100110000 0.00112247 -3.14159
1100110001 0.00518036 -3.14159
1100110010 0.0510254 0
1100110011 0.000614166 0
1100110100 0.00435638 0
1100110101 0.0075264 -3.14159
1100110110 0.0440369 0
1100110111 0.00728989 0
1100111000 0.00805664 -3.14159
1100111001 0.0118866 0
1100111010 0.0197601 -3.14159
1100111011 0.0633545 -3.14159
1100111100 0.0372925 -3.14159
1100111101 0.0172119 -3.14159
1100111110 0.0376892 -3.14159
1100111111 0.0233917 -3.14159
1101000000 0.0806274 0
1101000001 0.000283241 -3.14159
1101000010 0.00281143 -3.14159
1101000011 0.0249329 -3.14159
1101000100 0.0375366 0
1101000101 0.0537415 0
1101000110 0.0398865 0
1101000111 0.0083847 -3.14159
1101001000 0.0644531 0
1101001001 0.0138474 0
1101001010 0.00450134 -3.14159
1101001011 0.00145626 0
1101001100 0.0107422 0
1101001101 0.0115204 0
1101001110 0.00160027 -3.14159
1101001111 0.0130005 0
1101010000 0.0116196 0
1101010001 0.00254059 0
1101010010 0.0136642 0
1101010011 0.076416 0
1101010100 0.00575256 0
1101010101 0.0121994 -3.14159
1101010110 0.0318909 0
1101010111 0.0270691 0
1101011000 0.00909424 -3.14159
1101011001 0.0289459 0
1101011010 0.0373535 0
1101011011 0.00717163 -3.14159
1101011100 0.00787354 0
1101011101 0.0370178 0
1101011110 0.0331116 -3.14159
1101011111 0.053833 -3.14159
1101100000 0.0148392 0
1101100001 0.0196533 -3.14159
1101100010 0.00858307 -3.14159
1101100011 0.0463257 0
1101100100 0.0272522 -3.14159
1101100101 0.0523071 -3.14159
1101100110 0.0145264 -3.14159
1101100111 0.0297699 0
1101101000 0.0178528 0
1101101001 0.0181427 0
1101101010 0.0132065 0
1101101011 0.0101013 0
1101101100 0.0187683 -3.14159
1101101101 0.0219116 0
1101101110 0.0434875 0
1101101111 0.0387878 -3.14159
1101110000 0.0109329 -3.14159
1101110001 0.0349731 0
1101110010 0.0111465 -3.14159
1101110011 0.0297699 -3.14159
1101110100 0.0150757 -3.14159
1101110101 0.0200195 0
1101110110 0.0235748 -3.14159
1101110111 0.0543823 -3.14159
1101111000 0.0672607 -3.14159
1101111001 0.00735474 0
1101111010 0.00226593 0
1101111011 0.0339661 -3.14159
1101111100 0.0474243 0
1101111101 0.0200806 -3.14159
1101111110 0.00510788 0
1101111111 0.0258636 -3.14159
1110000000 0.0222931 -3.14159
1110000001 0.0194855 0
1110000010 0.0745239 0
1110000011 0.00909424 -3.14159
1110000100 0.0108719 -3.14159
1110000101 0.00858307 0
1110000110 0.0273438 -3.14159
1110000111 0.0193481 0
1110001000 0.00713348 -3.14159
1110001001 0.017746 0
1110001010 0.0127029 0
1110001011 0.0168457 0
1110001100 0.00476456 -3.14159
1110001101 0.0554504 0
1110001110 0.0113831 0
1110001111 0.0207214 0
1110010000 0.00166702 -3.14159
1110010001 0.0110016 0
1110010010 0.014389 0
1110010011 0.0467529 0
1110010100 0.0342407 -3.14159
1110010101 0.0277557 -3.14159
1110010110 0.0314941 0
1110010111 0.0223389 -3.14159
1110011000 0.000501156 -3.14159
1110011001 0.0202484 -3.14159
1110011010 0.00401688 0
1110011011 0.0148544 -3.14159
1110011100 0.00849915 0
1110011101 0.0167847 -3.14159
1110011110 0.00203133 0
1110011111 0.0955811 0
1110100000 0.0271606 0
1110100001 0.0113754 -3.14159
1110100010 0.0610046 -3.14159
1110100011 0.000572205 -3.14159
1110100100 0.0149918 0
1110100101 0.0403748 0
1110100110 0.0388184 -3.14159
1110100111 0.0150986 0
1110101000 0.0262756 -3.14159
1110101001 0.0364075 0
1110101010 0.014183 0
1110101011 0.00579071 0
1110101100 0.0211945 0
1110101101 0.00354958 0
1110101110 0.029953 0
1110101111 0.0072403 -3.14159
1110110000 0.00325012 0
1110110001 0.0162201 -3.14159
1110110010 0.0357971 -3.14159
1110110011 0.0723877 -3.14159
1110110100 0.0195923 0
1110110101 0.0534363 -3.14159
1110110110 0.0146255 0
1110110111 0.0198822 -3.14159
1110111000 0.0278625 -3.14159
1110111001 0.107727 -3.14159
1110111010 0.0516052 -3.14159
1110111011 0.00563431 0
1110111100 0.0282745 -3.14159
1110111101 0.0132294 0
1110111110 0.01371 -3.14159
1110111111 0.0415344 -3.14159
1111000000 0.0233765 0
1111000001 0.0226746 -3.14159
1111000010 0.0514221 0
1111000011 0.017868 -3.14159
1111000100 0.0184326 -3.14159
1111000101 0.0199432 -3.14159
1111000110 0.0423889 0
1111000111 0.0140076 -3.14159
1111001000 0.0124588 -3.14159
1111001001 0.015419 -3.14159
1111001010 0.00670624 0
1111001011 0.0292053 0
1111001100 0.000741482 0
1111001101 0.0116882 -3.14159
1111001110 0.0191956 0
1111001111 0.0983276 0
1111010000 0.0190125 -3.14159
1111010001 0.0456543 -3.14159
1111010010 0.00217247 -3.14159
1111010011 0.0019474 0
1111010100 0.0215759 0
1111010101 0.000974655 -3.14159
1111010110 0.00179195 -3.14159
1111010111 0.0245972 0
1111011000 0.050354 0
1111011001 0.0150146 -3.14159
1111011010 0.0448303 -3.14159
1111011011 0.0087204 0
1111011100 0.00823212 0
1111011101 0.00118637 -3.14159
1111011110 0.00212288 -3.14159
1111011111 0.0246582 -3.14159
1111100000 0.0314026 0
1111100001 0.00525665 -3.14159
1111100010 0.00713348 -3.14159
1111100011 0.0491638 -3.14159
1111100100 0.0286713 0
1111100101 0.0256653 -3.14159
1111100110 0.0437317 0
1111100111 0.00641251 0
1111101000 0.0127029 0
1111101001 0.026474 0
1111101010 0.02948 -3.14159
1111101011 0.0542908 -3.14159
1111101100 0.0828857 0
1111101101 0.0523682 -3.14159
1111101110 0.0629883 0
1111101111 0.0570679 0
1111110000 0.0368347 -3.14159
1111110001 0.0557861 0
1111110010 0.00891876 -3.14159
1111110011 0.0380249 -3.14159
1111110100 0.0461731 -3.14159
1111110101 0.0379944 0
1111110110 0.0519104 -3.14159
1111110111 0.0372009 0
1111111000 0.0578308 -3.14159
1111111001 0.032074 -3.14159
1111111010 0.000836849 0
1111111011 0.00317383 -3.14159
1111111100 0.0367737 0
1111111101 0.030304 0
1111111110 0.0314941 0
1111111111 0.00160503 0
