0000000000 0.00901794 0
0000000001 0.0369568 0
0000000010 0.0107574 0
0000000011 0.00497818 0
0000000100 0.0301208 -3.14159
0000000101 0.0112152 0
0000000110 0.0260925 -3.14159
0000000111 0.0387878 -3.14159
0000001000 0.0129852 0
0000001001 0.00887299 -3.14159
0000001010 0.0100784 -3.14159
0000001011 0.0216217 -3.14159
0000001100 0.00179482 0
0000001101 0.019989 -3.14159
0000001110 0.0191956 0
0000001111 0.0190735 -3.14159
0000010000 0.0377808 0
0000010001 0.0148849 -3.14159
0000010010 0.0325317 -3.14159
0000010011 0.00345802 0
0000010100 0.0242462 -3.14159
0000010101 0.0304871 -3.14159
0000010110 0.021698 -3.14159
0000010111 0.00685501 -3.14159
0000011000 0.0375061 -3.14159
0000011001 0.0105286 0
0000011010 0.0136871 0
0000011011 0.0207367 0
0000011100 0.0189667 0
0000011101 0.00449371 0
0000011110 0.0621643 -3.14159
0000011111 0.0822754 0
0000100000 0.0743408 -3.14159
0000100001 0.01017 -3.14159
0000100010 0.0684814 -3.14159
0000100011 0.0266571 0
0000100100 0.0376587 -3.14159
0000100101 0.0241699 0
0000100110 0.00469589 0
0000100111 0.0204315 0
0000101000 0.0124512 0
0000101001 0.00613403 0
0000101010 0.0202942 -3.14159
0000101011 0.0861816 0
0000101100 0.000296116 -3.14159
0000101101 0.00678253 -3.14159
0000101110 0.00166512 -3.14159
0000101111 0.0205078 0
0000110000 0.00665283 0
0000110001 0.000113487 -3.14159
0000110010 0.0217285 0
0000110011 0.0184021 0
0000110100 0.060791 -3.14159
0000110101 0.0170593 0
0000110110 0.0268402 0
0000110111 0.00934601 -3.14159
0000111000 0.0133896 0
0000111001 0.0310364 -3.14159
0000111010 0.0235443 -3.14159
0000111011 0.00824738 -3.14159
0000111100 0.00782776 -3.14159
0000111101 0.0355835 0
0000111110 0.0211334 -3.14159
0000111111 0.0186462 -3.14159
0001000000 0.0193024 0
0001000001 0.0500183 -3.14159
0001000010 0.0344238 -3.14159
0001000011 0.00826263 -3.14159
0001000100 0.0118179 -3.14159
0001000101 0.0132599 0
0001000110 0.0141678 0
0001000111 0.0171661 -3.14159
0001001000 0.0967407 -3.14159
0001001001 0.00827026 -3.14159
0001001010 0.0253296 -3.14159
0001001011 0.0223541 -3.14159
0001001100 0.00546265 0
0001001101 0.0515747 -3.14159
0001001110 0.027359 0
0001001111 0.0145721 0
0001010000 0.0349426 0
0001010001 0.0112381 -3.14159
0001010010 0.071167 0
0001010011 0.00416565 0
0001010100 0.00385094 -3.14159
0001010101 0.00403595 0
0001010110 0.00156879 -3.14159
0001010111 0.0374451 -3.14159
0001011000 0.0257874 0
0001011001 0.0094223 0
0001011010 0.00467682 0
0001011011 0.0617981 -3.14159
0001011100 0.0357056 0
0001011101 0.0283966 -3.14159
0001011110 0.0220032 -3.14159
0001011111 0.0215149 -3.14159
0001100000 0.0541687 -3.14159
0001100001 0.0168762 0
0001100010 0.0455322 -3.14159
0001100011 0.00656128 -3.14159
0001100100 0.0249481 0
0001100101 0.00656891 0
0001100110 0.0239563 -3.14159
0001100111 0.0944824 0
0001101000 0.0360413 0
0001101001 0.00820923 0
0001101010 0.0146942 -3.14159
0001101011 0.0410156 -3.14159
0001101100 0.0345459 -3.14159
0001101101 0.0491638 -3.14159
0001101110 0.0450745 0
0001101111 0.017807 0
0001110000 0.0472107 -3.14159
0001110001 0.015625 0
0001110010 0.0341797 -3.14159
0001110011 0.0119705 0
0001110100 0.000850677 0
0001110101 0.00328827 -3.14159
0001110110 0.0230255 -3.14159
0001110111 0.0264587 -3.14159
0001111000 0.00578308 0
0001111001 0.0464172 -3.14159
0001111010 0.030838 0
0001111011 0.0217743 0
0001111100 0.031189 -3.14159
0001111101 0.0376282 0
0001111110 0.00283623 0
0001111111 0.0432739 0
0010000000 0.00930786 0
0010000001 0.00928497 0
0010000010 0.00497818 -3.14159
0010000011 0.0157471 -3.14159
0010000100 0.0251465 -3.14159
0010000101 0.0276642 -3.14159
0010000110 0.0309906 -3.14159
0010000111 0.0765991 -3.14159
0010001000 0.0239716 -3.14159
0010001001 0.0115585 0
0010001010 0.00479126 0
0010001011 0.0234985 -3.14159
0010001100 0.0200348 -3.14159
0010001101 0.0511475 -3.14159
0010001110 0.018692 0
0010001111 0.015419 -3.14159
0010010000 0.0714111 -3.14159
0010010001 0.0142365 -3.14159
0010010010 0.0314026 -3.14159
0010010011 0.0250854 -3.14159
0010010100 0.0247955 -3.14159
0010010101 0.0253601 -3.14159
0010010110 0.015686 0
0010010111 0.0141144 0
0010011000 0.0179443 0
0010011001 0.0431213 -3.14159
0010011010 0.0057106 0
0010011011 0.0348816 0
0010011100 0.0149918 0
0010011101 0.0513611 0
0010011110 0.00746155 -3.14159
0010011111 0.0210114 0
0010100000 0.0269318 -3.14159
0010100001 0.000751019 0
0010100010 0.0640869 -3.14159
0010100011 0.00845337 -3.14159
0010100100 0.00826263 -3.14159
0010100101 0.0170593 -3.14159
0010100110 0.039093 0
0010100111 0.0173798 0
0010101000 0.0139999 0
0010101001 0.00434875 0
0010101010 0.0470886 -3.14159
0010101011 0.0274506 -3.14159
0010101100 0.0408936 -3.14159
0010101101 0.0589905 0
0010101110 0.0117264 -3.14159
0010101111 0.000622749 -3.14159
0010110000 0.00696945 0
0010110001 0.00233459 0
0010110010 0.00300217 0
0010110011 0.0192108 -3.14159
0010110100 0.0284271 0
0010110101 0.00830841 0
0010110110 0.0153656 0
0010110111 0.013649 -3.14159
0010111000 0.00412369 -3.14159
0010111001 0.00444794 -3.14159
0010111010 0.00369644 -3.14159
0010111011 0.0260925 0
0010111100 0.0142365 -3.14159
0010111101 0.0299225 -3.14159
0010111110 0.0355225 0
0010111111 0.0023365 0
0011000000 0.0392456 -3.14159
0011000001 0.0207367 0
0011000010 0.0447083 0
0011000011 0.0205536 0
0011000100 0.0166931 -3.14159
0011000101 0.0183716 -3.14159
0011000110 0.00203705 -3.14159
0011000111 0.0303497 -3.14159
0011001000 0.0443115 0
0011001001 0.0176849 0
0011001010 0.0288239 0
0011001011 0.0551758 -3.14159
0011001100 0.00150967 -3.14159
0011001101 0.0325317 -3.14159
0011001110 0.115112 0
0011001111 0.00514984 -3.14159
0011010000 0.0213623 -3.14159
0011010001 0.000109911 0
0011010010 0.00474167 0
0011010011 0.0411377 -3.14159
0011010100 0.00831604 -3.14159
0011010101 0.0112457 -3.14159
0011010110 0.0022831 -3.14159
0011010111 0.0318604 0
0011011000 0.0144196 0
0011011001 0.0357971 -3.14159
0011011010 0.00509644 0
0011011011 0.00592041 -3.14159
0011011100 0.00150776 -3.14159
0011011101 0.0249786 -3.14159
0011011110 0.00717545 0
0011011111 0.0548401 0
0011100000 0.00563431 0
0011100001 0.0112686 -3.14159
0011100010 0.0164185 0
0011100011 0.0191498 -3.14159
0011100100 0.0289612 -3.14159
0011100101 0.0121918 0
0011100110 0.0152664 0
0011100111 0.0420227 0
0011101000 0.0305634 -3.14159
0011101001 0.00463486 0
0011101010 0.014061 0
0011101011 0.0276489 0
0011101100 0.024231 -3.14159
0011101101 0.0247955 0
0011101110 0.0419006 -3.14159
0011101111 0.0308533 -3.14159
0011110000 0.019165 -3.14159
0011110001 0.0415344 0
0011110010 0.0177917 0
0011110011 0.0324707 0
0011110100 0.032135 -3.14159
0011110101 0.0318298 0
0011110110 0.0285187 -3.14159
0011110111 0.0350647 0
0011111000 0.00306702 -3.14159
0011111001 0.0324707 -3.14159
0011111010 0.00840759 0
0011111011 0.026001 -3.14159
0011111100 0.0224609 -3.14159
0011111101 0.0231323 -3.14159
0011111110 0.01474 0
0011111111 0.00848389 0
0100000000 0.0087738 0
0100000001 0.0240173 -3.14159
0100000010 0.00218582 -3.14159
0100000011 0.0121002 0
0100000100 0.0639038 -3.14159
0100000101 0.0221863 0
0100000110 0.0334167 0
0100000111 0.0306396 -3.14159
0100001000 0.0339355 0
0100001001 0.0186005 0
0100001010 0.0143051 0
0100001011 0.0223999 -3.14159
0100001100 0.000545025 -3.14159
0100001101 0.0386353 -3.14159
0100001110 0.0187531 0
0100001111 0.0137177 -3.14159
0100010000 0.0298462 0
0100010001 0.0743408 -3.14159
0100010010 0.00762939 0
0100010011 0.0162811 -3.14159
0100010100 0.0749512 -3.14159
0100010101 0.059082 -3.14159
0100010110 0.015274 0
0100010111 0.0414124 -3.14159
0100011000 0.0388489 -3.14159
0100011001 0.0382385 0
0100011010 0.0154266 -3.14159
0100011011 0.0116348 0
0100011100 0.0106735 -3.14159
0100011101 0.0067482 -3.14159
0100011110 0.0130844 0
0100011111 0.0173798 0
0100100000 0.0174408 0
0100100001 0.0640259 0
0100100010 0.0151978 -3.14159
0100100011 0.0397949 0
0100100100 0.0359497 0
0100100101 0.00391769 -3.14159
0100100110 0.0888672 0
0100100111 0.00974274 -3.14159
0100101000 0.0253906 0
0100101001 0.0427551 -3.14159
0100101010 0.0112762 -3.14159
0100101011 0.0562744 0
0100101100 0.00248528 -3.14159
0100101101 0.00664139 0
0100101110 0.000277996 -3.14159
0100101111 0.0291748 0
0100110000 0.0539856 0
0100110001 0.00428391 0
0100110010 0.00535583 0
0100110011 0.0588074 -3.14159
0100110100 0.0248718 0
0100110101 0.0239716 0
0100110110 0.0275116 -3.14159
0100110111 0.0213013 0
0100111000 0.0166626 0
0100111001 0.00843048 0
0100111010 0.00248718 0
0100111011 0.00296402 0
0100111100 0.0157623 -3.14159
0100111101 0.0144348 0
0100111110 0.0143433 0
0100111111 0.0115509 0
0101000000 0.00613403 0
0101000001 0.0179443 -3.14159
0101000010 0.0533142 -3.14159
0101000011 0.0222015 -3.14159
0101000100 0.000622272 0
0101000101 0.0626221 0
0101000110 0.00692749 -3.14159
0101000111 0.024826 0
0101001000 0.0138168 -3.14159
0101001001 0.0542908 -3.14159
0101001010 0.0111465 -3.14159
0101001011 0.0316772 0
0101001100 0.00444794 -3.14159
0101001101 0.00847626 -3.14159
0101001110 0.00318909 -3.14159
0101001111 0.0163879 0
0101010000 0.00992584 -3.14159
0101010001 0.00479889 0
0101010010 0.0126877 -3.14159
0101010011 0.00568771 -3.14159
0101010100 0.0319519 -3.14159
0101010101 0.0195465 0
0101010110 0.0206604 -3.14159
0101010111 0.0362244 0
0101011000 0.0155182 0
0101011001 0.0285492 0
0101011010 0.00327301 0
0101011011 0.0153351 -3.14159
0101011100 0.0108566 0
0101011101 0.0246124 0
0101011110 0.0334473 -3.14159
0101011111 0.00904083 0
0101100000 0.0247498 -3.14159
0101100001 0.0150604 -3.14159
0101100010 0.0150146 0
0101100011 0.040863 -3.14159
0101100100 0.0252533 -3.14159
0101100101 0.00244522 -3.14159
0101100110 0.02771 -3.14159
0101100111 0.0220795 0
0101101000 0.0335999 0
0101101001 0.0148392 -3.14159
0101101010 0.0643921 -3.14159
0101101011 0.0116425 -3.14159
0101101100 0.015419 0
0101101101 0.0410461 0
0101101110 0.0435181 -3.14159
0101101111 0.0444031 -3.14159
0101110000 0.0224762 0
0101110001 0.0214996 -3.14159
0101110010 0.0324707 -3.14159
0101110011 0.00794983 0
0101110100 0.00711823 -3.14159
0101110101 0.0158691 -3.14159
0101110110 0.0370789 -3.14159
0101110111 0.0195923 0
0101111000 0.0345459 -3.14159
0101111001 8.76188e-05 -3.14159
0101111010 0.018692 -3.14159
0101111011 0.00777817 0
0101111100 0.0251923 0
0101111101 0.0216217 -3.14159
0101111110 0.0103836 0
0101111111 0.0404663 0
0110000000 0.0375977 -3.14159
0110000001 0.0363159 -3.14159
0110000010 0.000828266 -3.14159
0110000011 0.0360107 0
0110000100 0.00450516 0
0110000101 0.000199795 -3.14159
0110000110 0.026001 0
0110000111 0.0368347 -3.14159
0110001000 0.00611496 -3.14159
0110001001 0.031311 0
0110001010 0.0354614 0
0110001011 0.0349426 -3.14159
0110001100 0.0127716 0
0110001101 0.0411377 -3.14159
0110001110 0.0252991 0
0110001111 0.0083313 -3.14159
0110010000 0.0404358 0
0110010001 0.0345459 -3.14159
0110010010 0.052063 0
0110010011 0.0202332 0
0110010100 0.0120087 -3.14159
0110010101 0.0618286 -3.14159
0110010110 0.0487976 0
0110010111 0.0597839 0
0110011000 0.0129013 -3.14159
0110011001 0.0921631 -3.14159
0110011010 0.0120316 -3.14159
0110011011 0.00201988 0
0110011100 0.0110626 0
0110011101 0.0413208 -3.14159
0110011110 0.000168443 -3.14159
0110011111 0.0441589 0
0110100000 0.0118408 0
0110100001 0.00190544 0
0110100010 0.000920773 -3.14159
0110100011 0.0227661 0
0110100100 0.0113144 -3.14159
0110100101 0.061676 0
0110100110 0.00292397 -3.14159
0110100111 0.0493164 0
0110101000 0.0344849 -3.14159
0110101001 0.0236053 0
0110101010 0.0271606 0
0110101011 0.0188141 0
0110101100 0.0396118 -3.14159
0110101101 0.00404739 0
0110101110 0.0322876 0
0110101111 0.0117798 -3.14159
0110110000 0.0121536 0
0110110001 0.0654907 0
0110110010 0.0189819 0
0110110011 0.029541 0
0110110100 0.00119114 0
0110110101 0.0455017 0
0110110110 0.0121841 0
0110110111 0.0447083 -3.14159
0110111000 0.058136 -3.14159
0110111001 0.0361023 0
0110111010 0.000503063 0
0110111011 0.0865479 0
0110111100 0.0286255 -3.14159
0110111101 0.0479736 -3.14159
0110111110 0.0266418 0
0110111111 0.0091095 -3.14159
0111000000 0.0018568 0
0111000001 0.0072403 -3.14159
0111000010 0.00447464 0
0111000011 0.0297394 -3.14159
0111000100 0.00606918 -3.14159
0111000101 0.0434265 -3.14159
0111000110 0.0111313 -3.14159
0111000111 0.0569763 -3.14159
0111001000 0.0260315 0
0111001001 0.0108871 -3.14159
0111001010 0.0147018 0
0111001011 0.0168152 0
0111001100 0.00214767 0
0111001101 0.032135 -3.14159
0111001110 0.0490417 0
0111001111 0.0185394 -3.14159
0111010000 0.00183773 0
0111010001 0.00925446 -3.14159
0111010010 0.0473938 0
0111010011 0.0536194 0
0111010100 0.00492859 0
0111010101 0.00186825 0
0111010110 0.0517578 0
0111010111 0.0122681 0
0111011000 0.00518036 -3.14159
0111011001 0.000139832 0
0111011010 0.00135517 -3.14159
0111011011 0.0206909 -3.14159
0111011100 0.011795 0
0111011101 0.0157166 -3.14159
0111011110 0.0431519 -3.14159
0111011111 0.0149841 -3.14159
0111100000 0.0208588 0
0111100001 0.00236511 0
0111100010 0.00537872 -3.14159
0111100011 0.0252991 -3.14159
0111100100 0.0140991 -3.14159
0111100101 0.0187378 0
0111100110 0.0147476 -3.14159
0111100111 0.00744247 -3.14159
0111101000 0.045105 -3.14159
0111101001 0.0167999 0
0111101010 0.0215912 0
0111101011 0.0205994 0
0111101100 0.021698 -3.14159
0111101101 0.0657959 -3.14159
0111101110 0.0328674 0
0111101111 0.0147324 0
0111110000 0.000784874 0
0111110001 0.00831604 -3.14159
0111110010 0.0542908 -3.14159
0111110011 0.0232697 -3.14159
0111110100 0.048645 -3.14159
0111110101 0.0196838 -3.14159
0111110110 0.00487137 -3.14159
0111110111 0.00315475 0
0111111000 0.0109482 0
0111111001 0.0283356 0
0111111010 0.0819702 -3.14159
0111111011 0.0371704 -3.14159
0111111100 0.0242462 -3.14159
0111111101 0.0136032 0
0111111110 0.0155106 -3.14159
0111111111 0.0134048 0
1000000000 0.0192719 -3.14159
1000000001 0.026947 -3.14159
1000000010 0.0140762 -3.14159
1000000011 0.0370178 0
1000000100 0.0222473 0
1000000101 0.0312805 -3.14159
1000000110 0.00526428 -3.14159
1000000111 0.00845337 0
1000001000 0.0155792 -3.14159
1000001001 0.0482483 0
1000001010 0.00123405 -3.14159
1000001011 0.0101166 0
1000001100 0.04422 -3.14159
1000001101 0.0225677 -3.14159
1000001110 0.0108566 0
1000001111 0.00127316 -3.14159
1000010000 0.00503159 -3.14159
1000010001 0.00962067 0
1000010010 0.031311 -3.14159
1000010011 0.00272179 -3.14159
1000010100 0.0565491 0
1000010101 0.0371399 -3.14159
1000010110 0.032959 0
1000010111 0.0235901 0
1000011000 0.0417175 0
1000011001 0.0817261 -3.14159
1000011010 0.0166931 0
1000011011 0.0428772 0
1000011100 0.012291 0
1000011101 0.0284424 0
1000011110 0.00919342 0
1000011111 0.00112438 -3.14159
1000100000 0.0204926 -3.14159
1000100001 0.0218964 0
1000100010 0.00211906 0
1000100011 0.031189 0
1000100100 0.0305481 -3.14159
1000100101 0.0362549 -3.14159
1000100110 0.0243073 -3.14159
1000100111 0.0266113 -3.14159
1000101000 0.0102768 -3.14159
1000101001 0.0103989 0
1000101010 0.016983 0
1000101011 0.040863 0
1000101100 0.00758743 -3.14159
1000101101 0.0415955 -3.14159
1000101110 0.0365906 -3.14159
1000101111 0.0245361 -3.14159
1000110000 0.00843811 -3.14159
1000110001 0.0069313 -3.14159
1000110010 0.00980377 0
1000110011 0.00774384 -3.14159
1000110100 0.00657654 -3.14159
1000110101 0.00224686 0
1000110110 0.0140076 0
1000110111 0.0469055 0
1000111000 0.0822754 -3.14159
1000111001 0.0161743 0
1000111010 0.00538635 -3.14159
1000111011 0.0158386 0
1000111100 0.0165558 0
1000111101 0.0172119 0
1000111110 0.0362244 0
1000111111 0.00935364 0
1001000000 0.0199432 0
1001000001 0.0312805 -3.14159
1001000010 0.0112 -3.14159
1001000011 0.0041275 0
1001000100 0.016098 -3.14159
1001000101 0.0233154 0
1001000110 0.017334 -3.14159
1001000111 0.0452881 -3.14159
1001001000 0.0468445 0
1001001001 0.0300446 -3.14159
1001001010 0.00374985 -3.14159
1001001011 0.0141678 0
1001001100 0.0349426 0
1001001101 0.0147095 -3.14159
1001001110 0.0190277 0
1001001111 0.0509033 -3.14159
1001010000 0.0494995 0
1001010001 0.0145569 0
1001010010 0.0709229 -3.14159
1001010011 0.0405884 -3.14159
1001010100 0.00875854 0
1001010101 0.00248146 -3.14159
1001010110 0.000633717 -3.14159
1001010111 0.0453796 0
1001011000 0.0489197 -3.14159
1001011001 0.0187073 0
1001011010 0.015976 0
1001011011 0.0186615 -3.14159
1001011100 0.00613403 -3.14159
1001011101 0.0349121 0
1001011110 0.037262 0
1001011111 0.00226974 0
1001100000 0.0222015 -3.14159
1001100001 0.0273438 0
1001100010 0.0013113 -3.14159
1001100011 0.00110435 -3.14159
1001100100 0.0297394 -3.14159
1001100101 0.0101852 0
1001100110 0.000828266 0
1001100111 0.0896606 0
1001101000 0.0361023 0
1001101001 0.0266418 -3.14159
1001101010 0.0168304 0
1001101011 0.00352859 -3.14159
1001101100 0.011055 0
1001101101 0.0483093 0
1001101110 0.026001 0
1001101111 0.0693359 0
1001110000 0.0295563 0
1001110001 0.0489197 -3.14159
1001110010 0.00689697 -3.14159
1001110011 0.0213318 0
1001110100 0.0202026 -3.14159
1001110101 0.0341797 0
1001110110 0.0549622 0
1001110111 0.0171356 -3.14159
1001111000 0.0131531 0
1001111001 0.0136337 -3.14159
1001111010 0.0296173 0
1001111011 0.0254974 -3.14159
1001111100 0.000288486 -3.14159
1001111101 0.00721741 -3.14159
1001111110 0.0271759 -3.14159
1001111111 0.00934601 -3.14159
1010000000 0.0139313 -3.14159
1010000001 0.0255127 -3.14159
1010000010 0.0393982 -3.14159
1010000011 0.0409546 -3.14159
1010000100 0.0131607 -3.14159
1010000101 0.0443726 0
1010000110 0.036438 0
1010000111 0.0450134 -3.14159
1010001000 0.0378723 -3.14159
1010001001 0.0742188 0
1010001010 0.0217285 -3.14159
1010001011 0.000349283 -3.14159
1010001100 0.0253601 0
1010001101 0.0158844 0
1010001110 0.0137405 -3.14159
1010001111 0.00272751 0
1010010000 0.0230408 0
1010010001 0.0521851 -3.14159
1010010010 0.038147 -3.14159
1010010011 0.00340843 -3.14159
1010010100 0.0232697 -3.14159
1010010101 0.0101852 -3.14159
1010010110 0.0179443 -3.14159
1010010111 0.00336838 0
1010011000 0.0116348 0
1010011001 0.0673828 0
1010011010 0.00680923 -3.14159
1010011011 0.00707626 0
1010011100 0.0125198 -3.14159
1010011101 0.045105 0
1010011110 0.000908852 0
1010011111 0.0063591 0
1010100000 0.0184021 -3.14159
1010100001 0.0258942 0
1010100010 0.0150909 -3.14159
1010100011 0.0398254 -3.14159
1010100100 0.0284729 -3.14159
1010100101 0.0414124 0
1010100110 0.000357866 -3.14159
1010100111 0.0218658 0
1010101000 0.0185089 -3.14159
1010101001 0.0133514 0
1010101010 0.00444031 0
1010101011 0.107239 0
1010101100 0.0330811 0
1010101101 0.00663376 0
1010101110 0.0112686 -3.14159
1010101111 0.0158539 -3.14159
1010110000 0.0674438 0
1010110001 0.0543518 -3.14159
1010110010 0.0119705 -3.14159
1010110011 0.0155792 0
1010110100 0.00840759 -3.14159
1010110101 0.0205841 0
1010110110 0.000468731 0
1010110111 0.0197601 -3.14159
1010111000 0.0129318 -3.14159
1010111001 0.0309143 0
1010111010 0.0537415 -3.14159
1010111011 0.0156708 0
1010111100 0.0311737 -3.14159
1010111101 0.0209503 0
1010111110 0.046814 -3.14159
1010111111 0.0304565 -3.14159
1011000000 0.0278778 0
1011000001 0.0147171 -3.14159
1011000010 0.00710678 0
1011000011 0.0039444 -3.14159
1011000100 0.02742 0
1011000101 0.041626 0
1011000110 0.0343323 -3.14159
1011000111 0.00460815 -3.14159
1011001000 0.0504761 -3.14159
1011001001 0.00900269 0
1011001010 0.00372887 0
1011001011 0.00997925 0
1011001100 0.00110722 -3.14159
1011001101 0.0254364 0
1011001110 0.0251617 -3.14159
1011001111 0.0354614 -3.14159
1011010000 0.026001 0
1011010001 0.0452576 -3.14159
1011010010 0.0114059 0
1011010011 0.00787354 -3.14159
1011010100 0.00576019 0
1011010101 0.067688 -3.14159
1011010110 0.0214996 -3.14159
1011010111 0.0379944 -3.14159
1011011000 0.0101547 -3.14159
1011011001 0.0227203 0
1011011010 0.014679 -3.14159
1011011011 0.00867462 -3.14159
1011011100 0.0365295 -3.14159
1011011101 0.0230255 0
1011011110 0.0369568 -3.14159
1011011111 0.0333557 -3.14159
1011100000 0.000684738 -3.14159
1011100001 0.00395584 0
1011100010 0.0103989 0
1011100011 0.0626221 0
1011100100 0.0750122 0
1011100101 0.0106506 0
1011100110 0.00579071 0
1011100111 0.00281334 0
1011101000 0.0460815 0
1011101001 0.03302 -3.14159
1011101010 0.0128555 0
1011101011 0.0213623 -3.14159
1011101100 0.0129395 0
1011101101 0.0275116 -3.14159
1011101110 0.0422668 0
1011101111 0.108215 0
1011110000 0.00361443 0
1011110001 0.0182953 -3.14159
1011110010 0.000216007 0
1011110011 0.0118332 -3.14159
1011110100 0.0150604 -3.14159
1011110101 0.0317993 0
1011110110 0.0543213 -3.14159
1011110111 0.0193329 -3.14159
1011111000 0.0166626 0
1011111001 0.0410461 -3.14159
1011111010 0.00179482 0
1011111011 0.0153198 -3.14159
1011111100 0.0792236 0
1011111101 0.0398254 0
1011111110 0.0632324 0
1011111111 0.00580978 0
1100000000 0.0290375 -3.14159
1100000001 0.0329285 0
1100000010 0.00704575 -3.14159
1100000011 0.00397491 -3.14159
1100000100 0.0259399 -3.14159
1100000101 0.0161285 0
1100000110 0.00327301 -3.14159
1100000111 0.012825 0
1100001000 0.00818634 -3.14159
1100001001 0.00181293 -3.14159
1100001010 0.0089035 0
1100001011 0.0151596 -3.14159
1100001100 0.013443 0
1100001101 0.00891113 -3.14159
1100001110 0.012764 0
1100001111 0.00463486 0
1100010000 0.0684204 0
1100010001 0.0126114 0
1100010010 0.00650406 0
1100010011 0.0707397 -3.14159
1100010100 0.0135651 0
1100010101 0.0314026 -3.14159
1100010110 0.0249634 -3.14159
1100010111 0.0618286 0
1100011000 0.0520325 -3.14159
1100011001 0.0098877 -3.14159
1100011010 0.00668335 -3.14159
1100011011 0.0223846 0
1100011100 0.0223999 -3.14159
1100011101 0.0271606 0
1100011110 0.00964355 -3.14159
1100011111 0.0205536 -3.14159
1100100000 0.0128937 0
1100100001 0.0401917 -3.14159
1100100010 0.0205841 0
1100100011 0.0200043 0
1100100100 0.0368958 0
1100100101 0.0587769 -3.14159
1100100110 0.0111389 -3.14159
1100100111 0.00173092 0
1100101000 0.0203857 -3.14159
1100101001 0.0380859 0
1100101010 0.0181427 0
1100101011 0.0397034 0
1100101100 0.0357361 -3.14159
1100101101 0.0341492 -3.14159
1100101110 0.081665 0
1100101111 0.00327301 -3.14159
1100110000 0.00179482 0
1100110001 0.00607681 0
1100110010 0.0417175 0
1100110011 0.0271301 -3.14159
1100110100 0.00603104 -3.14159
1100110101 0.0137253 0
1100110110 0.0649414 0
1100110111 0.00766754 -3.14159
1100111000 0.00939941 -3.14159
1100111001 0.010704 0
1100111010 0.0108948 -3.14159
1100111011 0.0470581 -3.14159
1100111100 0.0318604 -3.14159
1100111101 0.0274963 -3.14159
1100111110 0.0360413 -3.14159
1100111111 0.0316772 -3.14159
1101000000 0.0690918 0
1101000001 0.0184326 -3.14159
1101000010 0.00544357 0
1101000011 0.0261536 -3.14159
1101000100 0.0205688 0
1101000101 0.0542908 0
1101000110 0.0369263 0
1101000111 0.00306702 -3.14159
1101001000 0.0767212 0
1101001001 0.0212708 0
1101001010 0.00255203 0
1101001011 0.0054245 0
1101001100 0.0171204 0
1101001101 0.0324707 0
1101001110 0.00854492 0
1101001111 0.00455093 0
1101010000 0.00777817 0
1101010001 0.00976562 -3.14159
1101010010 0.022995 0
1101010011 0.0670776 0
1101010100 0.00905609 0
1101010101 0.0138626 -3.14159
1101010110 0.00418091 0
1101010111 0.0179138 0
1101011000 0.0135803 -3.14159
1101011001 0.0259399 0
1101011010 0.0417175 0
1101011011 0.0192871 -3.14159
1101011100 0.0210571 0
1101011101 0.0316467 0
1101011110 0.0254669 -3.14159
1101011111 0.048645 -3.14159
1101100000 0.00369453 0
1101100001 0.00400925 0
1101100010 0.0222015 -3.14159
1101100011 0.0283966 0
1101100100 0.0361023 -3.14159
1101100101 0.0568848 -3.14159
1101100110 0.00553894 -3.14159
1101100111 0.0261688 0
1101101000 0.0256042 0
1101101001 0.00451279 0
1101101010 0.0123672 0
1101101011 0.0160522 0
1101101100 0.0242615 -3.14159
1101101101 0.0210571 0
1101101110 0.0440979 0
1101101111 0.0499268 -3.14159
1101110000 0.0127487 -3.14159
1101110001 0.0283508 0
1101110010 0.0101166 -3.14159
1101110011 0.0313721 -3.14159
1101110100 0.0124512 -3.14159
1101110101 0.0322266 0
1101110110 0.0392151 -3.14159
1101110111 0.0558167 -3.14159
1101111000 0.0628662 -3.14159
1101111001 0.00593567 0
1101111010 0.00712204 0
1101111011 0.0132675 -3.14159
1101111100 0.0317993 0
1101111101 0.0321655 -3.14159
1101111110 0.021759 0
1101111111 0.0150909 -3.14159
1110000000 0.00603104 -3.14159
1110000001 0.00748062 0
1110000010 0.0726318 0
1110000011 0.03479 -3.14159
1110000100 0.0235596 -3.14159
1110000101 0.0202026 0
1110000110 0.034668 -3.14159
1110000111 0.0358276 0
1110001000 0.00893402 -3.14159
1110001001 0.00116539 0
1110001010 0.0178833 0
1110001011 0.00365067 0
1110001100 0.0175171 -3.14159
1110001101 0.0625 0
1110001110 0.000293016 0
1110001111 0.0365906 0
1110010000 0.0250244 -3.14159
1110010001 0.0155563 0
1110010010 0.0182648 -3.14159
1110010011 0.0525818 0
1110010100 0.0389099 -3.14159
1110010101 0.0442505 -3.14159
1110010110 0.0488281 0
1110010111 0.019455 -3.14159
1110011000 0.00362206 0
1110011001 0.00856781 -3.14159
1110011010 0.0247192 0
1110011011 0.0140076 -3.14159
1110011100 0.0249634 0
1110011101 0.0216217 -3.14159
1110011110 0.0085907 -3.14159
1110011111 0.0740356 0
1110100000 0.0317078 0
1110100001 0.0155869 -3.14159
1110100010 0.0462646 -3.14159
1110100011 0.0102997 -3.14159
1110100100 0.0119858 -3.14159
1110100101 0.0499268 0
1110100110 0.0396118 -3.14159
1110100111 0.0182648 0
1110101000 0.0216217 -3.14159
1110101001 0.0328979 0
1110101010 0.0306396 0
1110101011 0.00046277 -3.14159
1110101100 0.0313416 0
1110101101 0.00692368 0
1110101110 0.00346565 0
1110101111 0.0205536 -3.14159
1110110000 0.0243378 0
1110110001 0.0202332 -3.14159
1110110010 0.029541 -3.14159
1110110011 0.0700684 -3.14159
1110110100 0.00939178 -3.14159
1110110101 0.0622253 -3.14159
1110110110 0.0145264 0
1110110111 0.0284882 -3.14159
1110111000 0.0163116 -3.14159
1110111001 0.107483 -3.14159
1110111010 0.0554504 -3.14159
1110111011 0.00973511 0
1110111100 0.0348816 -3.14159
1110111101 0.0130386 0
1110111110 0.0155182 -3.14159
1110111111 0.0385437 -3.14159
1111000000 0.0215454 0
1111000001 0.0379028 -3.14159
1111000010 0.057312 0
1111000011 0.00109959 0
1111000100 0.0336914 -3.14159
1111000101 0.0285645 -3.14159
1111000110 0.0440674 0
1111000111 0.0206604 -3.14159
1111001000 0.0118484 -3.14159
1111001001 0.0286255 -3.14159
1111001010 0.0198212 0
1111001011 0.0230713 0
1111001100 0.0187073 -3.14159
1111001101 0.0243073 -3.14159
1111001110 0.0297546 0
1111001111 0.0975342 0
1111010000 0.00408936 -3.14159
1111010001 0.0327759 -3.14159
1111010010 0.0140381 -3.14159
1111010011 0.00423813 0
1111010100 0.0207977 0
1111010101 0.00730133 0
1111010110 0.00317001 -3.14159
1111010111 0.0352783 0
1111011000 0.0302124 0
1111011001 0.0209961 -3.14159
1111011010 0.0497742 -3.14159
1111011011 0.00799561 0
1111011100 0.00907135 0
1111011101 0.0258789 -3.14159
1111011110 0.0250854 -3.14159
1111011111 0.0119934 -3.14159
1111100000 0.0418091 0
1111100001 0.00393677 -3.14159
1111100010 0.0108261 0
1111100011 0.0716553 -3.14159
1111100100 0.0136566 0
1111100101 0.056366 -3.14159
1111100110 0.0337524 0
1111100111 0.00350761 -3.14159
1111101000 0.00164318 0
1111101001 0.0235291 0
1111101010 0.0301056 -3.14159
1111101011 0.0446777 -3.14159
1111101100 0.0817261 0
1111101101 0.0432739 -3.14159
1111101110 0.044281 0
1111101111 0.059967 0
1111110000 0.0391235 -3.14159
1111110001 0.0466919 0
1111110010 0.0056572 -3.14159
1111110011 0.0415344 -3.14159
1111110100 0.0375366 -3.14159
1111110101 0.0386353 0
1111110110 0.0569763 -3.14159
1111110111 0.0312347 0
1111111000 0.0617676 -3.14159
1111111001 0.0349731 -3.14159
1111111010 0.00442505 -3.14159
1111111011 0.0108109 -3.14159
1111111100 0.0388489 0
1111111101 0.0306244 0
1111111110 0.021347 0
1111111111 0.0119934 0
