0000000000 0.00959015 -3.14159
0000000001 0.0131149 0
0000000010 0.0220947 0
0000000011 0.00963593 -3.14159
0000000100 0.0285339 -3.14159
0000000101 0.0188141 0
0000000110 0.0220642 -3.14159
0000000111 0.0586548 -3.14159
0000001000 0.0226135 0
0000001001 0.0340576 0
0000001010 0.00939178 -3.14159
0000001011 0.0208588 -3.14159
0000001100 0.0250702 0
0000001101 0.00417709 -3.14159
0000001110 0.00906372 0
0000001111 0.00432205 -3.14159
0000010000 0.0151215 0
0000010001 0.00527573 0
0000010010 0.0312347 -3.14159
0000010011 0.0339966 -3.14159
0000010100 0.0168915 -3.14159
0000010101 0.0639038 -3.14159
0000010110 0.0449829 -3.14159
0000010111 0.00245285 -3.14159
0000011000 0.00313377 -3.14159
0000011001 0.0185394 0
0000011010 0.00553131 -3.14159
0000011011 0.0526733 0
0000011100 0.0118408 0
0000011101 0.00531387 -3.14159
0000011110 0.0481873 -3.14159
0000011111 0.0536499 0
0000100000 0.0861816 -3.14159
0000100001 0.0139999 -3.14159
0000100010 0.0787354 -3.14159
0000100011 0.0193481 0
0000100100 0.0094986 -3.14159
0000100101 0.0146027 0
0000100110 0.0187225 0
0000100111 0.00408173 -3.14159
0000101000 0.0238342 0
0000101001 0.0470581 0
0000101010 0.0257111 -3.14159
0000101011 0.0692139 0
0000101100 0.0205688 0
0000101101 0.00760269 0
0000101110 0.0147095 -3.14159
0000101111 0.0148315 0
0000110000 0.019989 0
0000110001 0.000741005 0
0000110010 0.00108337 0
0000110011 0.00391769 0
0000110100 0.0650024 -3.14159
0000110101 0.0180817 0
0000110110 0.0287323 0
0000110111 0.00383186 0
0000111000 0.00799561 -3.14159
0000111001 0.0389099 -3.14159
0000111010 0.00713348 -3.14159
0000111011 0.0176697 0
0000111100 0.00995636 0
0000111101 0.0567627 0
0000111110 0.00473022 0
0000111111 0.00111485 0
0001000000 0.0171814 0
0001000001 0.0228882 -3.14159
0001000010 0.00930023 -3.14159
0001000011 0.0232391 -3.14159
0001000100 0.0122299 -3.14159
0001000101 0.0142136 0
0001000110 0.0182037 0
0001000111 0.00230217 0
0001001000 0.0634766 -3.14159
0001001001 0.00109196 0
0001001010 0.00952148 -3.14159
0001001011 0.0391235 -3.14159
0001001100 0.0165405 0
0001001101 0.0523682 -3.14159
0001001110 0.0392761 0
0001001111 0.0260773 0
0001010000 0.0220337 0
0001010001 0.00403214 0
0001010010 0.0787964 0
0001010011 0.0161133 0
0001010100 0.0248413 -3.14159
0001010101 0.0305939 0
0001010110 0.00873566 -3.14159
0001010111 0.0400391 -3.14159
0001011000 0.0562439 0
0001011001 0.0513 0
0001011010 0.00691986 0
0001011011 0.0810547 -3.14159
0001011100 0.0419922 0
0001011101 0.00301361 -3.14159
0001011110 0.0544128 -3.14159
0001011111 0.0174713 -3.14159
0001100000 0.0800781 -3.14159
0001100001 0.0120697 0
0001100010 0.0283203 -3.14159
0001100011 0.0164032 0
0001100100 0.0458984 0
0001100101 0.03479 -3.14159
0001100110 0.0246887 0
0001100111 0.111633 0
0001101000 0.0464172 0
0001101001 0.00509644 0
0001101010 0.0226593 0
0001101011 0.00771713 -3.14159
0001101100 0.0523682 -3.14159
0001101101 0.0202484 -3.14159
0001101110 0.0541992 0
0001101111 0.00830078 -3.14159
0001110000 0.0548401 -3.14159
0001110001 0.0158997 0
0001110010 0.0563049 -3.14159
0001110011 0.004673 0
0001110100 0.0294495 0
0001110101 0.0128174 0
0001110110 0.0288544 -3.14159
0001110111 0.0222015 -3.14159
0001111000 0.0207367 -3.14159
0001111001 0.00652313 -3.14159
0001111010 0.00282478 -3.14159
0001111011 0.037384 0
0001111100 0.0281525 -3.14159
0001111101 0.0296021 0
0001111110 0.00884247 0
0001111111 0.027298 0
0010000000 0.00187874 -3.14159
0010000001 0.0272522 0
0010000010 0.0231018 -3.14159
0010000011 0.036438 -3.14159
0010000100 0.0157318 -3.14159
0010000101 0.00983429 -3.14159
0010000110 0.0177612 -3.14159
0010000111 0.0494995 -3.14159
0010001000 0.00413513 -3.14159
0010001001 0.00370598 0
0010001010 0.00440979 -3.14159
0010001011 0.0337524 -3.14159
0010001100 0.0337219 -3.14159
0010001101 0.0384827 -3.14159
0010001110 0.0223541 0
0010001111 0.00576019 -3.14159
0010010000 0.0788574 -3.14159
0010010001 0.029068 -3.14159
0010010010 0.0218201 -3.14159
0010010011 0.0299835 -3.14159
0010010100 0.0612183 -3.14159
0010010101 0.040741 -3.14159
0010010110 0.00921631 -3.14159
0010010111 0.00335312 0
0010011000 0.0135117 -3.14159
0010011001 0.037262 -3.14159
0010011010 0.00404739 0
0010011011 0.0529785 0
0010011100 0.0306244 0
0010011101 0.0430908 0
0010011110 0.00733566 0
0010011111 0.0184937 0
0010100000 0.0444031 -3.14159
0010100001 0.00823212 0
0010100010 0.0651245 -3.14159
0010100011 0.0218201 -3.14159
0010100100 0.000453234 0
0010100101 0.00982666 -3.14159
0010100110 0.0499268 0
0010100111 0.0683594 0
0010101000 0.0126419 -3.14159
0010101001 0.00814056 -3.14159
0010101010 0.0204926 -3.14159
0010101011 0.0261841 -3.14159
0010101100 0.0222931 -3.14159
0010101101 0.0779419 0
0010101110 0.0158386 0
0010101111 0.023819 0
0010110000 0.0203705 -3.14159
0010110001 0.0166779 0
0010110010 0.0103378 0
0010110011 0.0147934 -3.14159
0010110100 0.0319214 0
0010110101 0.0137405 0
0010110110 0.0206757 -3.14159
0010110111 0.0279083 -3.14159
0010111000 0.0345459 0
0010111001 0.0142441 -3.14159
0010111010 0.0291138 -3.14159
0010111011 0.0145111 0
0010111100 0.01828 -3.14159
0010111101 0.0162811 -3.14159
0010111110 0.000737667 -3.14159
0010111111 0.0065155 -3.14159
0011000000 0.00304794 -3.14159
0011000001 0.0246429 0
0011000010 0.052887 0
0011000011 0.0135727 0
0011000100 0.0115814 -3.14159
0011000101 0.0211792 0
0011000110 0.00661469 -3.14159
0011000111 0.00262833 -3.14159
0011001000 0.0295563 0
0011001001 0.0185547 0
0011001010 0.0363464 0
0011001011 0.0391541 -3.14159
0011001100 0.00610733 -3.14159
0011001101 0.034668 -3.14159
0011001110 0.093689 0
0011001111 0.014183 0
0011010000 0.00261688 0
0011010001 0.00569153 0
0011010010 0.0205231 -3.14159
0011010011 0.0186005 -3.14159
0011010100 0.00501633 -3.14159
0011010101 0.0346069 -3.14159
0011010110 0.0205688 -3.14159
0011010111 0.0184174 0
0011011000 0.012352 -3.14159
0011011001 0.0053215 0
0011011010 0.00238037 0
0011011011 0.0122299 -3.14159
0011011100 0.0123444 -3.14159
0011011101 0.0245361 -3.14159
0011011110 0.0218811 0
0011011111 0.0579224 0
0011100000 0.0429993 0
0011100001 0.00303841 -3.14159
0011100010 0.00359726 -3.14159
0011100011 0.0109787 0
0011100100 0.013443 -3.14159
0011100101 0.0142975 0
0011100110 0.0135651 0
0011100111 0.0356445 0
0011101000 0.0379944 -3.14159
0011101001 0.00981903 0
0011101010 0.0410461 0
0011101011 0.0211029 0
0011101100 0.0131378 -3.14159
0011101101 0.000657558 -3.14159
0011101110 0.0519409 -3.14159
0011101111 0.0325623 -3.14159
0011110000 0.001297 0
0011110001 0.0395508 0
0011110010 0.0230255 0
0011110011 0.0363464 0
0011110100 0.0363464 -3.14159
0011110101 0.0162201 0
0011110110 0.0655518 -3.14159
0011110111 0.0268097 0
0011111000 0.0213776 0
0011111001 0.0456238 -3.14159
0011111010 0.00731659 0
0011111011 0.0419617 -3.14159
0011111100 0.0045929 -3.14159
0011111101 0.00378609 0
0011111110 0.0240631 0
0011111111 0.000640392 -3.14159
0100000000 0.024353 0
0100000001 0.0102844 -3.14159
0100000010 0.00937653 -3.14159
0100000011 0.00556183 0
0100000100 0.0778198 -3.14159
0100000101 0.00365257 0
0100000110 0.0466309 0
0100000111 0.0453491 -3.14159
0100001000 0.0190125 0
0100001001 0.0148163 0
0100001010 0.014534 -3.14159
0100001011 0.01651 -3.14159
0100001100 0.00344849 -3.14159
0100001101 0.0188141 -3.14159
0100001110 0.00605011 0
0100001111 0.0108719 0
0100010000 0.023407 0
0100010001 0.0808105 -3.14159
0100010010 0.00848389 0
0100010011 0.015686 0
0100010100 0.0637207 -3.14159
0100010101 0.0437012 -3.14159
0100010110 0.0371399 0
0100010111 0.034729 -3.14159
0100011000 0.0115128 -3.14159
0100011001 0.0360718 0
0100011010 0.0189209 -3.14159
0100011011 0.0253143 0
0100011100 0.013649 -3.14159
0100011101 0.0301361 -3.14159
0100011110 0.0214539 0
0100011111 0.0154419 -3.14159
0100100000 0.00312614 0
0100100001 0.061676 0
0100100010 0.00281334 0
0100100011 0.0280457 0
0100100100 0.009552 -3.14159
0100100101 0.0210724 -3.14159
0100100110 0.11322 0
0100100111 0.0305176 -3.14159
0100101000 0.043396 0
0100101001 0.0426636 -3.14159
0100101010 0.0120239 -3.14159
0100101011 0.0620728 0
0100101100 0.0275269 -3.14159
0100101101 0.0134735 -3.14159
0100101110 0.0384521 -3.14159
0100101111 0.035553 0
0100110000 0.0463867 0
0100110001 0.0168762 -3.14159
0100110010 0.025116 0
0100110011 0.0534058 -3.14159
0100110100 0.0515137 0
0100110101 0.00942993 0
0100110110 0.0167542 0
0100110111 0.026123 0
0100111000 0.00416565 0
0100111001 0.0261993 0
0100111010 0.00436783 0
0100111011 0.0105438 0
0100111100 0.00153255 -3.14159
0100111101 0.00930023 0
0100111110 0.0179901 0
0100111111 0.0119705 -3.14159
0101000000 0.0135117 0
0101000001 0.0146713 -3.14159
0101000010 0.0509033 -3.14159
0101000011 0.0248108 -3.14159
0101000100 0.00505829 0
0101000101 0.0419006 0
0101000110 0.00479126 -3.14159
0101000111 0.0384827 0
0101001000 0.0355835 -3.14159
0101001001 0.0487061 -3.14159
0101001010 0.0117493 0
0101001011 0.00476837 0
0101001100 0.0207214 -3.14159
0101001101 0.00649261 -3.14159
0101001110 0.0013485 0
0101001111 0.027832 0
0101010000 0.00470734 0
0101010001 0.0135117 0
0101010010 0.0304413 -3.14159
0101010011 0.00952911 -3.14159
0101010100 0.0309143 -3.14159
0101010101 0.0282593 0
0101010110 0.0357666 -3.14159
0101010111 0.0286865 0
0101011000 0.0287476 0
0101011001 0.0199585 0
0101011010 0.00949097 0
0101011011 0.00181961 0
0101011100 0.0362549 0
0101011101 0.00421524 -3.14159
0101011110 0.0390015 -3.14159
0101011111 0.00895691 0
0101100000 0.0413513 -3.14159
0101100001 0.0255585 -3.14159
0101100010 0.014801 0
0101100011 0.0101242 -3.14159
0101100100 0.0187988 -3.14159
0101100101 0.00312424 -3.14159
0101100110 0.0390015 -3.14159
0101100111 0.0111771 0
0101101000 0.0209198 0
0101101001 0.0163879 -3.14159
0101101010 0.0684814 -3.14159
0101101011 0.00476456 -3.14159
0101101100 0.0292816 0
0101101101 0.0216827 0
0101101110 0.0362854 -3.14159
0101101111 0.0258636 -3.14159
0101110000 0.025589 0
0101110001 0.0488281 -3.14159
0101110010 0.0627441 -3.14159
0101110011 0.0386658 0
0101110100 0.00970459 0
0101110101 0.000819683 0
0101110110 0.018631 -3.14159
0101110111 0.0114212 0
0101111000 0.0289612 -3.14159
0101111001 0.00788879 0
0101111010 0.0155258 -3.14159
0101111011 0.0248871 -3.14159
0101111100 0.0383911 0
0101111101 0.00404358 -3.14159
0101111110 0.029007 0
0101111111 0.0355835 0
0110000000 0.0230408 -3.14159
0110000001 0.0362549 -3.14159
0110000010 0.00850677 0
0110000011 0.0210266 0
0110000100 0.0186157 -3.14159
0110000101 0.00198746 -3.14159
0110000110 0.0137329 0
0110000111 0.0802612 -3.14159
0110001000 0.00070858 0
0110001001 0.0304871 0
0110001010 0.0344543 0
0110001011 0.0601196 -3.14159
0110001100 0.0473633 0
0110001101 0.0474243 -3.14159
0110001110 0.0297394 0
0110001111 0.0243073 0
0110010000 0.0411072 0
0110010001 0.0101166 -3.14159
0110010010 0.0327759 0
0110010011 0.0198669 0
0110010100 0.0160217 -3.14159
0110010101 0.0682983 -3.14159
0110010110 0.0405884 0
0110010111 0.0105896 0
0110011000 0.022995 -3.14159
0110011001 0.103821 -3.14159
0110011010 0.007267 0
0110011011 0.00623703 -3.14159
0110011100 0.0130997 0
0110011101 0.0166016 -3.14159
0110011110 0.0222015 -3.14159
0110011111 0.0413208 0
0110100000 0.0245972 0
0110100001 0.0230408 -3.14159
0110100010 0.0165558 0
0110100011 0.00735474 0
0110100100 0.00266457 -3.14159
0110100101 0.10022 0
0110100110 0.00696182 -3.14159
0110100111 0.0546265 0
0110101000 0.0257416 -3.14159
0110101001 0.0207367 0
0110101010 0.032959 0
0110101011 0.0372314 0
0110101100 0.0584717 -3.14159
0110101101 0.0044632 0
0110101110 0.0456543 0
0110101111 0.0115433 -3.14159
0110110000 0.0160065 0
0110110001 0.0433655 0
0110110010 0.0107727 -3.14159
0110110011 0.0261993 0
0110110100 0.00332069 -3.14159
0110110101 0.0613098 0
0110110110 0.0271454 0
0110110111 0.0372925 -3.14159
0110111000 0.0509033 -3.14159
0110111001 0.00144672 -3.14159
0110111010 0.012619 -3.14159
0110111011 0.10498 0
0110111100 0.0429688 -3.14159
0110111101 0.0653076 -3.14159
0110111110 0.00630188 0
0110111111 0.026947 0
0111000000 0.0296631 0
0111000001 0.000534058 0
0111000010 0.0446167 0
0111000011 0.00558472 -3.14159
0111000100 0.0171356 0
0111000101 0.0431519 -3.14159
0111000110 0.00601578 0
0111000111 0.0378113 -3.14159
0111001000 0.0153809 0
0111001001 0.0231018 -3.14159
0111001010 0.0397339 0
0111001011 0.0277405 0
0111001100 0.0201569 -3.14159
0111001101 0.0468445 -3.14159
0111001110 0.0356445 0
0111001111 0.0253143 0
0111010000 0.0309753 -3.14159
0111010001 0.00706863 -3.14159
0111010010 0.0430298 0
0111010011 0.0103607 0
0111010100 0.0428772 -3.14159
0111010101 0.00956726 -3.14159
0111010110 0.0731201 0
0111010111 0.0217133 0
0111011000 0.0183868 -3.14159
0111011001 0.0151367 -3.14159
0111011010 0.0177765 0
0111011011 0.01474 -3.14159
0111011100 0.00691605 0
0111011101 0.00950623 0
0111011110 0.0565491 -3.14159
0111011111 0.00839233 -3.14159
0111100000 0.0394287 0
0111100001 0.0170746 -3.14159
0111100010 0.00332451 -3.14159
0111100011 0.0231628 -3.14159
0111100100 0.0134125 0
0111100101 0.0460815 0
0111100110 0.00775909 -3.14159
0111100111 0.0172424 -3.14159
0111101000 0.025177 -3.14159
0111101001 0.0325012 0
0111101010 0.00302696 0
0111101011 0.0107498 -3.14159
0111101100 0.0105362 -3.14159
0111101101 0.0580139 -3.14159
0111101110 0.0198212 0
0111101111 0.0542603 0
0111110000 0.014801 -3.14159
0111110001 0.0160065 0
0111110010 0.0339966 -3.14159
0111110011 0.00800323 0
0111110100 0.0212097 -3.14159
0111110101 0.0321045 -3.14159
0111110110 0.00991821 -3.14159
0111110111 0.0113068 0
0111111000 0.00239754 0
0111111001 0.0594788 0
0111111010 0.065918 -3.14159
0111111011 0.0603638 -3.14159
0111111100 0.0238495 -3.14159
0111111101 0.02742 0
0111111110 0.016449 -3.14159
0111111111 0.0019722 -3.14159
1000000000 0.00543594 -3.14159
1000000001 0.012558 -3.14159
1000000010 0.00796509 0
1000000011 0.0242462 0
1000000100 0.0192108 0
1000000101 0.0164642 -3.14159
1000000110 0.00932312 -3.14159
1000000111 0.0152588 0
1000001000 0.0253296 -3.14159
1000001001 0.0111237 0
1000001010 0.0238342 -3.14159
1000001011 0.0111237 -3.14159
1000001100 0.0398254 -3.14159
1000001101 0.0339355 -3.14159
1000001110 0.0121002 0
1000001111 0.0109558 -3.14159
1000010000 0.00761032 -3.14159
1000010001 0.0152588 0
1000010010 0.00265121 -3.14159
1000010011 0.00325203 0
1000010100 0.0561829 0
1000010101 0.00901794 -3.14159
1000010110 0.000896931 -3.14159
1000010111 0.0171051 0
1000011000 0.0230865 0
1000011001 0.0408936 -3.14159
1000011010 0.032074 0
1000011011 0.00106716 -3.14159
1000011100 0.012001 0
1000011101 0.0589905 0
1000011110 0.00105095 0
1000011111 0.00933838 -3.14159
1000100000 0.0243683 -3.14159
1000100001 0.0291595 0
1000100010 0.0182495 -3.14159
1000100011 0.00247383 0
1000100100 0.0410767 -3.14159
1000100101 0.0287933 -3.14159
1000100110 0.0248108 -3.14159
1000100111 0.0110397 -3.14159
1000101000 0.00573349 0
1000101001 0.0299835 0
1000101010 0.00628281 0
1000101011 0.00317383 0
1000101100 0.0265045 -3.14159
1000101101 0.0449829 -3.14159
1000101110 0.0357666 -3.14159
1000101111 0.0254974 -3.14159
1000110000 0.00926208 -3.14159
1000110001 0.00611496 0
1000110010 0.0186157 0
1000110011 0.00111103 0
1000110100 0.00905609 -3.14159
1000110101 0.00640869 0
1000110110 0.00126076 -3.14159
1000110111 0.0047226 0
1000111000 0.0369568 -3.14159
1000111001 0.0142899 0
1000111010 0.0117798 -3.14159
1000111011 0.00708389 -3.14159
1000111100 0.00634766 0
1000111101 0.0163422 0
1000111110 0.0109177 0
1000111111 0.00539017 -3.14159
1001000000 0.0267029 -3.14159
1001000001 0.0317688 -3.14159
1001000010 0.00443649 0
1001000011 0.00419617 0
1001000100 0.011673 -3.14159
1001000101 0.0105972 -3.14159
1001000110 0.0159607 0
1001000111 0.0390015 -3.14159
1001001000 0.057251 0
1001001001 0.00875092 -3.14159
1001001010 0.00627518 0
1001001011 0.0301819 0
1001001100 0.00667953 0
1001001101 0.0120163 -3.14159
1001001110 0.00711823 0
1001001111 0.0246277 -3.14159
1001010000 0.0301819 0
1001010001 0.0258484 0
1001010010 0.0222321 -3.14159
1001010011 0.0353394 -3.14159
1001010100 0.00108337 -3.14159
1001010101 0.00510406 0
1001010110 0.00587463 0
1001010111 0.028595 0
1001011000 0.0224152 -3.14159
1001011001 0.00478363 -3.14159
1001011010 0.00683594 0
1001011011 0.00350571 0
1001011100 0.00733566 0
1001011101 0.0206757 0
1001011110 0.0108337 0
1001011111 0.0110397 0
1001100000 0.0206909 -3.14159
1001100001 0.0299072 0
1001100010 0.000748158 -3.14159
1001100011 0.0197601 0
1001100100 0.0332947 -3.14159
1001100101 0.00313187 0
1001100110 0.00371742 -3.14159
1001100111 0.0996094 0
1001101000 0.0276947 0
1001101001 0.0241089 -3.14159
1001101010 0.0161285 0
1001101011 0.00101376 -3.14159
1001101100 0.00648117 0
1001101101 0.0682373 0
1001101110 0.0112839 0
1001101111 0.0260925 0
1001110000 0.0278931 0
1001110001 0.0386963 -3.14159
1001110010 0.0249023 -3.14159
1001110011 0.0301666 0
1001110100 0.030014 -3.14159
1001110101 0.0424194 0
1001110110 0.0307159 0
1001110111 0.0189209 0
1001111000 0.0164337 0
1001111001 0.0011425 -3.14159
1001111010 0.00334549 -3.14159
1001111011 0.0169983 -3.14159
1001111100 0.00803375 -3.14159
1001111101 0.000350952 -3.14159
1001111110 0.0119705 -3.14159
1001111111 0.00715637 -3.14159
1010000000 0.0124817 0
1010000001 0.00339508 -3.14159
1010000010 0.0332642 -3.14159
1010000011 0.0565186 -3.14159
1010000100 0.00951385 -3.14159
1010000101 0.0350037 0
1010000110 0.0444031 0
1010000111 0.0557861 -3.14159
1010001000 0.0102615 -3.14159
1010001001 0.0590515 0
1010001010 0.0474243 -3.14159
1010001011 0.0275726 0
1010001100 0.0196381 0
1010001101 0.00857544 0
1010001110 0.0123138 -3.14159
1010001111 0.00273895 0
1010010000 0.0242004 0
1010010001 0.0359802 -3.14159
1010010010 0.0417175 -3.14159
1010010011 0.0305939 -3.14159
1010010100 0.0266724 -3.14159
1010010101 0.0195312 -3.14159
1010010110 0.0116806 -3.14159
1010010111 0.0265503 0
1010011000 0.0161133 0
1010011001 0.0401001 0
1010011010 0.00789642 -3.14159
1010011011 0.00766754 -3.14159
1010011100 0.016922 -3.14159
1010011101 0.0387573 0
1010011110 0.0402832 0
1010011111 0.00162315 -3.14159
1010100000 0.00426865 -3.14159
1010100001 0.0216522 0
1010100010 0.0258179 -3.14159
1010100011 0.00634766 -3.14159
1010100100 0.0134201 -3.14159
1010100101 0.0202484 0
1010100110 0.0177002 0
1010100111 0.0269928 0
1010101000 0.0215759 -3.14159
1010101001 0.0353699 0
1010101010 0.0193481 0
1010101011 0.108948 0
1010101100 0.0101624 0
1010101101 0.0142593 0
1010101110 0.00331879 0
1010101111 0.00705338 -3.14159
1010110000 0.0445557 0
1010110001 0.0500488 -3.14159
1010110010 0.0235138 -3.14159
1010110011 0.0269928 0
1010110100 0.0011797 -3.14159
1010110101 0.00123692 0
1010110110 0.0082016 -3.14159
1010110111 0.00186729 -3.14159
1010111000 0.00256729 0
1010111001 0.015274 0
1010111010 0.0283813 -3.14159
1010111011 0.0026722 0
1010111100 0.0164642 -3.14159
1010111101 0.0494995 0
1010111110 0.0265198 -3.14159
1010111111 0.0417786 -3.14159
1011000000 0.0216217 0
1011000001 0.0164948 -3.14159
1011000010 0.0268707 0
1011000011 0.00827026 0
1011000100 0.026886 0
1011000101 0.0236359 0
1011000110 0.00938416 -3.14159
1011000111 0.000983238 0
1011001000 0.0786743 -3.14159
1011001001 0.0154037 0
1011001010 0.00121593 0
1011001011 0.00219154 0
1011001100 0.0355835 0
1011001101 0.00307846 0
1011001110 0.0150299 -3.14159
1011001111 0.0105438 -3.14159
1011010000 0.0103683 -3.14159
1011010001 0.0271454 -3.14159
1011010010 0.000197172 -3.14159
1011010011 0.0165253 0
1011010100 0.0142059 -3.14159
1011010101 0.0440674 -3.14159
1011010110 0.0161743 -3.14159
1011010111 0.0480042 -3.14159
1011011000 0.00149536 -3.14159
1011011001 0.0254974 0
1011011010 0.00827789 0
1011011011 0.00408173 -3.14159
1011011100 0.00412369 -3.14159
1011011101 0.0267029 0
1011011110 0.0396729 -3.14159
1011011111 0.0389099 -3.14159
1011100000 0.0169067 0
1011100001 0.00370407 0
1011100010 0.0172272 -3.14159
1011100011 0.0542603 0
1011100100 0.0437012 0
1011100101 0.0175323 0
1011100110 0.0144806 0
1011100111 0.0320129 0
1011101000 0.0317383 0
1011101001 0.0283813 -3.14159
1011101010 0.00169945 0
1011101011 0.0232697 -3.14159
1011101100 0.017334 0
1011101101 0.0211792 0
1011101110 0.0563354 0
1011101111 0.120361 0
1011110000 0.0184937 0
1011110001 0.000636101 0
1011110010 0.00805664 0
1011110011 0.00829315 -3.14159
1011110100 0.010849 -3.14159
1011110101 0.0154343 0
1011110110 0.0432129 -3.14159
1011110111 0.0265656 -3.14159
1011111000 0.0301819 0
1011111001 0.0377502 -3.14159
1011111010 0.00157642 -3.14159
1011111011 0.00380707 0
1011111100 0.0470581 0
1011111101 0.0255585 0
1011111110 0.0429688 0
1011111111 0.024353 0
1100000000 0.022995 -3.14159
1100000001 0.0481873 0
1100000010 0.00504303 0
1100000011 0.0072403 -3.14159
1100000100 0.0332947 -3.14159
1100000101 0.0183258 -3.14159
1100000110 0.0198669 0
1100000111 0.00782776 0
1100001000 0.012886 -3.14159
1100001001 0.0307617 0
1100001010 0.0076561 0
1100001011 0.0145645 0
1100001100 0.00950623 -3.14159
1100001101 0.00229263 0
1100001110 0.0296021 0
1100001111 0.022995 0
1100010000 0.0242767 0
1100010001 0.00406265 0
1100010010 0.0008564 -3.14159
1100010011 0.0461121 -3.14159
1100010100 0.00653076 -3.14159
1100010101 0.0407104 -3.14159
1100010110 0.0089798 0
1100010111 0.0448303 0
1100011000 0.0209961 -3.14159
1100011001 0.030777 -3.14159
1100011010 0.00657272 0
1100011011 0.0366516 0
1100011100 0.0132065 -3.14159
1100011101 0.019043 0
1100011110 0.00423813 0
1100011111 0.0132599 -3.14159
1100100000 0.0540771 0
1100100001 0.0278473 -3.14159
1100100010 0.032074 0
1100100011 0.0143509 0
1100100100 0.0132828 0
1100100101 0.0348511 -3.14159
1100100110 0.00766373 0
1100100111 0.00058794 0
1100101000 0.0339661 -3.14159
1100101001 0.0422363 0
1100101010 0.0234528 0
1100101011 0.0640259 0
1100101100 0.0314026 -3.14159
1100101101 0.0319824 -3.14159
1100101110 0.0926514 0
1100101111 0.0201416 0
1100110000 0.00152206 0
1100110001 0.032959 -3.14159
1100110010 0.0217133 0
1100110011 0.00724792 -3.14159
1100110100 0.0278778 0
1100110101 0.0485229 -3.14159
1100110110 0.0166779 0
1100110111 0.0044899 -3.14159
1100111000 0.0182953 -3.14159
1100111001 0.0149078 0
1100111010 0.0301361 -3.14159
1100111011 0.0415039 -3.14159
1100111100 0.0441284 -3.14159
1100111101 0.0143127 -3.14159
1100111110 0.0271301 -3.14159
1100111111 0.0125046 -3.14159
1101000000 0.0552368 0
1101000001 0.0233002 -3.14159
1101000010 0.0171356 -3.14159
1101000011 0.00295448 -3.14159
1101000100 0.0482178 0
1101000101 0.0639038 0
1101000110 0.0386047 0
1101000111 0.0165863 -3.14159
1101001000 0.0352173 0
1101001001 0.00800323 0
1101001010 0.00904846 -3.14159
1101001011 0.0303955 0
1101001100 0.00532532 0
1101001101 0.00889587 0
1101001110 0.0105133 -3.14159
1101001111 0.0210876 -3.14159
1101010000 0.00435638 0
1101010001 0.00354004 -3.14159
1101010010 0.0031414 -3.14159
1101010011 0.0584106 0
1101010100 0.00611496 -3.14159
1101010101 0.00174618 -3.14159
1101010110 0.0139923 0
1101010111 0.0277863 0
1101011000 0.00746536 -3.14159
1101011001 0.0269318 0
1101011010 0.0309448 0
1101011011 0.00459671 -3.14159
1101011100 0.00391388 0
1101011101 0.0176697 0
1101011110 0.0391541 -3.14159
1101011111 0.0721436 -3.14159
1101100000 0.0115967 0
1101100001 0.00354767 -3.14159
1101100010 0.0227356 -3.14159
1101100011 0.0346985 0
1101100100 0.0146713 -3.14159
1101100101 0.0454712 -3.14159
1101100110 0.0415039 -3.14159
1101100111 0.018631 0
1101101000 0.0522766 0
1101101001 0.0163727 0
1101101010 0.0420227 0
1101101011 0.0144806 0
1101101100 0.0207367 -3.14159
1101101101 0.0141373 0
1101101110 0.032196 0
1101101111 0.0453491 -3.14159
1101110000 0.0319824 -3.14159
1101110001 0.0704346 0
1101110010 0.0126877 -3.14159
1101110011 0.0402832 -3.14159
1101110100 0.0257568 -3.14159
1101110101 0.0154572 0
1101110110 0.0118866 -3.14159
1101110111 0.0461121 -3.14159
1101111000 0.0417175 -3.14159
1101111001 0.00335503 0
1101111010 0.00972748 -3.14159
1101111011 0.0245972 -3.14159
1101111100 0.0706787 0
1101111101 0.0353699 -3.14159
1101111110 0.0086441 0
1101111111 0.00124931 0
1110000000 0.00799561 0
1110000001 0.0292816 0
1110000010 0.0827026 0
1110000011 0.0205994 0
1110000100 0.0240479 -3.14159
1110000101 0.0127411 0
1110000110 0.0286713 -3.14159
1110000111 0.0292358 0
1110001000 0.00066185 0
1110001001 0.0129013 0
1110001010 0.00678253 0
1110001011 0.0121002 0
1110001100 0.00475693 -3.14159
1110001101 0.074585 0
1110001110 0.0237274 0
1110001111 0.0145569 0
1110010000 0.0357361 -3.14159
1110010001 0.0237274 0
1110010010 0.0069313 -3.14159
1110010011 0.0265656 0
1110010100 0.0476685 -3.14159
1110010101 0.0263062 -3.14159
1110010110 0.0458679 0
1110010111 0.0242462 -3.14159
1110011000 0.0042572 0
1110011001 0.0316467 -3.14159
1110011010 0.0286713 0
1110011011 0.0439148 -3.14159
1110011100 0.0347595 0
1110011101 0.0105896 0
1110011110 0.0203857 -3.14159
1110011111 0.0596008 0
1110100000 0.0178833 0
1110100001 0.0138474 0
1110100010 0.0561218 -3.14159
1110100011 0.00803375 0
1110100100 0.0136185 0
1110100101 0.023056 0
1110100110 0.0267334 -3.14159
1110100111 0.0153275 0
1110101000 0.00881958 -3.14159
1110101001 0.0320435 0
1110101010 0.00556183 0
1110101011 0.0295563 0
1110101100 0.0254822 0
1110101101 0.0224152 0
1110101110 0.0233459 0
1110101111 0.000629425 0
1110110000 0.00639725 0
1110110001 0.0281525 -3.14159
1110110010 0.0190887 -3.14159
1110110011 0.0773315 -3.14159
1110110100 0.0314331 0
1110110101 0.0540466 -3.14159
1110110110 0.0294952 0
1110110111 0.0156555 -3.14159
1110111000 0.0142975 0
1110111001 0.0848389 -3.14159
1110111010 0.0315857 -3.14159
1110111011 0.0106049 0
1110111100 0.0146179 -3.14159
1110111101 0.021637 0
1110111110 0.0193939 -3.14159
1110111111 0.0513306 -3.14159
1111000000 0.0380554 0
1111000001 0.0355835 -3.14159
1111000010 0.0276947 0
1111000011 0.0262756 -3.14159
1111000100 0.027359 -3.14159
1111000101 0.0198212 -3.14159
1111000110 0.024704 0
1111000111 0.014473 -3.14159
1111001000 0.0203857 -3.14159
1111001001 0.00486374 -3.14159
1111001010 0.0175323 -3.14159
1111001011 0.0458374 0
1111001100 0.0259705 -3.14159
1111001101 0.0153885 -3.14159
1111001110 0.00921631 0
1111001111 0.0932007 0
1111010000 0.0089035 -3.14159
1111010001 0.0331421 -3.14159
1111010010 0.0014534 0
1111010011 0.0243683 0
1111010100 0.000164866 -3.14159
1111010101 0.0149002 0
1111010110 0.0304108 0
1111010111 0.0244598 -3.14159
1111011000 0.0492554 0
1111011001 0.00728989 -3.14159
1111011010 0.0333252 -3.14159
1111011011 0.00509644 0
1111011100 0.00361443 -3.14159
1111011101 0.0177155 -3.14159
1111011110 0.0174255 -3.14159
1111011111 0.0120544 -3.14159
1111100000 0.00953674 0
1111100001 0.00681305 -3.14159
1111100010 0.0201721 0
1111100011 0.0748291 -3.14159
1111100100 0.0342407 0
1111100101 0.0393066 -3.14159
1111100110 0.0248566 0
1111100111 0.0155106 0
1111101000 0.0136337 -3.14159
1111101001 0.00627899 0
1111101010 0.0458984 -3.14159
1111101011 0.0720825 -3.14159
1111101100 0.0881348 0
1111101101 0.0310974 -3.14159
1111101110 0.0512085 0
1111101111 0.0626221 0
1111110000 0.0362549 -3.14159
1111110001 0.0720825 0
1111110010 0.0102615 -3.14159
1111110011 0.0357666 -3.14159
1111110100 0.0331726 -3.14159
1111110101 0.000974655 0
1111110110 0.0275879 -3.14159
1111110111 0.0430603 0
1111111000 0.0291748 -3.14159
1111111001 0.0621033 -3.14159
1111111010 0.0121231 -3.14159
1111111011 0.000198841 0
1111111100 0.02742 0
1111111101 0.0384216 0
1111111110 0.0392151 0
1111111111 0.00699615 0
