0000000000 0.00666046 0
0000000001 0.0621033 0
0000000010 0.0291901 0
0000000011 0.0151367 -3.14159
0000000100 0.0278015 -3.14159
0000000101 0.00906372 0
0000000110 0.0118332 -3.14159
0000000111 0.041626 -3.14159
0000001000 0.00105953 -3.14159
0000001001 0.0118866 0
0000001010 0.0159302 -3.14159
0000001011 0.0296936 -3.14159
0000001100 0.00592804 0
0000001101 0.0272675 -3.14159
0000001110 0.0291138 0
0000001111 0.00469971 -3.14159
0000010000 0.0418701 0
0000010001 0.0107193 -3.14159
0000010010 0.0193024 -3.14159
0000010011 0.0173492 -3.14159
0000010100 0.0282745 -3.14159
0000010101 0.0358276 -3.14159
0000010110 0.0213165 -3.14159
0000010111 0.00970459 -3.14159
0000011000 0.0422058 -3.14159
0000011001 0.0138245 0
0000011010 0.0152435 0
0000011011 0.0205688 0
0000011100 0.0013895 0
0000011101 0.0218811 0
0000011110 0.0495911 -3.14159
0000011111 0.0673218 0
0000100000 0.0637817 -3.14159
0000100001 0.0303497 -3.14159
0000100010 0.0599365 -3.14159
0000100011 0.0465393 0
0000100100 0.0279083 -3.14159
0000100101 0.0198059 0
0000100110 0.008461 0
0000100111 0.0159607 0
0000101000 0.0134354 -3.14159
0000101001 0.00654221 0
0000101010 0.0209045 -3.14159
0000101011 0.103088 0
0000101100 0.0105057 0
0000101101 0.00716019 0
0000101110 0.0194702 -3.14159
0000101111 0.0168457 0
0000110000 0.0143738 0
0000110001 0.0218811 -3.14159
0000110010 0.0220184 0
0000110011 0.0261078 0
0000110100 0.0509949 -3.14159
0000110101 0.00022471 0
0000110110 0.0309296 0
0000110111 0.00349236 -3.14159
0000111000 0.00795746 0
0000111001 0.0183258 -3.14159
0000111010 0.0093689 -3.14159
0000111011 0.00169277 -3.14159
0000111100 0.0236969 -3.14159
0000111101 0.0356445 0
0000111110 0.0258179 -3.14159
0000111111 0.0232239 -3.14159
0001000000 0.0377502 0
0001000001 0.0331726 -3.14159
0001000010 0.0348816 -3.14159
0001000011 0.00778961 -3.14159
0001000100 0.0325317 -3.14159
0001000101 0.00920105 0
0001000110 0.0113373 0
0001000111 0.0219879 -3.14159
0001001000 0.108887 -3.14159
0001001001 0.00336456 -3.14159
0001001010 0.0288239 -3.14159
0001001011 0.0102692 -3.14159
0001001100 0.00798798 0
0001001101 0.0461426 -3.14159
0001001110 0.0325012 0
0001001111 0.0275574 0
0001010000 0.017807 0
0001010001 0.00417328 -3.14159
0001010010 0.0767212 0
0001010011 0.00316238 -3.14159
0001010100 0.00232506 0
0001010101 0.00793457 -3.14159
0001010110 0.00910187 -3.14159
0001010111 0.0316162 -3.14159
0001011000 0.0204773 0
0001011001 0.0204926 0
0001011010 0.00220871 0
0001011011 0.0664062 -3.14159
0001011100 0.047821 0
0001011101 0.0301361 -3.14159
0001011110 0.0200806 -3.14159
0001011111 0.023819 -3.14159
0001100000 0.0610046 -3.14159
0001100001 0.0207977 0
0001100010 0.0465698 -3.14159
0001100011 0.021698 -3.14159
0001100100 0.00268555 0
0001100101 0.00245094 0
0001100110 0.0103073 -3.14159
0001100111 0.0878296 0
0001101000 0.0408936 0
0001101001 0.00848389 0
0001101010 0.00418091 -3.14159
0001101011 0.0284576 -3.14159
0001101100 0.0305786 -3.14159
0001101101 0.0484009 -3.14159
0001101110 0.0381165 0
0001101111 0.0280151 0
0001110000 0.0403137 -3.14159
0001110001 0.0146408 0
0001110010 0.0453491 -3.14159
0001110011 0.0309448 0
0001110100 0.00336266 -3.14159
0001110101 0.0105743 -3.14159
0001110110 0.029953 -3.14159
0001110111 0.0166168 -3.14159
0001111000 0.00647736 -3.14159
0001111001 0.0385437 -3.14159
0001111010 0.028717 0
0001111011 0.021347 0
0001111100 0.040741 -3.14159
0001111101 0.0437012 0
0001111110 0.00197029 0
0001111111 0.0378113 0
0010000000 0.0148621 0
0010000001 0.0233765 0
0010000010 0.00195122 -3.14159
0010000011 0.0301666 -3.14159
0010000100 0.0344543 -3.14159
0010000101 0.0388184 -3.14159
0010000110 0.0302887 -3.14159
0010000111 0.0896606 -3.14159
0010001000 0.016449 -3.14159
0010001001 0.0134964 0
0010001010 0.00167465 -3.14159
0010001011 0.0129929 -3.14159
0010001100 0.0273438 -3.14159
0010001101 0.0461731 -3.14159
0010001110 0.0162506 0
0010001111 0.0133209 -3.14159
0010010000 0.0635376 -3.14159
0010010001 0.0225525 -3.14159
0010010010 0.0105133 -3.14159
0010010011 0.0173035 -3.14159
0010010100 0.0358276 -3.14159
0010010101 0.0243835 -3.14159
0010010110 0.00817871 0
0010010111 0.00421143 -3.14159
0010011000 0.02211 0
0010011001 0.040741 -3.14159
0010011010 0.0249023 0
0010011011 0.0282135 0
0010011100 0.026001 0
0010011101 0.0439148 0
0010011110 0.011055 -3.14159
0010011111 0.0169373 0
0010100000 0.0308838 -3.14159
0010100001 0.00152588 0
0010100010 0.0866699 -3.14159
0010100011 0.0145035 -3.14159
0010100100 0.00671387 -3.14159
0010100101 0.0154266 -3.14159
0010100110 0.0368958 0
0010100111 0.0151443 0
0010101000 0.0187988 0
0010101001 0.00808716 -3.14159
0010101010 0.0375977 -3.14159
0010101011 0.0305786 -3.14159
0010101100 0.0482788 -3.14159
0010101101 0.0607605 0
0010101110 0.0112305 -3.14159
0010101111 0.0162048 0
0010110000 0.00411224 -3.14159
0010110001 0.0113678 -3.14159
0010110010 0.0209961 0
0010110011 0.0103455 -3.14159
0010110100 0.01371 0
0010110101 0.0120163 0
0010110110 0.0282745 0
0010110111 0.0140305 0
0010111000 0.0113068 0
0010111001 0.00547409 -3.14159
0010111010 0.00701523 -3.14159
0010111011 0.0440674 0
0010111100 0.0135345 -3.14159
0010111101 0.0273438 -3.14159
0010111110 0.0368042 0
0010111111 0.00457001 -3.14159
0011000000 0.0319214 -3.14159
0011000001 0.0269928 0
0011000010 0.0444031 0
0011000011 0.0162811 0
0011000100 0.00603867 0
0011000101 0.00276184 -3.14159
0011000110 0.002985 0
0011000111 0.0382385 -3.14159
0011001000 0.0454407 0
0011001001 0.00132656 0
0011001010 0.0105209 0
0011001011 0.0585327 -3.14159
0011001100 0.0042038 0
0011001101 0.0347595 -3.14159
0011001110 0.106995 0
0011001111 0.00173473 -3.14159
0011010000 0.0238647 -3.14159
0011010001 0.003088 -3.14159
0011010010 0.0127945 0
0011010011 0.0396423 -3.14159
0011010100 0.00238037 0
0011010101 0.0203247 -3.14159
0011010110 0.00811005 0
0011010111 0.0267181 0
0011011000 0.0319519 0
0011011001 0.029007 -3.14159
0011011010 0.011116 0
0011011011 0.00936127 -3.14159
0011011100 0.00440216 -3.14159
0011011101 0.0289459 -3.14159
0011011110 0.00499725 0
0011011111 0.055542 0
0011100000 0.00953674 0
0011100001 0.0171356 -3.14159
0011100010 0.021347 0
0011100011 0.0167999 -3.14159
0011100100 0.0332947 -3.14159
0011100101 0.00861359 -3.14159
0011100110 0.0223999 0
0011100111 0.0411987 0
0011101000 0.0448303 -3.14159
0011101001 0.0155563 0
0011101010 0.0135727 0
0011101011 0.0255127 0
0011101100 0.0160217 -3.14159
0011101101 0.0211487 0
0011101110 0.0502625 -3.14159
0011101111 0.0250702 -3.14159
0011110000 0.021698 -3.14159
0011110001 0.025238 0
0011110010 0.0331726 0
0011110011 0.0303802 0
0011110100 0.030365 -3.14159
0011110101 0.0455933 0
0011110110 0.0106354 -3.14159
0011110111 0.0352173 0
0011111000 0.0091095 -3.14159
0011111001 0.0281372 -3.14159
0011111010 0.0106735 0
0011111011 0.0441589 -3.14159
0011111100 0.0207062 -3.14159
0011111101 0.0110016 -3.14159
0011111110 0.0251465 0
0011111111 0.000830173 -3.14159
0100000000 0.000158906 -3.14159
0100000001 0.013504 -3.14159
0100000010 0.0218811 -3.14159
0100000011 0.0157013 0
0100000100 0.0658569 -3.14159
0100000101 0.0345459 0
0100000110 0.0276337 0
0100000111 0.0283813 -3.14159
0100001000 0.0336304 0
0100001001 0.00418091 0
0100001010 0.026001 0
0100001011 0.0279846 -3.14159
0100001100 0.0155334 0
0100001101 0.0420227 -3.14159
0100001110 0.0202942 0
0100001111 0.016449 -3.14159
0100010000 0.0327759 0
0100010001 0.0665894 -3.14159
0100010010 0.00883484 0
0100010011 0.0229645 -3.14159
0100010100 0.0823975 -3.14159
0100010101 0.0537415 -3.14159
0100010110 0.00484085 0
0100010111 0.0638428 -3.14159
0100011000 0.0465698 -3.14159
0100011001 0.0359192 0
0100011010 0.0061264 -3.14159
0100011011 0.00751495 0
0100011100 0.00658035 -3.14159
0100011101 0.00456238 -3.14159
0100011110 0.035614 0
0100011111 0.011322 0
0100100000 0.0129471 0
0100100001 0.0575562 0
0100100010 0.0335693 -3.14159
0100100011 0.0449524 0
0100100100 0.0144424 0
0100100101 0.0228271 -3.14159
0100100110 0.0805054 0
0100100111 0.0127182 -3.14159
0100101000 0.0205994 0
0100101001 0.0393372 -3.14159
0100101010 0.00128746 0
0100101011 0.0544128 0
0100101100 0.010437 -3.14159
0100101101 0.00119305 -3.14159
0100101110 0.0231781 -3.14159
0100101111 0.032196 0
0100110000 0.0401306 0
0100110001 0.00979614 0
0100110010 0.00628662 0
0100110011 0.0503235 -3.14159
0100110100 0.0258331 0
0100110101 0.0287628 0
0100110110 0.0181427 -3.14159
0100110111 0.00780487 0
0100111000 0.0269928 0
0100111001 0.01828 0
0100111010 0.00358391 0
0100111011 0.00341415 0
0100111100 0.00952148 -3.14159
0100111101 0.0232239 0
0100111110 0.0110092 0
0100111111 0.00515366 0
0101000000 0.00273705 0
0101000001 0.0290375 -3.14159
0101000010 0.0324097 -3.14159
0101000011 0.0216675 -3.14159
0101000100 0.00330925 0
0101000101 0.0568542 0
0101000110 0.0148849 -3.14159
0101000111 0.0211182 0
0101001000 0.0240326 -3.14159
0101001001 0.0535583 -3.14159
0101001010 0.0116043 -3.14159
0101001011 0.0254059 0
0101001100 0.00377274 -3.14159
0101001101 0.0136032 -3.14159
0101001110 0.0104904 -3.14159
0101001111 0.019989 0
0101010000 0.00024128 0
0101010001 0.0285034 0
0101010010 0.015976 -3.14159
0101010011 0.0132446 -3.14159
0101010100 0.0263367 -3.14159
0101010101 0.0198059 0
0101010110 0.0114822 -3.14159
0101010111 0.0297546 0
0101011000 0.0249481 0
0101011001 0.0186615 0
0101011010 0.0145874 -3.14159
0101011011 0.0243988 -3.14159
0101011100 0.00285912 -3.14159
0101011101 0.019455 0
0101011110 0.0153732 -3.14159
0101011111 0.00611496 -3.14159
0101100000 0.0385132 -3.14159
0101100001 0.0250702 -3.14159
0101100010 0.0272217 0
0101100011 0.0592346 -3.14159
0101100100 0.0299072 -3.14159
0101100101 0.00618744 -3.14159
0101100110 0.0401306 -3.14159
0101100111 0.0156403 0
0101101000 0.03302 0
0101101001 0.00817108 -3.14159
0101101010 0.0645142 -3.14159
0101101011 0.00470734 -3.14159
0101101100 0.0269775 0
0101101101 0.0369568 0
0101101110 0.0480652 -3.14159
0101101111 0.0402527 -3.14159
0101110000 0.021759 0
0101110001 0.0176086 -3.14159
0101110010 0.0467834 -3.14159
0101110011 0.0054512 -3.14159
0101110100 0.0175934 -3.14159
0101110101 0.0120316 -3.14159
0101110110 0.0275269 -3.14159
0101110111 0.030899 0
0101111000 0.010994 -3.14159
0101111001 0.0037117 0
0101111010 0.0236053 -3.14159
0101111011 0.0149918 0
0101111100 0.0167847 0
0101111101 0.0137329 -3.14159
0101111110 0.00517273 0
0101111111 0.0576172 0
0110000000 0.0172577 -3.14159
0110000001 0.0492859 -3.14159
0110000010 0.00540543 0
0110000011 0.0204926 0
0110000100 0.0157623 -3.14159
0110000101 0.00303841 0
0110000110 0.0265961 0
0110000111 0.0319214 -3.14159
0110001000 0.0100098 -3.14159
0110001001 0.0228271 0
0110001010 0.0414429 0
0110001011 0.0231171 -3.14159
0110001100 0.0201416 0
0110001101 0.0244598 -3.14159
0110001110 0.0288696 0
0110001111 0.00307846 0
0110010000 0.0389709 0
0110010001 0.032135 -3.14159
0110010010 0.0671997 0
0110010011 0.0321045 0
0110010100 0.0178833 0
0110010101 0.0553589 -3.14159
0110010110 0.0426025 0
0110010111 0.0315247 0
0110011000 0.0121384 -3.14159
0110011001 0.0757446 -3.14159
0110011010 0.0093689 -3.14159
0110011011 0.0189362 -3.14159
0110011100 0.0183258 0
0110011101 0.0424805 -3.14159
0110011110 0.0015583 0
0110011111 0.0508728 0
0110100000 0.0179291 0
0110100001 0.00526047 0
0110100010 0.00139904 0
0110100011 0.017868 0
0110100100 0.00260544 0
0110100101 0.0360413 0
0110100110 0.0142288 -3.14159
0110100111 0.0440674 0
0110101000 0.0122299 -3.14159
0110101001 0.0109482 0
0110101010 0.0116501 0
0110101011 0.0238495 0
0110101100 0.033783 -3.14159
0110101101 0.000374317 0
0110101110 0.0159607 0
0110101111 0.0112381 -3.14159
0110110000 0.00497437 0
0110110001 0.0479736 0
0110110010 0.00934601 0
0110110011 0.0195312 0
0110110100 0.000489235 0
0110110101 0.0411377 0
0110110110 0.0318298 0
0110110111 0.0272064 -3.14159
0110111000 0.0441284 -3.14159
0110111001 0.0432434 0
0110111010 0.0119247 -3.14159
0110111011 0.0766602 0
0110111100 0.00639343 -3.14159
0110111101 0.0498352 -3.14159
0110111110 0.0293579 0
0110111111 0.0167694 -3.14159
0111000000 0.00260544 0
0111000001 0.00390053 0
0111000010 0.00435638 0
0111000011 0.0254517 -3.14159
0111000100 0.021759 -3.14159
0111000101 0.0525208 -3.14159
0111000110 0.0194244 -3.14159
0111000111 0.0537415 -3.14159
0111001000 0.0325317 0
0111001001 0.0222015 -3.14159
0111001010 0.00173092 0
0111001011 0.0059967 0
0111001100 0.0139313 -3.14159
0111001101 0.0256653 -3.14159
0111001110 0.0543518 0
0111001111 0.0261383 -3.14159
0111010000 0.0146027 0
0111010001 0.00173759 -3.14159
0111010010 0.0510864 0
0111010011 0.0322571 0
0111010100 0.00427628 0
0111010101 0.00411987 0
0111010110 0.0483093 0
0111010111 0.00288391 -3.14159
0111011000 0.00514984 -3.14159
0111011001 0.0112839 -3.14159
0111011010 0.00696945 0
0111011011 0.0186005 -3.14159
0111011100 0.00769806 0
0111011101 0.00817871 -3.14159
0111011110 0.0450439 -3.14159
0111011111 0.00390625 0
0111100000 0.0248718 0
0111100001 0.00321007 0
0111100010 0.000795364 0
0111100011 0.030838 -3.14159
0111100100 0.0201263 -3.14159
0111100101 0.00831604 -3.14159
0111100110 0.0276642 -3.14159
0111100111 0.000744343 -3.14159
0111101000 0.0618896 -3.14159
0111101001 0.00773239 0
0111101010 0.000133634 -3.14159
0111101011 0.00140381 -3.14159
0111101100 0.0274048 -3.14159
0111101101 0.0602417 -3.14159
0111101110 0.032959 0
0111101111 0.0137253 0
0111110000 0.0196991 0
0111110001 0.0161285 -3.14159
0111110010 0.0492249 -3.14159
0111110011 0.0243683 -3.14159
0111110100 0.06073 -3.14159
0111110101 0.0213623 -3.14159
0111110110 0.000714779 0
0111110111 0.0207062 -3.14159
0111111000 0.00949097 0
0111111001 0.0351257 0
0111111010 0.0722656 -3.14159
0111111011 0.0396729 -3.14159
0111111100 0.0222473 -3.14159
0111111101 0.00582886 0
0111111110 0.0334778 -3.14159
0111111111 0.0297394 0
1000000000 0.0133438 -3.14159
1000000001 0.0216522 -3.14159
1000000010 0.0189514 -3.14159
1000000011 0.0278778 0
1000000100 0.0121536 0
1000000101 0.0318604 -3.14159
1000000110 0.00925446 -3.14159
1000000111 0.00468826 0
1000001000 0.0295715 -3.14159
1000001001 0.0600586 0
1000001010 0.00393295 -3.14159
1000001011 0.00407028 0
1000001100 0.0395813 -3.14159
1000001101 0.0137939 -3.14159
1000001110 0.0340881 0
1000001111 0.00196266 -3.14159
1000010000 0.00281906 0
1000010001 0.0163116 -3.14159
1000010010 0.0470276 -3.14159
1000010011 0.0115356 -3.14159
1000010100 0.033844 0
1000010101 0.0223541 -3.14159
1000010110 0.0286255 0
1000010111 0.0121918 0
1000011000 0.0523071 0
1000011001 0.0726929 -3.14159
1000011010 0.0189209 0
1000011011 0.0138931 0
1000011100 0.0212097 0
1000011101 0.0376587 0
1000011110 0.00576782 0
1000011111 0.0109787 -3.14159
1000100000 0.0196228 -3.14159
1000100001 0.0149689 0
1000100010 0.00433731 0
1000100011 0.0466614 0
1000100100 0.03479 -3.14159
1000100101 0.0455627 -3.14159
1000100110 0.0211182 -3.14159
1000100111 0.0258179 -3.14159
1000101000 0.00478363 0
1000101001 0.00208664 -3.14159
1000101010 0.010704 0
1000101011 0.0437927 0
1000101100 0.00996399 -3.14159
1000101101 0.0440063 -3.14159
1000101110 0.021698 -3.14159
1000101111 0.00749588 -3.14159
1000110000 0.0199585 -3.14159
1000110001 0.00185871 -3.14159
1000110010 0.0100327 0
1000110011 0.00863647 0
1000110100 0.0252686 -3.14159
1000110101 0.0182037 0
1000110110 0.00918579 0
1000110111 0.0383606 0
1000111000 0.0667114 -3.14159
1000111001 0.0153961 0
1000111010 0.00642014 -3.14159
1000111011 0.0222168 0
1000111100 0.0239563 0
1000111101 0.0161133 0
1000111110 0.0271912 0
1000111111 0.0135193 0
1001000000 0.00314331 0
1001000001 0.0213776 -3.14159
1001000010 0.00563431 -3.14159
1001000011 0.00180817 0
1001000100 0.0267029 -3.14159
1001000101 0.00453949 0
1001000110 0.0270996 -3.14159
1001000111 0.0383606 -3.14159
1001001000 0.0314026 0
1001001001 0.0223083 -3.14159
1001001010 0.0204315 -3.14159
1001001011 0.00268936 0
1001001100 0.0420532 0
1001001101 0.0114975 -3.14159
1001001110 0.00939941 0
1001001111 0.0419922 -3.14159
1001010000 0.0491333 0
1001010001 0.0258789 0
1001010010 0.076355 -3.14159
1001010011 0.0441589 -3.14159
1001010100 0.0215454 0
1001010101 0.00402069 -3.14159
1001010110 0.0117264 0
1001010111 0.045166 0
1001011000 0.0551147 -3.14159
1001011001 0.00610352 0
1001011010 0.0158081 0
1001011011 0.00277519 -3.14159
1001011100 0.0251617 -3.14159
1001011101 0.0377502 0
1001011110 0.0400391 0
1001011111 0.00356483 0
1001100000 0.0152969 -3.14159
1001100001 0.0168762 0
1001100010 0.0111084 0
1001100011 0.0198517 -3.14159
1001100100 0.0488281 -3.14159
1001100101 0.0132751 0
1001100110 0.0024147 0
1001100111 0.0805054 0
1001101000 0.026886 0
1001101001 0.0247192 -3.14159
1001101010 0.019577 0
1001101011 0.00281334 0
1001101100 0.00655746 -3.14159
1001101101 0.0423279 0
1001101110 0.0255585 0
1001101111 0.0872192 0
1001110000 0.040741 0
1001110001 0.0374451 -3.14159
1001110010 0.0115738 0
1001110011 0.00741577 0
1001110100 0.0201874 -3.14159
1001110101 0.0187225 0
1001110110 0.0612793 0
1001110111 0.019455 -3.14159
1001111000 0.00575256 0
1001111001 0.0112076 -3.14159
1001111010 0.0297546 0
1001111011 0.0365295 -3.14159
1001111100 0.00772858 -3.14159
1001111101 0.00321579 -3.14159
1001111110 0.0368347 -3.14159
1001111111 0.0203552 -3.14159
1010000000 0.0115356 -3.14159
1010000001 0.0301819 -3.14159
1010000010 0.0256348 -3.14159
1010000011 0.022995 -3.14159
1010000100 0.0091629 -3.14159
1010000101 0.0534058 0
1010000110 0.0437012 0
1010000111 0.0394897 -3.14159
1010001000 0.0433044 -3.14159
1010001001 0.0895386 0
1010001010 0.0444641 -3.14159
1010001011 0.0350952 0
1010001100 0.0157013 0
1010001101 0.0232391 0
1010001110 0.0458984 -3.14159
1010001111 0.00283623 -3.14159
1010010000 0.0318909 0
1010010001 0.0410767 -3.14159
1010010010 0.0107803 -3.14159
1010010011 0.00333786 -3.14159
1010010100 0.0148239 -3.14159
1010010101 0.00252914 0
1010010110 0.0200806 -3.14159
1010010111 0.00860596 0
1010011000 0.0209503 0
1010011001 0.0715332 0
1010011010 0.00245857 0
1010011011 0.0100937 0
1010011100 0.00121689 0
1010011101 0.0151901 0
1010011110 0.00349617 0
1010011111 0.00211716 0
1010100000 0.0306244 -3.14159
1010100001 0.0143509 0
1010100010 0.00253296 0
1010100011 0.0291443 -3.14159
1010100100 0.0253448 -3.14159
1010100101 0.0466919 0
1010100110 0.0218811 0
1010100111 0.0328369 0
1010101000 0.0265808 -3.14159
1010101001 0.00140667 -3.14159
1010101010 0.0113449 0
1010101011 0.0996094 0
1010101100 0.0229492 0
1010101101 0.00181675 0
1010101110 0.0217896 -3.14159
1010101111 0.0315247 -3.14159
1010110000 0.0614014 0
1010110001 0.0462341 -3.14159
1010110010 0.0204773 -3.14159
1010110011 0.0210571 0
1010110100 0.00437164 -3.14159
1010110101 0.00843048 0
1010110110 0.00817108 0
1010110111 0.00369835 -3.14159
1010111000 0.00481033 0
1010111001 0.028183 0
1010111010 0.0482788 -3.14159
1010111011 0.00674438 0
1010111100 0.0167236 -3.14159
1010111101 0.0252686 0
1010111110 0.0485229 -3.14159
1010111111 0.0303955 -3.14159
1011000000 0.00871277 0
1011000001 0.0272522 -3.14159
1011000010 0.0117035 0
1011000011 0.00656128 -3.14159
1011000100 0.0246887 0
1011000101 0.049408 0
1011000110 0.0364075 -3.14159
1011000111 0.00461197 -3.14159
1011001000 0.0669556 -3.14159
1011001001 0.0252533 0
1011001010 0.010498 0
1011001011 0.00366974 0
1011001100 0.00863647 0
1011001101 0.0453491 0
1011001110 0.0173035 -3.14159
1011001111 0.0377197 -3.14159
1011010000 0.0156403 0
1011010001 0.0392456 -3.14159
1011010010 0.022583 0
1011010011 0.0191345 -3.14159
1011010100 0.00554276 -3.14159
1011010101 0.0709229 -3.14159
1011010110 0.0179901 -3.14159
1011010111 0.0496521 -3.14159
1011011000 0.013298 -3.14159
1011011001 0.0211487 0
1011011010 0.0119095 -3.14159
1011011011 0.00364685 -3.14159
1011011100 0.0312042 -3.14159
1011011101 0.0170288 0
1011011110 0.0404663 -3.14159
1011011111 0.0212555 -3.14159
1011100000 0.0131912 0
1011100001 0.00304413 -3.14159
1011100010 0.00217438 -3.14159
1011100011 0.0567627 0
1011100100 0.0664062 0
1011100101 0.0103226 0
1011100110 0.00731659 0
1011100111 0.0166321 0
1011101000 0.0495605 0
1011101001 0.0334473 -3.14159
1011101010 0.0185394 0
1011101011 0.0130844 -3.14159
1011101100 0.0294342 0
1011101101 0.0175934 -3.14159
1011101110 0.02211 0
1011101111 0.109314 0
1011110000 0.00822449 0
1011110001 0.0176239 -3.14159
1011110010 0.0169373 0
1011110011 0.00593948 0
1011110100 0.0311584 -3.14159
1011110101 0.0382385 0
1011110110 0.0589905 -3.14159
1011110111 0.021637 -3.14159
1011111000 0.0177307 0
1011111001 0.0388184 -3.14159
1011111010 0.013176 -3.14159
1011111011 0.017395 -3.14159
1011111100 0.0731812 0
1011111101 0.0299835 0
1011111110 0.052948 0
1011111111 0.0174561 0
1100000000 0.0169678 -3.14159
1100000001 0.0437927 0
1100000010 0.00902557 -3.14159
1100000011 0.00930023 0
1100000100 0.035614 -3.14159
1100000101 0.027832 0
1100000110 0.00439453 0
1100000111 0.0349121 0
1100001000 0.0156708 -3.14159
1100001001 0.0130005 -3.14159
1100001010 0.00490189 0
1100001011 0.00772095 -3.14159
1100001100 0.00110054 0
1100001101 0.00615692 0
1100001110 0.0262146 0
1100001111 0.00164223 0
1100010000 0.078125 0
1100010001 0.011528 0
1100010010 0.00206375 0
1100010011 0.0758057 -3.14159
1100010100 0.00843048 0
1100010101 0.0355225 -3.14159
1100010110 0.0235138 -3.14159
1100010111 0.0534058 0
1100011000 0.04245 -3.14159
1100011001 0.000225067 -3.14159
1100011010 0.00033617 -3.14159
1100011011 0.0030365 0
1100011100 0.00912476 -3.14159
1100011101 0.0120087 0
1100011110 0.0222321 -3.14159
1100011111 0.0222168 -3.14159
1100100000 0.0250397 0
1100100001 0.0386353 -3.14159
1100100010 0.0249329 0
1100100011 0.0263367 0
1100100100 0.0281372 0
1100100101 0.0567627 -3.14159
1100100110 0.00310516 -3.14159
1100100111 0.00476074 0
1100101000 0.03302 -3.14159
1100101001 0.0300598 0
1100101010 0.0237122 0
1100101011 0.035675 0
1100101100 0.0445862 -3.14159
1100101101 0.026001 -3.14159
1100101110 0.0737305 0
1100101111 0.0135498 -3.14159
1100110000 0.00826263 0
1100110001 0.0029583 -3.14159
1100110010 0.0548096 0
1100110011 0.0279388 -3.14159
1100110100 0.00382042 -3.14159
1100110101 0.0131073 0
1100110110 0.0654907 0
1100110111 0.00457382 -3.14159
1100111000 0.0141373 -3.14159
1100111001 0.0233154 0
1100111010 0.00190544 0
1100111011 0.0504456 -3.14159
1100111100 0.0240631 -3.14159
1100111101 0.0335999 -3.14159
1100111110 0.0233459 -3.14159
1100111111 0.0296478 -3.14159
1101000000 0.0826416 0
1101000001 0.00779343 -3.14159
1101000010 0.0164185 -3.14159
1101000011 0.0255737 -3.14159
1101000100 0.0426941 0
1101000101 0.0534973 0
1101000110 0.0291595 0
1101000111 0.0327148 -3.14159
1101001000 0.0731812 0
1101001001 0.00905609 0
1101001010 0.00698853 0
1101001011 0.0133057 0
1101001100 0.000629425 -3.14159
1101001101 0.0348206 0
1101001110 0.00682831 -3.14159
1101001111 0.022171 0
1101010000 0.0130997 0
1101010001 0.00525665 0
1101010010 0.0194244 0
1101010011 0.0522156 0
1101010100 0.000678539 -3.14159
1101010101 0.0167236 0
1101010110 0.0179596 0
1101010111 0.0317078 0
1101011000 0.00839233 -3.14159
1101011001 0.0160065 0
1101011010 0.0296478 0
1101011011 0.00492477 -3.14159
1101011100 0.0150223 0
1101011101 0.0330811 0
1101011110 0.025116 -3.14159
1101011111 0.0438232 -3.14159
1101100000 0.010437 0
1101100001 0.00406647 -3.14159
1101100010 0.0222473 -3.14159
1101100011 0.0444946 0
1101100100 0.0277405 -3.14159
1101100101 0.0591736 -3.14159
1101100110 5.23329e-05 -3.14159
1101100111 0.0102997 0
1101101000 0.0221405 0
1101101001 0.0167542 0
1101101010 0.01017 0
1101101011 0.00383759 0
1101101100 0.0341492 -3.14159
1101101101 0.00093317 0
1101101110 0.0237579 0
1101101111 0.0409546 -3.14159
1101110000 0.00827026 -3.14159
1101110001 0.0370789 0
1101110010 0.00577927 -3.14159
1101110011 0.0545044 -3.14159
1101110100 0.0172882 -3.14159
1101110101 0.0221252 0
1101110110 0.0242767 -3.14159
1101110111 0.0402222 -3.14159
1101111000 0.0732422 -3.14159
1101111001 0.00239563 0
1101111010 0.0261536 0
1101111011 0.0142975 -3.14159
1101111100 0.0187988 0
1101111101 0.0264893 -3.14159
1101111110 0.0033226 0
1101111111 0.0364075 -3.14159
1110000000 0.0144043 -3.14159
1110000001 0.00290489 -3.14159
1110000010 0.0637207 0
1110000011 0.0396729 -3.14159
1110000100 0.0153122 -3.14159
1110000101 0.0236359 0
1110000110 0.0307159 -3.14159
1110000111 0.0379333 0
1110001000 0.00286102 -3.14159
1110001001 0.00958252 0
1110001010 0.0179749 0
1110001011 0.017746 0
1110001100 0.0175781 -3.14159
1110001101 0.0591431 0
1110001110 0.0238037 0
1110001111 0.0334473 0
1110010000 0.0133286 -3.14159
1110010001 0.0209198 0
1110010010 0.00455475 -3.14159
1110010011 0.0461426 0
1110010100 0.0368347 -3.14159
1110010101 0.048584 -3.14159
1110010110 0.0414429 0
1110010111 0.032074 -3.14159
1110011000 0.00794983 0
1110011001 0.0012722 -3.14159
1110011010 0.0117493 0
1110011011 0.0193176 -3.14159
1110011100 0.0174561 0
1110011101 0.00790405 -3.14159
1110011110 0.02005 -3.14159
1110011111 0.0770874 0
1110100000 0.0209351 0
1110100001 0.0245972 -3.14159
1110100010 0.0437927 -3.14159
1110100011 0.00428009 -3.14159
1110100100 0.00510788 -3.14159
1110100101 0.0411987 0
1110100110 0.0445862 -3.14159
1110100111 0.00413513 0
1110101000 0.0182037 -3.14159
1110101001 0.0355835 0
1110101010 0.0285339 0
1110101011 0.000884533 0
1110101100 0.0198364 0
1110101101 0.00182915 0
1110101110 0.00396347 -3.14159
1110101111 0.00905609 -3.14159
1110110000 0.028656 0
1110110001 0.0196838 -3.14159
1110110010 0.0374756 -3.14159
1110110011 0.0661011 -3.14159
1110110100 0.00727463 -3.14159
1110110101 0.0747681 -3.14159
1110110110 0.00448608 0
1110110111 0.0169983 -3.14159
1110111000 0.0272675 -3.14159
1110111001 0.117004 -3.14159
1110111010 0.0500793 -3.14159
1110111011 0.0161438 0
1110111100 0.0318298 -3.14159
1110111101 0.0118484 0
1110111110 0.00371742 -3.14159
1110111111 0.0404968 -3.14159
1111000000 0.0252686 0
1111000001 0.0328979 -3.14159
1111000010 0.0576782 0
1111000011 0.0142593 -3.14159
1111000100 0.0429077 -3.14159
1111000101 0.0288544 -3.14159
1111000110 0.0402222 0
1111000111 0.0147018 -3.14159
1111001000 0.00599289 -3.14159
1111001001 0.0376282 -3.14159
1111001010 0.0231018 0
1111001011 0.027771 0
1111001100 0.0147476 -3.14159
1111001101 0.01548 -3.14159
1111001110 0.00817108 0
1111001111 0.10144 0
1111010000 0.00631332 0
1111010001 0.0258026 -3.14159
1111010010 0.0150681 -3.14159
1111010011 0.00109959 0
1111010100 0.0168915 0
1111010101 0.00702286 -3.14159
1111010110 0.000355959 0
1111010111 0.0264282 0
1111011000 0.0387573 0
1111011001 0.00899506 -3.14159
1111011010 0.0489502 -3.14159
1111011011 0.0194244 0
1111011100 0.00324249 -3.14159
1111011101 0.00954437 -3.14159
1111011110 0.0257874 -3.14159
1111011111 0.0293274 -3.14159
1111100000 0.0382996 0
1111100001 0.00487518 -3.14159
1111100010 0.00233269 -3.14159
1111100011 0.0573425 -3.14159
1111100100 0.0104065 0
1111100101 0.0343628 -3.14159
1111100110 0.0466309 0
1111100111 0.00135517 0
1111101000 0.000415087 0
1111101001 0.0150681 0
1111101010 0.0402222 -3.14159
1111101011 0.040741 -3.14159
1111101100 0.0736694 0
1111101101 0.0447998 -3.14159
1111101110 0.0524597 0
1111101111 0.051178 0
1111110000 0.0250244 -3.14159
1111110001 0.0491638 0
1111110010 0.0092392 -3.14159
1111110011 0.0325623 -3.14159
1111110100 0.0381775 -3.14159
1111110101 0.0526733 0
1111110110 0.069519 -3.14159
1111110111 0.0237427 0
1111111000 0.0553894 -3.14159
1111111001 0.0225525 -3.14159
1111111010 0.0137329 -3.14159
1111111011 0.0091095 -3.14159
1111111100 0.00330353 0
1111111101 0.0197754 0
1111111110 0.0210114 0
1111111111 0.00374794 0
