0000000000 0.00182152 -3.14159
0000000001 0.00300026 0
0000000010 0.00114822 -3.14159
0000000011 0.0160828 0
0000000100 0.0213318 -3.14159
0000000101 0.0227509 0
0000000110 0.00597763 -3.14159
0000000111 0.0270844 -3.14159
0000001000 0.0386047 0
0000001001 0.0479431 0
0000001010 0.00109768 0
0000001011 0.0220032 -3.14159
0000001100 0.0295563 0
0000001101 0.00271416 -3.14159
0000001110 5.71012e-05 -3.14159
0000001111 0.00168896 -3.14159
0000010000 0.00881195 0
0000010001 0.0365601 0
0000010010 0.0534058 -3.14159
0000010011 0.0502014 -3.14159
0000010100 0.0209198 -3.14159
0000010101 0.0343628 -3.14159
0000010110 0.0384827 -3.14159
0000010111 0.0148239 -3.14159
0000011000 0.030838 -3.14159
0000011001 0.0243378 0
0000011010 0.0122604 0
0000011011 0.0449219 0
0000011100 0.0188599 0
0000011101 0.00868225 0
0000011110 0.0480042 -3.14159
0000011111 0.0757446 0
0000100000 0.0789185 -3.14159
0000100001 0.0110321 -3.14159
0000100010 0.0722046 -3.14159
0000100011 0.0336609 0
0000100100 0.0417175 -3.14159
0000100101 0.00478363 0
0000100110 0.0242004 0
0000100111 0.00706863 0
0000101000 0.00132656 -3.14159
0000101001 0.0432434 0
0000101010 0.040741 -3.14159
0000101011 0.0588074 0
0000101100 0.00939941 -3.14159
0000101101 0.0281372 0
0000101110 0.00939178 -3.14159
0000101111 0.0178375 0
0000110000 0.0470276 0
0000110001 0.0130539 0
0000110010 0.0322266 0
0000110011 0.0362549 0
0000110100 0.0555115 -3.14159
0000110101 0.0127182 0
0000110110 0.036438 0
0000110111 0.0090332 0
0000111000 0.0227966 0
0000111001 0.0484924 -3.14159
0000111010 0.0129852 0
0000111011 0.014328 0
0000111100 0.00331879 -3.14159
0000111101 0.0571289 0
0000111110 0.015007 0
0000111111 0.00746536 -3.14159
0001000000 0.00353432 -3.14159
0001000001 0.0222015 -3.14159
0001000010 0.0358582 -3.14159
0001000011 0.0109329 -3.14159
0001000100 0.0195007 -3.14159
0001000101 0.0164642 0
0001000110 0.00308609 -3.14159
0001000111 0.00259972 -3.14159
0001001000 0.0792236 -3.14159
0001001001 0.0146332 -3.14159
0001001010 0.0226135 -3.14159
0001001011 0.0271759 -3.14159
0001001100 0.00850677 0
0001001101 0.0384827 -3.14159
0001001110 0.0429077 0
0001001111 0.00673294 -3.14159
0001010000 0.026474 0
0001010001 0.0162811 0
0001010010 0.0490417 0
0001010011 0.0053215 0
0001010100 0.00896454 -3.14159
0001010101 0.0161285 0
0001010110 0.00703049 -3.14159
0001010111 0.0111084 -3.14159
0001011000 0.0932007 0
0001011001 0.0673828 0
0001011010 0.0171661 -3.14159
0001011011 0.0925293 -3.14159
0001011100 0.0243988 0
0001011101 0.0180054 0
0001011110 0.0545349 -3.14159
0001011111 0.0115891 -3.14159
0001100000 0.0641479 -3.14159
0001100001 0.0117035 0
0001100010 0.0541687 -3.14159
0001100011 0.00685501 0
0001100100 0.037323 0
0001100101 0.0339966 -3.14159
0001100110 0.00561905 -3.14159
0001100111 0.0901489 0
0001101000 0.049408 0
0001101001 0.00759506 0
0001101010 0.0018692 -3.14159
0001101011 0.0122528 -3.14159
0001101100 0.0523682 -3.14159
0001101101 0.0284271 -3.14159
0001101110 0.0414734 0
0001101111 0.00023067 0
0001110000 0.0335388 -3.14159
0001110001 0.0208282 0
0001110010 0.0257568 -3.14159
0001110011 0.00470352 0
0001110100 0.0397339 0
0001110101 0.00453949 0
0001110110 0.0314026 -3.14159
0001110111 0.0378113 -3.14159
0001111000 0.00511551 -3.14159
0001111001 0.0199432 -3.14159
0001111010 0.0215454 0
0001111011 0.0340881 0
0001111100 0.0311432 -3.14159
0001111101 0.0131683 0
0001111110 0.00658798 0
0001111111 0.0115204 0
0010000000 0.0198059 0
0010000001 0.0258789 0
0010000010 0.0323486 -3.14159
0010000011 0.0417786 -3.14159
0010000100 0.0172577 -3.14159
0010000101 0.0145035 -3.14159
0010000110 0.0243073 -3.14159
0010000111 0.0617371 -3.14159
0010001000 0.0108643 0
0010001001 0.0374451 0
0010001010 0.0249023 0
0010001011 0.0341797 -3.14159
0010001100 0.0187225 -3.14159
0010001101 0.0324097 -3.14159
0010001110 0.0132523 0
0010001111 0.00833893 -3.14159
0010010000 0.0942993 -3.14159
0010010001 0.00297356 0
0010010010 0.0191345 -3.14159
0010010011 0.0299072 -3.14159
0010010100 0.0200195 -3.14159
0010010101 0.0263062 -3.14159
0010010110 0.00309181 0
0010010111 0.00714111 0
0010011000 0.00708389 0
0010011001 0.00920105 -3.14159
0010011010 0.0122452 0
0010011011 0.0246429 0
0010011100 0.0260468 0
0010011101 0.0368347 0
0010011110 0.00371552 0
0010011111 0.000308752 -3.14159
0010100000 0.0207977 -3.14159
0010100001 0.0185242 0
0010100010 0.0629272 -3.14159
0010100011 0.0238037 -3.14159
0010100100 0.00520325 -3.14159
0010100101 0.0272675 -3.14159
0010100110 0.0792236 0
0010100111 0.0825195 0
0010101000 0.00403595 0
0010101001 0.00898743 -3.14159
0010101010 0.018219 -3.14159
0010101011 0.0359192 -3.14159
0010101100 0.0526733 -3.14159
0010101101 0.0880127 0
0010101110 0.00517273 -3.14159
0010101111 0.0036068 0
0010110000 0.0118484 -3.14159
0010110001 0.0174561 -3.14159
0010110010 0.0216827 0
0010110011 0.035553 -3.14159
0010110100 0.0244598 0
0010110101 0.0172424 0
0010110110 0.00688934 -3.14159
0010110111 0.00412369 0
0010111000 0.0217133 0
0010111001 0.0191498 -3.14159
0010111010 0.00370026 -3.14159
0010111011 0.00137901 0
0010111100 0.00891113 -3.14159
0010111101 0.0139389 -3.14159
0010111110 0.0220032 0
0010111111 0.0243988 0
0011000000 0.00484085 -3.14159
0011000001 0.0288239 0
0011000010 0.0371094 0
0011000011 0.01828 0
0011000100 0.00678635 -3.14159
0011000101 0.0211945 0
0011000110 0.0154953 0
0011000111 0.00593185 -3.14159
0011001000 0.0218658 0
0011001001 0.00627518 0
0011001010 0.0404053 0
0011001011 0.0429688 -3.14159
0011001100 0.00434494 0
0011001101 0.0275421 -3.14159
0011001110 0.0762939 0
0011001111 0.00506592 -3.14159
0011010000 0.0253448 -3.14159
0011010001 0.00518036 0
0011010010 0.0114212 -3.14159
0011010011 0.0335693 -3.14159
0011010100 0.0314941 -3.14159
0011010101 0.0302734 -3.14159
0011010110 0.00354385 -3.14159
0011010111 0.00314713 0
0011011000 0.00282669 -3.14159
0011011001 0.0123672 -3.14159
0011011010 0.0196533 -3.14159
0011011011 0.0410767 -3.14159
0011011100 0.0262146 0
0011011101 0.0164642 -3.14159
0011011110 0.00354958 0
0011011111 0.0534973 0
0011100000 0.0546875 0
0011100001 0.00134754 -3.14159
0011100010 0.0169373 -3.14159
0011100011 0.0148239 -3.14159
0011100100 0.0121536 -3.14159
0011100101 0.02948 0
0011100110 0.0168457 0
0011100111 0.0254211 0
0011101000 0.0087204 -3.14159
0011101001 0.000782013 -3.14159
0011101010 0.0238342 0
0011101011 0.0273743 0
0011101100 0.00557709 0
0011101101 0.0140305 -3.14159
0011101110 0.0549927 -3.14159
0011101111 0.0401611 -3.14159
0011110000 0.0142822 -3.14159
0011110001 0.0489197 0
0011110010 0.00656891 -3.14159
0011110011 0.02742 0
0011110100 0.010437 -3.14159
0011110101 0.00463867 -3.14159
0011110110 0.0375366 -3.14159
0011110111 0.0369873 0
0011111000 0.00674057 0
0011111001 0.0569458 -3.14159
0011111010 0.0383606 0
0011111011 0.0260162 -3.14159
0011111100 0.00408173 -3.14159
0011111101 0.0243835 -3.14159
0011111110 0.0314941 0
0011111111 0.00526428 -3.14159
0100000000 0.0116043 0
0100000001 0.0245819 -3.14159
0100000010 0.00971222 -3.14159
0100000011 0.00871277 -3.14159
0100000100 0.0778198 -3.14159
0100000101 0.021759 0
0100000110 0.053009 0
0100000111 0.0713501 -3.14159
0100001000 0.0294647 0
0100001001 0.0136642 -3.14159
0100001010 0.0250397 -3.14159
0100001011 0.0148315 -3.14159
0100001100 0.000371456 -3.14159
0100001101 0.0201263 -3.14159
0100001110 0.0115891 0
0100001111 0.017868 -3.14159
0100010000 0.0356445 0
0100010001 0.074707 -3.14159
0100010010 0.0222015 0
0100010011 0.00740051 0
0100010100 0.052063 -3.14159
0100010101 0.0284119 -3.14159
0100010110 0.0249786 0
0100010111 0.0444031 -3.14159
0100011000 0.00513077 -3.14159
0100011001 0.0378113 0
0100011010 0.0146255 -3.14159
0100011011 0.0085144 -3.14159
0100011100 0.0322571 -3.14159
0100011101 0.0191345 -3.14159
0100011110 0.0373535 0
0100011111 0.00450516 -3.14159
0100100000 0.0149002 -3.14159
0100100001 0.0181885 0
0100100010 0.00806427 -3.14159
0100100011 0.0550537 0
0100100100 0.0193024 0
0100100101 0.0534668 -3.14159
0100100110 0.0750122 0
0100100111 0.0331421 -3.14159
0100101000 0.0378113 0
0100101001 0.0830688 -3.14159
0100101010 0.00996399 -3.14159
0100101011 0.0653076 0
0100101100 0.0368958 -3.14159
0100101101 0.00809479 0
0100101110 0.0263367 -3.14159
0100101111 0.016098 0
0100110000 0.0416565 0
0100110001 0.0146332 -3.14159
0100110010 0.0127869 -3.14159
0100110011 0.041748 -3.14159
0100110100 0.0254517 0
0100110101 0.0291443 0
0100110110 0.00933838 -3.14159
0100110111 0.0440369 0
0100111000 0.0110245 -3.14159
0100111001 0.0197449 0
0100111010 0.0167999 0
0100111011 0.0122604 0
0100111100 0.00933838 0
0100111101 0.0137329 0
0100111110 0.012413 -3.14159
0100111111 0.0143967 -3.14159
0101000000 0.0151596 0
0101000001 0.00309181 -3.14159
0101000010 0.0325012 -3.14159
0101000011 0.02034 -3.14159
0101000100 0.0115891 0
0101000101 0.0493164 0
0101000110 0.0262909 0
0101000111 0.0306396 0
0101001000 0.0120697 -3.14159
0101001001 0.0363464 -3.14159
0101001010 0.0123825 0
0101001011 0.00561905 0
0101001100 0.0127563 -3.14159
0101001101 0.0049324 -3.14159
0101001110 0.00994873 -3.14159
0101001111 0.0648193 0
0101010000 0.00233078 0
0101010001 0.0207977 0
0101010010 0.0169067 -3.14159
0101010011 0.000309706 -3.14159
0101010100 0.0414429 -3.14159
0101010101 0.0183258 0
0101010110 0.0404053 -3.14159
0101010111 0.0085144 0
0101011000 0.0353394 0
0101011001 0.016571 0
0101011010 0.0230103 0
0101011011 0.0104599 -3.14159
0101011100 0.0358276 0
0101011101 0.00785065 -3.14159
0101011110 0.0447693 -3.14159
0101011111 0.00218773 0
0101100000 0.030014 -3.14159
0101100001 0.0125885 -3.14159
0101100010 0.00017643 0
0101100011 0.0561523 -3.14159
0101100100 0.0331726 -3.14159
0101100101 0.000411987 -3.14159
0101100110 0.0397949 -3.14159
0101100111 0.0372925 0
0101101000 0.0264893 -3.14159
0101101001 0.0209656 -3.14159
0101101010 0.0475464 -3.14159
0101101011 0.000815392 -3.14159
0101101100 0.00428772 0
0101101101 0.0266113 0
0101101110 0.0338745 -3.14159
0101101111 0.0111771 -3.14159
0101110000 0.0543213 0
0101110001 0.0353699 -3.14159
0101110010 0.061615 -3.14159
0101110011 0.0274658 0
0101110100 0.00629044 0
0101110101 0.036377 -3.14159
0101110110 0.00924683 -3.14159
0101110111 0.00188637 -3.14159
0101111000 0.0276947 -3.14159
0101111001 0.00463867 -3.14159
0101111010 0.0157166 -3.14159
0101111011 0.00853729 -3.14159
0101111100 0.0374451 0
0101111101 0.00619888 -3.14159
0101111110 0.0251923 0
0101111111 0.0222778 0
0110000000 0.0159454 -3.14159
0110000001 0.0153351 -3.14159
0110000010 0.0191498 0
0110000011 0.0184326 0
0110000100 0.00223351 0
0110000101 0.00979614 -3.14159
0110000110 0.000701904 -3.14159
0110000111 0.0495605 -3.14159
0110001000 0.000327349 0
0110001001 0.0160217 0
0110001010 0.0356445 0
0110001011 0.0621338 -3.14159
0110001100 0.0191498 0
0110001101 0.0634155 -3.14159
0110001110 0.0187073 0
0110001111 0.029953 0
0110010000 0.0181122 0
0110010001 0.0336609 -3.14159
0110010010 0.0134354 0
0110010011 0.0177155 0
0110010100 0.00521469 -3.14159
0110010101 0.0629883 -3.14159
0110010110 0.0326538 0
0110010111 0.00144482 0
0110011000 0.0214081 -3.14159
0110011001 0.11731 -3.14159
0110011010 0.0271759 0
0110011011 0.00152016 0
0110011100 0.00269127 0
0110011101 0.0191956 -3.14159
0110011110 0.0269775 -3.14159
0110011111 0.00127983 0
0110100000 0.0314026 0
0110100001 0.0365601 -3.14159
0110100010 0.0283356 0
0110100011 0.0166321 0
0110100100 0.00991058 0
0110100101 0.0443115 0
0110100110 0.00529099 -3.14159
0110100111 0.0619507 0
0110101000 0.022522 -3.14159
0110101001 0.0316467 0
0110101010 0.0427856 0
0110101011 0.0617065 0
0110101100 0.0678711 -3.14159
0110101101 0.00364304 0
0110101110 0.00500107 -3.14159
0110101111 0.018158 -3.14159
0110110000 0.00597382 -3.14159
0110110001 0.0443115 0
0110110010 0.0151901 0
0110110011 0.0138397 0
0110110100 0.00424957 0
0110110101 0.0523071 0
0110110110 0.0323181 0
0110110111 0.0712891 -3.14159
0110111000 0.057312 -3.14159
0110111001 0.0301819 0
0110111010 0.0218811 -3.14159
0110111011 0.0951538 0
0110111100 0.0456238 -3.14159
0110111101 0.026886 -3.14159
0110111110 0.00344467 -3.14159
0110111111 0.00953674 0
0111000000 0.000576496 0
0111000001 0.0121536 -3.14159
0111000010 0.0369263 0
0111000011 0.0457458 -3.14159
0111000100 0.0111771 0
0111000101 0.0610352 -3.14159
0111000110 0.00384331 0
0111000111 0.0474548 -3.14159
0111001000 0.0129166 0
0111001001 0.0111694 -3.14159
0111001010 0.0249939 0
0111001011 0.0138016 0
0111001100 0.0161896 -3.14159
0111001101 0.0350647 -3.14159
0111001110 0.00675583 0
0111001111 0.0151672 -3.14159
0111010000 0.0354614 -3.14159
0111010001 0.00294876 -3.14159
0111010010 0.054657 0
0111010011 0.025238 0
0111010100 0.0153961 -3.14159
0111010101 0.00695801 0
0111010110 0.0953979 0
0111010111 0.0197144 0
0111011000 0.000105739 -3.14159
0111011001 0.0241852 -3.14159
0111011010 0.0352783 0
0111011011 0.0138702 -3.14159
0111011100 0.0114899 0
0111011101 0.0087738 0
0111011110 0.0633545 -3.14159
0111011111 0.00844574 0
0111100000 0.0137711 0
0111100001 0.00717163 0
0111100010 0.00342941 -3.14159
0111100011 0.0173645 -3.14159
0111100100 0.008461 -3.14159
0111100101 0.0400696 0
0111100110 0.0299072 -3.14159
0111100111 0.00335884 -3.14159
0111101000 0.0413208 -3.14159
0111101001 0.00798798 0
0111101010 0.00562668 -3.14159
0111101011 0.0198975 0
0111101100 0.0143738 -3.14159
0111101101 0.040802 -3.14159
0111101110 0.0180511 0
0111101111 0.0234985 0
0111110000 0.00536728 0
0111110001 0.0059967 0
0111110010 0.0318604 -3.14159
0111110011 0.017807 0
0111110100 0.0172424 -3.14159
0111110101 0.0124207 -3.14159
0111110110 0.00401306 -3.14159
0111110111 0.0223236 -3.14159
0111111000 0.0115051 -3.14159
0111111001 0.0619812 0
0111111010 0.0606995 -3.14159
0111111011 0.0405273 -3.14159
0111111100 0.0118484 -3.14159
0111111101 0.0287933 0
0111111110 0.00316048 0
0111111111 0.0130692 -3.14159
1000000000 0.00119019 -3.14159
1000000001 0.00176334 -3.14159
1000000010 0.00901031 0
1000000011 0.000211716 -3.14159
1000000100 0.0242615 0
1000000101 0.00341797 -3.14159
1000000110 0.013916 -3.14159
1000000111 0.0115204 -3.14159
1000001000 0.0193024 -3.14159
1000001001 0.00169659 -3.14159
1000001010 0.0213165 -3.14159
1000001011 0.0261688 -3.14159
1000001100 0.0423889 -3.14159
1000001101 0.0368958 -3.14159
1000001110 0.0141373 0
1000001111 0.01371 -3.14159
1000010000 0.0123138 -3.14159
1000010001 0.0133743 0
1000010010 0.0111542 0
1000010011 0.0205231 -3.14159
1000010100 0.0199127 0
1000010101 0.0202942 -3.14159
1000010110 0.0306702 0
1000010111 0.021225 0
1000011000 0.0218658 0
1000011001 0.0614624 -3.14159
1000011010 0.0570374 0
1000011011 0.0126801 -3.14159
1000011100 0.0158081 0
1000011101 0.041626 0
1000011110 0.00140476 0
1000011111 0.00839996 -3.14159
1000100000 0.0162354 -3.14159
1000100001 0.0412598 0
1000100010 0.0141373 -3.14159
1000100011 0.0130768 0
1000100100 0.0393982 -3.14159
1000100101 0.0157776 -3.14159
1000100110 0.0349121 -3.14159
1000100111 0.00247383 0
1000101000 0.00121593 -3.14159
1000101001 0.0238495 0
1000101010 0.0265656 0
1000101011 0.0082016 0
1000101100 0.0266724 -3.14159
1000101101 0.0571289 -3.14159
1000101110 0.0274811 -3.14159
1000101111 0.0200958 -3.14159
1000110000 0.0262451 -3.14159
1000110001 0.0103302 0
1000110010 0.0205383 0
1000110011 0.0070343 0
1000110100 0.00665283 -3.14159
1000110101 0.0126801 0
1000110110 0.00619888 0
1000110111 0.00663757 -3.14159
1000111000 0.0518188 -3.14159
1000111001 0.0054512 0
1000111010 0.0012579 0
1000111011 0.0131836 0
1000111100 0.000167131 -3.14159
1000111101 0.00852203 0
1000111110 0.00737762 0
1000111111 0.0173798 -3.14159
1001000000 0.0418396 -3.14159
1001000001 0.0342102 -3.14159
1001000010 0.00617599 0
1001000011 0.00730515 -3.14159
1001000100 0.00935364 0
1001000101 0.00596619 -3.14159
1001000110 0.00395966 -3.14159
1001000111 0.0256805 -3.14159
1001001000 0.0527649 0
1001001001 0.0142441 -3.14159
1001001010 0.00861359 0
1001001011 0.0227051 0
1001001100 0.0362854 0
1001001101 0.00657654 -3.14159
1001001110 0.00514984 -3.14159
1001001111 0.00352859 -3.14159
1001010000 0.0363159 0
1001010001 0.0393982 0
1001010010 0.0440063 -3.14159
1001010011 0.0184784 -3.14159
1001010100 0.0163269 -3.14159
1001010101 0.00926208 -3.14159
1001010110 0.00531769 0
1001010111 0.0294189 0
1001011000 0.0295563 -3.14159
1001011001 0.00233459 0
1001011010 0.000185847 0
1001011011 0.02005 -3.14159
1001011100 0.012085 -3.14159
1001011101 0.00551605 0
1001011110 0.0188141 0
1001011111 0.00683212 0
1001100000 0.00876617 -3.14159
1001100001 0.0152512 0
1001100010 0.0228424 -3.14159
1001100011 0.00294113 0
1001100100 0.0374451 -3.14159
1001100101 0.00806427 0
1001100110 0.0030365 -3.14159
1001100111 0.09198 0
1001101000 0.00276566 0
1001101001 0.0572205 -3.14159
1001101010 0.036377 0
1001101011 0.00437546 0
1001101100 0.0055275 -3.14159
1001101101 0.0632935 0
1001101110 0.00812531 -3.14159
1001101111 0.0383606 0
1001110000 0.0270081 0
1001110001 0.032074 -3.14159
1001110010 0.00274086 0
1001110011 0.0370483 0
1001110100 0.051239 -3.14159
1001110101 0.0452881 0
1001110110 0.0233307 0
1001110111 0.0019722 0
1001111000 0.022995 0
1001111001 0.0161743 -3.14159
1001111010 0.00688171 -3.14159
1001111011 0.00161171 -3.14159
1001111100 0.0113373 0
1001111101 0.00858307 -3.14159
1001111110 0.00553894 -3.14159
1001111111 0.0354309 -3.14159
1010000000 0.0111618 -3.14159
1010000001 0.012619 -3.14159
1010000010 0.0286102 -3.14159
1010000011 0.0196381 -3.14159
1010000100 0.0062561 0
1010000101 0.0186768 0
1010000110 0.0534668 0
1010000111 0.0243378 -3.14159
1010001000 0.0272217 -3.14159
1010001001 0.0495911 0
1010001010 0.0370789 -3.14159
1010001011 0.0182343 0
1010001100 0.0114365 0
1010001101 0.0150681 0
1010001110 0.0328674 -3.14159
1010001111 0.000262737 0
1010010000 0.0185242 0
1010010001 0.0299835 -3.14159
1010010010 0.0409546 -3.14159
1010010011 0.0570374 -3.14159
1010010100 0.0140839 -3.14159
1010010101 0.038147 -3.14159
1010010110 0.0243988 -3.14159
1010010111 0.0296021 0
1010011000 0.00180531 0
1010011001 0.0396118 0
1010011010 0.011055 -3.14159
1010011011 0.0280762 -3.14159
1010011100 0.0145798 -3.14159
1010011101 0.0151215 0
1010011110 0.0555115 0
1010011111 0.00510406 0
1010100000 0.00843048 0
1010100001 0.0235748 0
1010100010 0.0139618 -3.14159
1010100011 0.0206146 -3.14159
1010100100 0.036499 -3.14159
1010100101 0.0433655 0
1010100110 0.0103302 0
1010100111 0.0362244 0
1010101000 0.0155029 -3.14159
1010101001 0.0194702 0
1010101010 0.00998688 0
1010101011 0.133789 0
1010101100 0.00785065 0
1010101101 0.0131073 0
1010101110 0.0126572 0
1010101111 0.0169678 -3.14159
1010110000 0.0758667 0
1010110001 0.0418396 -3.14159
1010110010 0.012558 -3.14159
1010110011 0.0270996 0
1010110100 0.0261078 0
1010110101 0.0164642 0
1010110110 0.0438538 -3.14159
1010110111 0.0148621 -3.14159
1010111000 0.00643539 0
1010111001 0.0290833 0
1010111010 0.0583191 -3.14159
1010111011 0.00308609 -3.14159
1010111100 0.0356445 -3.14159
1010111101 0.0487671 0
1010111110 0.0263519 -3.14159
1010111111 0.024292 -3.14159
1011000000 0.00156021 -3.14159
1011000001 0.0165863 -3.14159
1011000010 0.0258789 0
1011000011 0.0135422 -3.14159
1011000100 0.0355225 0
1011000101 0.0459595 0
1011000110 0.014061 0
1011000111 0.0241394 0
1011001000 0.059967 -3.14159
1011001001 0.00140953 0
1011001010 0.00416565 -3.14159
1011001011 0.0140991 0
1011001100 0.0383606 0
1011001101 0.00761032 0
1011001110 0.0187988 -3.14159
1011001111 0.00653839 0
1011010000 0.0134354 -3.14159
1011010001 0.0297546 -3.14159
1011010010 0.00416946 0
1011010011 0.00415039 -3.14159
1011010100 0.0105972 0
1011010101 0.0723267 -3.14159
1011010110 0.0184174 -3.14159
1011010111 0.0250854 -3.14159
1011011000 0.00642776 0
1011011001 0.0237122 0
1011011010 0.0287323 0
1011011011 0.0179749 0
1011011100 0.0056839 -3.14159
1011011101 0.0420532 0
1011011110 0.0122986 -3.14159
1011011111 0.0582275 -3.14159
1011100000 0.0353699 0
1011100001 0.012291 0
1011100010 0.0334473 -3.14159
1011100011 0.074707 0
1011100100 0.030304 0
1011100101 0.00839233 0
1011100110 0.0120697 0
1011100111 0.0123138 0
1011101000 0.0340881 0
1011101001 0.0292664 -3.14159
1011101010 0.000566006 -3.14159
1011101011 0.0110703 0
1011101100 0.0273743 0
1011101101 0.0233154 0
1011101110 0.0516357 0
1011101111 0.10553 0
1011110000 0.00969696 -3.14159
1011110001 0.0111923 -3.14159
1011110010 0.0165405 0
1011110011 0.00627899 -3.14159
1011110100 0.0121002 -3.14159
1011110101 0.0181122 0
1011110110 0.0545349 -3.14159
1011110111 0.00915527 -3.14159
1011111000 0.0240631 0
1011111001 0.0404053 -3.14159
1011111010 0.0162659 -3.14159
1011111011 0.00211716 -3.14159
1011111100 0.0544739 0
1011111101 0.0222626 0
1011111110 0.0690308 0
1011111111 0.0303802 0
1100000000 0.00695419 -3.14159
1100000001 0.0225525 0
1100000010 0.0233459 -3.14159
1100000011 0.00500107 0
1100000100 0.0402527 -3.14159
1100000101 0.00699234 -3.14159
1100000110 0.00105858 0
1100000111 0.00477219 0
1100001000 0.0176849 0
1100001001 0.0248871 0
1100001010 0.0210266 0
1100001011 0.0379333 0
1100001100 0.00676727 -3.14159
1100001101 0.00186729 -3.14159
1100001110 0.0369568 0
1100001111 0.0148773 0
1100010000 0.065918 0
1100010001 0.0302429 -3.14159
1100010010 0.0087204 -3.14159
1100010011 0.0200653 -3.14159
1100010100 0.0178223 -3.14159
1100010101 0.0156555 -3.14159
1100010110 0.00292969 -3.14159
1100010111 0.0577393 0
1100011000 0.0100021 -3.14159
1100011001 0.0228577 -3.14159
1100011010 0.00448608 0
1100011011 0.0233154 0
1100011100 0.00107002 -3.14159
1100011101 0.0367737 0
1100011110 0.00814819 -3.14159
1100011111 0.0047493 -3.14159
1100100000 0.0166779 0
1100100001 0.0279388 -3.14159
1100100010 0.0118332 0
1100100011 0.00416183 0
1100100100 0.0223541 0
1100100101 0.055481 -3.14159
1100100110 0.0407104 0
1100100111 0.00468826 -3.14159
1100101000 0.0487976 -3.14159
1100101001 0.0315552 0
1100101010 0.00485611 -3.14159
1100101011 0.0774536 0
1100101100 0.024704 -3.14159
1100101101 0.0379639 -3.14159
1100101110 0.0845337 0
1100101111 0.00708389 0
1100110000 0.0283508 -3.14159
1100110001 0.0262909 -3.14159
1100110010 0.029068 0
1100110011 0.0143127 -3.14159
1100110100 0.00666809 0
1100110101 0.0476685 -3.14159
1100110110 0.0398254 0
1100110111 0.0329285 0
1100111000 0.0172577 -3.14159
1100111001 0.0225067 0
1100111010 3.20673e-05 -3.14159
1100111011 0.0265503 -3.14159
1100111100 0.0435181 -3.14159
1100111101 0.0163269 -3.14159
1100111110 0.0328674 -3.14159
1100111111 0.0415955 -3.14159
1101000000 0.0377808 0
1101000001 0.0159149 -3.14159
1101000010 0.0113754 -3.14159
1101000011 0.0183716 -3.14159
1101000100 0.0380249 0
1101000101 0.0632324 0
1101000110 0.00899506 0
1101000111 0.0139618 0
1101001000 0.0210724 0
1101001001 0.00377464 -3.14159
1101001010 0.00330162 0
1101001011 0.0172119 0
1101001100 0.00389862 -3.14159
1101001101 0.0231781 0
1101001110 0.00627899 0
1101001111 0.000646591 -3.14159
1101010000 0.00595093 -3.14159
1101010001 0.010376 0
1101010010 0.0210876 0
1101010011 0.0571899 0
1101010100 0.00765228 0
1101010101 0.0165863 0
1101010110 0.0064621 0
1101010111 0.0203247 0
1101011000 0.0172424 0
1101011001 0.016922 0
1101011010 0.0393372 0
1101011011 0.00179291 -3.14159
1101011100 0.0123978 0
1101011101 0.00619507 -3.14159
1101011110 0.0130844 -3.14159
1101011111 0.0513 -3.14159
1101100000 0.0157623 -3.14159
1101100001 0.0167694 -3.14159
1101100010 0.000183702 -3.14159
1101100011 0.0231934 0
1101100100 0.0375977 -3.14159
1101100101 0.0477295 -3.14159
1101100110 0.0398865 -3.14159
1101100111 0.0373535 0
1101101000 0.0561829 0
1101101001 0.0304718 0
1101101010 0.0498047 0
1101101011 0.00264359 -3.14159
1101101100 0.000954151 0
1101101101 0.00274277 -3.14159
1101101110 0.0439758 0
1101101111 0.0740967 -3.14159
1101110000 0.0333252 -3.14159
1101110001 0.0602417 0
1101110010 0.00417709 -3.14159
1101110011 0.036499 -3.14159
1101110100 0.0146561 -3.14159
1101110101 0.00656891 -3.14159
1101110110 0.00991821 0
1101110111 0.0450134 -3.14159
1101111000 0.0175323 -3.14159
1101111001 0.0223846 -3.14159
1101111010 0.0115356 -3.14159
1101111011 0.0011692 -3.14159
1101111100 0.0502319 0
1101111101 0.0415955 -3.14159
1101111110 0.00980377 0
1101111111 0.0210571 -3.14159
1110000000 0.00698471 0
1110000001 0.0206146 0
1110000010 0.0772095 0
1110000011 0.0207672 -3.14159
1110000100 0.0133362 -3.14159
1110000101 0.0049057 0
1110000110 0.0294189 -3.14159
1110000111 0.0632324 0
1110001000 0.0174561 -3.14159
1110001001 0.00815582 -3.14159
1110001010 0.000309944 -3.14159
1110001011 0.0113678 -3.14159
1110001100 0.014328 -3.14159
1110001101 0.0567322 0
1110001110 0.0171661 0
1110001111 0.0162048 0
1110010000 0.0383301 -3.14159
1110010001 0.00285912 -3.14159
1110010010 0.00415039 -3.14159
1110010011 0.0195465 0
1110010100 0.0401611 -3.14159
1110010101 0.0393982 -3.14159
1110010110 0.0476685 0
1110010111 0.0130234 -3.14159
1110011000 0.0129547 0
1110011001 0.0316162 -3.14159
1110011010 0.0452881 0
1110011011 0.0524902 -3.14159
1110011100 0.0354309 0
1110011101 0.021286 -3.14159
1110011110 0.0115585 -3.14159
1110011111 0.0557861 0
1110100000 0.0248413 0
1110100001 0.00936127 0
1110100010 0.0499268 -3.14159
1110100011 0.00358963 0
1110100100 0.0164795 0
1110100101 0.0233307 0
1110100110 0.0216827 -3.14159
1110100111 0.00644684 0
1110101000 0.0122528 -3.14159
1110101001 0.011261 0
1110101010 0.0124207 0
1110101011 0.0367126 0
1110101100 0.0154343 0
1110101101 0.0310059 0
1110101110 0.0430298 0
1110101111 0.00242043 -3.14159
1110110000 0.0318909 0
1110110001 0.0376587 -3.14159
1110110010 0.00714874 -3.14159
1110110011 0.0692139 -3.14159
1110110100 0.00538254 0
1110110101 0.0429382 -3.14159
1110110110 0.0448914 0
1110110111 0.0126419 -3.14159
1110111000 0.0105133 -3.14159
1110111001 0.0845337 -3.14159
1110111010 0.00955963 -3.14159
1110111011 0.0138168 -3.14159
1110111100 0.0150757 -3.14159
1110111101 0.0220795 0
1110111110 0.0114212 -3.14159
1110111111 0.0263367 -3.14159
1111000000 0.0224457 0
1111000001 0.0492554 -3.14159
1111000010 0.022995 0
1111000011 0.0191803 -3.14159
1111000100 0.032196 -3.14159
1111000101 0.0475769 -3.14159
1111000110 0.0167542 0
1111000111 0.0123215 -3.14159
1111001000 0.030777 -3.14159
1111001001 0.00651169 -3.14159
1111001010 0.00321388 -3.14159
1111001011 0.0339355 0
1111001100 0.00617599 -3.14159
1111001101 0.0263062 -3.14159
1111001110 0.0173798 -3.14159
1111001111 0.0688477 0
1111010000 0.0181122 -3.14159
1111010001 0.0278015 -3.14159
1111010010 0.0175476 0
1111010011 0.0167236 0
1111010100 0.0179291 0
1111010101 0.0333252 0
1111010110 0.0140457 0
1111010111 0.0131226 0
1111011000 0.0250854 0
1111011001 0.0299988 -3.14159
1111011010 0.0503845 -3.14159
1111011011 0.00826263 0
1111011100 0.00574875 0
1111011101 0.0164032 -3.14159
1111011110 0.00372505 0
1111011111 0.0170288 -3.14159
1111100000 0.0179596 0
1111100001 0.00795746 -3.14159
1111100010 0.0332642 0
1111100011 0.0730591 -3.14159
1111100100 0.010231 0
1111100101 0.00559616 -3.14159
1111100110 0.0352173 0
1111100111 0.00129128 0
1111101000 0.00457764 0
1111101001 0.0120621 0
1111101010 0.0524292 -3.14159
1111101011 0.0465393 -3.14159
1111101100 0.0825195 0
1111101101 0.0585632 -3.14159
1111101110 0.0332947 0
1111101111 0.0406799 0
1111110000 0.0223236 -3.14159
1111110001 0.0742188 0
1111110010 0.00469589 -3.14159
1111110011 0.0266266 -3.14159
1111110100 0.0421753 -3.14159
1111110101 0.036438 0
1111110110 0.0351257 -3.14159
1111110111 0.00797272 0
1111111000 0.0211945 -3.14159
1111111001 0.0620117 -3.14159
1111111010 0.0302734 -3.14159
1111111011 0.000771523 0
1111111100 0.00639343 0
1111111101 0.0167542 0
1111111110 0.0489807 0
1111111111 0.0367432 0
