0000000000 0.0335693 0
0000000001 0.0196533 0
0000000010 0.00217628 -3.14159
0000000011 0.0164795 0
0000000100 0.0155869 0
0000000101 0.0042572 0
0000000110 0.0215302 -3.14159
0000000111 0.0413818 -3.14159
0000001000 0.0190735 -3.14159
0000001001 0.029541 0
0000001010 0.00621796 -3.14159
0000001011 0.0249939 0
0000001100 0.0267029 -3.14159
0000001101 0.0159607 0
0000001110 0.0104675 0
0000001111 0.0403442 0
0000010000 0.00460052 0
0000010001 0.0501404 -3.14159
0000010010 0.00606155 -3.14159
0000010011 0.0241089 -3.14159
0000010100 0.0530396 -3.14159
0000010101 0.0272522 0
0000010110 0.0109329 -3.14159
0000010111 0.0386047 0
0000011000 0.0548706 0
0000011001 0.0213165 0
0000011010 0.0218964 -3.14159
0000011011 0.0409851 -3.14159
0000011100 0.0324707 -3.14159
0000011101 0.0444641 -3.14159
0000011110 0.00761414 -3.14159
0000011111 0.0188293 -3.14159
0000100000 0.0740967 -3.14159
0000100001 0.00371933 0
0000100010 0.0577087 -3.14159
0000100011 0.0393066 -3.14159
0000100100 0.026886 0
0000100101 1.04308e-05 -3.14159
0000100110 0.0171051 -3.14159
0000100111 0.0275574 0
0000101000 0.0315247 -3.14159
0000101001 0.0430603 -3.14159
0000101010 0.0123291 -3.14159
0000101011 0.00205421 -3.14159
0000101100 0.0748901 -3.14159
0000101101 0.00372887 -3.14159
0000101110 0.0372314 -3.14159
0000101111 0.0106277 0
0000110000 0.017807 0
0000110001 0.040741 -3.14159
0000110010 0.0562439 -3.14159
0000110011 0.00733185 0
0000110100 0.0313416 -3.14159
0000110101 0.0100861 -3.14159
0000110110 0.00359344 0
0000110111 0.018158 0
0000111000 0.0234375 -3.14159
0000111001 0.0283508 -3.14159
0000111010 0.0122223 -3.14159
0000111011 0.0349426 -3.14159
0000111100 0.0464783 0
0000111101 0.00810242 0
0000111110 0.0183258 0
0000111111 0.00240898 -3.14159
0001000000 0.0472717 0
0001000001 0.0255432 0
0001000010 0.0166779 -3.14159
0001000011 0.0180969 0
0001000100 0.0387268 -3.14159
0001000101 0.0525818 -3.14159
0001000110 0.00907898 0
0001000111 0.0206604 -3.14159
0001001000 0.0405884 -3.14159
0001001001 0.032196 0
0001001010 0.0152664 0
0001001011 0.0262451 -3.14159
0001001100 0.00140285 -3.14159
0001001101 0.0317993 0
0001001110 0.000600815 0
0001001111 0.00802612 0
0001010000 0.00282097 0
0001010001 0.0512695 -3.14159
0001010010 0.024292 -3.14159
0001010011 0.0115128 0
0001010100 0.019455 0
0001010101 0.0202637 0
0001010110 0.0169067 0
0001010111 0.00970459 -3.14159
0001011000 0.0203247 -3.14159
0001011001 0.0379333 0
0001011010 0.0161133 0
0001011011 0.0174713 0
0001011100 0.0673828 0
0001011101 0.0164337 -3.14159
0001011110 0.0193787 -3.14159
0001011111 0.00577545 0
0001100000 0.0164948 -3.14159
0001100001 0.011673 -3.14159
0001100010 0.0522461 -3.14159
0001100011 0.0114365 -3.14159
0001100100 0.0533752 -3.14159
0001100101 0.0172577 -3.14159
0001100110 0.0420532 -3.14159
0001100111 0.0116501 -3.14159
0001101000 0.00683212 0
0001101001 0.118347 0
0001101010 0.0172119 0
0001101011 0.0148468 0
0001101100 0.0239105 0
0001101101 0.0670776 -3.14159
0001101110 0.0192871 -3.14159
0001101111 0.0202026 -3.14159
0001110000 0.0380554 -3.14159
0001110001 0.0305328 -3.14159
0001110010 0.0674438 -3.14159
0001110011 0.0217285 0
0001110100 0.00401306 0
0001110101 0.0265198 0
0001110110 0.00208855 0
0001110111 0.0310974 -3.14159
0001111000 0.0308838 -3.14159
0001111001 0.0162354 0
0001111010 0.0220337 -3.14159
0001111011 0.0195465 -3.14159
0001111100 0.0275879 -3.14159
0001111101 0.0310669 0
0001111110 0.0032177 -3.14159
0001111111 0.0112915 0
0010000000 0.0291138 0
0010000001 0.0146255 -3.14159
0010000010 0.0272217 0
0010000011 0.0299835 -3.14159
0010000100 0.00576019 0
0010000101 0.0216827 -3.14159
0010000110 0.0255737 0
0010000111 0.0157623 -3.14159
0010001000 0.000249863 0
0010001001 0.0150757 0
0010001010 0.00833893 -3.14159
0010001011 0.0218964 -3.14159
0010001100 0.0206299 0
0010001101 0.0214539 0
0010001110 0.0210571 0
0010001111 0.00226402 -3.14159
0010010000 0.0120239 -3.14159
0010010001 0.00563431 0
0010010010 0.00358009 -3.14159
0010010011 0.00136948 -3.14159
0010010100 0.000782967 0
0010010101 0.0367737 0
0010010110 0.0105438 -3.14159
0010010111 0.0371094 0
0010011000 0.0305176 -3.14159
0010011001 0.0030632 -3.14159
0010011010 0.0172882 0
0010011011 0.0243835 0
0010011100 0.0165405 0
0010011101 0.0210571 0
0010011110 0.00879669 0
0010011111 0.0205231 0
0010100000 0.00321579 -3.14159
0010100001 0.0234833 0
0010100010 0.000335217 0
0010100011 0.00842285 -3.14159
0010100100 0.0189819 0
0010100101 0.00103951 -3.14159
0010100110 0.00405884 0
0010100111 0.0201874 0
0010101000 0.00129986 -3.14159
0010101001 0.0300446 0
0010101010 0.0377808 0
0010101011 0.0437927 0
0010101100 0.0107498 0
0010101101 0.0311737 0
0010101110 0.0018692 0
0010101111 0.00382042 0
0010110000 0.00831604 0
0010110001 0.0308533 -3.14159
0010110010 0.0444641 -3.14159
0010110011 0.0530396 0
0010110100 0.00602722 0
0010110101 0.000416756 -3.14159
0010110110 0.0065918 -3.14159
0010110111 0.0334167 -3.14159
0010111000 0.0173645 0
0010111001 0.022171 -3.14159
0010111010 0.0423584 -3.14159
0010111011 0.0554504 0
0010111100 0.0394897 0
0010111101 0.0304565 -3.14159
0010111110 0.00402832 0
0010111111 0.0761719 -3.14159
0011000000 0.0316467 0
0011000001 0.00821686 0
0011000010 0.0128555 0
0011000011 0.0157623 0
0011000100 0.00429153 0
0011000101 0.0135727 -3.14159
0011000110 0.0288849 0
0011000111 0.00178814 0
0011001000 0.0195465 0
0011001001 0.00542831 -3.14159
0011001010 0.00621033 0
0011001011 0.0211334 -3.14159
0011001100 0.0507202 -3.14159
0011001101 0.0262756 -3.14159
0011001110 0.00462341 0
0011001111 0.014061 0
0011010000 0.0120544 0
0011010001 0.0199432 -3.14159
0011010010 0.01651 0
0011010011 0.0314026 -3.14159
0011010100 0.000199437 0
0011010101 0.0156708 -3.14159
0011010110 0.0145035 -3.14159
0011010111 0.039093 0
0011011000 0.00961304 0
0011011001 0.0184631 0
0011011010 0.0175629 0
0011011011 0.0204468 -3.14159
0011011100 0.0128174 -3.14159
0011011101 0.0511475 -3.14159
0011011110 0.0799561 -3.14159
0011011111 0.0385437 0
0011100000 0.0527344 0
0011100001 0.0305634 0
0011100010 0.0142822 -3.14159
0011100011 0.032135 -3.14159
0011100100 0.0149918 0
0011100101 0.0362854 0
0011100110 0.00333405 -3.14159
0011100111 0.0226288 -3.14159
0011101000 0.0188446 -3.14159
0011101001 0.0121231 0
0011101010 0.0715942 -3.14159
0011101011 0.0270844 -3.14159
0011101100 0.0325928 -3.14159
0011101101 0.00614548 -3.14159
0011101110 0.0184021 -3.14159
0011101111 0.0534668 0
0011110000 0.00904083 0
0011110001 0.00485229 0
0011110010 0.0899048 0
0011110011 0.0604858 -3.14159
0011110100 0.00833893 0
0011110101 0.0199738 -3.14159
0011110110 0.0413208 -3.14159
0011110111 0.0202484 0
0011111000 0.0689697 0
0011111001 0.0330811 0
0011111010 0.0198975 -3.14159
0011111011 2.23517e-05 0
0011111100 0.00106525 -3.14159
0011111101 0.0291748 -3.14159
0011111110 0.0104141 0
0011111111 0.0222931 0
0100000000 0.0900269 0
0100000001 0.0353088 0
0100000010 0.0209656 -3.14159
0100000011 0.0281372 0
0100000100 0.0236511 -3.14159
0100000101 0.025238 -3.14159
0100000110 0.0270691 0
0100000111 0.0557556 0
0100001000 0.00311279 0
0100001001 0.00810242 0
0100001010 0.010376 -3.14159
0100001011 0.0516968 -3.14159
0100001100 0.0201263 -3.14159
0100001101 0.00891876 0
0100001110 0.0330811 -3.14159
0100001111 0.0159149 -3.14159
0100010000 0.0110779 0
0100010001 0.0496216 -3.14159
0100010010 0.0129242 -3.14159
0100010011 0.023056 0
0100010100 0.00104523 0
0100010101 0.0150299 -3.14159
0100010110 0.0154648 0
0100010111 0.013237 -3.14159
0100011000 0.0130615 0
0100011001 0.00260735 0
0100011010 0.0308533 -3.14159
0100011011 0.0648804 -3.14159
0100011100 0.0108566 -3.14159
0100011101 0.00661469 0
0100011110 0.0287476 -3.14159
0100011111 0.00322533 -3.14159
0100100000 0.0020256 -3.14159
0100100001 0.0397644 -3.14159
0100100010 0.0111923 0
0100100011 0.00761414 0
0100100100 0.033844 -3.14159
0100100101 0.0789795 0
0100100110 0.0232239 -3.14159
0100100111 0.0210266 -3.14159
0100101000 0.0160675 0
0100101001 0.081665 -3.14159
0100101010 0.0684204 0
0100101011 0.0281982 -3.14159
0100101100 0.0383301 0
0100101101 0.0828857 -3.14159
0100101110 0.0435486 0
0100101111 0.0183258 0
0100110000 0.0466309 0
0100110001 0.0174103 -3.14159
0100110010 0.00547409 -3.14159
0100110011 0.0411072 -3.14159
0100110100 0.00970459 0
0100110101 0.0152588 0
0100110110 0.0147934 -3.14159
0100110111 0.0294037 0
0100111000 0.028717 -3.14159
0100111001 0.0736694 -3.14159
0100111010 0.0387878 -3.14159
0100111011 0.0309906 -3.14159
0100111100 0.0386963 -3.14159
0100111101 0.0220337 -3.14159
0100111110 0.0386353 0
0100111111 0.0340881 -3.14159
0101000000 0.00458908 -3.14159
0101000001 0.0118332 0
0101000010 0.0243683 -3.14159
0101000011 0.00397491 0
0101000100 0.0185089 -3.14159
0101000101 0.0359802 0
0101000110 0.00594711 0
0101000111 0.0352478 -3.14159
0101001000 0.00914001 0
0101001001 0.0639648 -3.14159
0101001010 0.00619888 0
0101001011 0.0326233 0
0101001100 0.00490189 -3.14159
0101001101 0.00130463 0
0101001110 0.0253296 0
0101001111 0.0110245 0
0101010000 0.0368652 0
0101010001 0.0249786 0
0101010010 0.0327454 0
0101010011 0.0456848 -3.14159
0101010100 0.023819 0
0101010101 0.0475769 0
0101010110 0.0149536 0
0101010111 0.00814056 -3.14159
0101011000 0.0531006 0
0101011001 0.00549316 -3.14159
0101011010 0.00456619 -3.14159
0101011011 0.053894 -3.14159
0101011100 0.000119388 0
0101011101 0.0252686 0
0101011110 0.0210266 0
0101011111 0.0202942 0
0101100000 0.0352478 0
0101100001 0.0818481 -3.14159
0101100010 0.0017786 -3.14159
0101100011 0.00255585 -3.14159
0101100100 0.0205841 -3.14159
0101100101 0.00208855 -3.14159
0101100110 0.0344238 -3.14159
0101100111 0.041748 -3.14159
0101101000 0.0876465 -3.14159
0101101001 0.019043 0
0101101010 0.0311737 0
0101101011 0.0379639 0
0101101100 0.00748825 -3.14159
0101101101 0.0278015 -3.14159
0101101110 0.0202942 -3.14159
0101101111 0.0144958 -3.14159
0101110000 0.0126343 -3.14159
0101110001 0.0383606 -3.14159
0101110010 0.0378723 -3.14159
0101110011 0.00580978 0
0101110100 0.0594482 0
0101110101 0.0090332 -3.14159
0101110110 0.0018034 0
0101110111 0.0446167 -3.14159
0101111000 0.021698 0
0101111001 0.0227966 0
0101111010 0.0322571 0
0101111011 0.0303802 -3.14159
0101111100 0.01651 -3.14159
0101111101 0.00743866 0
0101111110 0.0129013 0
0101111111 0.0514526 0
0110000000 0.00615311 -3.14159
0110000001 0.00370598 0
0110000010 0.0353394 -3.14159
0110000011 0.0462952 0
0110000100 0.0751953 -3.14159
0110000101 0.0185547 0
0110000110 0.035614 0
0110000111 0.0167999 0
0110001000 0.0330505 -3.14159
0110001001 0.0209351 -3.14159
0110001010 0.0260925 -3.14159
0110001011 0.00471115 0
0110001100 0.00270653 -3.14159
0110001101 0.0079422 -3.14159
0110001110 0.0232086 0
0110001111 0.00849152 -3.14159
0110010000 0.00416946 0
0110010001 0.0157318 -3.14159
0110010010 0.0144806 -3.14159
0110010011 0.0402832 0
0110010100 0.0600891 -3.14159
0110010101 0.0592346 -3.14159
0110010110 0.00814819 -3.14159
0110010111 0.0179749 0
0110011000 0.0137711 0
0110011001 0.0456848 -3.14159
0110011010 0.0210114 -3.14159
0110011011 0.0189362 0
0110011100 0.0131378 0
0110011101 0.00181198 -3.14159
0110011110 0.0227661 0
0110011111 0.0191956 0
0110100000 0.0281372 0
0110100001 0.0153503 0
0110100010 0.0266266 0
0110100011 0.0376587 -3.14159
0110100100 0.0257416 0
0110100101 0.0180359 0
0110100110 0.0187378 0
0110100111 0.0274353 -3.14159
0110101000 0.00394821 -3.14159
0110101001 0.0092392 -3.14159
0110101010 0.0118179 0
0110101011 0.0294037 -3.14159
0110101100 0.00681305 -3.14159
0110101101 0.0278015 0
0110101110 0.0241241 -3.14159
0110101111 0.0308228 0
0110110000 0.0128174 -3.14159
0110110001 0.0880737 -3.14159
0110110010 0.0205383 0
0110110011 0.033844 -3.14159
0110110100 0.0275421 0
0110110101 0.0342102 0
0110110110 0.0190277 0
0110110111 0.0263672 0
0110111000 0.00318909 0
0110111001 0.00585556 0
0110111010 0.0367126 0
0110111011 0.0625 0
0110111100 0.0204163 -3.14159
0110111101 0.00140476 -3.14159
0110111110 0.0268555 -3.14159
0110111111 0.0354919 -3.14159
0111000000 0.00717926 0
0111000001 0.0514526 -3.14159
0111000010 0.0333252 0
0111000011 0.032196 -3.14159
0111000100 0.0102081 -3.14159
0111000101 0.0109787 0
0111000110 0.00669479 -3.14159
0111000111 0.0243073 -3.14159
0111001000 0.0252228 0
0111001001 0.0576477 0
0111001010 0.0141754 0
0111001011 0.0123291 -3.14159
0111001100 0.0266113 0
0111001101 0.0178375 -3.14159
0111001110 0.0761719 0
0111001111 0.0471191 0
0111010000 0.03302 0
0111010001 0.0285339 0
0111010010 0.00612259 0
0111010011 0.035553 0
0111010100 0.00804901 -3.14159
0111010101 0.0214233 -3.14159
0111010110 0.0188751 0
0111010111 0.0250092 -3.14159
0111011000 0.0436096 0
0111011001 0.0183716 -3.14159
0111011010 0.00191021 0
0111011011 0.000463247 0
0111011100 0.00930023 0
0111011101 0.032959 0
0111011110 0.0124893 0
0111011111 0.0283813 -3.14159
0111100000 0.0175171 -3.14159
0111100001 0.0349426 -3.14159
0111100010 0.0102768 0
0111100011 0.026413 0
0111100100 0.00621033 -3.14159
0111100101 0.0397949 -3.14159
0111100110 0.00645065 0
0111100111 0.0263062 -3.14159
0111101000 0.0507507 -3.14159
0111101001 0.0133286 -3.14159
0111101010 0.00764084 -3.14159
0111101011 0.0595398 -3.14159
0111101100 0.00355148 0
0111101101 0.0234528 -3.14159
0111101110 0.00875092 0
0111101111 0.00452805 0
0111110000 0.00580597 0
0111110001 0.0302277 -3.14159
0111110010 0.0413513 0
0111110011 0.0558167 -3.14159
0111110100 0.028717 0
0111110101 0.0195618 -3.14159
0111110110 0.0106583 -3.14159
0111110111 0.0110474 0
0111111000 0.0545349 -3.14159
0111111001 0.015358 0
0111111010 0.021637 0
0111111011 0.00792694 -3.14159
0111111100 0.0360718 -3.14159
0111111101 0.00683212 -3.14159
0111111110 0.0244904 -3.14159
0111111111 0.0387268 0
1000000000 0.0131073 0
1000000001 0.0106812 -3.14159
1000000010 0.00748444 0
1000000011 0.00210762 0
1000000100 0.0296936 0
1000000101 0.026123 0
1000000110 0.0263672 0
1000000111 0.012085 0
1000001000 0.00861359 -3.14159
1000001001 0.0121536 -3.14159
1000001010 0.0011425 0
1000001011 0.0800171 -3.14159
1000001100 0.0109024 0
1000001101 0.0249634 -3.14159
1000001110 0.0381775 -3.14159
1000001111 0.0117188 -3.14159
1000010000 2.90871e-05 0
1000010001 0.0685425 -3.14159
1000010010 0.0193481 0
1000010011 0.0162201 0
1000010100 0.00317764 0
1000010101 0.0173492 0
1000010110 0.021286 0
1000010111 0.0157166 0
1000011000 0.053894 0
1000011001 0.0403442 0
1000011010 0.0265045 -3.14159
1000011011 0.00395966 0
1000011100 0.0119934 -3.14159
1000011101 0.000363111 -3.14159
1000011110 0.021286 0
1000011111 0.00597763 -3.14159
1000100000 0.053009 -3.14159
1000100001 0.0503845 -3.14159
1000100010 0.0108871 0
1000100011 0.0301208 -3.14159
1000100100 0.0120087 -3.14159
1000100101 0.072937 -3.14159
1000100110 0.00131226 0
1000100111 0.0612488 0
1000101000 0.0186157 0
1000101001 0.0212555 -3.14159
1000101010 0.026123 -3.14159
1000101011 0.0157623 0
1000101100 0.00562668 -3.14159
1000101101 0.00665283 -3.14159
1000101110 0.0402222 0
1000101111 0.0164185 0
1000110000 0.00626755 -3.14159
1000110001 0.00858307 0
1000110010 0.0262756 0
1000110011 0.00748444 -3.14159
1000110100 0.0515442 -3.14159
1000110101 0.0298004 0
1000110110 0.0276947 -3.14159
1000110111 0.00580978 0
1000111000 0.0070343 0
1000111001 0.0363159 -3.14159
1000111010 0.0375977 0
1000111011 0.0280609 -3.14159
1000111100 0.0185089 0
1000111101 0.0113449 0
1000111110 0.00320244 0
1000111111 0.000277281 -3.14159
1001000000 0.00802612 0
1001000001 0.00416183 0
1001000010 0.0217896 0
1001000011 0.00200653 -3.14159
1001000100 0.024826 -3.14159
1001000101 0.0160217 0
1001000110 0.0231323 -3.14159
1001000111 0.0345459 -3.14159
1001001000 0.00129128 0
1001001001 0.00453949 -3.14159
1001001010 0.016922 -3.14159
1001001011 0.00702286 -3.14159
1001001100 0.0128937 0
1001001101 0.014595 -3.14159
1001001110 0.0129547 -3.14159
1001001111 0.0443115 0
1001010000 0.0122681 -3.14159
1001010001 0.00953674 -3.14159
1001010010 0.00150204 -3.14159
1001010011 0.00035882 0
1001010100 0.00172615 0
1001010101 0.0505981 -3.14159
1001010110 0.00470734 0
1001010111 0.0193329 -3.14159
1001011000 0.00973511 0
1001011001 0.0224457 0
1001011010 0.00704956 0
1001011011 0.028244 0
1001011100 0.0152969 -3.14159
1001011101 0.00421143 0
1001011110 0.0284119 -3.14159
1001011111 0.0170135 -3.14159
1001100000 0.00875092 0
1001100001 0.00450897 0
1001100010 0.00881195 -3.14159
1001100011 0.0396729 0
1001100100 0.0461731 -3.14159
1001100101 0.0304871 0
1001100110 0.0724487 0
1001100111 0.0701294 0
1001101000 0.00390625 0
1001101001 0.0017128 0
1001101010 0.028595 0
1001101011 0.03479 0
1001101100 0.0276489 0
1001101101 0.00477219 0
1001101110 0.0197449 -3.14159
1001101111 0.0303802 -3.14159
1001110000 0.069519 0
1001110001 0.0437927 -3.14159
1001110010 0.0333862 0
1001110011 0.010582 0
1001110100 0.0320129 -3.14159
1001110101 0.00540924 -3.14159
1001110110 0.0225372 -3.14159
1001110111 0.0175476 -3.14159
1001111000 0.0507507 0
1001111001 0.00471878 0
1001111010 0.00931549 0
1001111011 0.0386353 0
1001111100 0.0136642 -3.14159
1001111101 0.00186062 0
1001111110 0.0188751 -3.14159
1001111111 0.0043602 0
1010000000 0.00201797 -3.14159
1010000001 0.0135345 0
1010000010 0.0225983 0
1010000011 0.00980377 -3.14159
1010000100 0.0366211 0
1010000101 0.0198822 -3.14159
1010000110 0.0730591 -3.14159
1010000111 0.0197906 -3.14159
1010001000 0.0220032 -3.14159
1010001001 0.0134811 0
1010001010 0.014267 -3.14159
1010001011 0.0634155 0
1010001100 0.0225677 -3.14159
1010001101 0.00361633 -3.14159
1010001110 0.0352478 0
1010001111 0.0549622 0
1010010000 0.0467529 0
1010010001 0.0120468 0
1010010010 0.0377502 -3.14159
1010010011 0.0412598 0
1010010100 0.0189209 -3.14159
1010010101 0.0205078 0
1010010110 0.0239563 0
1010010111 0.0225983 0
1010011000 0.0707397 0
1010011001 0.0351257 -3.14159
1010011010 0.0076561 -3.14159
1010011011 0.0164032 -3.14159
1010011100 0.0197144 0
1010011101 0.00894165 0
1010011110 0.0139236 0
1010011111 0.054657 -3.14159
1010100000 0.02005 -3.14159
1010100001 0.0327454 0
1010100010 0.0392151 -3.14159
1010100011 0.0178833 -3.14159
1010100100 0.0189667 0
1010100101 0.0175323 0
1010100110 0.0157776 0
1010100111 0.0183563 -3.14159
1010101000 0.00214005 -3.14159
1010101001 0.0108566 0
1010101010 0.000389576 -3.14159
1010101011 0.00677109 0
1010101100 0.0444336 0
1010101101 0.0119705 -3.14159
1010101110 0.017395 0
1010101111 0.00221252 0
1010110000 0.0487671 0
1010110001 0.035675 -3.14159
1010110010 0.019104 0
1010110011 0.00957489 -3.14159
1010110100 0.0214844 -3.14159
1010110101 0.0111923 0
1010110110 0.0264282 0
1010110111 0.00256729 -3.14159
1010111000 0.0161591 0
1010111001 0.0240479 -3.14159
1010111010 0.0314636 -3.14159
1010111011 0.0377502 -3.14159
1010111100 0.0253906 -3.14159
1010111101 0.0515442 0
1010111110 0.0351257 -3.14159
1010111111 0.00202751 -3.14159
1011000000 0.0654297 -3.14159
1011000001 0.0356445 0
1011000010 0.00184155 -3.14159
1011000011 0.0224915 -3.14159
1011000100 0.0223694 -3.14159
1011000101 0.00556183 0
1011000110 0.0145035 0
1011000111 0.0256348 0
1011001000 0.0045433 -3.14159
1011001001 0.0715942 -3.14159
1011001010 0.0484314 -3.14159
1011001011 0.0173798 -3.14159
1011001100 0.0397034 -3.14159
1011001101 0.0397034 -3.14159
1011001110 0.0159607 0
1011001111 0.018158 -3.14159
1011010000 0.0113831 -3.14159
1011010001 0.0436096 -3.14159
1011010010 0.0168457 -3.14159
1011010011 0.0475464 0
1011010100 0.00966644 -3.14159
1011010101 0.032196 0
1011010110 0.0533752 0
1011010111 0.00232697 0
1011011000 0.029068 0
1011011001 0.0240173 0
1011011010 0.0125122 0
1011011011 0.0206757 -3.14159
1011011100 0.0188141 -3.14159
1011011101 0.0186615 0
1011011110 0.0125427 0
1011011111 0.00163555 -3.14159
1011100000 0.0137558 0
1011100001 0.0148621 -3.14159
1011100010 0.0444946 0
1011100011 0.0122986 0
1011100100 0.00348091 0
1011100101 0.0512695 0
1011100110 0.0100403 -3.14159
1011100111 0.00832367 -3.14159
1011101000 0.0994263 -3.14159
1011101001 0.022934 -3.14159
1011101010 0.0608215 -3.14159
1011101011 0.00380516 0
1011101100 0.0246887 -3.14159
1011101101 0.0219421 0
1011101110 0.00969696 0
1011101111 0.0968628 0
1011110000 0.0454102 -3.14159
1011110001 0.0155563 -3.14159
1011110010 0.0212402 0
1011110011 0.0353088 0
1011110100 0.0227814 -3.14159
1011110101 0.0206299 -3.14159
1011110110 0.00540543 -3.14159
1011110111 0.0107346 -3.14159
1011111000 0.0345154 0
1011111001 0.00741577 0
1011111010 0.0315247 -3.14159
1011111011 0.0572205 0
1011111100 0.0295868 -3.14159
1011111101 0.0165863 -3.14159
1011111110 0.0345154 0
1011111111 0.00933075 0
1100000000 0.0625 0
1100000001 0.00642014 -3.14159
1100000010 0.0128098 -3.14159
1100000011 0.0764771 -3.14159
1100000100 0.0140305 -3.14159
1100000101 0.0672607 0
1100000110 0.0125427 0
1100000111 0.011528 -3.14159
1100001000 0.0249634 -3.14159
1100001001 0.0639038 -3.14159
1100001010 0.0248108 -3.14159
1100001011 0.0221252 -3.14159
1100001100 0.0236816 -3.14159
1100001101 0.0152435 -3.14159
1100001110 0.033844 -3.14159
1100001111 0.0334473 0
1100010000 0.00984955 0
1100010001 0.016449 -3.14159
1100010010 0.0362244 0
1100010011 0.017868 -3.14159
1100010100 0.0366211 -3.14159
1100010101 0.0302734 -3.14159
1100010110 0.0174866 0
1100010111 0.0396729 0
1100011000 0.0466003 -3.14159
1100011001 0.00845337 0
1100011010 0.0485535 -3.14159
1100011011 0.0229187 0
1100011100 0.0213013 0
1100011101 0.0148621 0
1100011110 0.00884247 -3.14159
1100011111 0.035675 -3.14159
1100100000 0.0212402 0
1100100001 0.0822144 0
1100100010 0.0345459 -3.14159
1100100011 0.00631332 0
1100100100 0.0165253 -3.14159
1100100101 0.00831604 -3.14159
1100100110 0.0385437 0
1100100111 0.0544434 -3.14159
1100101000 0.0228577 0
1100101001 0.000151396 -3.14159
1100101010 0.00687027 0
1100101011 0.00698853 0
1100101100 0.0092926 -3.14159
1100101101 0.0103912 -3.14159
1100101110 0.0512695 0
1100101111 0.0260315 0
1100110000 0.00630569 0
1100110001 0.0668945 -3.14159
1100110010 0.0413513 -3.14159
1100110011 0.0358276 0
1100110100 0.0210419 0
1100110101 0.00485992 0
1100110110 0.00999451 -3.14159
1100110111 0.00802612 -3.14159
1100111000 0.00175571 0
1100111001 0.0671387 -3.14159
1100111010 0.0431213 0
1100111011 0.0346069 -3.14159
1100111100 0.0549622 -3.14159
1100111101 0.0230255 0
1100111110 0.032959 -3.14159
1100111111 0.0197906 -3.14159
1101000000 0.0653687 -3.14159
1101000001 0.000201702 -3.14159
1101000010 0.0319519 -3.14159
1101000011 0.00439835 -3.14159
1101000100 0.014595 0
1101000101 0.0184021 0
1101000110 0.00537491 -3.14159
1101000111 0.0405579 0
1101001000 0.00159931 0
1101001001 0.0231628 0
1101001010 0.0056839 -3.14159
1101001011 0.00164127 -3.14159
1101001100 0.0162354 -3.14159
1101001101 0.0272217 0
1101001110 0.0451965 0
1101001111 0.00811768 0
1101010000 0.00371933 0
1101010001 0.00734329 0
1101010010 0.0312195 -3.14159
1101010011 0.0452881 -3.14159
1101010100 0.0257874 0
1101010101 0.00325394 0
1101010110 0.0509033 -3.14159
1101010111 0.0336609 -3.14159
1101011000 0.0041008 -3.14159
1101011001 0.0242004 0
1101011010 0.0346985 0
1101011011 0.0290375 -3.14159
1101011100 0.0128021 0
1101011101 0.00399017 0
1101011110 0.00209045 -3.14159
1101011111 0.0379944 -3.14159
1101100000 0.0802002 0
1101100001 0.0628052 0
1101100010 0.00119495 -3.14159
1101100011 0.0140228 -3.14159
1101100100 0.0221405 -3.14159
1101100101 0.013237 -3.14159
1101100110 0.00243378 0
1101100111 0.00769424 -3.14159
1101101000 0.0111465 -3.14159
1101101001 0.00774002 0
1101101010 0.018158 0
1101101011 0.00622559 -3.14159
1101101100 0.0158844 -3.14159
1101101101 0.00131989 0
1101101110 0.0180054 -3.14159
1101101111 0.000846386 0
1101110000 0.0153885 -3.14159
1101110001 0.06604 0
1101110010 0.00808716 0
1101110011 0.045929 -3.14159
1101110100 0.0119553 -3.14159
1101110101 0.0242767 -3.14159
1101110110 0.00691605 -3.14159
1101110111 0.00727463 0
1101111000 0.0204773 -3.14159
1101111001 0.02034 0
1101111010 0.0226593 0
1101111011 0.0168304 -3.14159
1101111100 0.0330811 0
1101111101 0.0397644 -3.14159
1101111110 0.0237427 -3.14159
1101111111 0.0635986 0
1110000000 0.0302277 -3.14159
1110000001 0.00542831 -3.14159
1110000010 0.0517578 0
1110000011 0.0284576 0
1110000100 0.0139923 0
1110000101 0.0498962 0
1110000110 0.0372925 -3.14159
1110000111 0.0154572 -3.14159
1110001000 0.0121155 0
1110001001 0.000193954 0
1110001010 0.0437927 0
1110001011 0.0044136 -3.14159
1110001100 0.0313416 0
1110001101 0.0022831 0
1110001110 0.0315552 -3.14159
1110001111 0.0267029 -3.14159
1110010000 0.000575542 -3.14159
1110010001 0.0175629 -3.14159
1110010010 0.0219727 -3.14159
1110010011 0.00807953 0
1110010100 0.0187988 -3.14159
1110010101 0.0654297 -3.14159
1110010110 0.0228577 0
1110010111 0.0472717 -3.14159
1110011000 0.0180664 0
1110011001 0.00606155 0
1110011010 0.0283508 -3.14159
1110011011 0.0329895 -3.14159
1110011100 0.0273285 0
1110011101 0.0109253 0
1110011110 0.0129242 0
1110011111 0.067688 0
1110100000 0.0036335 -3.14159
1110100001 0.0282288 0
1110100010 0.02388 0
1110100011 0.0441589 -3.14159
1110100100 0.0429993 0
1110100101 0.00850677 0
1110100110 0.0440979 -3.14159
1110100111 0.0243378 -3.14159
1110101000 0.0147934 -3.14159
1110101001 0.0140991 0
1110101010 0.0222778 0
1110101011 0.0344543 0
1110101100 0.00480652 -3.14159
1110101101 0.0368958 0
1110101110 0.0512695 -3.14159
1110101111 0.0371094 -3.14159
1110110000 0.0292969 0
1110110001 0.0301971 0
1110110010 0.048645 -3.14159
1110110011 0.0437012 -3.14159
1110110100 0.0730591 -3.14159
1110110101 0.0750122 0
1110110110 0.0278778 -3.14159
1110110111 0.00529861 0
1110111000 0.0152054 0
1110111001 0.0365601 0
1110111010 0.0457153 0
1110111011 0.0535278 0
1110111100 0.00941467 -3.14159
1110111101 0.00137138 -3.14159
1110111110 0.0162811 0
1110111111 0.00677872 0
1111000000 0.00458527 -3.14159
1111000001 0.0689087 0
1111000010 0.00758743 -3.14159
1111000011 0.00460052 -3.14159
1111000100 0.00457764 -3.14159
1111000101 0.0403442 -3.14159
1111000110 0.0198975 -3.14159
1111000111 0.0201874 0
1111001000 0.019043 0
1111001001 0.0157776 -3.14159
1111001010 0.0260925 -3.14159
1111001011 0.0436096 -3.14159
1111001100 0.0480957 0
1111001101 0.0879517 0
1111001110 0.0300598 -3.14159
1111001111 0.0106277 0
1111010000 0.0128174 -3.14159
1111010001 0.00821686 0
1111010010 0.0227661 -3.14159
1111010011 0.0640259 -3.14159
1111010100 0.00771332 0
1111010101 0.0199738 -3.14159
1111010110 0.0665894 0
1111010111 0.00708771 0
1111011000 0.0351257 0
1111011001 0.0194397 0
1111011010 0.000692844 -3.14159
1111011011 0.00984955 -3.14159
1111011100 0.00167942 0
1111011101 0.0195312 0
1111011110 0.00510788 0
1111011111 0.0270386 -3.14159
1111100000 0.0736694 0
1111100001 0.0183411 -3.14159
1111100010 0.00403595 -3.14159
1111100011 0.0112228 0
1111100100 0.0737915 -3.14159
1111100101 0.0198669 -3.14159
1111100110 0.0958862 -3.14159
1111100111 0.0435791 -3.14159
1111101000 0.00780487 -3.14159
1111101001 0.00550461 -3.14159
1111101010 0.0727539 -3.14159
1111101011 0.078125 0
1111101100 0.059021 0
1111101101 0.0183563 0
1111101110 0.00682449 0
1111101111 0.00883484 0
1111110000 0.035675 0
1111110001 0.0228577 0
1111110010 0.0679932 -3.14159
1111110011 0.00674057 0
1111110100 0.0362244 0
1111110101 0.00191498 0
1111110110 0.0147171 0
1111110111 0.00647354 -3.14159
1111111000 0.0094223 -3.14159
1111111001 0.0657959 -3.14159
1111111010 0.00281525 0
1111111011 0.0274658 -3.14159
1111111100 0.00823975 0
1111111101 0.0516357 0
1111111110 0.00655746 -3.14159
1111111111 0.019989 -3.14159
