0000000000 0.0354309 0
0000000001 0.050415 0
0000000010 0.0215302 -3.14159
0000000011 0.00491714 -3.14159
0000000100 0.00655746 -3.14159
0000000101 0.0192871 0
0000000110 0.0317688 -3.14159
0000000111 0.00818634 -3.14159
0000001000 0.0233765 0
0000001001 0.0345764 -3.14159
0000001010 0.00816345 -3.14159
0000001011 0.019989 0
0000001100 0.0223694 -3.14159
0000001101 0.0129776 0
0000001110 0.000803947 -3.14159
0000001111 0.0125427 0
0000010000 0.00816345 0
0000010001 0.0347595 -3.14159
0000010010 0.0201263 -3.14159
0000010011 0.0364685 -3.14159
0000010100 0.0255585 -3.14159
0000010101 0.0133057 0
0000010110 0.00115108 -3.14159
0000010111 0.0419922 0
0000011000 0.0568848 0
0000011001 0.0281219 -3.14159
0000011010 0.0296783 -3.14159
0000011011 0.0362244 -3.14159
0000011100 0.0245209 -3.14159
0000011101 0.0269928 -3.14159
0000011110 0.00370026 0
0000011111 0.0228424 -3.14159
0000100000 0.0758667 -3.14159
0000100001 0.0110092 -3.14159
0000100010 0.0614319 -3.14159
0000100011 0.00623322 -3.14159
0000100100 0.0145035 0
0000100101 0.00461197 0
0000100110 0.00367928 -3.14159
0000100111 0.0191803 0
0000101000 0.0102005 -3.14159
0000101001 0.0353088 -3.14159
0000101010 0.0457764 -3.14159
0000101011 0.0104218 -3.14159
0000101100 0.0471497 -3.14159
0000101101 0.0158539 0
0000101110 0.00687027 0
0000101111 0.00542831 -3.14159
0000110000 0.017334 0
0000110001 0.0633545 -3.14159
0000110010 0.0601501 -3.14159
0000110011 0.0330505 0
0000110100 0.0207672 -3.14159
0000110101 0.00460815 0
0000110110 0.00476456 0
0000110111 0.0546265 0
0000111000 0.0410767 -3.14159
0000111001 0.0166168 -3.14159
0000111010 0.00179005 0
0000111011 0.0305023 -3.14159
0000111100 0.0107422 0
0000111101 0.0259094 0
0000111110 0.0119553 0
0000111111 0.00331306 0
0001000000 0.0605164 0
0001000001 0.00227547 0
0001000010 0.0036335 -3.14159
0001000011 0.0224762 0
0001000100 0.0354919 -3.14159
0001000101 0.0249176 -3.14159
0001000110 0.0419922 -3.14159
0001000111 0.00281143 0
0001001000 0.0280457 -3.14159
0001001001 0.014679 0
0001001010 0.00779343 0
0001001011 0.037323 -3.14159
0001001100 0.0600891 -3.14159
0001001101 0.0111771 0
0001001110 0.00218964 0
0001001111 0.00537109 0
0001010000 0.00767136 0
0001010001 0.0249939 -3.14159
0001010010 0.0407104 -3.14159
0001010011 0.0171204 0
0001010100 0.0250244 0
0001010101 0.0151978 -3.14159
0001010110 0.00189781 0
0001010111 0.00613785 0
0001011000 0.0131073 -3.14159
0001011001 0.00624847 0
0001011010 0.0258026 0
0001011011 0.012001 0
0001011100 0.0476074 0
0001011101 0.0429688 -3.14159
0001011110 0.0256805 -3.14159
0001011111 0.0427246 0
0001100000 0.000898361 -3.14159
0001100001 0.0190582 -3.14159
0001100010 0.050354 -3.14159
0001100011 0.0257263 -3.14159
0001100100 0.043396 -3.14159
0001100101 0.0239716 0
0001100110 0.0171051 -3.14159
0001100111 0.0157928 0
0001101000 0.0012455 0
0001101001 0.103577 0
0001101010 0.0332336 -3.14159
0001101011 0.000657082 -3.14159
0001101100 0.016098 0
0001101101 0.050293 -3.14159
0001101110 0.0249023 -3.14159
0001101111 0.0125809 0
0001110000 0.0643921 -3.14159
0001110001 0.0186615 -3.14159
0001110010 0.0271606 -3.14159
0001110011 0.0228271 0
0001110100 0.0351562 -3.14159
0001110101 0.00311661 -3.14159
0001110110 0.00818634 0
0001110111 0.0272217 -3.14159
0001111000 0.0565186 -3.14159
0001111001 0.0126877 0
0001111010 0.0239716 -3.14159
0001111011 0.00575256 -3.14159
0001111100 0.0351562 -3.14159
0001111101 0.0189209 0
0001111110 0.00636673 -3.14159
0001111111 0.00720596 0
0010000000 0.0226135 0
0010000001 0.013031 -3.14159
0010000010 0.00991058 0
0010000011 0.0404968 -3.14159
0010000100 0.0236359 0
0010000101 0.00327492 0
0010000110 0.0371094 0
0010000111 0.0135803 0
0010001000 0.013443 -3.14159
0010001001 0.00790405 -3.14159
0010001010 0.00178432 -3.14159
0010001011 0.0023613 0
0010001100 0.0162201 0
0010001101 0.00102043 -3.14159
0010001110 0.0355835 0
0010001111 0.00438309 0
0010010000 0.0184479 -3.14159
0010010001 0.00410843 -3.14159
0010010010 0.00998688 -3.14159
0010010011 0.0115433 -3.14159
0010010100 0.0128937 -3.14159
0010010101 0.00609589 0
0010010110 0.0271606 -3.14159
0010010111 0.0482483 0
0010011000 0.0262909 -3.14159
0010011001 0.026474 -3.14159
0010011010 0.0173492 0
0010011011 0.000445366 0
0010011100 0.0114059 -3.14159
0010011101 0.00698471 0
0010011110 0.0211639 -3.14159
0010011111 0.00984192 0
0010100000 0.0164185 0
0010100001 0.0232239 0
0010100010 0.00490189 -3.14159
0010100011 0.0164032 -3.14159
0010100100 0.00932312 0
0010100101 0.0343933 -3.14159
0010100110 0.027298 0
0010100111 0.00704575 0
0010101000 0.00369263 0
0010101001 0.032196 0
0010101010 0.00964355 0
0010101011 0.0285339 0
0010101100 0.0224762 0
0010101101 0.0236969 0
0010101110 0.000929832 -3.14159
0010101111 0.00362968 0
0010110000 0.00591278 0
0010110001 0.0499268 -3.14159
0010110010 0.0244293 -3.14159
0010110011 0.0422668 0
0010110100 0.0407715 0
0010110101 0.0186615 -3.14159
0010110110 0.00668335 0
0010110111 0.0277252 -3.14159
0010111000 0.00169468 0
0010111001 0.0317688 -3.14159
0010111010 0.00218773 0
0010111011 0.0291443 0
0010111100 0.0533447 0
0010111101 0.0588684 -3.14159
0010111110 0.00927734 -3.14159
0010111111 0.0632324 -3.14159
0011000000 0.0622864 0
0011000001 0.029892 0
0011000010 0.0219421 0
0011000011 0.0347595 0
0011000100 0.0124207 -3.14159
0011000101 0.00712585 0
0011000110 0.037323 0
0011000111 0.0104599 -3.14159
0011001000 0.0234833 0
0011001001 0.00659561 0
0011001010 0.0020504 0
0011001011 0.0218964 -3.14159
0011001100 0.00396729 -3.14159
0011001101 0.00579071 -3.14159
0011001110 0.0094223 -3.14159
0011001111 0.00740433 0
0011010000 0.00596237 -3.14159
0011010001 0.00330162 -3.14159
0011010010 0.0154495 0
0011010011 0.014595 0
0011010100 0.000779629 -3.14159
0011010101 0.041748 -3.14159
0011010110 0.0386353 -3.14159
0011010111 0.067688 0
0011011000 0.00379372 0
0011011001 0.0228577 0
0011011010 0.00584412 0
0011011011 0.0085144 0
0011011100 0.0115891 -3.14159
0011011101 0.0488586 -3.14159
0011011110 0.0479431 -3.14159
0011011111 0.00143719 -3.14159
0011100000 0.0222473 0
0011100001 0.0135117 0
0011100010 0.0285339 -3.14159
0011100011 0.0384827 -3.14159
0011100100 0.0260315 0
0011100101 0.0553589 0
0011100110 0.00188446 0
0011100111 0.0172119 -3.14159
0011101000 0.0143433 -3.14159
0011101001 0.00844574 0
0011101010 0.0771484 -3.14159
0011101011 0.00223351 0
0011101100 0.001441 0
0011101101 0.0166779 -3.14159
0011101110 0.00545502 0
0011101111 0.0429688 0
0011110000 0.00123692 0
0011110001 0.00963593 -3.14159
0011110010 0.0239716 0
0011110011 0.0653687 -3.14159
0011110100 0.0042572 -3.14159
0011110101 0.00823212 0
0011110110 0.0314331 0
0011110111 0.00199509 0
0011111000 0.0892944 0
0011111001 0.0154114 0
0011111010 0.0102921 0
0011111011 0.0131989 -3.14159
0011111100 0.000254631 -3.14159
0011111101 0.0205231 -3.14159
0011111110 0.0121078 0
0011111111 0.00744629 0
0100000000 0.0662842 0
0100000001 0.0179138 0
0100000010 0.0157776 -3.14159
0100000011 0.0406494 0
0100000100 0.0482483 -3.14159
0100000101 0.0116653 -3.14159
0100000110 0.0173035 0
0100000111 0.0245819 0
0100001000 0.000862122 0
0100001001 0.0112839 -3.14159
0100001010 0.00375557 0
0100001011 0.0556641 -3.14159
0100001100 0.0285797 -3.14159
0100001101 0.0164185 -3.14159
0100001110 0.00262833 0
0100001111 0.033905 -3.14159
0100010000 0.0273285 0
0100010001 0.0585632 -3.14159
0100010010 0.0171661 -3.14159
0100010011 0.0127563 0
0100010100 0.0576477 0
0100010101 0.0280762 -3.14159
0100010110 0.0114212 0
0100010111 0.00124931 0
0100011000 0.00374985 0
0100011001 0.0185547 0
0100011010 0.0162811 -3.14159
0100011011 0.0738525 -3.14159
0100011100 0.00466537 -3.14159
0100011101 0.00562286 -3.14159
0100011110 0.0317078 -3.14159
0100011111 0.0558777 0
0100100000 0.0251312 -3.14159
0100100001 0.0182343 0
0100100010 0.00359917 -3.14159
0100100011 0.00736618 0
0100100100 0.0223846 -3.14159
0100100101 0.000669479 -3.14159
0100100110 0.0624084 -3.14159
0100100111 0.0457153 -3.14159
0100101000 0.0570679 0
0100101001 0.0997925 -3.14159
0100101010 0.0508423 0
0100101011 0.026062 -3.14159
0100101100 0.0431824 0
0100101101 0.0552368 -3.14159
0100101110 0.038147 0
0100101111 0.00295639 -3.14159
0100110000 0.046875 0
0100110001 0.0420532 -3.14159
0100110010 0.00210571 0
0100110011 0.043335 -3.14159
0100110100 0.00421143 -3.14159
0100110101 0.0335693 0
0100110110 0.0131989 -3.14159
0100110111 0.00858307 0
0100111000 0.0121231 -3.14159
0100111001 0.0622253 -3.14159
0100111010 0.0470886 -3.14159
0100111011 0.0311127 -3.14159
0100111100 0.0495911 -3.14159
0100111101 0.0107651 -3.14159
0100111110 0.0583496 0
0100111111 0.0107193 -3.14159
0101000000 0.0118179 -3.14159
0101000001 0.00527573 0
0101000010 0.00211525 -3.14159
0101000011 0.026886 0
0101000100 0.0231476 -3.14159
0101000101 0.0270538 0
0101000110 0.026062 -3.14159
0101000111 0.0340881 -3.14159
0101001000 0.022049 0
0101001001 0.00654984 -3.14159
0101001010 0.0253906 0
0101001011 0.0550842 0
0101001100 0.0158081 0
0101001101 0.0151596 0
0101001110 0.014061 0
0101001111 0.000892162 0
0101010000 0.0379333 0
0101010001 0.00476837 -3.14159
0101010010 0.0266266 0
0101010011 0.0570068 -3.14159
0101010100 0.013176 0
0101010101 0.0364685 0
0101010110 0.0108414 0
0101010111 0.00101471 0
0101011000 0.0385742 0
0101011001 0.0128326 0
0101011010 0.00837708 -3.14159
0101011011 0.0600891 -3.14159
0101011100 0.0142365 -3.14159
0101011101 0.0927124 0
0101011110 0.0107651 0
0101011111 0.0419617 0
0101100000 0.028183 0
0101100001 0.0501404 -3.14159
0101100010 0.012352 -3.14159
0101100011 0.0243988 -3.14159
0101100100 0.00541306 0
0101100101 0.0208435 0
0101100110 0.039978 -3.14159
0101100111 0.0157166 -3.14159
0101101000 0.0533142 -3.14159
0101101001 0.0147858 -3.14159
0101101010 0.0163879 0
0101101011 0.00985718 0
0101101100 0.00191689 -3.14159
0101101101 0.0259705 -3.14159
0101101110 0.0122757 -3.14159
0101101111 0.00253487 0
0101110000 0.00937653 -3.14159
0101110001 0.00117302 0
0101110010 0.024353 -3.14159
0101110011 0.0202942 0
0101110100 0.0567932 0
0101110101 0.0125732 0
0101110110 0.0298157 0
0101110111 0.0072937 0
0101111000 0.0216522 0
0101111001 0.0343323 0
0101111010 0.0246124 0
0101111011 0.0371094 -3.14159
0101111100 0.0192566 -3.14159
0101111101 0.0127335 -3.14159
0101111110 0.0240173 0
0101111111 0.0548706 0
0110000000 0.014534 0
0110000001 0.0483704 0
0110000010 0.0432434 -3.14159
0110000011 0.0799561 0
0110000100 0.0604858 -3.14159
0110000101 0.0117645 0
0110000110 0.0108948 0
0110000111 0.00643921 0
0110001000 0.0134125 -3.14159
0110001001 0.0154114 -3.14159
0110001010 0.00075531 0
0110001011 0.00489044 -3.14159
0110001100 0.0239716 0
0110001101 0.0340881 -3.14159
0110001110 0.0206909 0
0110001111 0.00964355 -3.14159
0110010000 0.0324097 0
0110010001 0.0156403 0
0110010010 0.0241241 -3.14159
0110010011 0.0124359 0
0110010100 0.0844727 -3.14159
0110010101 0.0605774 -3.14159
0110010110 0.00511169 0
0110010111 0.000813961 -3.14159
0110011000 0.00769424 -3.14159
0110011001 0.0208282 -3.14159
0110011010 0.00978088 -3.14159
0110011011 0.0474854 0
0110011100 0.0215607 -3.14159
0110011101 0.00458145 0
0110011110 0.040741 0
0110011111 0.00345612 0
0110100000 0.0486755 0
0110100001 0.00616074 0
0110100010 0.0327759 0
0110100011 0.023056 -3.14159
0110100100 0.0222931 0
0110100101 0.00255585 0
0110100110 0.000857353 0
0110100111 0.00830841 -3.14159
0110101000 0.0342407 -3.14159
0110101001 0.0216675 -3.14159
0110101010 0.0157166 0
0110101011 0.0334473 -3.14159
0110101100 0.0089035 -3.14159
0110101101 0.0114136 0
0110101110 0.012825 0
0110101111 0.00527573 -3.14159
0110110000 0.000376225 -3.14159
0110110001 0.0767212 -3.14159
0110110010 0.033905 0
0110110011 0.00155163 -3.14159
0110110100 0.00213051 0
0110110101 0.0282593 0
0110110110 0.0417786 0
0110110111 0.00110817 0
0110111000 0.0394287 -3.14159
0110111001 0.0107574 -3.14159
0110111010 0.0104446 0
0110111011 0.0583496 0
0110111100 0.0272064 -3.14159
0110111101 0.00476074 -3.14159
0110111110 0.0170135 -3.14159
0110111111 0.0163116 -3.14159
0111000000 0.00777435 0
0111000001 0.045166 -3.14159
0111000010 0.00449753 -3.14159
0111000011 0.024826 -3.14159
0111000100 0.0179443 -3.14159
0111000101 0.01651 0
0111000110 0.029892 -3.14159
0111000111 0.0167389 -3.14159
0111001000 0.041687 0
0111001001 0.0245209 0
0111001010 0.020874 -3.14159
0111001011 0.00596619 0
0111001100 0.016861 0
0111001101 0.0311127 -3.14159
0111001110 0.0446777 0
0111001111 0.0753784 0
0111010000 0.0298615 0
0111010001 0.0203247 0
0111010010 0.00543213 -3.14159
0111010011 0.0604248 0
0111010100 0.039856 0
0111010101 0.0163574 -3.14159
0111010110 0.0021553 0
0111010111 0.0110016 -3.14159
0111011000 0.0349121 0
0111011001 0.0177307 -3.14159
0111011010 0.00325584 -3.14159
0111011011 0.00802612 0
0111011100 0.00983429 0
0111011101 0.0354004 0
0111011110 0.0415955 0
0111011111 0.00839996 -3.14159
0111100000 0.00473785 -3.14159
0111100001 0.000277758 -3.14159
0111100010 0.0300446 0
0111100011 0.0289612 0
0111100100 0.00641632 0
0111100101 0.0287628 -3.14159
0111100110 0.0112381 -3.14159
0111100111 0.013649 -3.14159
0111101000 0.0384216 -3.14159
0111101001 0.0375061 0
0111101010 0.0482788 -3.14159
0111101011 0.0232697 -3.14159
0111101100 0.0298157 -3.14159
0111101101 0.0241699 -3.14159
0111101110 0.0309296 0
0111101111 0.00440979 -3.14159
0111110000 0.0186615 -3.14159
0111110001 0.0231323 -3.14159
0111110010 0.0255432 0
0111110011 0.0636597 -3.14159
0111110100 0.0132065 0
0111110101 0.0165558 -3.14159
0111110110 0.00448227 0
0111110111 0.0139465 0
0111111000 0.0482483 -3.14159
0111111001 0.0391846 0
0111111010 0.018158 -3.14159
0111111011 0.0162048 0
0111111100 0.00353622 0
0111111101 0.00944519 -3.14159
0111111110 0.0172424 0
0111111111 0.0578613 0
1000000000 0.0118332 0
1000000001 0.00933075 0
1000000010 0.0100174 -3.14159
1000000011 0.0216064 -3.14159
1000000100 0.0159454 0
1000000101 0.0614319 0
1000000110 0.0253448 0
1000000111 0.0419312 0
1000001000 0.00285912 -3.14159
1000001001 0.0310059 0
1000001010 0.0101395 -3.14159
1000001011 0.0571594 -3.14159
1000001100 0.000253916 0
1000001101 0.0492249 -3.14159
1000001110 0.0643921 -3.14159
1000001111 0.0420532 -3.14159
1000010000 0.00567245 -3.14159
1000010001 0.0391846 -3.14159
1000010010 0.0126724 0
1000010011 0.0234375 0
1000010100 0.0273285 0
1000010101 0.030899 0
1000010110 0.00712585 -3.14159
1000010111 0.0186462 0
1000011000 0.0343933 0
1000011001 0.0297089 0
1000011010 0.00951385 -3.14159
1000011011 0.0474548 0
1000011100 0.0135498 -3.14159
1000011101 0.00817108 0
1000011110 0.00764084 -3.14159
1000011111 0.0102844 -3.14159
1000100000 0.0137863 -3.14159
1000100001 0.052887 -3.14159
1000100010 0.0177307 0
1000100011 0.00172615 -3.14159
1000100100 0.00149822 0
1000100101 0.0725098 -3.14159
1000100110 0.0419617 -3.14159
1000100111 0.0498657 0
1000101000 0.0118103 0
1000101001 0.00582886 0
1000101010 0.0181274 -3.14159
1000101011 0.000746727 -3.14159
1000101100 0.0397949 -3.14159
1000101101 0.0228119 0
1000101110 0.0193176 0
1000101111 0.0168915 0
1000110000 0.000523567 0
1000110001 0.0109024 0
1000110010 0.0182343 0
1000110011 0.0460205 -3.14159
1000110100 0.0397644 -3.14159
1000110101 0.0174103 0
1000110110 0.0454102 -3.14159
1000110111 0.0106277 0
1000111000 0.0118484 -3.14159
1000111001 0.0279388 -3.14159
1000111010 0.0548096 0
1000111011 0.0175934 0
1000111100 0.03125 0
1000111101 0.0227814 0
1000111110 0.0113373 -3.14159
1000111111 0.0089035 -3.14159
1001000000 0.0251312 0
1001000001 0.0251923 -3.14159
1001000010 0.0178986 0
1001000011 0.0276794 0
1001000100 0.0282593 -3.14159
1001000101 0.000463724 0
1001000110 0.0548096 -3.14159
1001000111 0.0566406 -3.14159
1001001000 0.0100708 0
1001001001 0.013443 0
1001001010 0.0125656 -3.14159
1001001011 0.00936127 0
1001001100 0.00669098 0
1001001101 0.0560913 -3.14159
1001001110 0.0315857 -3.14159
1001001111 0.0389099 0
1001010000 0.0130768 -3.14159
1001010001 0.00593567 0
1001010010 0.0118866 0
1001010011 0.0189362 -3.14159
1001010100 0.0175629 -3.14159
1001010101 0.0351562 -3.14159
1001010110 0.0328369 0
1001010111 0.026947 -3.14159
1001011000 0.0104141 0
1001011001 0.0351868 0
1001011010 0.0222168 0
1001011011 0.0390625 0
1001011100 0.0114517 -3.14159
1001011101 0.0222168 -3.14159
1001011110 0.00687027 -3.14159
1001011111 0.0179443 -3.14159
1001100000 0.0332031 0
1001100001 0.00689316 -3.14159
1001100010 0.0189972 -3.14159
1001100011 0.0334778 0
1001100100 0.0262451 -3.14159
1001100101 0.00369644 0
1001100110 0.0333557 0
1001100111 0.0726318 0
1001101000 0.0305634 0
1001101001 0.0159149 -3.14159
1001101010 0.0357971 0
1001101011 0.0407715 0
1001101100 0.0302124 0
1001101101 0.00465775 0
1001101110 0.0490723 -3.14159
1001101111 0.0161438 -3.14159
1001110000 0.0400391 0
1001110001 0.0559387 -3.14159
1001110010 0.0130768 -3.14159
1001110011 0.0196228 0
1001110100 0.032135 -3.14159
1001110101 0.0242462 -3.14159
1001110110 0.0216217 0
1001110111 0.0238037 -3.14159
1001111000 0.027298 0
1001111001 0.00421906 -3.14159
1001111010 0.0117722 0
1001111011 0.0384521 0
1001111100 0.0357666 0
1001111101 0.0314331 -3.14159
1001111110 0.0254517 -3.14159
1001111111 0.00233269 -3.14159
1010000000 0.00200081 0
1010000001 0.00392151 -3.14159
1010000010 0.00466156 -3.14159
1010000011 0.00205421 -3.14159
1010000100 0.0167389 -3.14159
1010000101 0.0430603 -3.14159
1010000110 0.0222626 -3.14159
1010000111 0.0141296 -3.14159
1010001000 0.0140762 -3.14159
1010001001 0.0488892 0
1010001010 0.022049 0
1010001011 0.0654297 0
1010001100 0.00936127 -3.14159
1010001101 0.00335121 0
1010001110 0.0234222 0
1010001111 0.057312 0
1010010000 0.0683594 0
1010010001 0.0124588 -3.14159
1010010010 0.054718 -3.14159
1010010011 0.0521851 0
1010010100 0.0052948 -3.14159
1010010101 0.00177097 0
1010010110 0.00223923 -3.14159
1010010111 0.024826 -3.14159
1010011000 0.0718994 0
1010011001 0.0106049 -3.14159
1010011010 0.00688553 0
1010011011 0.0410156 -3.14159
1010011100 0.0468445 0
1010011101 0.0016861 -3.14159
1010011110 0.0199738 0
1010011111 0.0126038 -3.14159
1010100000 0.0332336 -3.14159
1010100001 0.0406189 -3.14159
1010100010 0.0381165 -3.14159
1010100011 0.00817108 0
1010100100 0.0184326 0
1010100101 0.000944138 -3.14159
1010100110 0.000529289 0
1010100111 0.0305023 -3.14159
1010101000 0.0189514 0
1010101001 0.0539856 0
1010101010 0.00239563 -3.14159
1010101011 0.00479507 0
1010101100 0.0326233 0
1010101101 0.0130768 -3.14159
1010101110 0.0139313 -3.14159
1010101111 0.00303841 0
1010110000 0.0792847 0
1010110001 0.0207214 -3.14159
1010110010 0.00575638 0
1010110011 0.023056 -3.14159
1010110100 0.0462341 -3.14159
1010110101 0.000132918 -3.14159
1010110110 0.00135708 -3.14159
1010110111 0.00423813 -3.14159
1010111000 0.0238647 -3.14159
1010111001 0.0013485 -3.14159
1010111010 0.0472107 -3.14159
1010111011 0.00501251 -3.14159
1010111100 0.0158997 0
1010111101 0.0150909 0
1010111110 0.0291748 -3.14159
1010111111 0.0106964 0
1011000000 0.0263977 -3.14159
1011000001 0.0360107 0
1011000010 0.0307159 0
1011000011 0.0144348 -3.14159
1011000100 0.00766754 0
1011000101 0.0181274 0
1011000110 0.00992584 -3.14159
1011000111 0.00984955 0
1011001000 0.00402451 -3.14159
1011001001 0.0426025 -3.14159
1011001010 0.0280457 -3.14159
1011001011 0.0367126 -3.14159
1011001100 0.0490112 -3.14159
1011001101 0.0266876 -3.14159
1011001110 0.0159454 0
1011001111 0.0220947 -3.14159
1011010000 0.00522995 0
1011010001 0.029007 -3.14159
1011010010 0.00669861 0
1011010011 0.00188446 0
1011010100 0.0278015 -3.14159
1011010101 0.0237579 0
1011010110 0.0312805 0
1011010111 0.00364685 0
1011011000 0.0150528 0
1011011001 0.0409851 0
1011011010 0.0180969 -3.14159
1011011011 0.0161285 -3.14159
1011011100 0.0139999 0
1011011101 0.0254517 0
1011011110 0.00231552 0
1011011111 0.0075798 0
1011100000 0.0151215 -3.14159
1011100001 0.0259705 -3.14159
1011100010 0.0490723 0
1011100011 0.00354576 -3.14159
1011100100 0.0263367 0
1011100101 0.0530396 0
1011100110 0.00220108 0
1011100111 0.024704 -3.14159
1011101000 0.0894165 -3.14159
1011101001 0.00601959 -3.14159
1011101010 0.0397034 -3.14159
1011101011 0.0351562 0
1011101100 0.0306396 0
1011101101 0.00780487 0
1011101110 0.0209961 0
1011101111 0.049408 0
1011110000 0.0482178 -3.14159
1011110001 0.00321388 0
1011110010 0.0127258 -3.14159
1011110011 0.0115051 0
1011110100 0.0112839 0
1011110101 0.0153961 0
1011110110 0.0367737 -3.14159
1011110111 0.0217285 0
1011111000 0.0038662 0
1011111001 0.002491 -3.14159
1011111010 0.0213013 -3.14159
1011111011 0.0769653 0
1011111100 0.0116882 -3.14159
1011111101 0.00733948 0
1011111110 0.0533752 0
1011111111 0.00873566 0
1100000000 0.0129929 0
1100000001 0.00619125 0
1100000010 0.0151291 -3.14159
1100000011 0.037323 -3.14159
1100000100 0.0269775 -3.14159
1100000101 0.0671997 0
1100000110 0.015686 0
1100000111 0.0138092 -3.14159
1100001000 0.0449524 -3.14159
1100001001 0.0609131 -3.14159
1100001010 0.00569916 0
1100001011 0.0285492 0
1100001100 0.00488663 -3.14159
1100001101 0.0102081 -3.14159
1100001110 0.0313416 -3.14159
1100001111 0.0484314 0
1100010000 0.0408936 -3.14159
1100010001 0.0106735 0
1100010010 0.0478516 0
1100010011 0.0250397 -3.14159
1100010100 0.0533447 -3.14159
1100010101 0.00318718 0
1100010110 0.0165405 0
1100010111 0.0811768 0
1100011000 0.0932617 -3.14159
1100011001 0.022995 0
1100011010 0.014534 -3.14159
1100011011 0.0449829 0
1100011100 0.0562134 0
1100011101 0.0254059 0
1100011110 0.00746536 0
1100011111 0.0498657 -3.14159
1100100000 0.0407104 0
1100100001 0.0411072 0
1100100010 0.00942993 -3.14159
1100100011 0.01548 0
1100100100 0.0039978 0
1100100101 0.0431519 -3.14159
1100100110 0.0192108 0
1100100111 0.0320129 -3.14159
1100101000 0.0394592 0
1100101001 0.0369873 0
1100101010 0.0125885 0
1100101011 0.00475693 0
1100101100 0.0217285 -3.14159
1100101101 0.00206375 0
1100101110 0.0526733 0
1100101111 0.038147 0
1100110000 0.00255775 -3.14159
1100110001 0.0543213 -3.14159
1100110010 0.0147552 -3.14159
1100110011 0.0139847 0
1100110100 0.0114975 0
1100110101 0.0242462 0
1100110110 0.0332642 0
1100110111 0.0440063 -3.14159
1100111000 0.0243835 -3.14159
1100111001 0.0644531 -3.14159
1100111010 0.0140915 0
1100111011 0.022583 -3.14159
1100111100 0.0369568 -3.14159
1100111101 0.00193119 0
1100111110 0.0299377 -3.14159
1100111111 0.0389404 -3.14159
1101000000 0.0934448 -3.14159
1101000001 0.0206299 0
1101000010 0.00196648 0
1101000011 0.00124741 0
1101000100 0.0411377 0
1101000101 0.00248528 0
1101000110 0.025589 -3.14159
1101000111 0.0834961 0
1101001000 0.0285034 0
1101001001 0.072937 0
1101001010 0.00364304 -3.14159
1101001011 0.0545959 0
1101001100 0.0345459 -3.14159
1101001101 0.00776672 0
1101001110 0.0429382 0
1101001111 0.0530701 0
1101010000 0.028717 -3.14159
1101010001 0.00624847 0
1101010010 0.0332336 -3.14159
1101010011 0.0542908 -3.14159
1101010100 0.0522461 0
1101010101 0.0135574 -3.14159
1101010110 0.0421143 -3.14159
1101010111 0.0067215 0
1101011000 0.0543213 -3.14159
1101011001 0.00794983 0
1101011010 0.00168228 0
1101011011 0.0418091 -3.14159
1101011100 0.0109177 0
1101011101 0.0379944 -3.14159
1101011110 0.0024147 0
1101011111 0.0462646 -3.14159
1101100000 0.0549316 0
1101100001 0.0560303 0
1101100010 0.0132446 -3.14159
1101100011 0.0175171 -3.14159
1101100100 0.00450516 -3.14159
1101100101 0.0315857 -3.14159
1101100110 0.0158386 0
1101100111 0.0214996 -3.14159
1101101000 6.27041e-05 0
1101101001 0.00287628 0
1101101010 0.0225067 0
1101101011 0.00201797 -3.14159
1101101100 0.0258484 -3.14159
1101101101 0.00823212 -3.14159
1101101110 0.000527859 0
1101101111 0.00341415 0
1101110000 0.0239258 -3.14159
1101110001 0.0574951 0
1101110010 0.0108719 0
1101110011 0.0394897 -3.14159
1101110100 0.0116653 -3.14159
1101110101 0.0297852 -3.14159
1101110110 0.0161133 -3.14159
1101110111 0.026123 0
1101111000 0.0225372 0
1101111001 0.0151825 0
1101111010 0.0105515 -3.14159
1101111011 0.0030632 -3.14159
1101111100 0.0105057 0
1101111101 0.0302582 -3.14159
1101111110 0.037384 -3.14159
1101111111 0.0963745 0
1110000000 0.0587769 -3.14159
1110000001 0.0188904 -3.14159
1110000010 0.0560303 0
1110000011 0.0516663 0
1110000100 0.030777 0
1110000101 0.0856934 0
1110000110 0.0161896 -3.14159
1110000111 0.0140076 0
1110001000 0.00161839 -3.14159
1110001001 0.0258942 0
1110001010 0.0373535 0
1110001011 0.0328674 -3.14159
1110001100 0.0210571 0
1110001101 0.00721741 0
1110001110 0.0279694 0
1110001111 0.0115204 -3.14159
1110010000 0.0232697 0
1110010001 0.0548096 -3.14159
1110010010 0.0114517 -3.14159
1110010011 0.0157776 -3.14159
1110010100 0.064209 -3.14159
1110010101 0.0426331 -3.14159
1110010110 0.0119324 0
1110010111 0.0419922 -3.14159
1110011000 0.0115662 0
1110011001 0.0176849 0
1110011010 0.0390015 -3.14159
1110011011 0.0405273 -3.14159
1110011100 0.0276184 0
1110011101 0.00975037 -3.14159
1110011110 0.000858784 0
1110011111 0.00802612 0
1110100000 0.0148621 0
1110100001 0.00470734 0
1110100010 0.0388794 0
1110100011 0.0102158 -3.14159
1110100100 0.0740356 0
1110100101 0.0464478 0
1110100110 0.0326538 -3.14159
1110100111 0.0030365 0
1110101000 0.0213928 -3.14159
1110101001 0.042572 0
1110101010 0.0353394 0
1110101011 0.0225372 0
1110101100 0.0156021 -3.14159
1110101101 0.0278015 0
1110101110 0.0410767 -3.14159
1110101111 0.0281067 -3.14159
1110110000 0.0209503 -3.14159
1110110001 0.011055 0
1110110010 0.0665283 -3.14159
1110110011 0.0374756 -3.14159
1110110100 0.00151539 -3.14159
1110110101 0.0542603 0
1110110110 0.00973511 -3.14159
1110110111 0.016922 -3.14159
1110111000 0.014328 -3.14159
1110111001 0.0444336 0
1110111010 0.0517273 0
1110111011 0.0160522 -3.14159
1110111100 0.0115967 -3.14159
1110111101 0.0213318 -3.14159
1110111110 0.0132675 -3.14159
1110111111 0.0214539 0
1111000000 0.00723267 0
1111000001 0.0737915 0
1111000010 0.036438 0
1111000011 0.0126495 -3.14159
1111000100 0.0270996 0
1111000101 0.0397034 -3.14159
1111000110 0.00550842 -3.14159
1111000111 0.0140381 0
1111001000 0.0450134 0
1111001001 0.0325928 0
1111001010 0.0171967 -3.14159
1111001011 0.0285339 -3.14159
1111001100 0.04422 0
1111001101 0.0820923 0
1111001110 0.00519562 -3.14159
1111001111 0.0037365 -3.14159
1111010000 0.00869751 0
1111010001 0.00660324 -3.14159
1111010010 0.00458908 -3.14159
1111010011 0.0201416 -3.14159
1111010100 0.00439453 -3.14159
1111010101 0.0143967 -3.14159
1111010110 0.0545349 0
1111010111 0.0395203 0
1111011000 0.0594482 0
1111011001 0.00489426 0
1111011010 0.0115509 0
1111011011 0.0168304 0
1111011100 0.0132904 -3.14159
1111011101 0.0265656 0
1111011110 0.0183411 0
1111011111 0.0137711 -3.14159
1111100000 0.0772705 0
1111100001 0.00214195 -3.14159
1111100010 0.00166512 -3.14159
1111100011 0.0023632 -3.14159
1111100100 0.0692749 -3.14159
1111100101 0.0104446 -3.14159
1111100110 0.0621338 -3.14159
1111100111 0.0157013 -3.14159
1111101000 0.00926208 -3.14159
1111101001 0.0161743 -3.14159
1111101010 0.0541077 -3.14159
1111101011 0.0907593 0
1111101100 0.064209 0
1111101101 0.0265503 -3.14159
1111101110 0.0191498 0
1111101111 0.0152893 0
1111110000 0.00830078 -3.14159
1111110001 0.0180054 0
1111110010 0.0303192 -3.14159
1111110011 0.000819206 -3.14159
1111110100 0.0192566 0
1111110101 0.0161285 0
1111110110 0.0301056 0
1111110111 0.0161896 0
1111111000 0.0188141 0
1111111001 0.0670776 -3.14159
1111111010 0.0156708 0
1111111011 0.0340271 -3.14159
1111111100 0.0243073 -3.14159
1111111101 0.0236206 0
1111111110 0.0177307 -3.14159
1111111111 0.0214844 -3.14159
