0000000000 0.00291824 -3.14159
0000000001 0.0354614 0
0000000010 0.00217438 -3.14159
0000000011 0.0258636 0
0000000100 0.0360718 0
0000000101 0.0254822 0
0000000110 0.0371399 -3.14159
0000000111 0.0351562 -3.14159
0000001000 0.00431061 -3.14159
0000001001 0.00045681 -3.14159
0000001010 0.0280762 -3.14159
0000001011 0.00158501 0
0000001100 0.0484009 -3.14159
0000001101 0.0123672 0
0000001110 0.0314636 -3.14159
0000001111 0.00352097 0
0000010000 0.00801849 -3.14159
0000010001 0.00865936 -3.14159
0000010010 0.0198364 -3.14159
0000010011 0.0168915 -3.14159
0000010100 0.00999451 -3.14159
0000010101 0.0287323 0
0000010110 0.0148392 -3.14159
0000010111 0.0146408 0
0000011000 0.0510254 0
0000011001 0.0224609 -3.14159
0000011010 0.0192413 -3.14159
0000011011 0.0647583 -3.14159
0000011100 0.0186005 -3.14159
0000011101 0.0124512 -3.14159
0000011110 0.00280952 0
0000011111 0.0039978 -3.14159
0000100000 0.0869141 -3.14159
0000100001 0.0153961 -3.14159
0000100010 0.0678101 -3.14159
0000100011 0.0314026 -3.14159
0000100100 0.0259857 0
0000100101 0.00146484 0
0000100110 0.00571823 0
0000100111 0.0297089 -3.14159
0000101000 0.0196686 0
0000101001 0.0235291 -3.14159
0000101010 0.0301971 -3.14159
0000101011 0.0206451 -3.14159
0000101100 0.0482483 -3.14159
0000101101 0.00154305 0
0000101110 0.0238495 -3.14159
0000101111 0.00238037 0
0000110000 0.0236816 0
0000110001 0.0333252 -3.14159
0000110010 0.044281 -3.14159
0000110011 0.00949097 0
0000110100 0.0462952 -3.14159
0000110101 0.00392151 -3.14159
0000110110 0.00675964 -3.14159
0000110111 0.0184631 0
0000111000 0.0302582 -3.14159
0000111001 0.0308838 -3.14159
0000111010 0.00811005 -3.14159
0000111011 0.0234985 -3.14159
0000111100 0.033783 0
0000111101 0.00350571 -3.14159
0000111110 0.00537109 0
0000111111 0.00794983 0
0001000000 0.0574341 0
0001000001 0.0287628 0
0001000010 0.00862122 -3.14159
0001000011 0.00989532 0
0001000100 0.00209808 0
0001000101 0.0171814 -3.14159
0001000110 0.0166779 -3.14159
0001000111 0.00510025 0
0001001000 0.0300598 -3.14159
0001001001 0.00200081 0
0001001010 0.0297699 0
0001001011 0.0146027 -3.14159
0001001100 0.00723267 0
0001001101 0.0307922 0
0001001110 0.00386429 0
0001001111 0.011261 -3.14159
0001010000 0.000686646 -3.14159
0001010001 0.0280609 -3.14159
0001010010 0.00669479 -3.14159
0001010011 0.00574875 -3.14159
0001010100 0.0180511 0
0001010101 0.00497055 -3.14159
0001010110 0.0186157 0
0001010111 0.0187073 -3.14159
0001011000 0.0138016 -3.14159
0001011001 0.00328636 0
0001011010 0.00563431 0
0001011011 0.0269775 0
0001011100 0.0504761 0
0001011101 0.0346069 -3.14159
0001011110 0.0119553 -3.14159
0001011111 0.0415649 0
0001100000 0.0116348 0
0001100001 0.0122375 -3.14159
0001100010 0.0317688 -3.14159
0001100011 0.0345764 -3.14159
0001100100 0.0488586 -3.14159
0001100101 0.0321045 0
0001100110 0.00501633 -3.14159
0001100111 0.0313416 0
0001101000 0.0025959 0
0001101001 0.0827026 0
0001101010 0.0108414 0
0001101011 0.0222931 -3.14159
0001101100 0.0202026 0
0001101101 0.0376892 -3.14159
0001101110 0.00389099 0
0001101111 0.00801849 0
0001110000 0.0487366 -3.14159
0001110001 0.0199585 -3.14159
0001110010 0.0271912 -3.14159
0001110011 0.0273895 0
0001110100 0.0125656 -3.14159
0001110101 0.004776 -3.14159
0001110110 0.0118561 0
0001110111 0.0280304 -3.14159
0001111000 0.0301819 -3.14159
0001111001 0.00127029 0
0001111010 0.0205078 -3.14159
0001111011 0.0187073 0
0001111100 0.00568008 -3.14159
0001111101 0.0181885 0
0001111110 0.012352 -3.14159
0001111111 0.0171814 -3.14159
0010000000 0.0335693 0
0010000001 0.0042572 -3.14159
0010000010 0.0104599 0
0010000011 0.019455 -3.14159
0010000100 0.0106506 0
0010000101 0.0151138 -3.14159
0010000110 0.0350037 0
0010000111 0.0158691 -3.14159
0010001000 0.0258942 -3.14159
0010001001 0.00997925 0
0010001010 0.00766754 0
0010001011 0.0144882 -3.14159
0010001100 0.0225372 0
0010001101 0.00821686 0
0010001110 0.0358582 0
0010001111 0.0153503 -3.14159
0010010000 0.018219 -3.14159
0010010001 0.0098877 -3.14159
0010010010 0.00875854 0
0010010011 0.00901794 -3.14159
0010010100 0.0318604 -3.14159
0010010101 0.00295258 0
0010010110 0.00828552 -3.14159
0010010111 0.0323486 0
0010011000 0.0165253 -3.14159
0010011001 0.00439072 0
0010011010 0.0129089 0
0010011011 0.017807 0
0010011100 0.0129776 -3.14159
0010011101 0.0276031 0
0010011110 0.0289001 -3.14159
0010011111 0.0365295 0
0010100000 0.00434494 0
0010100001 0.00939941 -3.14159
0010100010 0.0115585 -3.14159
0010100011 0.0111618 0
0010100100 0.0118713 -3.14159
0010100101 0.000563622 0
0010100110 0.010704 -3.14159
0010100111 0.0143509 0
0010101000 0.00327301 -3.14159
0010101001 0.0227661 0
0010101010 0.00130844 -3.14159
0010101011 0.0391235 0
0010101100 0.0120163 0
0010101101 0.0248413 0
0010101110 0.00661469 0
0010101111 0.0202484 -3.14159
0010110000 0.0134048 0
0010110001 0.0764771 -3.14159
0010110010 0.0463257 -3.14159
0010110011 0.0636597 0
0010110100 0.0505066 0
0010110101 0.0250549 -3.14159
0010110110 0.0147171 0
0010110111 0.0204468 -3.14159
0010111000 0.0147629 0
0010111001 0.0059967 -3.14159
0010111010 0.000553608 -3.14159
0010111011 0.0243835 0
0010111100 0.0370789 0
0010111101 0.0386963 -3.14159
0010111110 0.0401306 0
0010111111 0.0323181 -3.14159
0011000000 0.046875 0
0011000001 0.00455475 -3.14159
0011000010 0.00548935 0
0011000011 0.0172577 0
0011000100 0.00717545 -3.14159
0011000101 0.00720215 0
0011000110 0.0535583 0
0011000111 0.00326538 0
0011001000 0.0213928 0
0011001001 0.0343323 -3.14159
0011001010 0.0296936 0
0011001011 0.00107098 -3.14159
0011001100 0.0532227 -3.14159
0011001101 0.00919342 -3.14159
0011001110 0.0177155 0
0011001111 0.0107422 0
0011010000 0.00569534 0
0011010001 0.00101757 -3.14159
0011010010 0.0344543 0
0011010011 0.00182915 -3.14159
0011010100 0.0133514 0
0011010101 0.0400085 -3.14159
0011010110 0.0286102 -3.14159
0011010111 0.0580444 0
0011011000 0.0540161 -3.14159
0011011001 0.006073 0
0011011010 0.0065918 0
0011011011 0.0030117 -3.14159
0011011100 0.0233917 0
0011011101 0.0419922 -3.14159
0011011110 0.0354004 -3.14159
0011011111 0.0341187 0
0011100000 0.0227966 0
0011100001 0.0276947 0
0011100010 0.0228119 0
0011100011 0.0225677 -3.14159
0011100100 0.0094223 0
0011100101 0.0307922 0
0011100110 0.00501251 -3.14159
0011100111 0.0168152 -3.14159
0011101000 0.0388794 -3.14159
0011101001 0.0217133 0
0011101010 0.0608826 -3.14159
0011101011 0.00522614 -3.14159
0011101100 0.0476685 -3.14159
0011101101 0.00888062 0
0011101110 0.0140381 0
0011101111 0.0421753 0
0011110000 0.00210381 -3.14159
0011110001 0.00501251 -3.14159
0011110010 0.0556641 0
0011110011 0.0737915 -3.14159
0011110100 0.018631 0
0011110101 0.00570679 -3.14159
0011110110 0.0385742 0
0011110111 0.0155792 -3.14159
0011111000 0.0944824 0
0011111001 0.00494003 0
0011111010 0.0262756 0
0011111011 0.0248566 0
0011111100 0.00355911 0
0011111101 0.0169067 -3.14159
0011111110 0.0246887 0
0011111111 0.0241852 0
0100000000 0.0817261 0
0100000001 0.033783 0
0100000010 0.0144577 -3.14159
0100000011 0.0214386 0
0100000100 0.0349426 -3.14159
0100000101 0.000544071 -3.14159
0100000110 0.0504761 0
0100000111 0.0480042 0
0100001000 0.0135651 -3.14159
0100001001 0.00829315 -3.14159
0100001010 0.00174427 -3.14159
0100001011 0.0368958 -3.14159
0100001100 0.0292053 0
0100001101 0.0263062 -3.14159
0100001110 0.00597763 -3.14159
0100001111 0.0151825 -3.14159
0100010000 0.0292206 0
0100010001 0.0593262 -3.14159
0100010010 0.00285339 -3.14159
0100010011 0.018692 -3.14159
0100010100 0.0264282 0
0100010101 0.0112381 -3.14159
0100010110 0.0185242 0
0100010111 0.00531387 0
0100011000 0.00284386 0
0100011001 0.0240479 0
0100011010 0.0163422 -3.14159
0100011011 0.0804443 -3.14159
0100011100 0.0122147 -3.14159
0100011101 0.0246582 0
0100011110 0.0339355 -3.14159
0100011111 0.00950623 0
0100100000 0.0569763 -3.14159
0100100001 0.00336838 -3.14159
0100100010 0.0166168 -3.14159
0100100011 0.00473785 0
0100100100 0.0136719 -3.14159
0100100101 0.0374756 0
0100100110 0.014328 -3.14159
0100100111 0.0568237 -3.14159
0100101000 0.0225525 0
0100101001 0.0915527 -3.14159
0100101010 0.0231171 0
0100101011 0.000851631 0
0100101100 0.0414429 0
0100101101 0.0687256 -3.14159
0100101110 0.0528259 0
0100101111 0.000984192 -3.14159
0100110000 0.0355225 0
0100110001 0.0240784 -3.14159
0100110010 0.0163727 -3.14159
0100110011 0.0362854 -3.14159
0100110100 0.0238037 0
0100110101 0.042511 0
0100110110 0.00277328 -3.14159
0100110111 0.00756073 0
0100111000 0.0395203 -3.14159
0100111001 0.0544128 -3.14159
0100111010 0.0160065 -3.14159
0100111011 0.0333252 -3.14159
0100111100 0.0278015 -3.14159
0100111101 0.0240936 -3.14159
0100111110 0.0764771 0
0100111111 0.00788116 0
0101000000 0.00510025 0
0101000001 0.0248413 0
0101000010 0.0126953 0
0101000011 0.0121002 0
0101000100 0.0100327 -3.14159
0101000101 0.0419006 0
0101000110 0.0439453 -3.14159
0101000111 0.0218658 -3.14159
0101001000 0.0149384 -3.14159
0101001001 0.00720596 0
0101001010 0.0158539 0
0101001011 0.00260353 0
0101001100 0.0259247 -3.14159
0101001101 0.0112 0
0101001110 0.017868 0
0101001111 0.0119247 -3.14159
0101010000 0.0293274 0
0101010001 0.0156097 -3.14159
0101010010 0.038208 0
0101010011 0.053833 -3.14159
0101010100 0.0227051 0
0101010101 0.0291443 0
0101010110 0.0234375 0
0101010111 0.0483093 0
0101011000 0.00252914 0
0101011001 0.00206184 0
0101011010 0.0211639 -3.14159
0101011011 0.0684814 -3.14159
0101011100 0.0104904 -3.14159
0101011101 0.0495605 0
0101011110 0.0174866 0
0101011111 0.0125656 0
0101100000 0.0122452 0
0101100001 0.0643311 -3.14159
0101100010 0.0201111 -3.14159
0101100011 0.0271301 -3.14159
0101100100 0.022644 -3.14159
0101100101 0.0212708 0
0101100110 0.0292816 -3.14159
0101100111 0.0570984 -3.14159
0101101000 0.0545044 -3.14159
0101101001 0.0222321 -3.14159
0101101010 0.0377808 0
0101101011 0.0177307 0
0101101100 0.0224915 -3.14159
0101101101 0.046875 -3.14159
0101101110 0.0245514 -3.14159
0101101111 0.00367737 -3.14159
0101110000 0.0228119 -3.14159
0101110001 0.0121078 -3.14159
0101110010 0.0276642 -3.14159
0101110011 0.0258026 0
0101110100 0.0258179 0
0101110101 0.0441284 0
0101110110 0.0139084 0
0101110111 0.0203705 -3.14159
0101111000 0.0354919 0
0101111001 0.0296021 0
0101111010 0.0215607 0
0101111011 0.0403442 -3.14159
0101111100 0.0450134 -3.14159
0101111101 0.0109482 -3.14159
0101111110 0.0234375 0
0101111111 0.0372009 0
0110000000 0.0205078 0
0110000001 0.0553589 0
0110000010 0.0420227 -3.14159
0110000011 0.0269928 0
0110000100 0.0704956 -3.14159
0110000101 0.0012598 -3.14159
0110000110 0.024704 0
0110000111 0.0106049 0
0110001000 0.0174408 -3.14159
0110001001 0.00341988 -3.14159
0110001010 0.0102615 0
0110001011 0.0202789 -3.14159
0110001100 0.00980377 0
0110001101 0.0471497 -3.14159
0110001110 0.0151596 0
0110001111 0.0135345 -3.14159
0110010000 0.0462646 0
0110010001 0.0172119 -3.14159
0110010010 0.00280952 0
0110010011 0.0257721 0
0110010100 0.0673828 -3.14159
0110010101 0.0586548 -3.14159
0110010110 0.00381088 -3.14159
0110010111 0.0669556 0
0110011000 0.0173492 0
0110011001 0.030777 -3.14159
0110011010 0.0219421 -3.14159
0110011011 0.0637207 0
0110011100 0.00354958 -3.14159
0110011101 0.00354958 0
0110011110 0.046051 0
0110011111 0.0225372 0
0110100000 0.0661621 0
0110100001 0.0124283 0
0110100010 0.00908661 0
0110100011 0.0274963 -3.14159
0110100100 0.0551453 0
0110100101 0.034668 0
0110100110 0.0447998 0
0110100111 0.00526428 0
0110101000 0.0446777 -3.14159
0110101001 0.00186157 -3.14159
0110101010 0.0288391 0
0110101011 0.034729 -3.14159
0110101100 0.0273285 -3.14159
0110101101 0.0172882 0
0110101110 0.0154724 0
0110101111 0.0223083 0
0110110000 0.014183 0
0110110001 0.0797729 -3.14159
0110110010 0.0421143 0
0110110011 0.0031147 -3.14159
0110110100 0.0348206 0
0110110101 0.038269 0
0110110110 0.0147552 0
0110110111 0.0136719 0
0110111000 0.0567627 -3.14159
0110111001 0.0156403 0
0110111010 0.00567627 -3.14159
0110111011 0.0740356 0
0110111100 0.0426636 -3.14159
0110111101 0.000484467 0
0110111110 0.00288963 0
0110111111 0.0229492 -3.14159
0111000000 0.0127945 0
0111000001 0.0375977 -3.14159
0111000010 0.00439835 -3.14159
0111000011 0.0234222 -3.14159
0111000100 0.0105057 -3.14159
0111000101 0.00946045 0
0111000110 0.0314331 -3.14159
0111000111 0.010025 -3.14159
0111001000 0.0441589 0
0111001001 0.0060997 0
0111001010 0.00544739 -3.14159
0111001011 0.0379028 -3.14159
0111001100 0.011261 -3.14159
0111001101 0.0267029 -3.14159
0111001110 0.0540161 0
0111001111 0.0513611 0
0111010000 0.0390625 0
0111010001 0.0250397 0
0111010010 0.00404358 0
0111010011 0.0514526 0
0111010100 0.0127487 0
0111010101 0.0239868 -3.14159
0111010110 0.00323677 -3.14159
0111010111 0.0397644 -3.14159
0111011000 0.0166016 0
0111011001 0.00775146 -3.14159
0111011010 0.018219 0
0111011011 0.000555515 -3.14159
0111011100 0.0353699 0
0111011101 0.0196991 0
0111011110 0.0355225 0
0111011111 0.00898743 0
0111100000 0.0122757 -3.14159
0111100001 0.0283813 -3.14159
0111100010 0.0111542 0
0111100011 0.00448608 0
0111100100 0.0155487 0
0111100101 0.016571 -3.14159
0111100110 0.050354 -3.14159
0111100111 0.0157318 -3.14159
0111101000 0.0407715 -3.14159
0111101001 0.0213013 -3.14159
0111101010 0.0370483 -3.14159
0111101011 0.0285187 -3.14159
0111101100 0.015625 -3.14159
0111101101 0.00574493 -3.14159
0111101110 0.025589 0
0111101111 0.00318146 0
0111110000 0.022522 0
0111110001 0.0656738 -3.14159
0111110010 0.0281372 0
0111110011 0.0913696 -3.14159
0111110100 0.0161133 0
0111110101 0.00664902 -3.14159
0111110110 0.00928497 0
0111110111 0.00934601 -3.14159
0111111000 0.0491943 -3.14159
0111111001 0.0296631 0
0111111010 0.00872803 -3.14159
0111111011 0.00497437 -3.14159
0111111100 0.0147781 -3.14159
0111111101 0.00600433 0
0111111110 0.0211487 -3.14159
0111111111 0.0617065 0
1000000000 0.00744247 -3.14159
1000000001 0.0297699 -3.14159
1000000010 0.0193939 0
1000000011 0.0174255 -3.14159
1000000100 0.0218811 0
1000000101 0.025238 0
1000000110 0.0124283 0
1000000111 0.00965881 -3.14159
1000001000 0.00304222 -3.14159
1000001001 0.00580978 -3.14159
1000001010 0.0325623 -3.14159
1000001011 0.0634766 -3.14159
1000001100 0.00722122 -3.14159
1000001101 0.0634766 -3.14159
1000001110 0.0444031 -3.14159
1000001111 0.0138168 -3.14159
1000010000 0.0053978 -3.14159
1000010001 0.0637817 -3.14159
1000010010 0.00408173 0
1000010011 0.0470886 0
1000010100 0.0706787 0
1000010101 0.0070343 0
1000010110 0.009552 0
1000010111 0.0231323 -3.14159
1000011000 0.0292206 0
1000011001 0.0151138 0
1000011010 0.0263977 -3.14159
1000011011 0.0303345 0
1000011100 0.0258636 0
1000011101 0.027359 -3.14159
1000011110 0.007061 0
1000011111 0.0314941 0
1000100000 0.0261536 -3.14159
1000100001 0.0430603 -3.14159
1000100010 0.0368652 0
1000100011 0.0158386 0
1000100100 0.0192719 -3.14159
1000100101 0.0585632 -3.14159
1000100110 0.0149841 -3.14159
1000100111 0.0550232 0
1000101000 0.0299988 0
1000101001 0.0215912 -3.14159
1000101010 0.0340271 -3.14159
1000101011 0.032196 -3.14159
1000101100 0.00508499 -3.14159
1000101101 0.0419922 0
1000101110 0.033844 0
1000101111 0.0291901 0
1000110000 0.0232849 -3.14159
1000110001 0.00136852 -3.14159
1000110010 0.015274 0
1000110011 0.020462 -3.14159
1000110100 0.0143051 -3.14159
1000110101 0.0405579 0
1000110110 0.0374756 -3.14159
1000110111 0.0361023 0
1000111000 0.00850677 -3.14159
1000111001 0.0498657 -3.14159
1000111010 0.0117722 0
1000111011 0.0034523 0
1000111100 0.0254517 0
1000111101 0.00484467 0
1000111110 0.0130463 0
1000111111 0.020752 0
1001000000 0.014679 0
1001000001 0.0293732 -3.14159
1001000010 0.0204315 0
1001000011 0.0122223 0
1001000100 0.0060997 0
1001000101 0.0101471 0
1001000110 0.0411987 -3.14159
1001000111 0.0331421 -3.14159
1001001000 0.0284424 0
1001001001 0.0179138 -3.14159
1001001010 0.0278015 -3.14159
1001001011 0.0111008 0
1001001100 0.0183563 0
1001001101 0.0610962 -3.14159
1001001110 0.0205078 -3.14159
1001001111 0.0231934 -3.14159
1001010000 0.0147247 0
1001010001 0.0361328 -3.14159
1001010010 0.000722885 0
1001010011 0.0279083 -3.14159
1001010100 0.0232086 -3.14159
1001010101 0.043335 -3.14159
1001010110 0.0104599 0
1001010111 0.0457153 -3.14159
1001011000 0.0332031 -3.14159
1001011001 0.0211792 0
1001011010 0.0026474 0
1001011011 0.00683975 0
1001011100 0.00143814 0
1001011101 0.017868 -3.14159
1001011110 0.00279236 0
1001011111 0.0157166 -3.14159
1001100000 0.00216675 0
1001100001 0.00186729 0
1001100010 0.0414734 -3.14159
1001100011 0.0132446 0
1001100100 0.00426102 0
1001100101 0.0299835 0
1001100110 0.0640259 0
1001100111 0.0830688 0
1001101000 0.0246277 0
1001101001 0.000901699 -3.14159
1001101010 0.0603943 0
1001101011 0.0374146 0
1001101100 0.04245 0
1001101101 0.000379086 0
1001101110 0.0315552 -3.14159
1001101111 0.00812531 -3.14159
1001110000 0.0528564 0
1001110001 0.072937 -3.14159
1001110010 0.0129242 -3.14159
1001110011 0.037323 0
1001110100 0.00250626 -3.14159
1001110101 0.00978088 0
1001110110 0.00530243 -3.14159
1001110111 0.0189514 -3.14159
1001111000 0.0418396 0
1001111001 0.00415802 0
1001111010 0.062439 0
1001111011 0.04599 0
1001111100 0.0307922 -3.14159
1001111101 0.00183296 0
1001111110 0.0149231 -3.14159
1001111111 0.0105057 -3.14159
1010000000 0.0210724 0
1010000001 0.0248871 0
1010000010 8.74996e-05 0
1010000011 0.0141754 -3.14159
1010000100 0.019928 0
1010000101 0.00935364 -3.14159
1010000110 0.0227203 -3.14159
1010000111 0.0411377 -3.14159
1010001000 0.0403442 -3.14159
1010001001 0.0122986 0
1010001010 0.019043 0
1010001011 0.0310669 0
1010001100 0.00488281 0
1010001101 0.0036602 -3.14159
1010001110 0.0115128 0
1010001111 0.0554504 0
1010010000 0.0577087 0
1010010001 0.00515747 0
1010010010 0.0436096 -3.14159
1010010011 0.00614548 0
1010010100 0.0269623 0
1010010101 0.0437012 0
1010010110 0.017746 0
1010010111 0.0348206 -3.14159
1010011000 0.0644531 0
1010011001 0.0122452 0
1010011010 0.00145054 0
1010011011 0.024826 -3.14159
1010011100 0.0162659 -3.14159
1010011101 0.00651932 -3.14159
1010011110 0.0132446 -3.14159
1010011111 0.00448227 -3.14159
1010100000 0.0278168 -3.14159
1010100001 0.0271149 -3.14159
1010100010 0.0277557 -3.14159
1010100011 0.0202637 -3.14159
1010100100 0.0142212 0
1010100101 0.0193787 0
1010100110 0.00479889 -3.14159
1010100111 0.0332336 -3.14159
1010101000 0.0458679 0
1010101001 0.000360012 0
1010101010 0.00569916 -3.14159
1010101011 0.000683308 -3.14159
1010101100 0.0305939 0
1010101101 0.021347 -3.14159
1010101110 0.0245056 0
1010101111 0.0254669 0
1010110000 0.0537109 0
1010110001 0.0183105 -3.14159
1010110010 0.00171661 0
1010110011 0.0393372 -3.14159
1010110100 0.0387268 -3.14159
1010110101 0.0266876 0
1010110110 0.0231628 -3.14159
1010110111 0.00814819 -3.14159
1010111000 0.00729752 -3.14159
1010111001 0.0101166 -3.14159
1010111010 0.0240784 -3.14159
1010111011 0.01651 -3.14159
1010111100 0.00880432 0
1010111101 0.054718 0
1010111110 0.053894 -3.14159
1010111111 0.007267 0
1011000000 0.0475769 -3.14159
1011000001 0.0415955 0
1011000010 6.14524e-05 0
1011000011 0.0112534 -3.14159
1011000100 0.0101929 -3.14159
1011000101 0.00288391 -3.14159
1011000110 0.0393982 0
1011000111 0.0222015 -3.14159
1011001000 0.00843811 0
1011001001 0.0592041 -3.14159
1011001010 0.0232544 -3.14159
1011001011 0.0392761 -3.14159
1011001100 0.0331421 -3.14159
1011001101 0.0426025 -3.14159
1011001110 0.0162201 0
1011001111 0.0282898 -3.14159
1011010000 0.0185089 -3.14159
1011010001 0.0742798 -3.14159
1011010010 0.0149384 0
1011010011 0.03302 0
1011010100 0.0223389 -3.14159
1011010101 0.0327454 0
1011010110 0.0525818 0
1011010111 0.0300446 0
1011011000 0.0263519 0
1011011001 0.0131302 0
1011011010 0.0149536 0
1011011011 0.038147 -3.14159
1011011100 0.00139809 -3.14159
1011011101 0.0279083 0
1011011110 0.00938416 0
1011011111 0.0260162 0
1011100000 0.0315552 -3.14159
1011100001 0.021698 -3.14159
1011100010 0.029129 0
1011100011 0.00329208 0
1011100100 0.0122604 0
1011100101 0.0558167 0
1011100110 0.0111923 0
1011100111 0.00105286 0
1011101000 0.0733643 -3.14159
1011101001 0.0153885 -3.14159
1011101010 0.0734863 -3.14159
1011101011 0.0198822 0
1011101100 0.00955963 -3.14159
1011101101 0.0185852 0
1011101110 0.0227661 -3.14159
1011101111 0.0641479 0
1011110000 0.0568542 -3.14159
1011110001 0.024292 -3.14159
1011110010 0.0129089 0
1011110011 0.0182343 0
1011110100 0.0185394 -3.14159
1011110101 0.0202179 0
1011110110 0.0244751 -3.14159
1011110111 0.0334778 0
1011111000 0.00993347 -3.14159
1011111001 0.0123215 0
1011111010 0.0170746 -3.14159
1011111011 0.0337219 0
1011111100 0.00331306 0
1011111101 0.00208664 0
1011111110 0.0398254 0
1011111111 0.0118103 0
1100000000 0.0175629 0
1100000001 0.0185394 0
1100000010 0.00541687 -3.14159
1100000011 0.079895 -3.14159
1100000100 0.0480042 -3.14159
1100000101 0.0448303 0
1100000110 0.0056076 -3.14159
1100000111 0.00268555 -3.14159
1100001000 0.051239 -3.14159
1100001001 0.014389 -3.14159
1100001010 0.0131378 -3.14159
1100001011 0.0242615 0
1100001100 0.0285645 0
1100001101 0.0254364 -3.14159
1100001110 0.0593872 -3.14159
1100001111 0.0726929 0
1100010000 0.0169678 -3.14159
1100010001 0.00948334 0
1100010010 0.017807 0
1100010011 0.0113678 0
1100010100 0.00395966 -3.14159
1100010101 0.0266418 -3.14159
1100010110 0.00635147 0
1100010111 0.0760498 0
1100011000 0.0949707 -3.14159
1100011001 0.0193787 0
1100011010 0.013237 -3.14159
1100011011 0.0171814 0
1100011100 0.0320435 0
1100011101 0.00606918 -3.14159
1100011110 0.000972748 0
1100011111 0.0330505 -3.14159
1100100000 0.0494995 0
1100100001 0.0481873 0
1100100010 0.0147781 -3.14159
1100100011 0.0162048 0
1100100100 0.0206299 0
1100100101 0.0400696 -3.14159
1100100110 0.0150528 0
1100100111 0.00729752 0
1100101000 0.0419617 0
1100101001 0.0123749 -3.14159
1100101010 0.0113678 -3.14159
1100101011 0.0233765 -3.14159
1100101100 0.00894165 0
1100101101 0.0157318 -3.14159
1100101110 0.0566406 0
1100101111 0.016449 0
1100110000 0.0207977 0
1100110001 0.0932617 -3.14159
1100110010 0.0103302 -3.14159
1100110011 0.0396118 0
1100110100 0.00873566 0
1100110101 0.0196228 0
1100110110 0.0198822 0
1100110111 0.00621414 0
1100111000 0.00528717 -3.14159
1100111001 0.101318 -3.14159
1100111010 0.0305176 0
1100111011 0.0404968 -3.14159
1100111100 0.0175476 -3.14159
1100111101 0.00442123 0
1100111110 0.0133133 -3.14159
1100111111 0.0437622 -3.14159
1101000000 0.058075 -3.14159
1101000001 0.0180511 0
1101000010 0.00812531 0
1101000011 0.000218391 -3.14159
1101000100 0.0612183 0
1101000101 0.0136414 0
1101000110 0.0415344 -3.14159
1101000111 0.0753784 0
1101001000 0.0103683 -3.14159
1101001001 0.0463867 0
1101001010 0.0190735 0
1101001011 0.0427246 0
1101001100 0.00509644 0
1101001101 0.0262756 0
1101001110 0.0240479 0
1101001111 0.0423889 0
1101010000 0.00147533 -3.14159
1101010001 0.0222626 -3.14159
1101010010 0.00208092 0
1101010011 0.0645142 -3.14159
1101010100 0.0171814 0
1101010101 0.0299225 -3.14159
1101010110 0.0515137 -3.14159
1101010111 0.0245361 0
1101011000 0.0315857 -3.14159
1101011001 0.0185394 0
1101011010 0.0318298 0
1101011011 0.039856 -3.14159
1101011100 0.0138702 0
1101011101 0.0120544 -3.14159
1101011110 0.00414658 0
1101011111 0.00860596 -3.14159
1101100000 0.0794678 0
1101100001 0.041626 0
1101100010 0.0142517 -3.14159
1101100011 0.00812531 0
1101100100 0.0131836 -3.14159
1101100101 0.0028038 0
1101100110 0.0301514 0
1101100111 0.0360413 -3.14159
1101101000 0.00143814 -3.14159
1101101001 0.0029068 -3.14159
1101101010 0.0447388 0
1101101011 0.0066185 0
1101101100 0.00187016 -3.14159
1101101101 0.0306244 -3.14159
1101101110 0.0313721 -3.14159
1101101111 0.000434875 0
1101110000 0.00740433 0
1101110001 0.0788574 0
1101110010 0.00547409 0
1101110011 0.0435486 -3.14159
1101110100 0.0193481 -3.14159
1101110101 0.0534973 -3.14159
1101110110 0.0301514 -3.14159
1101110111 0.00457764 -3.14159
1101111000 0.0184937 0
1101111001 0.00102711 0
1101111010 0.00967407 -3.14159
1101111011 0.00966644 -3.14159
1101111100 0.0176392 0
1101111101 0.0471802 -3.14159
1101111110 0.0301971 -3.14159
1101111111 0.0617065 0
1110000000 0.04599 -3.14159
1110000001 0.0423889 -3.14159
1110000010 0.0620728 0
1110000011 0.0491943 0
1110000100 0.0492554 0
1110000101 0.0368347 0
1110000110 0.0195923 -3.14159
1110000111 0.0249023 -3.14159
1110001000 0.0149307 0
1110001001 0.0403137 0
1110001010 0.0394897 0
1110001011 0.0243835 -3.14159
1110001100 0.00185776 0
1110001101 0.0023098 -3.14159
1110001110 0.0109329 0
1110001111 0.027771 -3.14159
1110010000 0.0224152 0
1110010001 0.0171814 -3.14159
1110010010 0.0217285 -3.14159
1110010011 0.0280609 0
1110010100 0.022522 -3.14159
1110010101 0.0191956 -3.14159
1110010110 0.0480042 0
1110010111 0.0466919 -3.14159
1110011000 0.0304718 0
1110011001 0.0160217 0
1110011010 0.0149078 -3.14159
1110011011 0.0188446 -3.14159
1110011100 0.0263672 0
1110011101 0.032135 -3.14159
1110011110 0.0111008 0
1110011111 0.0127487 0
1110100000 0.00962067 0
1110100001 0.0189972 0
1110100010 0.0368042 0
1110100011 0.0181427 -3.14159
1110100100 0.0737915 0
1110100101 0.0292511 0
1110100110 0.0292816 -3.14159
1110100111 0.00189781 0
1110101000 0.00871277 0
1110101001 0.00212097 -3.14159
1110101010 0.01828 0
1110101011 0.0169983 0
1110101100 0.0135651 -3.14159
1110101101 0.0316772 0
1110101110 0.0114441 -3.14159
1110101111 0.0107803 -3.14159
1110110000 0.0265656 -3.14159
1110110001 0.00722504 0
1110110010 0.059906 -3.14159
1110110011 0.0505066 -3.14159
1110110100 0.0252075 -3.14159
1110110101 0.0454102 0
1110110110 0.0121231 -3.14159
1110110111 0.0224609 -3.14159
1110111000 0.0124741 -3.14159
1110111001 0.0533447 0
1110111010 0.023941 0
1110111011 0.027359 0
1110111100 0.00510025 -3.14159
1110111101 0.00179195 0
1110111110 0.00688934 0
1110111111 0.00263596 -3.14159
1111000000 0.00658798 0
1111000001 0.0387268 0
1111000010 0.0247498 0
1111000011 0.0162354 -3.14159
1111000100 0.0134277 -3.14159
1111000101 0.027359 -3.14159
1111000110 0.0122833 0
1111000111 0.00449371 0
1111001000 0.040802 0
1111001001 0.00551987 0
1111001010 0.00135612 -3.14159
1111001011 0.0372314 -3.14159
1111001100 0.0565491 0
1111001101 0.102661 0
1111001110 0.0107346 -3.14159
1111001111 0.0400696 0
1111010000 0.0211487 -3.14159
1111010001 0.00843048 -3.14159
1111010010 0.00696564 -3.14159
1111010011 0.0104141 -3.14159
1111010100 0.0154419 -3.14159
1111010101 0.0104294 -3.14159
1111010110 0.0574951 0
1111010111 0.0189514 0
1111011000 0.0354004 0
1111011001 0.0176544 -3.14159
1111011010 0.0068779 -3.14159
1111011011 0.00185394 -3.14159
1111011100 0.0139771 0
1111011101 0.00655365 0
1111011110 0.00738525 0
1111011111 0.00144768 -3.14159
1111100000 0.0792236 0
1111100001 0.00562286 0
1111100010 0.00553894 -3.14159
1111100011 0.0462646 0
1111100100 0.0515747 -3.14159
1111100101 0.00708008 -3.14159
1111100110 0.111206 -3.14159
1111100111 0.051239 -3.14159
1111101000 0.00436401 -3.14159
1111101001 0.00566864 -3.14159
1111101010 0.0118103 -3.14159
1111101011 0.0897217 0
1111101100 0.0695801 0
1111101101 0.0148926 0
1111101110 0.0210724 0
1111101111 0.0133362 0
1111110000 0.0167236 0
1111110001 0.0224762 0
1111110010 0.0499268 -3.14159
1111110011 0.00876617 0
1111110100 0.00375748 0
1111110101 0.0154266 0
1111110110 0.00655365 0
1111110111 0.00630188 0
1111111000 0.00402451 -3.14159
1111111001 0.06604 -3.14159
1111111010 0.0194244 0
1111111011 0.0431824 -3.14159
1111111100 0.0239105 -3.14159
1111111101 0.0592346 0
1111111110 0.0187836 -3.14159
1111111111 0.0209656 0
