0000000000 0.0204315 0
0000000001 0.0365601 0
0000000010 0.0245819 0
0000000011 0.00267601 0
0000000100 0.0335388 -3.14159
0000000101 0.0172729 0
0000000110 0.0180206 -3.14159
0000000111 0.0421448 -3.14159
0000001000 0.00310326 0
0000001001 0.00367928 0
0000001010 0.00760651 -3.14159
0000001011 0.0262146 -3.14159
0000001100 0.00474167 0
0000001101 0.0116119 -3.14159
0000001110 0.0155792 0
0000001111 0.00999451 -3.14159
0000010000 0.0286713 0
0000010001 0.0116653 -3.14159
0000010010 0.0306549 -3.14159
0000010011 0.014801 -3.14159
0000010100 0.0266571 -3.14159
0000010101 0.0528259 -3.14159
0000010110 0.0370789 -3.14159
0000010111 0.00172138 -3.14159
0000011000 0.0259552 -3.14159
0000011001 0.0139771 0
0000011010 0.0257263 0
0000011011 0.0300293 0
0000011100 0.0181427 0
0000011101 0.00885773 0
0000011110 0.0389099 -3.14159
0000011111 0.0718994 0
0000100000 0.072876 -3.14159
0000100001 0.0154114 -3.14159
0000100010 0.0670166 -3.14159
0000100011 0.0291901 0
0000100100 0.0332031 -3.14159
0000100101 0.0198975 0
0000100110 0.0272217 0
0000100111 0.00433731 0
0000101000 0.0242004 0
0000101001 0.0110626 0
0000101010 0.0215759 -3.14159
0000101011 0.0802002 0
0000101100 0.020401 0
0000101101 0.0249023 -3.14159
0000101110 0.0112381 -3.14159
0000101111 0.0164032 0
0000110000 0.0183563 0
0000110001 0.00667953 0
0000110010 0.0237885 0
0000110011 0.0312805 0
0000110100 0.0440674 -3.14159
0000110101 0.0152893 0
0000110110 0.0363159 0
0000110111 0.00633621 -3.14159
0000111000 0.0055809 0
0000111001 0.0161285 -3.14159
0000111010 0.00797272 -3.14159
0000111011 0.0141449 -3.14159
0000111100 0.0145569 0
0000111101 0.0324707 0
0000111110 0.0113144 -3.14159
0000111111 0.0126572 -3.14159
0001000000 0.0252075 0
0001000001 0.0472412 -3.14159
0001000010 0.0282288 -3.14159
0001000011 0.00186634 -3.14159
0001000100 0.014183 -3.14159
0001000101 0.0174408 0
0001000110 0.0257874 0
0001000111 0.0250549 -3.14159
0001001000 0.0960083 -3.14159
0001001001 0.00108814 -3.14159
0001001010 0.0287628 -3.14159
0001001011 0.0275726 -3.14159
0001001100 0.0112915 0
0001001101 0.0663452 -3.14159
0001001110 0.0284424 0
0001001111 0.0115433 0
0001010000 0.032135 0
0001010001 0.00558853 -3.14159
0001010010 0.0828247 0
0001010011 0.00233841 -3.14159
0001010100 0.012558 -3.14159
0001010101 0.00769806 -3.14159
0001010110 0.0163879 -3.14159
0001010111 0.0482788 -3.14159
0001011000 0.0401306 0
0001011001 0.0146179 0
0001011010 0.0125961 0
0001011011 0.0689087 -3.14159
0001011100 0.0418396 0
0001011101 0.0180054 -3.14159
0001011110 0.0224457 -3.14159
0001011111 0.0204315 -3.14159
0001100000 0.0598145 -3.14159
0001100001 0.025528 0
0001100010 0.038147 -3.14159
0001100011 0.0090332 -3.14159
0001100100 0.0311737 0
0001100101 0.0147095 -3.14159
0001100110 0.00444031 0
0001100111 0.105469 0
0001101000 0.0563049 0
0001101001 0.00252724 0
0001101010 0.00948334 0
0001101011 0.0401611 -3.14159
0001101100 0.0409241 -3.14159
0001101101 0.0358276 -3.14159
0001101110 0.0689087 0
0001101111 0.00872803 0
0001110000 0.0630493 -3.14159
0001110001 0.0109787 0
0001110010 0.043457 -3.14159
0001110011 0.0125961 0
0001110100 0.00691223 0
0001110101 0.00975037 -3.14159
0001110110 0.0272217 -3.14159
0001110111 0.0244446 -3.14159
0001111000 0.0096817 -3.14159
0001111001 0.0279541 -3.14159
0001111010 0.0185547 0
0001111011 0.0213623 0
0001111100 0.0282593 -3.14159
0001111101 0.0218964 0
0001111110 0.002491 -3.14159
0001111111 0.0407104 0
0010000000 0.0055275 0
0010000001 0.00153923 -3.14159
0010000010 0.00172806 0
0010000011 0.0172882 -3.14159
0010000100 0.0487061 -3.14159
0010000101 0.0448608 -3.14159
0010000110 0.00729752 -3.14159
0010000111 0.0733032 -3.14159
0010001000 0.0267029 -3.14159
0010001001 0.00782776 -3.14159
0010001010 0.00140762 0
0010001011 0.0132523 -3.14159
0010001100 0.0110245 -3.14159
0010001101 0.0370789 -3.14159
0010001110 0.0271149 0
0010001111 0.0192413 -3.14159
0010010000 0.0709229 -3.14159
0010010001 0.0134506 -3.14159
0010010010 0.0167084 -3.14159
0010010011 0.022522 -3.14159
0010010100 0.038208 -3.14159
0010010101 0.0319824 -3.14159
0010010110 0.0246735 0
0010010111 0.00668335 0
0010011000 0.0177917 0
0010011001 0.0454712 -3.14159
0010011010 0.00661087 0
0010011011 0.0346375 0
0010011100 0.0263519 0
0010011101 0.0587158 0
0010011110 0.0138245 -3.14159
0010011111 0.0209351 0
0010100000 0.0157471 -3.14159
0010100001 0.00319099 -3.14159
0010100010 0.0594482 -3.14159
0010100011 0.0245819 -3.14159
0010100100 0.0162201 -3.14159
0010100101 0.0112152 -3.14159
0010100110 0.0274506 0
0010100111 0.0307465 0
0010101000 0.00569916 0
0010101001 0.00857544 0
0010101010 0.0380249 -3.14159
0010101011 0.0191193 -3.14159
0010101100 0.0467834 -3.14159
0010101101 0.0469666 0
0010101110 0.0143661 -3.14159
0010101111 0.0203857 0
0010110000 0.00773239 -3.14159
0010110001 0.012825 0
0010110010 0.0136948 0
0010110011 0.00939941 -3.14159
0010110100 0.0323486 0
0010110101 0.010704 0
0010110110 0.02005 0
0010110111 0.013916 -3.14159
0010111000 0.00357437 0
0010111001 0.0114288 0
0010111010 0.0056839 -3.14159
0010111011 0.0251617 0
0010111100 0.0137787 -3.14159
0010111101 0.0197906 -3.14159
0010111110 0.020401 0
0010111111 0.000611305 -3.14159
0011000000 0.0419922 -3.14159
0011000001 0.00821686 0
0011000010 0.0415344 0
0011000011 0.0130844 0
0011000100 0.0169525 -3.14159
0011000101 0.00255966 0
0011000110 0.00990295 -3.14159
0011000111 0.0165558 -3.14159
0011001000 0.0438232 0
0011001001 0.00333023 0
0011001010 0.0438232 0
0011001011 0.0471497 -3.14159
0011001100 0.000814438 -3.14159
0011001101 0.0273285 -3.14159
0011001110 0.103943 0
0011001111 0.0132599 -3.14159
0011010000 0.00664902 -3.14159
0011010001 0.0171814 0
0011010010 0.0090332 0
0011010011 0.0394592 -3.14159
0011010100 0.00892639 -3.14159
0011010101 0.0134125 -3.14159
0011010110 0.00738144 -3.14159
0011010111 0.0257263 0
0011011000 0.0226746 0
0011011001 0.037323 -3.14159
0011011010 0.00219536 -3.14159
0011011011 0.0112839 -3.14159
0011011100 0.00555038 -3.14159
0011011101 0.0292816 -3.14159
0011011110 0.0113983 0
0011011111 0.0587769 0
0011100000 0.0174561 0
0011100001 0.0195618 -3.14159
0011100010 0.0260468 0
0011100011 0.0126801 -3.14159
0011100100 0.022583 -3.14159
0011100101 0.00106335 0
0011100110 0.0118942 0
0011100111 0.0393066 0
0011101000 0.0320435 -3.14159
0011101001 0.0140076 0
0011101010 0.00918579 0
0011101011 0.0151672 0
0011101100 0.0185242 -3.14159
0011101101 0.0182037 0
0011101110 0.0325317 -3.14159
0011101111 0.0186768 -3.14159
0011110000 0.0170441 -3.14159
0011110001 0.0243835 0
0011110010 0.0150833 0
0011110011 0.0554199 0
0011110100 0.0392761 -3.14159
0011110101 0.0302887 0
0011110110 0.0530396 -3.14159
0011110111 0.0368958 0
0011111000 0.00815582 0
0011111001 0.0357361 -3.14159
0011111010 0.0143356 0
0011111011 0.038147 -3.14159
0011111100 0.0313721 -3.14159
0011111101 0.00239182 -3.14159
0011111110 0.0414124 0
0011111111 0.00547028 0
0100000000 0.0126724 0
0100000001 0.000264645 0
0100000010 0.00730896 -3.14159
0100000011 0.0176392 0
0100000100 0.0770264 -3.14159
0100000101 0.0169678 0
0100000110 0.0385437 0
0100000111 0.0264282 -3.14159
0100001000 0.0368652 0
0100001001 0.00326347 0
0100001010 0.0300446 0
0100001011 0.0216827 -3.14159
0100001100 0.00170898 -3.14159
0100001101 0.0359192 -3.14159
0100001110 0.0283661 0
0100001111 0.000655174 -3.14159
0100010000 0.0419922 0
0100010001 0.0718994 -3.14159
0100010010 0.0239258 0
0100010011 0.0250549 -3.14159
0100010100 0.0812378 -3.14159
0100010101 0.0734863 -3.14159
0100010110 0.022522 0
0100010111 0.0479736 -3.14159
0100011000 0.0566406 -3.14159
0100011001 0.0339355 0
0100011010 0.0112457 -3.14159
0100011011 0.0175476 0
0100011100 0.0110474 -3.14159
0100011101 0.00321579 -3.14159
0100011110 0.0168915 0
0100011111 0.00177383 0
0100100000 0.015686 0
0100100001 0.0586853 0
0100100010 0.0209656 -3.14159
0100100011 0.0358582 0
0100100100 0.0199738 0
0100100101 0.0129166 -3.14159
0100100110 0.0913696 0
0100100111 0.0180664 -3.14159
0100101000 0.0272369 0
0100101001 0.0333252 -3.14159
0100101010 0.0108337 -3.14159
0100101011 0.0315552 0
0100101100 0.0142593 -3.14159
0100101101 0.0150223 0
0100101110 0.00993347 -3.14159
0100101111 0.0359802 0
0100110000 0.0422974 0
0100110001 0.0124512 0
0100110010 0.0059967 0
0100110011 0.0551147 -3.14159
0100110100 0.0368042 0
0100110101 0.0319519 0
0100110110 0.0203552 -3.14159
0100110111 0.0240631 0
0100111000 0.0233307 0
0100111001 0.0117645 0
0100111010 0.000783443 0
0100111011 0.0137253 0
0100111100 0.0275269 -3.14159
0100111101 0.0164642 0
0100111110 0.0316162 0
0100111111 0.0051918 0
0101000000 0.000366688 0
0101000001 0.0295715 -3.14159
0101000010 0.0449829 -3.14159
0101000011 0.0175171 -3.14159
0101000100 0.0101089 0
0101000101 0.0727539 0
0101000110 0.0102234 -3.14159
0101000111 0.0306396 0
0101001000 0.0154114 -3.14159
0101001001 0.0570984 -3.14159
0101001010 0.00229263 -3.14159
0101001011 0.0179443 0
0101001100 0.0192413 -3.14159
0101001101 0.0175171 -3.14159
0101001110 0.000907898 -3.14159
0101001111 0.0137711 0
0101010000 0.00875092 0
0101010001 0.0279083 0
0101010010 0.0153198 -3.14159
0101010011 0.0161896 -3.14159
0101010100 0.0289764 -3.14159
0101010101 0.00518417 0
0101010110 0.0166168 -3.14159
0101010111 0.039093 0
0101011000 0.0254974 0
0101011001 0.0205841 0
0101011010 0.00608063 0
0101011011 0.016861 -3.14159
0101011100 0.00803375 0
0101011101 0.00194931 -3.14159
0101011110 0.0447998 -3.14159
0101011111 0.0125809 0
0101100000 0.0441895 -3.14159
0101100001 0.00666046 -3.14159
0101100010 0.0189209 0
0101100011 0.0411987 -3.14159
0101100100 0.0261078 -3.14159
0101100101 0.00798035 -3.14159
0101100110 0.0338745 -3.14159
0101100111 0.030899 0
0101101000 0.0394287 0
0101101001 0.0253906 -3.14159
0101101010 0.0576782 -3.14159
0101101011 0.0287018 -3.14159
0101101100 0.0299072 0
0101101101 0.0217438 0
0101101110 0.0411072 -3.14159
0101101111 0.0498352 -3.14159
0101110000 0.00300026 0
0101110001 0.0266418 -3.14159
0101110010 0.0209961 -3.14159
0101110011 0.00770569 0
0101110100 0.0162506 -3.14159
0101110101 0.00406265 0
0101110110 0.0343018 -3.14159
0101110111 0.0282593 0
0101111000 0.0121918 -3.14159
0101111001 0.00020647 0
0101111010 0.00263023 0
0101111011 0.00369263 -3.14159
0101111100 0.0294342 0
0101111101 0.000316381 -3.14159
0101111110 0.00935364 0
0101111111 0.0560608 0
0110000000 0.0250854 -3.14159
0110000001 0.0454407 -3.14159
0110000010 0.00463486 -3.14159
0110000011 0.0206299 0
0110000100 0.0127335 -3.14159
0110000101 0.00182533 0
0110000110 0.0308533 0
0110000111 0.0333862 -3.14159
0110001000 0.00579453 -3.14159
0110001001 0.0362244 0
0110001010 0.0453186 0
0110001011 0.0331116 -3.14159
0110001100 0.0150528 0
0110001101 0.0463867 -3.14159
0110001110 0.0253448 0
0110001111 0.0127563 0
0110010000 0.0425415 0
0110010001 0.0207367 -3.14159
0110010010 0.0496826 0
0110010011 0.0205841 0
0110010100 0.00340843 0
0110010101 0.0617981 -3.14159
0110010110 0.0421143 0
0110010111 0.0579834 0
0110011000 0.000992775 -3.14159
0110011001 0.0921021 -3.14159
0110011010 0.00242805 -3.14159
0110011011 0.00155354 -3.14159
0110011100 0.00802612 0
0110011101 0.0296936 -3.14159
0110011110 0.0133667 0
0110011111 0.0323486 0
0110100000 0.0194244 0
0110100001 0.00246239 -3.14159
0110100010 0.00134563 -3.14159
0110100011 0.0142365 0
0110100100 0.0151596 -3.14159
0110100101 0.0846558 0
0110100110 0.00667572 -3.14159
0110100111 0.0483398 0
0110101000 0.00861359 -3.14159
0110101001 0.0156708 0
0110101010 0.0401001 0
0110101011 0.0258636 0
0110101100 0.0514526 -3.14159
0110101101 0.00844574 0
0110101110 0.0376587 0
0110101111 0.0164795 -3.14159
0110110000 0.00547028 -3.14159
0110110001 0.0406494 0
0110110010 0.0120468 0
0110110011 0.010376 0
0110110100 0.00511932 0
0110110101 0.0480042 0
0110110110 0.013649 0
0110110111 0.0379333 -3.14159
0110111000 0.0571899 -3.14159
0110111001 0.0216827 0
0110111010 0.0011673 -3.14159
0110111011 0.0873413 0
0110111100 0.0210571 -3.14159
0110111101 0.0481567 -3.14159
0110111110 0.03302 0
0110111111 0.00652313 0
0111000000 0.0134125 0
0111000001 0.00473022 -3.14159
0111000010 0.0114441 0
0111000011 0.0314636 -3.14159
0111000100 0.0263519 -3.14159
0111000101 0.0390625 -3.14159
0111000110 0.0123291 -3.14159
0111000111 0.0589905 -3.14159
0111001000 0.0272217 0
0111001001 0.0196075 -3.14159
0111001010 0.0301361 0
0111001011 0.0102615 0
0111001100 0.000787258 0
0111001101 0.0291138 -3.14159
0111001110 0.0537415 0
0111001111 0.00258827 -3.14159
0111010000 0.00357628 0
0111010001 0.00706482 -3.14159
0111010010 0.0462036 0
0111010011 0.043457 0
0111010100 0.00359535 -3.14159
0111010101 0.000660419 -3.14159
0111010110 0.0481873 0
0111010111 0.013916 0
0111011000 0.00505829 -3.14159
0111011001 0.00384331 -3.14159
0111011010 0.000118792 -3.14159
0111011011 0.0044136 -3.14159
0111011100 0.0101089 0
0111011101 0.0061264 -3.14159
0111011110 0.0517883 -3.14159
0111011111 0.0137482 -3.14159
0111100000 0.0478516 0
0111100001 0.00551224 0
0111100010 0.00475311 -3.14159
0111100011 0.0301819 -3.14159
0111100100 0.00377083 0
0111100101 0.0178223 0
0111100110 0.0248108 -3.14159
0111100111 0.00184822 -3.14159
0111101000 0.0410156 -3.14159
0111101001 0.0134811 0
0111101010 0.0223999 0
0111101011 0.00930023 0
0111101100 0.0271606 -3.14159
0111101101 0.0684204 -3.14159
0111101110 0.0203705 0
0111101111 0.0298615 0
0111110000 0.00875854 -3.14159
0111110001 0.00124073 -3.14159
0111110010 0.0315857 -3.14159
0111110011 0.0208282 -3.14159
0111110100 0.0415649 -3.14159
0111110101 0.0231171 -3.14159
0111110110 0.000105202 -3.14159
0111110111 0.00689316 0
0111111000 0.0185089 0
0111111001 0.0432739 0
0111111010 0.0857544 -3.14159
0111111011 0.0343933 -3.14159
0111111100 0.0281677 -3.14159
0111111101 0.0237579 0
0111111110 0.030899 -3.14159
0111111111 0.0185547 0
1000000000 0.0350037 -3.14159
1000000001 0.0234833 -3.14159
1000000010 0.00348091 -3.14159
1000000011 0.0261383 0
1000000100 0.0213776 0
1000000101 0.0292206 -3.14159
1000000110 0.0158386 -3.14159
1000000111 0.0278473 0
1000001000 0.0244751 -3.14159
1000001001 0.0499573 0
1000001010 0.00119781 -3.14159
1000001011 0.0184784 0
1000001100 0.0498352 -3.14159
1000001101 0.0239563 -3.14159
1000001110 0.0250092 0
1000001111 0.0022068 -3.14159
1000010000 0.0031414 -3.14159
1000010001 0.0083847 -3.14159
1000010010 0.0328064 -3.14159
1000010011 0.00104809 -3.14159
1000010100 0.056488 0
1000010101 0.0252686 -3.14159
1000010110 0.0185394 0
1000010111 0.0109558 0
1000011000 0.0431824 0
1000011001 0.0719604 -3.14159
1000011010 0.016861 0
1000011011 0.0158539 0
1000011100 0.0092392 0
1000011101 0.0322571 0
1000011110 0.00262451 0
1000011111 0.00103378 0
1000100000 0.013031 -3.14159
1000100001 0.026062 0
1000100010 0.0112991 -3.14159
1000100011 0.0135956 0
1000100100 0.0313416 -3.14159
1000100101 0.0251617 -3.14159
1000100110 0.0262451 -3.14159
1000100111 0.0260468 -3.14159
1000101000 0.00349998 -3.14159
1000101001 0.0121002 0
1000101010 0.00884247 0
1000101011 0.0300598 0
1000101100 0.00951385 -3.14159
1000101101 0.0521851 -3.14159
1000101110 0.0467834 -3.14159
1000101111 0.0268555 -3.14159
1000110000 0.015564 -3.14159
1000110001 0.00675201 -3.14159
1000110010 0.0112991 0
1000110011 0.0047226 -3.14159
1000110100 0.0103455 -3.14159
1000110101 0.00430679 0
1000110110 0.021286 0
1000110111 0.0325928 0
1000111000 0.0747681 -3.14159
1000111001 0.0215607 0
1000111010 0.00389481 -3.14159
1000111011 0.0024662 0
1000111100 0.0180511 0
1000111101 0.0138092 0
1000111110 0.0384827 0
1000111111 0.0111084 0
1001000000 0.0047493 0
1001000001 0.0146027 -3.14159
1001000010 0.0146866 -3.14159
1001000011 0.0228729 0
1001000100 0.0305176 -3.14159
1001000101 0.0192719 0
1001000110 0.0139389 -3.14159
1001000111 0.0458679 -3.14159
1001001000 0.062561 0
1001001001 0.0129852 -3.14159
1001001010 0.0162048 -3.14159
1001001011 0.00994873 0
1001001100 0.028595 0
1001001101 0.0149078 -3.14159
1001001110 0.0225677 0
1001001111 0.0514832 -3.14159
1001010000 0.0461426 0
1001010001 0.0206299 0
1001010010 0.0658569 -3.14159
1001010011 0.0453186 -3.14159
1001010100 0.00379372 0
1001010101 0.00800323 -3.14159
1001010110 0.0116119 0
1001010111 0.0384521 0
1001011000 0.0383911 -3.14159
1001011001 0.00699615 0
1001011010 0.0159149 0
1001011011 0.00185585 -3.14159
1001011100 0.00235558 -3.14159
1001011101 0.0322571 0
1001011110 0.0352173 0
1001011111 0.00105667 -3.14159
1001100000 0.0247803 -3.14159
1001100001 0.0300903 0
1001100010 0.00989532 0
1001100011 0.00156975 -3.14159
1001100100 0.0301208 -3.14159
1001100101 0.0107803 0
1001100110 0.00146389 0
1001100111 0.0881348 0
1001101000 0.0327148 0
1001101001 0.0355225 -3.14159
1001101010 0.00873566 0
1001101011 0.0155182 -3.14159
1001101100 0.00813293 0
1001101101 0.0583801 0
1001101110 0.0182648 0
1001101111 0.0776978 0
1001110000 0.0341187 0
1001110001 0.0472717 -3.14159
1001110010 0.000959396 -3.14159
1001110011 0.0185089 0
1001110100 0.00752258 -3.14159
1001110101 0.0188904 0
1001110110 0.0550842 0
1001110111 0.0258942 -3.14159
1001111000 0.0119781 0
1001111001 0.00771332 0
1001111010 0.023407 0
1001111011 0.0352783 -3.14159
1001111100 0.00163269 -3.14159
1001111101 0.000141382 0
1001111110 0.0196533 -3.14159
1001111111 0.022171 -3.14159
1010000000 0.0041008 -3.14159
1010000001 0.0239105 -3.14159
1010000010 0.0367432 -3.14159
1010000011 0.0263672 -3.14159
1010000100 0.000828743 -3.14159
1010000101 0.0629272 0
1010000110 0.0439148 0
1010000111 0.0581055 -3.14159
1010001000 0.0588379 -3.14159
1010001001 0.0758057 0
1010001010 0.0314331 -3.14159
1010001011 0.00517273 0
1010001100 0.0330811 0
1010001101 0.0214386 0
1010001110 0.00926208 -3.14159
1010001111 0.000318766 0
1010010000 0.0280304 0
1010010001 0.0237274 -3.14159
1010010010 0.0255127 -3.14159
1010010011 0.000494957 -3.14159
1010010100 0.0273438 -3.14159
1010010101 0.0015316 0
1010010110 0.0165405 -3.14159
1010010111 0.0149841 0
1010011000 0.00246429 0
1010011001 0.0726929 0
1010011010 0.00338745 0
1010011011 0.0139923 0
1010011100 0.0147858 -3.14159
1010011101 0.016922 0
1010011110 0.0024662 0
1010011111 0.00756836 0
1010100000 0.0218811 -3.14159
1010100001 0.010582 0
1010100010 0.01828 -3.14159
1010100011 0.0341492 -3.14159
1010100100 0.0267181 -3.14159
1010100101 0.0303955 0
1010100110 0.0143814 0
1010100111 0.0177765 0
1010101000 0.027771 -3.14159
1010101001 0.00247383 0
1010101010 0.0156403 0
1010101011 0.114075 0
1010101100 0.0457458 0
1010101101 0.00576019 -3.14159
1010101110 0.00821686 -3.14159
1010101111 0.0147858 -3.14159
1010110000 0.0450439 0
1010110001 0.0536499 -3.14159
1010110010 0.0274963 -3.14159
1010110011 0.0336304 0
1010110100 0.00375175 -3.14159
1010110101 0.0270996 0
1010110110 0.00852203 -3.14159
1010110111 0.0137863 -3.14159
1010111000 0.0141678 -3.14159
1010111001 0.0413513 0
1010111010 0.0487061 -3.14159
1010111011 0.0215607 0
1010111100 0.0134048 -3.14159
1010111101 0.017746 0
1010111110 0.0173798 -3.14159
1010111111 0.0331726 -3.14159
1011000000 0.033783 0
1011000001 0.0151291 -3.14159
1011000010 0.00359344 0
1011000011 0.00670624 0
1011000100 0.0302887 0
1011000101 0.0404968 0
1011000110 0.0132523 -3.14159
1011000111 0.0233307 -3.14159
1011001000 0.0537109 -3.14159
1011001001 0.0142746 0
1011001010 0.00182915 0
1011001011 0.00829315 0
1011001100 0.0116196 0
1011001101 0.0300598 0
1011001110 0.0137863 -3.14159
1011001111 0.0334778 -3.14159
1011010000 0.017868 0
1011010001 0.0431519 -3.14159
1011010010 0.0150452 0
1011010011 0.0136337 -3.14159
1011010100 0.0162048 0
1011010101 0.0545349 -3.14159
1011010110 0.0199738 -3.14159
1011010111 0.0443726 -3.14159
1011011000 0.0121841 -3.14159
1011011001 0.019516 0
1011011010 0.00889587 0
1011011011 0.024826 -3.14159
1011011100 0.0245972 -3.14159
1011011101 0.0209045 0
1011011110 0.037262 -3.14159
1011011111 0.0377808 -3.14159
1011100000 0.00964355 -3.14159
1011100001 0.0138397 0
1011100010 0.00149441 0
1011100011 0.0620422 0
1011100100 0.0429077 0
1011100101 0.0222778 0
1011100110 0.00959778 0
1011100111 0.0202942 0
1011101000 0.0447998 0
1011101001 0.032959 -3.14159
1011101010 0.0044136 0
1011101011 0.0278473 -3.14159
1011101100 0.0233154 0
1011101101 0.0109787 -3.14159
1011101110 0.0304871 0
1011101111 0.12323 0
1011110000 0.010788 0
1011110001 0.00874329 -3.14159
1011110010 0.00507736 0
1011110011 0.0164032 -3.14159
1011110100 0.0265045 -3.14159
1011110101 0.0288239 0
1011110110 0.0634766 -3.14159
1011110111 0.0196228 -3.14159
1011111000 0.0145416 0
1011111001 0.0357971 -3.14159
1011111010 0.00221634 -3.14159
1011111011 0.0184326 -3.14159
1011111100 0.0842896 0
1011111101 0.0470886 0
1011111110 0.0680542 0
1011111111 0.00127888 0
1100000000 0.00827789 -3.14159
1100000001 0.0362549 0
1100000010 0.00754547 -3.14159
1100000011 0.00238419 0
1100000100 0.0306396 -3.14159
1100000101 0.00629807 0
1100000110 0.0023613 0
1100000111 0.00278664 0
1100001000 0.00688934 -3.14159
1100001001 0.00502396 -3.14159
1100001010 0.00870514 0
1100001011 0.0085907 -3.14159
1100001100 0.00178432 0
1100001101 0.000351429 0
1100001110 0.0294952 0
1100001111 0.0171814 0
1100010000 0.067688 0
1100010001 0.0185852 0
1100010010 0.0064888 0
1100010011 0.0662231 -3.14159
1100010100 0.0103912 0
1100010101 0.0270844 -3.14159
1100010110 0.0111084 -3.14159
1100010111 0.0641479 0
1100011000 0.0369568 -3.14159
1100011001 0.00701523 -3.14159
1100011010 0.00330925 0
1100011011 0.0203552 0
1100011100 0.02771 -3.14159
1100011101 0.00884247 0
1100011110 0.0265198 -3.14159
1100011111 0.00743484 -3.14159
1100100000 0.0235443 0
1100100001 0.0469971 -3.14159
1100100010 0.0227051 0
1100100011 0.00992584 0
1100100100 0.00831604 0
1100100101 0.0505981 -3.14159
1100100110 0.00459671 0
1100100111 0.00145435 -3.14159
1100101000 0.00818634 -3.14159
1100101001 0.0285492 0
1100101010 0.0174866 0
1100101011 0.033783 0
1100101100 0.0480042 -3.14159
1100101101 0.0274811 -3.14159
1100101110 0.0806274 0
1100101111 0.0063858 0
1100110000 0.00753021 0
1100110001 0.00892639 -3.14159
1100110010 0.0428772 0
1100110011 0.0294342 -3.14159
1100110100 0.00130081 0
1100110101 0.00170135 -3.14159
1100110110 0.0538025 0
1100110111 0.00904846 0
1100111000 0.0180969 -3.14159
1100111001 0.0102234 0
1100111010 0.015686 -3.14159
1100111011 0.0493774 -3.14159
1100111100 0.0301056 -3.14159
1100111101 0.0289764 -3.14159
1100111110 0.0393066 -3.14159
1100111111 0.0298309 -3.14159
1101000000 0.0648193 0
1101000001 0.014183 -3.14159
1101000010 0.0125732 -3.14159
1101000011 0.021759 -3.14159
1101000100 0.0354309 0
1101000101 0.0491943 0
1101000110 0.0532837 0
1101000111 0.0280762 -3.14159
1101001000 0.0626831 0
1101001001 0.0259552 0
1101001010 0.00229836 -3.14159
1101001011 0.0253448 0
1101001100 0.0107422 0
1101001101 0.0322876 0
1101001110 0.00419617 0
1101001111 0.0146561 0
1101010000 0.0128555 0
1101010001 0.0137024 0
1101010010 0.0231476 0
1101010011 0.0679932 0
1101010100 0.0126038 0
1101010101 0.0128326 -3.14159
1101010110 0.0059967 0
1101010111 0.0248566 0
1101011000 0.00481415 -3.14159
1101011001 0.0149078 0
1101011010 0.0438232 0
1101011011 0.0252228 -3.14159
1101011100 0.0042038 0
1101011101 0.0249176 0
1101011110 0.0273285 -3.14159
1101011111 0.0466003 -3.14159
1101100000 0.00955963 0
1101100001 0.00410461 -3.14159
1101100010 0.0240936 -3.14159
1101100011 0.0342712 0
1101100100 0.0315857 -3.14159
1101100101 0.0282898 -3.14159
1101100110 0.0096283 -3.14159
1101100111 0.00310516 0
1101101000 0.0322571 0
1101101001 0.0167847 0
1101101010 0.000668049 0
1101101011 0.0134277 0
1101101100 0.0234528 -3.14159
1101101101 0.02005 0
1101101110 0.0456848 0
1101101111 0.0385437 -3.14159
1101110000 0.00802612 -3.14159
1101110001 0.0303497 0
1101110010 0.00511551 0
1101110011 0.0207825 -3.14159
1101110100 0.00518799 -3.14159
1101110101 0.0269012 0
1101110110 0.0323486 -3.14159
1101110111 0.040863 -3.14159
1101111000 0.0697632 -3.14159
1101111001 0.0093689 0
1101111010 0.00664902 0
1101111011 0.0356445 -3.14159
1101111100 0.0437317 0
1101111101 0.0389709 -3.14159
1101111110 0.001091 0
1101111111 0.0144577 -3.14159
1110000000 0.00505829 -3.14159
1110000001 0.0285187 0
1110000010 0.0719604 0
1110000011 0.0317383 -3.14159
1110000100 0.0243988 -3.14159
1110000101 0.0203094 0
1110000110 0.0400085 -3.14159
1110000111 0.0180054 0
1110001000 0.00192451 -3.14159
1110001001 0.0168152 0
1110001010 0.0246735 0
1110001011 0.011734 0
1110001100 0.00218582 -3.14159
1110001101 0.0622253 0
1110001110 0.00598907 0
1110001111 0.0374756 0
1110010000 0.0145798 -3.14159
1110010001 0.0162201 0
1110010010 0.00241852 -3.14159
1110010011 0.0430298 0
1110010100 0.0297546 -3.14159
1110010101 0.0329285 -3.14159
1110010110 0.0314941 0
1110010111 0.0277863 -3.14159
1110011000 0.00157928 0
1110011001 0.00980377 -3.14159
1110011010 0.00762177 0
1110011011 0.0183258 -3.14159
1110011100 0.0210419 0
1110011101 0.0109482 -3.14159
1110011110 0.0141144 -3.14159
1110011111 0.0944214 0
1110100000 0.0299377 0
1110100001 0.0178223 -3.14159
1110100010 0.0542908 -3.14159
1110100011 0.00926971 -3.14159
1110100100 0.00337601 0
1110100101 0.0273438 0
1110100110 0.037262 -3.14159
1110100111 0.0138397 0
1110101000 0.0236969 -3.14159
1110101001 0.0391541 0
1110101010 0.0132904 0
1110101011 0.000177145 -3.14159
1110101100 0.0241699 0
1110101101 0.0151672 0
1110101110 0.00897217 0
1110101111 0.00291824 0
1110110000 0.0100327 0
1110110001 0.00733566 -3.14159
1110110010 0.0273132 -3.14159
1110110011 0.0687866 -3.14159
1110110100 0.00617599 -3.14159
1110110101 0.0601807 -3.14159
1110110110 0.00278473 -3.14159
1110110111 0.0351257 -3.14159
1110111000 0.0162506 -3.14159
1110111001 0.105957 -3.14159
1110111010 0.0595398 -3.14159
1110111011 0.0121384 0
1110111100 0.0299683 -3.14159
1110111101 0.00418091 0
1110111110 0.00878906 -3.14159
1110111111 0.0450134 -3.14159
1111000000 0.0158081 0
1111000001 0.0278625 -3.14159
1111000010 0.0554199 0
1111000011 0.0114822 -3.14159
1111000100 0.0348816 -3.14159
1111000101 0.0265198 -3.14159
1111000110 0.0351562 0
1111000111 0.00947571 -3.14159
1111001000 0.00435257 0
1111001001 0.0238342 -3.14159
1111001010 0.00633621 0
1111001011 0.0140381 0
1111001100 0.0171814 -3.14159
1111001101 0.0161896 -3.14159
1111001110 0.0214233 0
1111001111 0.098999 0
1111010000 0.022934 -3.14159
1111010001 0.0531006 -3.14159
1111010010 0.0196991 -3.14159
1111010011 0.0058136 0
1111010100 0.0171509 0
1111010101 0.002491 -3.14159
1111010110 0.0102234 -3.14159
1111010111 0.0243073 0
1111011000 0.028183 0
1111011001 0.0158081 -3.14159
1111011010 0.0401917 -3.14159
1111011011 0.00906372 0
1111011100 0.00494385 -3.14159
1111011101 0.00777054 -3.14159
1111011110 0.0184784 -3.14159
1111011111 0.0274811 -3.14159
1111100000 0.0331726 0
1111100001 0.00548935 -3.14159
1111100010 0.0103302 0
1111100011 0.0612488 -3.14159
1111100100 0.0234985 0
1111100101 0.0332336 -3.14159
1111100110 0.0282288 0
1111100111 0.000839233 -3.14159
1111101000 0.000641346 0
1111101001 0.0155411 0
1111101010 0.0263977 -3.14159
1111101011 0.053009 -3.14159
1111101100 0.0802612 0
1111101101 0.0327759 -3.14159
1111101110 0.0553589 0
1111101111 0.052124 0
1111110000 0.026062 -3.14159
1111110001 0.060791 0
1111110010 0.00653076 -3.14159
1111110011 0.0367432 -3.14159
1111110100 0.0414734 -3.14159
1111110101 0.0355225 0
1111110110 0.0552368 -3.14159
1111110111 0.0325928 0
1111111000 0.0627441 -3.14159
1111111001 0.0391541 -3.14159
1111111010 0.00155258 0
1111111011 0.0164642 -3.14159
1111111100 0.0414124 0
1111111101 0.0315857 0
1111111110 0.0372314 0
1111111111 0.00939178 0
