0000000000 0.00582886 0
0000000001 0.0240479 0
0000000010 0.00363731 -3.14159
0000000011 0.0361633 -3.14159
0000000100 0.0101776 0
0000000101 0.0511169 0
0000000110 0.0437317 -3.14159
0000000111 0.0485535 -3.14159
0000001000 0.00158119 0
0000001001 0.0108719 -3.14159
0000001010 0.0102844 0
0000001011 0.0216675 0
0000001100 0.0228729 -3.14159
0000001101 0.0112152 0
0000001110 0.00244522 -3.14159
0000001111 0.0243378 0
0000010000 3.63588e-06 0
0000010001 0.00952148 -3.14159
0000010010 0.0233612 -3.14159
0000010011 0.0481873 -3.14159
0000010100 0.0322876 -3.14159
0000010101 0.0179443 0
0000010110 0.010704 -3.14159
0000010111 0.0180969 0
0000011000 0.04422 0
0000011001 0.0343628 -3.14159
0000011010 0.0254822 -3.14159
0000011011 0.0415344 -3.14159
0000011100 0.0300751 0
0000011101 0.00429535 -3.14159
0000011110 0.0260162 0
0000011111 0.0230865 -3.14159
0000100000 0.076416 -3.14159
0000100001 0.0273438 -3.14159
0000100010 0.0617371 -3.14159
0000100011 0.0149689 0
0000100100 0.0124969 -3.14159
0000100101 0.0149841 -3.14159
0000100110 0.0166321 0
0000100111 0.00608063 -3.14159
0000101000 0.00582123 -3.14159
0000101001 0.00577927 -3.14159
0000101010 0.0565186 -3.14159
0000101011 0.00764084 -3.14159
0000101100 0.071228 -3.14159
0000101101 0.0105209 0
0000101110 0.0535889 -3.14159
0000101111 0.0185852 -3.14159
0000110000 0.0199738 0
0000110001 0.0258636 -3.14159
0000110010 0.0248413 -3.14159
0000110011 0.0174713 0
0000110100 0.022049 -3.14159
0000110101 0.0132751 -3.14159
0000110110 0.00361633 -3.14159
0000110111 0.0430908 0
0000111000 0.0234985 -3.14159
0000111001 0.0300293 -3.14159
0000111010 0.00870514 -3.14159
0000111011 0.0335693 -3.14159
0000111100 0.0306244 0
0000111101 0.0074234 0
0000111110 0.00474167 0
0000111111 0.0162048 -3.14159
0001000000 0.0570984 0
0001000001 0.0223694 0
0001000010 0.000515461 0
0001000011 0.0408325 0
0001000100 0.0176086 -3.14159
0001000101 0.0175934 -3.14159
0001000110 0.00505066 -3.14159
0001000111 0.0128784 0
0001001000 0.0194244 -3.14159
0001001001 0.0222626 -3.14159
0001001010 0.0155334 0
0001001011 0.00124168 -3.14159
0001001100 0.0280609 -3.14159
0001001101 0.0111771 0
0001001110 0.0612488 0
0001001111 0.000159025 0
0001010000 0.00541306 -3.14159
0001010001 0.0257721 -3.14159
0001010010 0.0610352 -3.14159
0001010011 0.0198975 0
0001010100 0.0249786 0
0001010101 0.0371094 -3.14159
0001010110 0.00716782 0
0001010111 0.00828552 0
0001011000 0.00723267 0
0001011001 0.0108795 0
0001011010 0.0226288 -3.14159
0001011011 0.0058136 -3.14159
0001011100 0.0361633 0
0001011101 0.00286865 0
0001011110 0.0188751 -3.14159
0001011111 0.0155869 0
0001100000 0.0111313 -3.14159
0001100001 0.0271606 -3.14159
0001100010 0.0206146 -3.14159
0001100011 0.0409546 -3.14159
0001100100 0.0291748 -3.14159
0001100101 0.0213776 0
0001100110 0.0330811 -3.14159
0001100111 0.0111771 0
0001101000 0.000332117 0
0001101001 0.0774536 0
0001101010 0.0126572 -3.14159
0001101011 0.0439148 0
0001101100 0.0301361 0
0001101101 0.0251312 -3.14159
0001101110 0.000520706 -3.14159
0001101111 0.0127487 0
0001110000 0.0563049 -3.14159
0001110001 0.00846863 0
0001110010 0.0970459 -3.14159
0001110011 0.0227814 0
0001110100 0.0056572 -3.14159
0001110101 0.0122375 0
0001110110 0.0473633 0
0001110111 0.0501099 -3.14159
0001111000 0.0474854 -3.14159
0001111001 0.00583267 -3.14159
0001111010 0.0336304 -3.14159
0001111011 0.0104065 -3.14159
0001111100 0.0379944 -3.14159
0001111101 0.01651 0
0001111110 0.0266418 -3.14159
0001111111 0.0315247 -3.14159
0010000000 0.0577698 0
0010000001 0.0384216 -3.14159
0010000010 0.0113831 0
0010000011 0.00779343 -3.14159
0010000100 0.0173035 0
0010000101 0.00923157 -3.14159
0010000110 0.020462 0
0010000111 0.0100937 -3.14159
0010001000 0.00389671 0
0010001001 0.0134888 0
0010001010 0.0404053 0
0010001011 0.0123215 -3.14159
0010001100 0.0407715 0
0010001101 0.0519714 0
0010001110 0.0187073 0
0010001111 0.0131683 0
0010010000 0.019165 -3.14159
0010010001 0.00344467 -3.14159
0010010010 0.0157928 0
0010010011 0.0117493 -3.14159
0010010100 0.00938416 -3.14159
0010010101 0.0166473 0
0010010110 0.00511932 -3.14159
0010010111 0.0198517 0
0010011000 0.019928 -3.14159
0010011001 0.0292969 -3.14159
0010011010 0.00884247 -3.14159
0010011011 0.02771 -3.14159
0010011100 0.0301666 -3.14159
0010011101 0.00520706 -3.14159
0010011110 0.0152435 -3.14159
0010011111 0.00512314 0
0010100000 0.0458069 0
0010100001 0.0192566 -3.14159
0010100010 0.00534058 -3.14159
0010100011 0.000635624 0
0010100100 0.00556183 -3.14159
0010100101 0.0228271 -3.14159
0010100110 0.00361443 -3.14159
0010100111 0.00682449 -3.14159
0010101000 0.0267029 -3.14159
0010101001 0.0246887 0
0010101010 0.033905 0
0010101011 0.0336914 0
0010101100 0.011322 0
0010101101 0.0091629 0
0010101110 0.000144005 0
0010101111 0.0180511 -3.14159
0010110000 0.00370979 -3.14159
0010110001 0.053772 -3.14159
0010110010 0.0263519 0
0010110011 0.0361328 0
0010110100 0.0608521 0
0010110101 0.0197601 -3.14159
0010110110 0.0162964 0
0010110111 0.00502396 0
0010111000 0.0052948 -3.14159
0010111001 0.0198059 -3.14159
0010111010 0.0114517 0
0010111011 0.0316467 0
0010111100 0.0446167 0
0010111101 0.0523682 -3.14159
0010111110 0.0151215 -3.14159
0010111111 0.0628052 -3.14159
0011000000 0.0941162 0
0011000001 0.0394592 0
0011000010 0.0150375 0
0011000011 0.0297241 0
0011000100 0.00624084 0
0011000101 0.00793457 0
0011000110 0.0166473 0
0011000111 0.00986481 0
0011001000 0.0176239 -3.14159
0011001001 0.00524521 -3.14159
0011001010 0.0315247 0
0011001011 0.00709915 0
0011001100 0.023407 0
0011001101 0.000496387 -3.14159
0011001110 0.00322914 0
0011001111 0.0155869 0
0011010000 0.024765 0
0011010001 0.00241089 0
0011010010 0.0172577 0
0011010011 0.00203323 0
0011010100 0.0125656 -3.14159
0011010101 0.03302 -3.14159
0011010110 0.0412598 -3.14159
0011010111 0.0502319 0
0011011000 0.00407791 0
0011011001 0.0241394 0
0011011010 0.00550842 0
0011011011 0.00812531 -3.14159
0011011100 0.029129 0
0011011101 0.0411987 -3.14159
0011011110 0.0302124 -3.14159
0011011111 0.0146179 0
0011100000 0.00111198 -3.14159
0011100001 0.0281219 0
0011100010 0.0188446 0
0011100011 0.00124741 -3.14159
0011100100 0.0439758 0
0011100101 0.0534363 0
0011100110 0.0289612 -3.14159
0011100111 0.012085 0
0011101000 0.041687 -3.14159
0011101001 0.00149441 -3.14159
0011101010 0.0606995 -3.14159
0011101011 0.00653458 0
0011101100 0.0122528 -3.14159
0011101101 0.00261688 0
0011101110 0.0258789 0
0011101111 0.0500183 0
0011110000 0.0215302 -3.14159
0011110001 0.00437546 -3.14159
0011110010 0.00878143 0
0011110011 0.0596008 -3.14159
0011110100 0.0154877 0
0011110101 0.0282593 0
0011110110 0.0385742 0
0011110111 0.00336266 -3.14159
0011111000 0.0944824 0
0011111001 0.0198669 0
0011111010 0.0076561 0
0011111011 0.0199585 -3.14159
0011111100 0.00579071 0
0011111101 0.0161591 -3.14159
0011111110 0.026123 0
0011111111 0.0315247 0
0100000000 0.0469055 0
0100000001 0.0302429 0
0100000010 0.043457 -3.14159
0100000011 0.0436401 0
0100000100 0.0819702 -3.14159
0100000101 0.00100422 -3.14159
0100000110 0.0339661 0
0100000111 0.0137558 0
0100001000 0.00721359 -3.14159
0100001001 0.0101547 -3.14159
0100001010 0.00393677 0
0100001011 0.0541382 -3.14159
0100001100 0.0117493 -3.14159
0100001101 0.0201721 -3.14159
0100001110 0.0178375 -3.14159
0100001111 0.019577 -3.14159
0100010000 0.0348206 0
0100010001 0.0579834 -3.14159
0100010010 0.00388908 0
0100010011 0.00614166 0
0100010100 0.0306549 0
0100010101 0.0092392 -3.14159
0100010110 0.00358009 0
0100010111 0.00068903 0
0100011000 0.0182037 0
0100011001 0.0360718 0
0100011010 0.00174522 0
0100011011 0.079895 -3.14159
0100011100 0.00759506 0
0100011101 0.0128021 0
0100011110 0.0119171 -3.14159
0100011111 0.0540466 0
0100100000 0.0152817 -3.14159
0100100001 0.00419617 0
0100100010 0.0128326 -3.14159
0100100011 0.00756073 0
0100100100 0.000608444 -3.14159
0100100101 0.014946 -3.14159
0100100110 0.0575562 -3.14159
0100100111 0.043335 -3.14159
0100101000 0.0415344 0
0100101001 0.0563354 -3.14159
0100101010 0.0259247 0
0100101011 0.00375366 0
0100101100 0.0667725 0
0100101101 0.0407104 -3.14159
0100101110 0.0260773 0
0100101111 0.0523071 0
0100110000 0.000706196 0
0100110001 0.0328979 -3.14159
0100110010 0.0256958 0
0100110011 0.0286407 -3.14159
0100110100 0.0168152 0
0100110101 0.00341797 0
0100110110 0.0136414 0
0100110111 0.0155411 -3.14159
0100111000 0.0672607 -3.14159
0100111001 0.0243378 -3.14159
0100111010 0.0194397 -3.14159
0100111011 0.0794678 -3.14159
0100111100 0.0284729 -3.14159
0100111101 0.00156498 0
0100111110 0.0411377 0
0100111111 0.0154877 -3.14159
0101000000 0.00901794 -3.14159
0101000001 0.0296783 -3.14159
0101000010 0.0127563 0
0101000011 0.0155411 0
0101000100 0.0129395 -3.14159
0101000101 0.00227356 0
0101000110 0.00521851 0
0101000111 0.0498962 -3.14159
0101001000 0.0148392 0
0101001001 0.000176907 -3.14159
0101001010 0.00762939 -3.14159
0101001011 0.0267334 0
0101001100 0.0165253 -3.14159
0101001101 0.0121994 -3.14159
0101001110 0.0399475 0
0101001111 0.00279999 0
0101010000 0.0502319 0
0101010001 0.0017252 0
0101010010 0.0266876 0
0101010011 0.0604248 -3.14159
0101010100 0.0188446 0
0101010101 0.019928 0
0101010110 0.0275116 0
0101010111 0.00756073 0
0101011000 0.0685425 0
0101011001 0.0189514 0
0101011010 0.0163879 0
0101011011 0.0535278 -3.14159
0101011100 0.0399475 -3.14159
0101011101 0.0573425 0
0101011110 0.000275373 0
0101011111 0.023407 0
0101100000 0.00897217 0
0101100001 0.0324097 -3.14159
0101100010 0.00635529 0
0101100011 0.04599 -3.14159
0101100100 0.0271606 -3.14159
0101100101 0.0561218 0
0101100110 0.0313721 -3.14159
0101100111 0.0444946 -3.14159
0101101000 0.0388184 -3.14159
0101101001 0.00356865 -3.14159
0101101010 0.0374756 0
0101101011 0.00854492 0
0101101100 0.010849 -3.14159
0101101101 0.0145798 -3.14159
0101101110 0.0291748 -3.14159
0101101111 0.0386658 0
0101110000 0.00683212 -3.14159
0101110001 0.0147018 -3.14159
0101110010 0.0545654 -3.14159
0101110011 0.0240631 0
0101110100 0.0294495 0
0101110101 0.00643158 0
0101110110 0.0166473 0
0101110111 0.0261536 0
0101111000 0.0113525 0
0101111001 0.00357246 0
0101111010 0.0480042 0
0101111011 0.00888062 -3.14159
0101111100 0.029129 -3.14159
0101111101 0.0253143 -3.14159
0101111110 0.0526123 0
0101111111 0.0720215 0
0110000000 0.00740433 0
0110000001 0.0494385 0
0110000010 0.0313721 -3.14159
0110000011 0.0341492 0
0110000100 0.0935059 -3.14159
0110000101 0.0306854 0
0110000110 0.0223846 0
0110000111 0.00368881 -3.14159
0110001000 0.00964355 0
0110001001 0.0295105 -3.14159
0110001010 0.0120239 0
0110001011 0.0263672 -3.14159
0110001100 0.00524521 0
0110001101 0.0196838 -3.14159
0110001110 0.0118942 0
0110001111 0.00898743 0
0110010000 0.0379028 0
0110010001 0.0165405 0
0110010010 0.0226898 -3.14159
0110010011 0.0061264 -3.14159
0110010100 0.0791626 -3.14159
0110010101 0.0560303 -3.14159
0110010110 0.00960541 -3.14159
0110010111 0.00717926 -3.14159
0110011000 0.00640106 -3.14159
0110011001 0.00794983 -3.14159
0110011010 0.0612488 0
0110011011 0.0542297 0
0110011100 0.0193176 -3.14159
0110011101 0.0239258 0
0110011110 0.0278168 0
0110011111 0.0188446 0
0110100000 0.0380859 0
0110100001 0.0376892 0
0110100010 0.0155716 0
0110100011 0.026062 -3.14159
0110100100 0.0485535 0
0110100101 0.000222921 -3.14159
0110100110 0.0191498 0
0110100111 0.0208893 -3.14159
0110101000 0.0193787 -3.14159
0110101001 0.0344849 -3.14159
0110101010 0.0367432 0
0110101011 0.0140762 -3.14159
0110101100 0.0102921 -3.14159
0110101101 0.0317688 0
0110101110 0.00634384 -3.14159
0110101111 0.0138321 -3.14159
0110110000 0.0283051 -3.14159
0110110001 0.0438843 -3.14159
0110110010 0.022049 0
0110110011 0.0278625 -3.14159
0110110100 0.0063858 -3.14159
0110110101 0.0292053 0
0110110110 0.0436401 0
0110110111 0.000389576 -3.14159
0110111000 0.0470581 -3.14159
0110111001 0.0368347 -3.14159
0110111010 0.0091095 0
0110111011 0.059845 0
0110111100 0.0275269 -3.14159
0110111101 0.00119209 -3.14159
0110111110 0.0318909 -3.14159
0110111111 0.0288544 -3.14159
0111000000 0.0176086 0
0111000001 0.00307655 -3.14159
0111000010 0.058136 0
0111000011 0.00735092 0
0111000100 0.0111313 -3.14159
0111000101 0.0194855 0
0111000110 0.00577927 -3.14159
0111000111 0.0196686 -3.14159
0111001000 0.0318909 0
0111001001 0.0296783 0
0111001010 0.0106277 0
0111001011 0.0234833 -3.14159
0111001100 0.0039444 -3.14159
0111001101 0.00829315 0
0111001110 0.0123138 0
0111001111 0.0429077 0
0111010000 0.0236359 0
0111010001 0.0407715 0
0111010010 0.0346375 0
0111010011 0.0942993 0
0111010100 0.00842285 0
0111010101 0.00811005 -3.14159
0111010110 0.0401306 0
0111010111 0.0217438 0
0111011000 0.0134506 -3.14159
0111011001 0.00252724 0
0111011010 0.0033741 0
0111011011 0.00965881 -3.14159
0111011100 0.00637817 0
0111011101 0.022049 0
0111011110 0.0313721 0
0111011111 0.0177917 -3.14159
0111100000 0.0157318 0
0111100001 0.0185852 0
0111100010 0.0161896 0
0111100011 0.0389099 0
0111100100 0.00305557 0
0111100101 0.00693893 0
0111100110 0.02948 -3.14159
0111100111 0.0118332 0
0111101000 0.0287933 -3.14159
0111101001 0.0251312 0
0111101010 0.0546265 -3.14159
0111101011 0.0131073 0
0111101100 0.00162125 0
0111101101 0.00953674 -3.14159
0111101110 0.0131073 0
0111101111 0.0161743 -3.14159
0111110000 0.0165253 0
0111110001 0.00595093 0
0111110010 0.00617218 0
0111110011 0.0545654 -3.14159
0111110100 0.000822544 -3.14159
0111110101 0.00585556 -3.14159
0111110110 0.00251198 -3.14159
0111110111 0.0302734 -3.14159
0111111000 0.046814 -3.14159
0111111001 0.0336609 0
0111111010 0.022644 -3.14159
0111111011 0.0389404 0
0111111100 0.0183563 -3.14159
0111111101 0.0044136 0
0111111110 0.0349121 -3.14159
0111111111 0.0423889 0
1000000000 0.024704 0
1000000001 0.0149841 -3.14159
1000000010 0.000833988 -3.14159
1000000011 0.0399475 -3.14159
1000000100 0.00834656 0
1000000101 0.0602112 0
1000000110 0.0540466 0
1000000111 0.0152435 0
1000001000 0.016571 -3.14159
1000001001 0.0305634 0
1000001010 0.0172577 -3.14159
1000001011 0.0357056 -3.14159
1000001100 0.0130768 0
1000001101 0.0446472 -3.14159
1000001110 0.0500183 -3.14159
1000001111 0.0349426 -3.14159
1000010000 0.0217285 0
1000010001 0.0562439 -3.14159
1000010010 0.0237579 0
1000010011 0.0218658 0
1000010100 0.0111313 0
1000010101 0.0102234 0
1000010110 0.0273438 0
1000010111 0.00992584 0
1000011000 0.00833893 0
1000011001 0.0205231 -3.14159
1000011010 0.0101166 -3.14159
1000011011 0.0433655 0
1000011100 0.0153503 -3.14159
1000011101 0.02948 -3.14159
1000011110 0.0330505 -3.14159
1000011111 0.022934 -3.14159
1000100000 0.050354 -3.14159
1000100001 0.0291595 -3.14159
1000100010 0.0155563 0
1000100011 0.0246582 0
1000100100 0.00997925 -3.14159
1000100101 0.0522766 -3.14159
1000100110 0.0308075 -3.14159
1000100111 0.0604248 0
1000101000 0.0473633 0
1000101001 0.0285034 -3.14159
1000101010 0.0171051 -3.14159
1000101011 0.0315552 -3.14159
1000101100 0.0458069 -3.14159
1000101101 0.00511932 0
1000101110 0.0146561 0
1000101111 0.0265808 0
1000110000 0.00232315 -3.14159
1000110001 0.01828 0
1000110010 0.0188446 0
1000110011 0.00626755 -3.14159
1000110100 0.020462 -3.14159
1000110101 0.00409317 -3.14159
1000110110 0.0610352 -3.14159
1000110111 0.0143585 0
1000111000 0.00120068 -3.14159
1000111001 0.0689697 -3.14159
1000111010 0.0667725 0
1000111011 0.00143528 -3.14159
1000111100 0.012764 0
1000111101 0.0137939 -3.14159
1000111110 0.010498 0
1000111111 0.0174255 0
1001000000 0.0165253 -3.14159
1001000001 0.00236702 -3.14159
1001000010 0.0354004 0
1001000011 0.0133438 0
1001000100 0.00741959 -3.14159
1001000101 0.0223541 0
1001000110 0.0257874 -3.14159
1001000111 0.027359 -3.14159
1001001000 0.0342407 0
1001001001 0.013588 -3.14159
1001001010 0.0244446 -3.14159
1001001011 0.000417471 0
1001001100 0.0166931 0
1001001101 0.024292 -3.14159
1001001110 0.0166168 -3.14159
1001001111 0.00170422 0
1001010000 0.010025 0
1001010001 0.0083313 -3.14159
1001010010 0.0158234 -3.14159
1001010011 0.0281219 -3.14159
1001010100 0.0414124 -3.14159
1001010101 0.024231 -3.14159
1001010110 0.0548096 0
1001010111 0.0502319 -3.14159
1001011000 1.69873e-05 0
1001011001 0.00670624 0
1001011010 0.0250092 0
1001011011 0.0149002 0
1001011100 0.00435257 0
1001011101 0.0465088 -3.14159
1001011110 0.0532837 -3.14159
1001011111 0.0277252 -3.14159
1001100000 0.0571594 0
1001100001 0.0117188 0
1001100010 0.033844 -3.14159
1001100011 0.0596008 0
1001100100 0.0134811 -3.14159
1001100101 0.000825405 -3.14159
1001100110 0.0458374 0
1001100111 0.0750122 0
1001101000 0.00191879 -3.14159
1001101001 0.0031414 -3.14159
1001101010 0.0356445 0
1001101011 0.0196228 0
1001101100 0.0595703 0
1001101101 0.0144119 0
1001101110 0.0626831 -3.14159
1001101111 0.0225677 0
1001110000 0.0664062 0
1001110001 0.0679321 -3.14159
1001110010 0.0145798 -3.14159
1001110011 0.0412903 0
1001110100 0.0141144 -3.14159
1001110101 0.00788116 0
1001110110 0.000228882 0
1001110111 0.0324707 -3.14159
1001111000 0.00445175 0
1001111001 0.0187836 0
1001111010 0.0170135 0
1001111011 0.0300598 0
1001111100 0.0132523 0
1001111101 0.0175629 -3.14159
1001111110 0.04245 -3.14159
1001111111 0.00252151 0
1010000000 0.00277901 -3.14159
1010000001 0.00608063 0
1010000010 0.00200272 -3.14159
1010000011 0.00691605 0
1010000100 0.000827312 0
1010000101 0.0472412 -3.14159
1010000110 0.032959 -3.14159
1010000111 0.0332031 -3.14159
1010001000 0.017868 -3.14159
1010001001 0.000334263 -3.14159
1010001010 0.0218353 0
1010001011 0.0353088 0
1010001100 0.0294037 0
1010001101 0.0101852 0
1010001110 0.0564575 0
1010001111 0.0349121 0
1010010000 0.031189 0
1010010001 0.0258331 0
1010010010 0.0425415 -3.14159
1010010011 0.0350037 0
1010010100 0.0257416 -3.14159
1010010101 0.0220795 0
1010010110 0.0159149 0
1010010111 0.0118103 -3.14159
1010011000 0.0830688 0
1010011001 0.0316772 -3.14159
1010011010 0.00834656 0
1010011011 0.0397034 -3.14159
1010011100 0.0575867 0
1010011101 0.0213013 0
1010011110 0.0101776 0
1010011111 0.0284424 -3.14159
1010100000 0.0444641 -3.14159
1010100001 0.0343018 -3.14159
1010100010 0.039978 -3.14159
1010100011 0.0051651 0
1010100100 0.0192719 0
1010100101 0.00954437 -3.14159
1010100110 0.012886 -3.14159
1010100111 0.00671768 -3.14159
1010101000 0.000594616 0
1010101001 0.0133667 0
1010101010 0.0354309 -3.14159
1010101011 0.0151901 -3.14159
1010101100 0.0493164 0
1010101101 0.00697708 -3.14159
1010101110 0.000788689 0
1010101111 0.00164986 -3.14159
1010110000 0.0540161 0
1010110001 0.00127316 -3.14159
1010110010 0.0254364 -3.14159
1010110011 0.0107651 -3.14159
1010110100 0.0221863 -3.14159
1010110101 0.0120239 0
1010110110 0.00671387 -3.14159
1010110111 0.0306244 -3.14159
1010111000 0.00146008 0
1010111001 0.00304031 -3.14159
1010111010 0.0333252 -3.14159
1010111011 0.00206947 0
1010111100 0.0215912 0
1010111101 0.000902653 -3.14159
1010111110 0.0314941 -3.14159
1010111111 0.0314636 0
1011000000 0.0404358 -3.14159
1011000001 0.0205688 0
1011000010 0.0507812 0
1011000011 0.0246582 -3.14159
1011000100 0.00912476 -3.14159
1011000101 0.0302124 -3.14159
1011000110 0.0434875 0
1011000111 0.00228119 0
1011001000 0.0206299 -3.14159
1011001001 0.0515442 -3.14159
1011001010 0.0249786 -3.14159
1011001011 0.0212402 -3.14159
1011001100 0.0380859 -3.14159
1011001101 0.00165176 0
1011001110 0.0251007 0
1011001111 0.0217896 -3.14159
1011010000 0.00377083 0
1011010001 0.0354004 -3.14159
1011010010 0.00647354 -3.14159
1011010011 0.0230865 -3.14159
1011010100 0.0256958 -3.14159
1011010101 0.081543 0
1011010110 0.0634766 0
1011010111 0.00248146 0
1011011000 0.0185242 -3.14159
1011011001 0.0568848 0
1011011010 0.00912476 -3.14159
1011011011 0.0236969 -3.14159
1011011100 0.0114975 0
1011011101 0.00413132 0
1011011110 0.0204926 -3.14159
1011011111 0.0250244 0
1011100000 0.00590515 -3.14159
1011100001 0.0402527 -3.14159
1011100010 0.0623779 0
1011100011 0.00538254 0
1011100100 0.0124588 0
1011100101 0.0647583 0
1011100110 0.00205612 0
1011100111 0.0150146 -3.14159
1011101000 0.0296173 -3.14159
1011101001 0.00836182 -3.14159
1011101010 0.0201416 -3.14159
1011101011 0.0403137 0
1011101100 0.0191498 0
1011101101 0.0140152 0
1011101110 0.00711823 -3.14159
1011101111 0.0493774 0
1011110000 0.0365295 -3.14159
1011110001 0.000974655 -3.14159
1011110010 0.00401688 -3.14159
1011110011 0.0126953 0
1011110100 0.00551987 -3.14159
1011110101 0.00850677 0
1011110110 0.0361633 -3.14159
1011110111 0.00741959 0
1011111000 0.0123444 -3.14159
1011111001 0.0041275 -3.14159
1011111010 0.0438232 -3.14159
1011111011 0.0819092 0
1011111100 0.0099411 0
1011111101 0.0310822 0
1011111110 0.0613098 0
1011111111 0.00167942 0
1100000000 0.0146332 0
1100000001 0.0168304 0
1100000010 0.0333862 -3.14159
1100000011 0.0128479 0
1100000100 0.0108719 0
1100000101 0.0508728 0
1100000110 0.0416565 0
1100000111 0.0298309 -3.14159
1100001000 0.0342407 -3.14159
1100001001 0.0369263 -3.14159
1100001010 0.0217133 0
1100001011 0.0438232 0
1100001100 0.000779629 -3.14159
1100001101 0.0115509 -3.14159
1100001110 0.0276031 -3.14159
1100001111 0.028717 0
1100010000 0.061615 -3.14159
1100010001 0.0124283 0
1100010010 0.0333862 0
1100010011 0.0310364 -3.14159
1100010100 0.0438843 -3.14159
1100010101 0.0406494 -3.14159
1100010110 0.0242767 0
1100010111 0.0505981 0
1100011000 0.078125 -3.14159
1100011001 0.0213623 0
1100011010 0.0457153 -3.14159
1100011011 0.028717 0
1100011100 0.0297852 0
1100011101 0.0131836 0
1100011110 0.00173283 -3.14159
1100011111 0.0557251 -3.14159
1100100000 0.0101089 -3.14159
1100100001 0.0471802 0
1100100010 0.0140305 -3.14159
1100100011 0.00211906 -3.14159
1100100100 0.00548172 0
1100100101 0.0605469 -3.14159
1100100110 0.0639038 0
1100100111 0.010231 -3.14159
1100101000 0.0686035 0
1100101001 0.0366516 0
1100101010 0.00420761 0
1100101011 0.0222015 0
1100101100 0.00579071 0
1100101101 0.0411987 -3.14159
1100101110 0.053894 0
1100101111 0.048645 0
1100110000 0.0276642 -3.14159
1100110001 0.0631714 -3.14159
1100110010 0.0262604 -3.14159
1100110011 0.0372314 0
1100110100 0.0354004 0
1100110101 0.0125732 0
1100110110 0.0363159 0
1100110111 0.0233765 -3.14159
1100111000 0.0016737 0
1100111001 0.0761108 -3.14159
1100111010 0.0257416 0
1100111011 0.0158997 -3.14159
1100111100 0.0414734 -3.14159
1100111101 0.0181732 0
1100111110 0.0346375 -3.14159
1100111111 0.0588074 -3.14159
1101000000 0.0431824 -3.14159
1101000001 0.00075531 0
1101000010 0.0529785 -3.14159
1101000011 0.00668716 -3.14159
1101000100 0.0417175 0
1101000101 0.0167847 0
1101000110 0.0233154 -3.14159
1101000111 0.0461731 0
1101001000 0.0391846 0
1101001001 0.0609741 0
1101001010 0.0137024 -3.14159
1101001011 0.0171509 0
1101001100 0.00285149 0
1101001101 0.00720596 -3.14159
1101001110 0.0101929 0
1101001111 0.0104523 0
1101010000 0.0218506 -3.14159
1101010001 0.0231781 0
1101010010 0.0182648 -3.14159
1101010011 0.0519714 -3.14159
1101010100 0.0206909 0
1101010101 0.00317192 -3.14159
1101010110 0.033844 -3.14159
1101010111 0.0145111 0
1101011000 0.0234985 -3.14159
1101011001 0.0175781 -3.14159
1101011010 0.0126266 0
1101011011 0.0552368 -3.14159
1101011100 0.00252151 0
1101011101 0.0398865 -3.14159
1101011110 0.0283661 0
1101011111 0.0472717 -3.14159
1101100000 0.074646 0
1101100001 0.0349731 0
1101100010 0.0270233 -3.14159
1101100011 0.00961304 -3.14159
1101100100 0.00843048 0
1101100101 0.00150776 -3.14159
1101100110 0.0104294 0
1101100111 0.0321045 -3.14159
1101101000 0.0211334 -3.14159
1101101001 0.0078125 0
1101101010 0.0337524 0
1101101011 0.0220337 -3.14159
1101101100 0.018692 -3.14159
1101101101 0.0096817 -3.14159
1101101110 0.00788116 -3.14159
1101101111 0.0192261 0
1101110000 0.008461 -3.14159
1101110001 0.0679321 0
1101110010 0.0261383 -3.14159
1101110011 0.0358276 -3.14159
1101110100 0.012291 0
1101110101 0.067627 -3.14159
1101110110 0.00356674 0
1101110111 0.0313416 0
1101111000 0.0418396 0
1101111001 0.0036335 -3.14159
1101111010 0.0228882 -3.14159
1101111011 0.00728989 -3.14159
1101111100 0.02771 0
1101111101 0.0458069 -3.14159
1101111110 0.0249481 -3.14159
1101111111 0.0646362 0
1110000000 0.0175629 -3.14159
1110000001 0.0202484 0
1110000010 0.059021 0
1110000011 0.0429077 0
1110000100 0.0553284 0
1110000101 0.0130539 0
1110000110 0.0266876 -3.14159
1110000111 0.0050621 -3.14159
1110001000 0.000691414 -3.14159
1110001001 0.0150375 0
1110001010 0.0259094 0
1110001011 0.0305939 -3.14159
1110001100 0.0126114 0
1110001101 0.00346184 -3.14159
1110001110 0.0246887 0
1110001111 0.00644302 -3.14159
1110010000 0.00235558 -3.14159
1110010001 0.033905 -3.14159
1110010010 0.0209045 0
1110010011 0.0307007 -3.14159
1110010100 0.00994873 -3.14159
1110010101 0.0143738 -3.14159
1110010110 0.00337982 0
1110010111 0.0281219 -3.14159
1110011000 0.00383759 0
1110011001 0.0314941 0
1110011010 0.02948 -3.14159
1110011011 0.00330925 -3.14159
1110011100 0.0401917 0
1110011101 0.0124893 -3.14159
1110011110 0.0328369 -3.14159
1110011111 0.00862885 0
1110100000 0.00749969 0
1110100001 0.0225067 0
1110100010 0.0187073 0
1110100011 0.0458984 0
1110100100 0.0714722 0
1110100101 0.00419998 -3.14159
1110100110 0.0206909 -3.14159
1110100111 0.0114365 0
1110101000 0.00413895 -3.14159
1110101001 0.0283661 0
1110101010 0.0356445 0
1110101011 0.0202484 0
1110101100 0.0524597 -3.14159
1110101101 0.0290375 0
1110101110 0.0124359 0
1110101111 0.0426025 -3.14159
1110110000 0.00331116 0
1110110001 0.0256805 0
1110110010 0.0275726 -3.14159
1110110011 0.0367432 -3.14159
1110110100 0.00682068 -3.14159
1110110101 0.0679932 0
1110110110 0.00296021 0
1110110111 0.0317688 -3.14159
1110111000 0.00882721 0
1110111001 0.0333862 0
1110111010 0.0165558 0
1110111011 0.0213013 0
1110111100 0.00812531 -3.14159
1110111101 0.00723267 -3.14159
1110111110 0.0219421 0
1110111111 0.0169525 0
1111000000 0.00225449 -3.14159
1111000001 0.0588074 0
1111000010 0.0374451 0
1111000011 0.00166607 -3.14159
1111000100 0.00601196 -3.14159
1111000101 0.071106 -3.14159
1111000110 0.0162354 0
1111000111 0.0115433 -3.14159
1111001000 0.0429993 0
1111001001 0.0415649 0
1111001010 0.0104828 -3.14159
1111001011 0.0282898 -3.14159
1111001100 0.0325928 0
1111001101 0.0222778 0
1111001110 0.0207672 -3.14159
1111001111 0.00468826 -3.14159
1111010000 0.0158081 -3.14159
1111010001 0.00289917 -3.14159
1111010010 0.00225639 -3.14159
1111010011 0.0124588 0
1111010100 0.00839996 0
1111010101 0.0341492 -3.14159
1111010110 0.0647583 0
1111010111 0.0281982 0
1111011000 0.0591125 0
1111011001 0.0184174 -3.14159
1111011010 0.0317993 -3.14159
1111011011 0.0296478 0
1111011100 0.00850677 0
1111011101 0.0262756 0
1111011110 0.00101852 0
1111011111 0.0365906 -3.14159
1111100000 0.062439 0
1111100001 0.0127869 -3.14159
1111100010 0.0110779 0
1111100011 0.027298 0
1111100100 0.0505676 -3.14159
1111100101 0.00307846 0
1111100110 0.0963745 -3.14159
1111100111 0.0259552 -3.14159
1111101000 0.00188351 0
1111101001 0.0078125 -3.14159
1111101010 0.0533447 -3.14159
1111101011 0.0494995 0
1111101100 0.0664062 0
1111101101 0.00336838 0
1111101110 0.0531311 0
1111101111 0.00478745 0
1111110000 0.00973511 0
1111110001 0.0272522 0
1111110010 0.0149307 -3.14159
1111110011 0.010994 -3.14159
1111110100 0.0637207 0
1111110101 0.03479 0
1111110110 0.0276794 0
1111110111 0.0119858 0
1111111000 0.0339966 0
1111111001 0.0827637 -3.14159
1111111010 0.0484009 0
1111111011 0.0422363 -3.14159
1111111100 0.0273743 -3.14159
1111111101 0.0202026 0
1111111110 0.0147095 0
1111111111 0.00597382 0
