0000000000 0.0335693 0
0000000001 0.0283051 0
0000000010 0.0200958 -3.14159
0000000011 0.00855255 -3.14159
0000000100 0.0101929 0
0000000101 0.00992584 0
0000000110 0.00963593 -3.14159
0000000111 0.0445862 -3.14159
0000001000 0.00264549 -3.14159
0000001001 0.0055809 -3.14159
0000001010 0.00623322 -3.14159
0000001011 0.0249176 0
0000001100 0.0214996 -3.14159
0000001101 0.0196228 0
0000001110 0.000489235 0
0000001111 0.00813293 0
0000010000 0.0258942 0
0000010001 0.0424805 -3.14159
0000010010 0.01548 -3.14159
0000010011 0.032959 -3.14159
0000010100 0.00909424 -3.14159
0000010101 0.0492859 0
0000010110 0.0191193 -3.14159
0000010111 0.0259094 0
0000011000 0.0321045 0
0000011001 0.0156097 -3.14159
0000011010 0.0371704 -3.14159
0000011011 0.0335999 -3.14159
0000011100 0.0140762 -3.14159
0000011101 0.0326233 -3.14159
0000011110 0.0172424 0
0000011111 0.00336456 -3.14159
0000100000 0.0723267 -3.14159
0000100001 0.00524521 -3.14159
0000100010 0.0533752 -3.14159
0000100011 0.0111771 -3.14159
0000100100 0.00888824 0
0000100101 0.00908661 0
0000100110 0.00494385 -3.14159
0000100111 0.0236206 -3.14159
0000101000 0.0307922 -3.14159
0000101001 0.0115585 -3.14159
0000101010 0.0342712 -3.14159
0000101011 0.0279541 -3.14159
0000101100 0.0701294 -3.14159
0000101101 0.0182953 0
0000101110 0.0175323 -3.14159
0000101111 0.017395 -3.14159
0000110000 0.0154419 0
0000110001 0.0587463 -3.14159
0000110010 0.0473328 -3.14159
0000110011 0.0169678 0
0000110100 0.00360107 -3.14159
0000110101 0.0247955 -3.14159
0000110110 0.00445557 -3.14159
0000110111 0.0227509 0
0000111000 0.0242462 -3.14159
0000111001 0.0327454 -3.14159
0000111010 0.0149078 -3.14159
0000111011 0.0471802 -3.14159
0000111100 0.000154614 -3.14159
0000111101 0.00175667 0
0000111110 0.0141983 0
0000111111 0.00232887 0
0001000000 0.0910034 0
0001000001 0.0333557 0
0001000010 0.0161285 0
0001000011 0.0472412 0
0001000100 0.0270844 -3.14159
0001000101 0.0107346 -3.14159
0001000110 0.0194702 -3.14159
0001000111 0.010704 -3.14159
0001001000 0.0229187 -3.14159
0001001001 0.028183 0
0001001010 0.00610733 -3.14159
0001001011 0.0330505 -3.14159
0001001100 0.0289612 -3.14159
0001001101 0.0190125 0
0001001110 0.0322266 0
0001001111 0.00804138 -3.14159
0001010000 0.0350952 -3.14159
0001010001 0.0418701 -3.14159
0001010010 0.052887 -3.14159
0001010011 0.00953674 0
0001010100 0.0229492 0
0001010101 0.0324402 -3.14159
0001010110 0.036377 0
0001010111 0.00575256 0
0001011000 0.0061264 -3.14159
0001011001 0.00621033 0
0001011010 0.0150375 0
0001011011 0.0207062 0
0001011100 0.0709229 0
0001011101 0.0433655 -3.14159
0001011110 0.00494385 -3.14159
0001011111 0.00113583 0
0001100000 0.0223999 -3.14159
0001100001 0.0423279 -3.14159
0001100010 0.0262756 -3.14159
0001100011 0.0187531 -3.14159
0001100100 0.0518188 -3.14159
0001100101 0.0215607 0
0001100110 0.0460815 -3.14159
0001100111 0.00141335 -3.14159
0001101000 0.00538635 -3.14159
0001101001 0.0847168 0
0001101010 0.0245972 -3.14159
0001101011 0.00379562 -3.14159
0001101100 0.0413208 0
0001101101 0.0404663 -3.14159
0001101110 0.00320625 -3.14159
0001101111 0.00886536 0
0001110000 0.0610352 -3.14159
0001110001 0.0267944 -3.14159
0001110010 0.0544434 -3.14159
0001110011 0.00505829 -3.14159
0001110100 0.0188904 -3.14159
0001110101 0.00600052 0
0001110110 0.0476685 0
0001110111 0.0469971 -3.14159
0001111000 0.0480347 -3.14159
0001111001 0.0254211 0
0001111010 0.0309143 -3.14159
0001111011 0.0323486 -3.14159
0001111100 0.0147324 -3.14159
0001111101 0.00442505 -3.14159
0001111110 1.60336e-05 0
0001111111 0.0159607 -3.14159
0010000000 0.0336304 0
0010000001 0.0295868 -3.14159
0010000010 0.000895023 -3.14159
0010000011 0.000627518 -3.14159
0010000100 0.0270538 0
0010000101 0.0167694 -3.14159
0010000110 0.0377197 0
0010000111 0.00166225 0
0010001000 0.0275269 -3.14159
0010001001 0.00933838 0
0010001010 0.0324097 0
0010001011 0.00810242 0
0010001100 0.0286407 0
0010001101 0.0133438 0
0010001110 0.00252533 0
0010001111 0.00208282 0
0010010000 0.0324097 -3.14159
0010010001 0.00233078 -3.14159
0010010010 0.00233078 0
0010010011 0.00657654 -3.14159
0010010100 0.0104523 -3.14159
0010010101 0.0370178 0
0010010110 0.0334473 -3.14159
0010010111 0.0471802 0
0010011000 0.00931549 -3.14159
0010011001 0.0349426 -3.14159
0010011010 0.00238609 -3.14159
0010011011 0.00126171 -3.14159
0010011100 0.026062 -3.14159
0010011101 0.00870514 0
0010011110 0.0346375 -3.14159
0010011111 0.0123062 0
0010100000 0.0116348 -3.14159
0010100001 0.00653839 -3.14159
0010100010 0.0328674 0
0010100011 0.0105972 0
0010100100 0.0132141 -3.14159
0010100101 0.0276184 -3.14159
0010100110 0.0188293 0
0010100111 0.0194092 0
0010101000 0.012764 -3.14159
0010101001 0.0375671 0
0010101010 0.0262604 0
0010101011 0.0196533 0
0010101100 0.0157166 0
0010101101 0.0272522 0
0010101110 0.00375175 -3.14159
0010101111 0.00126076 -3.14159
0010110000 0.0152435 -3.14159
0010110001 0.0301056 -3.14159
0010110010 0.00381088 0
0010110011 0.0610352 0
0010110100 0.0427246 0
0010110101 0.0229645 -3.14159
0010110110 0.0111008 0
0010110111 0.0131989 -3.14159
0010111000 0.00636292 -3.14159
0010111001 0.0224304 -3.14159
0010111010 0.00293541 0
0010111011 0.0478821 0
0010111100 0.0450439 0
0010111101 0.0327148 -3.14159
0010111110 0.0198364 -3.14159
0010111111 0.0822144 -3.14159
0011000000 0.0590515 0
0011000001 0.0198822 0
0011000010 0.00229073 0
0011000011 0.015625 0
0011000100 0.0265961 0
0011000101 0.00336456 -3.14159
0011000110 0.0227814 0
0011000111 0.00129986 0
0011001000 0.0118484 0
0011001001 0.00243759 0
0011001010 0.00878143 0
0011001011 0.00452042 -3.14159
0011001100 0.0372009 -3.14159
0011001101 0.00234795 0
0011001110 0.0113144 0
0011001111 0.0392456 0
0011010000 0.00481033 0
0011010001 0.0120239 -3.14159
0011010010 0.000135064 -3.14159
0011010011 0.00983429 -3.14159
0011010100 0.00398636 0
0011010101 0.021286 -3.14159
0011010110 0.0330811 -3.14159
0011010111 0.04245 0
0011011000 0.00529099 -3.14159
0011011001 0.0240936 0
0011011010 0.0203705 0
0011011011 0.00516891 -3.14159
0011011100 0.00730133 0
0011011101 0.0407715 -3.14159
0011011110 0.059967 -3.14159
0011011111 0.01828 0
0011100000 0.0341187 0
0011100001 0.00555038 -3.14159
0011100010 0.000588894 0
0011100011 0.0157776 0
0011100100 0.0301361 0
0011100101 0.0258636 0
0011100110 0.000827789 0
0011100111 0.00669861 -3.14159
0011101000 0.0324707 -3.14159
0011101001 0.00471878 0
0011101010 0.0671997 -3.14159
0011101011 0.00453186 -3.14159
0011101100 0.000130296 -3.14159
0011101101 0.029007 -3.14159
0011101110 0.0107574 0
0011101111 0.0561523 0
0011110000 0.0043869 -3.14159
0011110001 0.00960541 0
0011110010 0.0214691 0
0011110011 0.0634766 -3.14159
0011110100 0.00278282 -3.14159
0011110101 0.0116425 0
0011110110 0.0173492 0
0011110111 0.00674438 -3.14159
0011111000 0.0769043 0
0011111001 0.0375977 0
0011111010 0.0358887 -3.14159
0011111011 0.0162964 -3.14159
0011111100 0.0126495 -3.14159
0011111101 0.0200195 -3.14159
0011111110 0.00874329 0
0011111111 0.0346985 0
0100000000 0.0776367 0
0100000001 0.0462646 0
0100000010 0.0261536 -3.14159
0100000011 0.0238495 0
0100000100 0.0604553 -3.14159
0100000101 0.0114288 0
0100000110 0.0339661 0
0100000111 0.0305481 0
0100001000 0.00776291 -3.14159
0100001001 0.00329018 0
0100001010 0.0109406 0
0100001011 0.0561523 -3.14159
0100001100 0.0157471 -3.14159
0100001101 0.0367126 -3.14159
0100001110 0.0020237 -3.14159
0100001111 0.0247345 -3.14159
0100010000 0.0378113 0
0100010001 0.0498352 -3.14159
0100010010 0.013916 -3.14159
0100010011 0.00939941 -3.14159
0100010100 0.0275269 0
0100010101 0.0209808 -3.14159
0100010110 0.00247955 0
0100010111 0.00372124 -3.14159
0100011000 0.0091095 0
0100011001 0.0243988 0
0100011010 0.0113907 -3.14159
0100011011 0.0446777 -3.14159
0100011100 0.0080719 -3.14159
0100011101 0.00235176 -3.14159
0100011110 0.0342407 -3.14159
0100011111 0.015213 0
0100100000 0.0254974 -3.14159
0100100001 0.0267334 -3.14159
0100100010 0.0100784 0
0100100011 0.0249023 0
0100100100 0.00885773 -3.14159
0100100101 0.0318604 0
0100100110 0.0461121 -3.14159
0100100111 0.0315552 -3.14159
0100101000 0.0839233 0
0100101001 0.0976562 -3.14159
0100101010 0.0324402 0
0100101011 0.0342102 -3.14159
0100101100 0.0162659 0
0100101101 0.0484314 -3.14159
0100101110 0.0273285 0
0100101111 0.00350189 0
0100110000 0.0322571 0
0100110001 0.0279846 -3.14159
0100110010 0.00545883 0
0100110011 0.0203857 -3.14159
0100110100 0.0271759 0
0100110101 0.0224915 0
0100110110 0.0242157 -3.14159
0100110111 0.000731945 -3.14159
0100111000 0.0423279 -3.14159
0100111001 0.0620117 -3.14159
0100111010 0.0404358 -3.14159
0100111011 0.0698853 -3.14159
0100111100 0.0304718 -3.14159
0100111101 0.0357666 -3.14159
0100111110 0.0384521 0
0100111111 0.00462341 0
0101000000 0.0296631 -3.14159
0101000001 0.0106125 -3.14159
0101000010 0.00633621 0
0101000011 0.00619888 0
0101000100 0.00545883 -3.14159
0101000101 0.0243835 0
0101000110 0.0191956 0
0101000111 0.0567322 -3.14159
0101001000 0.0367737 0
0101001001 0.0338745 -3.14159
0101001010 0.0249176 0
0101001011 0.0524597 0
0101001100 0.0158539 0
0101001101 0.00674438 0
0101001110 0.0291595 0
0101001111 0.0250397 0
0101010000 0.0293732 0
0101010001 0.0129318 -3.14159
0101010010 0.0320435 0
0101010011 0.0803223 -3.14159
0101010100 0.0367126 0
0101010101 0.0276184 0
0101010110 0.0456848 0
0101010111 0.0139313 0
0101011000 0.0481262 0
0101011001 0.0198364 -3.14159
0101011010 0.00553131 -3.14159
0101011011 0.0557251 -3.14159
0101011100 0.0311737 -3.14159
0101011101 0.0817871 0
0101011110 0.000388384 -3.14159
0101011111 0.0310974 0
0101100000 0.030304 0
0101100001 0.0315857 -3.14159
0101100010 0.0103989 0
0101100011 0.0535278 -3.14159
0101100100 0.023941 -3.14159
0101100101 0.015564 0
0101100110 0.0495911 -3.14159
0101100111 0.0503235 -3.14159
0101101000 0.0405884 -3.14159
0101101001 0.0188599 -3.14159
0101101010 0.0392151 0
0101101011 0.0297394 0
0101101100 0.00491714 0
0101101101 0.0421753 -3.14159
0101101110 0.0292206 -3.14159
0101101111 0.0120392 0
0101110000 0.0229187 -3.14159
0101110001 0.0180511 -3.14159
0101110010 0.0310516 -3.14159
0101110011 0.0301361 0
0101110100 0.0513 0
0101110101 0.00206566 0
0101110110 0.028595 0
0101110111 0.00527573 -3.14159
0101111000 0.0176544 0
0101111001 0.0114288 0
0101111010 0.0340576 0
0101111011 0.024765 -3.14159
0101111100 0.042572 -3.14159
0101111101 0.0172577 -3.14159
0101111110 0.0419312 0
0101111111 0.0637207 0
0110000000 0.0055542 0
0110000001 0.0114212 0
0110000010 0.06073 -3.14159
0110000011 0.064209 0
0110000100 0.0828247 -3.14159
0110000101 0.0310974 0
0110000110 0.0403137 0
0110000111 0.0246582 0
0110001000 0.00421524 -3.14159
0110001001 0.030304 -3.14159
0110001010 0.00224876 -3.14159
0110001011 0.0150146 -3.14159
0110001100 0.0215607 0
0110001101 0.0223236 -3.14159
0110001110 0.0305634 0
0110001111 0.00217819 -3.14159
0110010000 0.0321655 0
0110010001 9.90033e-05 0
0110010010 0.0322876 -3.14159
0110010011 0.00765228 -3.14159
0110010100 0.0447083 -3.14159
0110010101 0.0534668 -3.14159
0110010110 0.00911713 0
0110010111 0.00731277 0
0110011000 0.0208893 0
0110011001 0.0446167 -3.14159
0110011010 0.0144577 -3.14159
0110011011 0.0426636 0
0110011100 0.00393295 0
0110011101 0.0162659 0
0110011110 0.021347 0
0110011111 0.0176086 0
0110100000 0.0308533 0
0110100001 0.00830078 0
0110100010 0.0382996 0
0110100011 0.00966644 0
0110100100 0.0179443 0
0110100101 0.00509644 -3.14159
0110100110 0.0167847 0
0110100111 0.00867462 -3.14159
0110101000 0.0105515 -3.14159
0110101001 0.0101929 -3.14159
0110101010 0.00224113 0
0110101011 0.010849 -3.14159
0110101100 0.0153656 -3.14159
0110101101 0.0257111 0
0110101110 0.0197144 -3.14159
0110101111 0.00926971 0
0110110000 0.00318718 -3.14159
0110110001 0.0413513 -3.14159
0110110010 0.0354919 0
0110110011 0.0338135 -3.14159
0110110100 0.0241699 0
0110110101 0.0344543 0
0110110110 0.00748825 0
0110110111 0.00496674 0
0110111000 0.0102844 -3.14159
0110111001 0.0100327 -3.14159
0110111010 0.0179443 0
0110111011 0.0562744 0
0110111100 0.0101242 -3.14159
0110111101 0.00248718 0
0110111110 0.0202942 -3.14159
0110111111 0.0147629 -3.14159
0111000000 0.0122986 0
0111000001 0.0418396 -3.14159
0111000010 0.0316162 0
0111000011 0.0224457 -3.14159
0111000100 0.0360107 -3.14159
0111000101 0.00605011 0
0111000110 0.00920868 -3.14159
0111000111 0.00396729 -3.14159
0111001000 0.0395508 0
0111001001 0.0301819 0
0111001010 0.0191956 0
0111001011 0.0148544 -3.14159
0111001100 0.0142593 -3.14159
0111001101 0.0258179 -3.14159
0111001110 0.0371094 0
0111001111 0.0762939 0
0111010000 0.0564575 0
0111010001 0.0513916 0
0111010010 0.0111847 0
0111010011 0.0739746 0
0111010100 0.00744629 -3.14159
0111010101 0.0215302 -3.14159
0111010110 0.00779343 0
0111010111 0.0194702 -3.14159
0111011000 0.0222015 0
0111011001 0.00716019 0
0111011010 0.0206909 -3.14159
0111011011 0.0192261 -3.14159
0111011100 0.0248413 0
0111011101 0.0327454 0
0111011110 0.0310059 0
0111011111 0.0209351 -3.14159
0111100000 0.00862885 -3.14159
0111100001 0.0188446 0
0111100010 0.00852966 0
0111100011 0.032196 0
0111100100 0.0261383 0
0111100101 0.0357056 -3.14159
0111100110 0.0325928 -3.14159
0111100111 0.0109329 -3.14159
0111101000 0.0466919 -3.14159
0111101001 0.0362244 0
0111101010 0.0342102 -3.14159
0111101011 0.0265961 -3.14159
0111101100 0.00531006 -3.14159
0111101101 0.00976562 -3.14159
0111101110 0.0320435 0
0111101111 0.0103531 -3.14159
0111110000 0.0108566 -3.14159
0111110001 0.0122452 -3.14159
0111110010 0.0255737 0
0111110011 0.0518799 -3.14159
0111110100 0.0238953 0
0111110101 0.00502014 -3.14159
0111110110 0.0174103 0
0111110111 0.00574112 -3.14159
0111111000 0.0470581 -3.14159
0111111001 0.025589 0
0111111010 0.0117722 -3.14159
0111111011 0.0124817 0
0111111100 0.00691605 -3.14159
0111111101 0.0033493 -3.14159
0111111110 0.0288849 -3.14159
0111111111 0.022934 0
1000000000 0.0143661 0
1000000001 0.0235901 -3.14159
1000000010 0.00230598 0
1000000011 0.00757599 -3.14159
1000000100 0.00168324 0
1000000101 0.0466919 0
1000000110 0.0463257 0
1000000111 0.00758743 0
1000001000 0.00116253 -3.14159
1000001001 0.00405121 0
1000001010 0.0123596 -3.14159
1000001011 0.062439 -3.14159
1000001100 0.0105438 -3.14159
1000001101 0.0431519 -3.14159
1000001110 0.0750732 -3.14159
1000001111 0.0162354 -3.14159
1000010000 0.0128326 0
1000010001 0.042572 -3.14159
1000010010 0.00942993 0
1000010011 0.0207977 0
1000010100 0.0161591 -3.14159
1000010101 0.00850677 -3.14159
1000010110 0.013298 0
1000010111 0.00173569 0
1000011000 0.0440063 0
1000011001 0.0400391 0
1000011010 0.019104 -3.14159
1000011011 0.0515747 0
1000011100 0.0082016 -3.14159
1000011101 0.00569153 -3.14159
1000011110 0.00497437 0
1000011111 0.0203857 -3.14159
1000100000 0.0198212 -3.14159
1000100001 0.0308075 -3.14159
1000100010 0.0287628 0
1000100011 0.0100479 -3.14159
1000100100 0.0243225 0
1000100101 0.0500793 -3.14159
1000100110 0.0302277 -3.14159
1000100111 0.0439148 0
1000101000 0.0387573 0
1000101001 0.00495911 -3.14159
1000101010 0.00990295 0
1000101011 0.0204468 -3.14159
1000101100 0.0193939 -3.14159
1000101101 0.0284271 0
1000101110 0.0137329 0
1000101111 0.0156097 0
1000110000 0.0213165 -3.14159
1000110001 0.0192566 0
1000110010 0.0232544 0
1000110011 0.00100517 0
1000110100 0.0182037 -3.14159
1000110101 0.0421753 0
1000110110 0.0726318 -3.14159
1000110111 0.0236816 0
1000111000 0.00486755 -3.14159
1000111001 0.043457 -3.14159
1000111010 0.0526123 0
1000111011 0.01194 -3.14159
1000111100 0.0286407 0
1000111101 0.0119476 -3.14159
1000111110 0.019104 -3.14159
1000111111 0.00419617 -3.14159
1001000000 0.050354 0
1001000001 0.0108337 0
1001000010 0.00682449 0
1001000011 0.0271759 0
1001000100 0.00750732 -3.14159
1001000101 0.00369072 0
1001000110 0.0344849 -3.14159
1001000111 0.034668 -3.14159
1001001000 0.00181866 0
1001001001 0.00142097 0
1001001010 0.0234222 0
1001001011 0.00308037 -3.14159
1001001100 0.0249481 0
1001001101 0.00209618 0
1001001110 0.0104599 -3.14159
1001001111 0.0288544 0
1001010000 0.00237656 0
1001010001 0.00571442 -3.14159
1001010010 0.00172901 -3.14159
1001010011 0.0304871 -3.14159
1001010100 0.0256653 -3.14159
1001010101 0.0451965 -3.14159
1001010110 0.029953 0
1001010111 0.0380859 -3.14159
1001011000 0.0100098 0
1001011001 0.0249634 0
1001011010 0.0155029 0
1001011011 0.00782013 0
1001011100 0.0126495 -3.14159
1001011101 0.0280609 -3.14159
1001011110 0.0411987 -3.14159
1001011111 0.00570679 0
1001100000 0.00135326 0
1001100001 0.0148315 -3.14159
1001100010 0.0455627 -3.14159
1001100011 0.028595 0
1001100100 0.0250397 -3.14159
1001100101 0.00355339 -3.14159
1001100110 0.0634155 0
1001100111 0.0670166 0
1001101000 0.00103283 0
1001101001 0.010376 -3.14159
1001101010 0.0389709 0
1001101011 0.0318298 0
1001101100 0.0193176 0
1001101101 0.00863647 -3.14159
1001101110 0.0458679 -3.14159
1001101111 0.0157166 -3.14159
1001110000 0.0695801 0
1001110001 0.0618286 -3.14159
1001110010 0.00449753 0
1001110011 0.00904083 0
1001110100 0.0214691 -3.14159
1001110101 0.0264435 -3.14159
1001110110 0.00882721 -3.14159
1001110111 0.0122986 -3.14159
1001111000 0.0312042 0
1001111001 0.00542831 -3.14159
1001111010 0.0282593 0
1001111011 0.034668 0
1001111100 0.0244293 0
1001111101 0.00774384 -3.14159
1001111110 0.0394897 -3.14159
1001111111 0.00644302 -3.14159
1010000000 0.0178223 0
1010000001 0.0027523 -3.14159
1010000010 0.0346375 0
1010000011 0.00486755 0
1010000100 0.040741 0
1010000101 0.0396729 -3.14159
1010000110 0.0371399 -3.14159
1010000111 0.0255737 -3.14159
1010001000 0.0294037 -3.14159
1010001001 0.00183868 -3.14159
1010001010 0.0039444 -3.14159
1010001011 0.0491333 0
1010001100 0.0183868 0
1010001101 0.0133667 0
1010001110 0.0279388 0
1010001111 0.0530396 0
1010010000 0.0463867 0
1010010001 0.0026207 0
1010010010 0.0451355 -3.14159
1010010011 0.0374451 0
1010010100 0.0370178 -3.14159
1010010101 0.0325317 0
1010010110 0.0051651 -3.14159
1010010111 0.0329895 -3.14159
1010011000 0.0839844 0
1010011001 0.0153351 -3.14159
1010011010 0.00110817 -3.14159
1010011011 0.0376587 -3.14159
1010011100 0.0492554 0
1010011101 0.0107956 0
1010011110 0.0109329 0
1010011111 0.0199127 -3.14159
1010100000 0.00359535 -3.14159
1010100001 0.0414734 -3.14159
1010100010 0.0396729 -3.14159
1010100011 0.0147476 -3.14159
1010100100 0.0113525 0
1010100101 0.00553513 -3.14159
1010100110 0.00339508 0
1010100111 0.0146027 -3.14159
1010101000 0.00253105 -3.14159
1010101001 0.0241394 0
1010101010 0.0218353 -3.14159
1010101011 0.0157776 0
1010101100 0.0480347 0
1010101101 0.0171661 0
1010101110 0.0163422 0
1010101111 0.0128708 0
1010110000 0.0895386 0
1010110001 0.0260773 -3.14159
1010110010 0.00450516 0
1010110011 0.0235138 -3.14159
1010110100 0.0444031 -3.14159
1010110101 0.00928497 0
1010110110 0.00786591 0
1010110111 0.0129166 -3.14159
1010111000 0.00671387 -3.14159
1010111001 0.00617981 -3.14159
1010111010 0.0495911 -3.14159
1010111011 0.0108032 -3.14159
1010111100 0.01828 -3.14159
1010111101 0.033905 0
1010111110 0.0576782 -3.14159
1010111111 0.0150986 0
1011000000 0.0718384 -3.14159
1011000001 0.020813 0
1011000010 0.0200806 0
1011000011 0.0344238 -3.14159
1011000100 0.011673 -3.14159
1011000101 0.0112228 -3.14159
1011000110 0.039917 0
1011000111 0.0116119 -3.14159
1011001000 0.010704 -3.14159
1011001001 0.0527954 -3.14159
1011001010 0.0371094 -3.14159
1011001011 0.058197 -3.14159
1011001100 0.0568848 -3.14159
1011001101 0.0273285 -3.14159
1011001110 0.0106735 0
1011001111 0.0118103 -3.14159
1011010000 0.00672913 0
1011010001 0.0408936 -3.14159
1011010010 0.0388184 -3.14159
1011010011 0.00488281 -3.14159
1011010100 0.00476456 0
1011010101 0.0098114 0
1011010110 0.0441589 0
1011010111 0.00199318 0
1011011000 0.00404739 -3.14159
1011011001 0.0244598 0
1011011010 0.00103664 -3.14159
1011011011 0.0170898 -3.14159
1011011100 0.0102386 0
1011011101 0.00692368 0
1011011110 0.00549698 0
1011011111 0.00688171 0
1011100000 0.0121689 0
1011100001 0.0305939 -3.14159
1011100010 0.0559082 0
1011100011 0.0335999 0
1011100100 0.000496864 0
1011100101 0.0534668 0
1011100110 0.000236511 -3.14159
1011100111 0.00460052 -3.14159
1011101000 0.0629883 -3.14159
1011101001 0.00868988 -3.14159
1011101010 0.0462036 -3.14159
1011101011 0.00852203 0
1011101100 0.0182648 0
1011101101 0.0011301 0
1011101110 0.00785828 -3.14159
1011101111 0.0463257 0
1011110000 0.0456848 -3.14159
1011110001 0.00175667 0
1011110010 0.022583 -3.14159
1011110011 0.0316772 0
1011110100 0.0142212 -3.14159
1011110101 0.00706863 -3.14159
1011110110 0.0109177 -3.14159
1011110111 0.00894928 0
1011111000 0.00485611 -3.14159
1011111001 0.0258179 -3.14159
1011111010 0.0331726 -3.14159
1011111011 0.0686646 0
1011111100 0.00577927 -3.14159
1011111101 0.0172882 0
1011111110 0.0202026 0
1011111111 0.0389709 0
1100000000 0.0361328 0
1100000001 0.000192285 -3.14159
1100000010 0.0264435 -3.14159
1100000011 0.0458374 -3.14159
1100000100 0.00452805 -3.14159
1100000101 0.0482483 0
1100000110 0.0056839 -3.14159
1100000111 0.00656891 -3.14159
1100001000 0.000731468 0
1100001001 0.0333557 -3.14159
1100001010 0.00241089 -3.14159
1100001011 0.0189819 0
1100001100 0.0029335 0
1100001101 0.0147858 -3.14159
1100001110 0.0294647 -3.14159
1100001111 0.012764 0
1100010000 0.0415955 -3.14159
1100010001 0.0185852 -3.14159
1100010010 0.0283203 0
1100010011 0.0261078 -3.14159
1100010100 0.0300293 -3.14159
1100010101 0.0314026 -3.14159
1100010110 0.015419 -3.14159
1100010111 0.0754395 0
1100011000 0.0609436 -3.14159
1100011001 0.0350647 0
1100011010 0.0171204 -3.14159
1100011011 0.00148296 0
1100011100 0.0497131 0
1100011101 0.0422668 0
1100011110 0.0127945 -3.14159
1100011111 0.0246735 -3.14159
1100100000 0.00955963 0
1100100001 0.0788574 0
1100100010 0.0311584 -3.14159
1100100011 0.0155869 0
1100100100 0.00747299 -3.14159
1100100101 0.0367126 -3.14159
1100100110 0.020401 0
1100100111 0.0417175 -3.14159
1100101000 0.0388184 0
1100101001 0.044281 0
1100101010 0.0231476 0
1100101011 0.013382 0
1100101100 0.023941 -3.14159
1100101101 0.0201263 -3.14159
1100101110 0.0457458 0
1100101111 0.0523071 0
1100110000 0.0160828 -3.14159
1100110001 0.0548096 -3.14159
1100110010 0.0518188 -3.14159
1100110011 0.0319824 0
1100110100 0.00747299 0
1100110101 0.000532627 -3.14159
1100110110 0.0229797 0
1100110111 0.0333252 -3.14159
1100111000 0.00788879 -3.14159
1100111001 0.0648804 -3.14159
1100111010 0.0424194 0
1100111011 0.00938416 -3.14159
1100111100 0.0283661 -3.14159
1100111101 0.0224762 0
1100111110 0.0427856 -3.14159
1100111111 0.0609436 -3.14159
1101000000 0.0825195 -3.14159
1101000001 0.00206375 0
1101000010 0.00736237 -3.14159
1101000011 0.0102005 -3.14159
1101000100 0.0461121 0
1101000101 0.0126038 0
1101000110 0.00952148 -3.14159
1101000111 0.0404968 0
1101001000 3.53456e-05 0
1101001001 0.069397 0
1101001010 0.0164642 0
1101001011 0.0176544 0
1101001100 0.0277863 -3.14159
1101001101 0.00537872 0
1101001110 0.0281372 0
1101001111 0.0628662 0
1101010000 0.0164032 -3.14159
1101010001 0.0190277 0
1101010010 0.0357971 -3.14159
1101010011 0.0288544 -3.14159
1101010100 0.052063 0
1101010101 0.00187874 0
1101010110 0.0402832 -3.14159
1101010111 0.0168762 0
1101011000 0.0496521 -3.14159
1101011001 0.0208588 0
1101011010 0.00502014 0
1101011011 0.0446472 -3.14159
1101011100 0.00941467 0
1101011101 0.0149689 -3.14159
1101011110 0.00540924 0
1101011111 0.0445251 -3.14159
1101100000 0.0759277 0
1101100001 0.0427856 0
1101100010 0.00117493 -3.14159
1101100011 0.00161076 -3.14159
1101100100 0.0149307 0
1101100101 0.0304718 -3.14159
1101100110 0.00370216 -3.14159
1101100111 0.00137997 0
1101101000 0.0171661 -3.14159
1101101001 0.0123672 0
1101101010 0.0215149 0
1101101011 0.0139084 -3.14159
1101101100 0.0346375 -3.14159
1101101101 0.00688553 -3.14159
1101101110 0.0270844 -3.14159
1101101111 0.0174561 -3.14159
1101110000 0.0385437 -3.14159
1101110001 0.0754395 0
1101110010 0.00807953 -3.14159
1101110011 0.0322876 -3.14159
1101110100 0.00680161 -3.14159
1101110101 0.0207062 -3.14159
1101110110 0.00349426 -3.14159
1101110111 0.0106201 0
1101111000 0.00687408 0
1101111001 0.0139542 0
1101111010 0.00649643 -3.14159
1101111011 0.00169754 -3.14159
1101111100 0.0270386 0
1101111101 0.0430298 -3.14159
1101111110 0.0269623 -3.14159
1101111111 0.0750122 0
1110000000 0.0431824 -3.14159
1110000001 0.0158386 -3.14159
1110000010 0.0489197 0
1110000011 0.0487671 0
1110000100 0.0298309 0
1110000101 0.0480347 0
1110000110 0.00948334 -3.14159
1110000111 0.000762939 -3.14159
1110001000 0.00136471 -3.14159
1110001001 0.0106201 0
1110001010 0.0361938 0
1110001011 0.0274506 -3.14159
1110001100 0.00391006 0
1110001101 0.0117493 -3.14159
1110001110 0.016922 0
1110001111 0.0166321 -3.14159
1110010000 0.0148849 0
1110010001 0.044281 -3.14159
1110010010 0.00388527 -3.14159
1110010011 0.0147629 -3.14159
1110010100 0.0603638 -3.14159
1110010101 0.0444946 -3.14159
1110010110 0.00515747 -3.14159
1110010111 0.0405273 -3.14159
1110011000 0.0409241 0
1110011001 0.0130997 0
1110011010 0.0444336 -3.14159
1110011011 0.0150909 -3.14159
1110011100 0.0557251 0
1110011101 0.00183392 -3.14159
1110011110 0.00163174 -3.14159
1110011111 0.000471592 0
1110100000 0.00338745 -3.14159
1110100001 0.00154686 -3.14159
1110100010 0.046051 0
1110100011 0.0290375 -3.14159
1110100100 0.0727539 0
1110100101 0.0426636 0
1110100110 0.0211487 -3.14159
1110100111 0.0070076 0
1110101000 0.0247955 -3.14159
1110101001 0.000428915 -3.14159
1110101010 0.0386047 0
1110101011 0.00418091 0
1110101100 0.0318604 -3.14159
1110101101 0.0378113 0
1110101110 0.0309143 -3.14159
1110101111 0.0357971 -3.14159
1110110000 0.0211029 -3.14159
1110110001 0.00203705 -3.14159
1110110010 0.0375671 -3.14159
1110110011 0.0361633 -3.14159
1110110100 0.0299835 -3.14159
1110110101 0.0795898 0
1110110110 0.0051384 -3.14159
1110110111 0.0417175 -3.14159
1110111000 0.0105591 -3.14159
1110111001 0.0436707 0
1110111010 0.0671387 0
1110111011 0.00118828 -3.14159
1110111100 0.0230865 -3.14159
1110111101 0.0286407 -3.14159
1110111110 0.00815582 -3.14159
1110111111 0.0164642 0
1111000000 0.0211639 -3.14159
1111000001 0.101135 0
1111000010 0.0437927 0
1111000011 0.0255432 -3.14159
1111000100 0.0202789 -3.14159
1111000101 0.0564575 -3.14159
1111000110 0.0235596 -3.14159
1111000111 0.0154572 -3.14159
1111001000 0.0236511 0
1111001001 0.0247192 0
1111001010 0.0294189 -3.14159
1111001011 0.0344543 -3.14159
1111001100 0.0437927 0
1111001101 0.0626831 0
1111001110 0.0499573 -3.14159
1111001111 0.00939178 0
1111010000 0.0242462 -3.14159
1111010001 0.00297737 -3.14159
1111010010 0.00344849 0
1111010011 0.0173645 -3.14159
1111010100 0.0231934 0
1111010101 0.0180206 -3.14159
1111010110 0.037384 0
1111010111 0.01828 0
1111011000 0.0720215 0
1111011001 0.00660706 0
1111011010 0.00388718 0
1111011011 0.0202332 0
1111011100 0.0112228 -3.14159
1111011101 0.00545883 0
1111011110 0.00482941 0
1111011111 0.0126724 -3.14159
1111100000 0.0700684 0
1111100001 0.0179138 -3.14159
1111100010 0.00653839 -3.14159
1111100011 0.000711918 0
1111100100 0.0543213 -3.14159
1111100101 0.0248718 -3.14159
1111100110 0.10791 -3.14159
1111100111 0.0380554 -3.14159
1111101000 0.00700378 0
1111101001 0.00290298 0
1111101010 0.0428467 -3.14159
1111101011 0.0745239 0
1111101100 0.0550537 0
1111101101 0.0124054 -3.14159
1111101110 0.0454102 0
1111101111 0.00814056 0
1111110000 0.0164795 0
1111110001 0.0509338 0
1111110010 0.0465088 -3.14159
1111110011 0.0100098 -3.14159
1111110100 0.0701904 0
1111110101 0.0171356 0
1111110110 0.00261497 0
1111110111 0.0360413 0
1111111000 0.0211487 0
1111111001 0.0684204 -3.14159
1111111010 0.00439835 0
1111111011 0.0489807 -3.14159
1111111100 0.0236053 -3.14159
1111111101 0.0549316 0
1111111110 0.024231 -3.14159
1111111111 0.0405884 -3.14159
