0000000000 0.00126743 0
0000000001 0.0318604 -3.14159
0000000010 0.00869751 0
0000000011 0.0112076 0
0000000100 0.0181122 -3.14159
0000000101 0.0509033 -3.14159
0000000110 0.0159607 -3.14159
0000000111 0.0304565 -3.14159
0000001000 0.00648117 -3.14159
0000001001 0.000453711 0
0000001010 0.030304 -3.14159
0000001011 0.0261993 -3.14159
0000001100 0.0272522 -3.14159
0000001101 0.0179138 0
0000001110 0.0241699 0
0000001111 0.0409851 0
0000010000 0.0289154 0
0000010001 0.00920105 0
0000010010 0.014183 0
0000010011 0.0240479 -3.14159
0000010100 0.0448914 -3.14159
0000010101 0.00908661 -3.14159
0000010110 0.0265503 -3.14159
0000010111 0.0202332 0
0000011000 0.0526123 0
0000011001 0.0154724 -3.14159
0000011010 0.0240936 -3.14159
0000011011 0.0431213 -3.14159
0000011100 0.0240784 -3.14159
0000011101 0.032196 -3.14159
0000011110 0.076355 0
0000011111 0.00574112 -3.14159
0000100000 0.0697632 -3.14159
0000100001 0.000159025 -3.14159
0000100010 0.0512085 -3.14159
0000100011 0.0292816 -3.14159
0000100100 0.0103455 0
0000100101 0.0157928 0
0000100110 0.0101776 0
0000100111 0.0181885 0
0000101000 0.0124283 -3.14159
0000101001 0.00283432 0
0000101010 0.0322266 -3.14159
0000101011 0.00833893 -3.14159
0000101100 0.0739746 -3.14159
0000101101 0.00526047 0
0000101110 0.0301056 -3.14159
0000101111 0.0369873 0
0000110000 0.00969696 -3.14159
0000110001 0.0153656 0
0000110010 0.00604248 -3.14159
0000110011 0.0204163 -3.14159
0000110100 0.00224304 0
0000110101 0.0517578 -3.14159
0000110110 0.010994 0
0000110111 0.0179443 -3.14159
0000111000 0.046051 -3.14159
0000111001 0.0183258 -3.14159
0000111010 0.0025959 -3.14159
0000111011 0.0273285 -3.14159
0000111100 0.0208588 0
0000111101 0.0155716 -3.14159
0000111110 0.0064621 0
0000111111 0.00559616 0
0001000000 0.0644531 0
0001000001 0.0156097 0
0001000010 0.028717 -3.14159
0001000011 0.011322 0
0001000100 0.0562744 -3.14159
0001000101 0.0507812 -3.14159
0001000110 0.0426331 -3.14159
0001000111 0.0161285 -3.14159
0001001000 0.0328979 -3.14159
0001001001 0.046875 0
0001001010 0.0399475 0
0001001011 0.0309753 0
0001001100 0.0214081 -3.14159
0001001101 0.0112534 0
0001001110 0.0209961 0
0001001111 0.0133591 -3.14159
0001010000 0.0129929 -3.14159
0001010001 0.0314026 -3.14159
0001010010 0.015625 -3.14159
0001010011 0.0303497 0
0001010100 0.0394897 0
0001010101 0.00209808 -3.14159
0001010110 0.0253601 0
0001010111 0.0283203 -3.14159
0001011000 0.0185852 -3.14159
0001011001 0.0220795 0
0001011010 0.0120087 0
0001011011 0.000591278 -3.14159
0001011100 0.00329018 -3.14159
0001011101 0.0498047 -3.14159
0001011110 0.00106335 0
0001011111 0.0170898 0
0001100000 0.0277405 -3.14159
0001100001 0.000184059 -3.14159
0001100010 0.0192108 -3.14159
0001100011 0.0207672 -3.14159
0001100100 0.00187969 -3.14159
0001100101 0.00786591 -3.14159
0001100110 0.0761108 -3.14159
0001100111 0.0254517 0
0001101000 0.000128388 0
0001101001 0.045105 0
0001101010 0.0316162 -3.14159
0001101011 0.0527649 0
0001101100 0.0117188 0
0001101101 0.0241089 -3.14159
0001101110 0.00114346 -3.14159
0001101111 0.0094986 0
0001110000 0.047821 -3.14159
0001110001 0.0246124 -3.14159
0001110010 0.0507507 -3.14159
0001110011 0.012291 0
0001110100 0.00335312 -3.14159
0001110101 0.0314636 0
0001110110 0.020752 0
0001110111 0.0725708 -3.14159
0001111000 0.00878906 -3.14159
0001111001 0.0652466 0
0001111010 0.0176697 -3.14159
0001111011 0.00255203 -3.14159
0001111100 0.0371704 -3.14159
0001111101 0.0358887 0
0001111110 0.0223236 -3.14159
0001111111 0.00942993 0
0010000000 0.0184784 0
0010000001 0.00383186 0
0010000010 0.00971222 0
0010000011 0.0671997 -3.14159
0010000100 0.00894928 -3.14159
0010000101 0.0407104 0
0010000110 0.0350342 0
0010000111 0.0444946 -3.14159
0010001000 0.0042305 0
0010001001 0.029007 0
0010001010 0.0138321 -3.14159
0010001011 0.0134735 0
0010001100 0.00440216 0
0010001101 0.0509644 0
0010001110 0.00571442 0
0010001111 0.0311279 -3.14159
0010010000 0.0353699 -3.14159
0010010001 0.00017941 0
0010010010 0.012413 0
0010010011 0.00222206 0
0010010100 0.00806427 -3.14159
0010010101 0.00755692 -3.14159
0010010110 0.0449829 -3.14159
0010010111 0.0167542 0
0010011000 0.0442505 -3.14159
0010011001 0.0248566 -3.14159
0010011010 0.00704193 0
0010011011 0.00952148 0
0010011100 0.0237732 0
0010011101 0.0369568 0
0010011110 0.0117188 -3.14159
0010011111 0.0461426 0
0010100000 0.0510254 0
0010100001 0.015007 -3.14159
0010100010 0.0200806 -3.14159
0010100011 0.0296783 0
0010100100 0.0249786 0
0010100101 0.0257111 -3.14159
0010100110 0.040741 0
0010100111 0.020752 -3.14159
0010101000 0.00277519 0
0010101001 0.00215912 -3.14159
0010101010 0.0248108 -3.14159
0010101011 0.0138092 -3.14159
0010101100 0.0267029 0
0010101101 0.032135 0
0010101110 0.0472717 0
0010101111 0.00475311 0
0010110000 0.0437012 -3.14159
0010110001 0.0613098 -3.14159
0010110010 0.0535583 -3.14159
0010110011 0.0450745 0
0010110100 0.00876617 0
0010110101 0.00775146 -3.14159
0010110110 0.00471115 -3.14159
0010110111 0.0455322 -3.14159
0010111000 0.025177 0
0010111001 0.0125427 -3.14159
0010111010 0.0177917 0
0010111011 0.0245056 0
0010111100 0.0678711 0
0010111101 0.0209198 -3.14159
0010111110 0.0134506 0
0010111111 0.0233917 -3.14159
0011000000 0.0472717 0
0011000001 0.0121155 -3.14159
0011000010 0.0298309 0
0011000011 0.0402832 0
0011000100 0.0332031 -3.14159
0011000101 0.0135651 -3.14159
0011000110 0.0426331 0
0011000111 0.0192413 0
0011001000 0.0444336 0
0011001001 0.0116501 -3.14159
0011001010 0.0453796 0
0011001011 0.015213 -3.14159
0011001100 0.000725746 0
0011001101 0.00555801 -3.14159
0011001110 0.00331306 0
0011001111 0.0319824 0
0011010000 0.0067749 0
0011010001 0.0245514 -3.14159
0011010010 0.0259247 0
0011010011 0.020874 0
0011010100 0.00463104 0
0011010101 0.0108109 0
0011010110 0.0104065 -3.14159
0011010111 0.0284119 0
0011011000 0.00753403 -3.14159
0011011001 0.0167084 0
0011011010 0.0133896 0
0011011011 0.0499878 0
0011011100 0.00250244 0
0011011101 0.069519 -3.14159
0011011110 0.0559387 -3.14159
0011011111 0.0500183 0
0011100000 0.0265198 -3.14159
0011100001 0.0114594 -3.14159
0011100010 0.0312195 0
0011100011 0.0447693 -3.14159
0011100100 0.0105362 0
0011100101 0.0662231 0
0011100110 0.010788 -3.14159
0011100111 0.0379028 -3.14159
0011101000 0.0265961 -3.14159
0011101001 0.0232391 0
0011101010 0.0201569 -3.14159
0011101011 0.002388 0
0011101100 0.0223694 -3.14159
0011101101 0.00983429 0
0011101110 0.0261841 0
0011101111 0.0582275 0
0011110000 0.00287056 -3.14159
0011110001 0.0488586 -3.14159
0011110010 0.0374146 0
0011110011 0.032959 -3.14159
0011110100 0.0266724 -3.14159
0011110101 0.00534439 0
0011110110 0.0151367 0
0011110111 0.0213318 -3.14159
0011111000 0.065918 0
0011111001 0.0156021 0
0011111010 0.0265961 0
0011111011 0.00102711 -3.14159
0011111100 0.0108109 -3.14159
0011111101 0.0631714 -3.14159
0011111110 0.0184784 -3.14159
0011111111 0.0288696 0
0100000000 0.03479 0
0100000001 0.0150909 0
0100000010 0.0178375 0
0100000011 0.00519562 -3.14159
0100000100 0.0218964 -3.14159
0100000101 0.0278931 0
0100000110 0.0401306 0
0100000111 0.0748291 0
0100001000 0.0184021 0
0100001001 0.0111847 0
0100001010 0.00265503 0
0100001011 0.0597229 -3.14159
0100001100 0.000385046 0
0100001101 0.0128632 -3.14159
0100001110 0.000494957 -3.14159
0100001111 0.0368652 -3.14159
0100010000 0.0566406 0
0100010001 0.0484924 -3.14159
0100010010 0.01091 0
0100010011 0.00855255 -3.14159
0100010100 0.00755692 0
0100010101 0.0118332 0
0100010110 0.0415039 -3.14159
0100010111 0.00695038 0
0100011000 0.0392761 -3.14159
0100011001 0.0187988 -3.14159
0100011010 0.0249786 -3.14159
0100011011 0.0933838 -3.14159
0100011100 0.0681152 -3.14159
0100011101 0.0154419 0
0100011110 0.0637207 -3.14159
0100011111 0.0107498 0
0100100000 0.0192108 -3.14159
0100100001 0.0162659 -3.14159
0100100010 0.0149765 -3.14159
0100100011 0.0069046 -3.14159
0100100100 0.057373 -3.14159
0100100101 0.00195312 0
0100100110 0.0212097 -3.14159
0100100111 0.069397 -3.14159
0100101000 0.0593567 0
0100101001 0.0741577 -3.14159
0100101010 0.0486755 0
0100101011 0.0325623 -3.14159
0100101100 0.00884247 0
0100101101 0.0428467 -3.14159
0100101110 0.0300751 0
0100101111 0.00861359 0
0100110000 0.0411072 0
0100110001 0.0326233 -3.14159
0100110010 0.00047946 -3.14159
0100110011 0.00933075 -3.14159
0100110100 0.00157547 0
0100110101 0.019455 0
0100110110 0.0570679 -3.14159
0100110111 0.00697327 0
0100111000 0.0276947 -3.14159
0100111001 0.0297089 -3.14159
0100111010 0.0172729 -3.14159
0100111011 0.086731 -3.14159
0100111100 0.000763893 -3.14159
0100111101 0.0227814 -3.14159
0100111110 0.0002563 -3.14159
0100111111 0.0125961 0
0101000000 0.02005 -3.14159
0101000001 0.00597 -3.14159
0101000010 0.0542603 -3.14159
0101000011 0.00920105 -3.14159
0101000100 0.0398865 -3.14159
0101000101 0.0167999 -3.14159
0101000110 0.0415344 0
0101000111 0.0496826 -3.14159
0101001000 0.0113831 -3.14159
0101001001 0.0240326 -3.14159
0101001010 0.0161896 -3.14159
0101001011 0.0258789 0
0101001100 7.31349e-05 -3.14159
0101001101 0.000976562 -3.14159
0101001110 0.00993347 0
0101001111 0.0335999 0
0101010000 0.0243073 0
0101010001 0.0178833 -3.14159
0101010010 0.00948334 0
0101010011 0.0648804 -3.14159
0101010100 0.0473633 0
0101010101 0.0200653 0
0101010110 0.0292053 0
0101010111 0.0155869 0
0101011000 0.056427 0
0101011001 0.0411072 0
0101011010 0.0038929 0
0101011011 0.0105667 -3.14159
0101011100 0.0280914 -3.14159
0101011101 0.015686 0
0101011110 0.0121536 0
0101011111 0.0264282 0
0101100000 0.00815582 0
0101100001 0.0394592 -3.14159
0101100010 0.00843048 -3.14159
0101100011 0.00901031 0
0101100100 0.00131416 0
0101100101 0.0120544 0
0101100110 0.00667572 -3.14159
0101100111 0.0865479 -3.14159
0101101000 0.0758667 -3.14159
0101101001 0.0304108 -3.14159
0101101010 0.0876465 0
0101101011 0.0635376 0
0101101100 0.00907135 0
0101101101 0.0174713 -3.14159
0101101110 0.059082 -3.14159
0101101111 0.0176849 -3.14159
0101110000 0.0321655 -3.14159
0101110001 0.0233307 -3.14159
0101110010 0.0374756 -3.14159
0101110011 0.00429153 0
0101110100 0.00482178 -3.14159
0101110101 0.0442505 0
0101110110 0.0224457 0
0101110111 0.000985146 0
0101111000 0.0132599 0
0101111001 0.0299377 0
0101111010 0.0041008 0
0101111011 0.0233307 -3.14159
0101111100 0.00880432 0
0101111101 0.0166626 0
0101111110 0.00475311 0
0101111111 0.0843506 0
0110000000 0.0171967 -3.14159
0110000001 0.0419617 0
0110000010 0.0550537 -3.14159
0110000011 0.0534363 0
0110000100 0.0802612 -3.14159
0110000101 0.0141449 0
0110000110 0.0633545 0
0110000111 0.0133286 -3.14159
0110001000 0.0408936 0
0110001001 0.0239105 -3.14159
0110001010 0.0113754 -3.14159
0110001011 0.0394897 -3.14159
0110001100 0.0150757 0
0110001101 0.00861359 0
0110001110 0.0137939 0
0110001111 0.0378418 -3.14159
0110010000 0.0474548 0
0110010001 0.0140839 0
0110010010 0.00875092 -3.14159
0110010011 0.0280609 0
0110010100 0.119934 -3.14159
0110010101 0.0490112 -3.14159
0110010110 0.00404358 0
0110010111 0.00971985 0
0110011000 0.00394821 -3.14159
0110011001 0.0218964 -3.14159
0110011010 0.00078249 0
0110011011 0.0408936 0
0110011100 0.0487061 0
0110011101 0.0051651 0
0110011110 0.0535889 0
0110011111 0.0530396 0
0110100000 0.0215607 0
0110100001 0.0259247 0
0110100010 0.0121536 -3.14159
0110100011 0.00206566 -3.14159
0110100100 0.00102806 -3.14159
0110100101 0.0093689 0
0110100110 0.0175171 0
0110100111 0.00856018 -3.14159
0110101000 0.0250244 -3.14159
0110101001 0.00371933 -3.14159
0110101010 0.0335388 0
0110101011 0.0480042 -3.14159
0110101100 0.0261078 0
0110101101 0.00241089 -3.14159
0110101110 0.0441895 -3.14159
0110101111 0.0167236 0
0110110000 0.0178833 -3.14159
0110110001 0.00761795 0
0110110010 0.0154114 0
0110110011 0.0107651 0
0110110100 0.010849 0
0110110101 0.0256805 0
0110110110 0.0124893 0
0110110111 0.00956726 -3.14159
0110111000 0.00849152 -3.14159
0110111001 0.000669956 -3.14159
0110111010 0.00385666 0
0110111011 0.0592041 0
0110111100 0.042572 -3.14159
0110111101 0.0113525 -3.14159
0110111110 0.0085907 0
0110111111 0.0204468 -3.14159
0111000000 0.000786304 0
0111000001 0.0177002 -3.14159
0111000010 0.0185394 0
0111000011 0.0501099 0
0111000100 0.0298767 -3.14159
0111000101 0.0228119 -3.14159
0111000110 0.0338745 -3.14159
0111000111 0.0180054 0
0111001000 0.0671997 0
0111001001 0.0521545 0
0111001010 0.0282898 0
0111001011 0.0344849 0
0111001100 0.00240135 -3.14159
0111001101 0.0438538 -3.14159
0111001110 0.0508118 0
0111001111 0.0193634 0
0111010000 0.0324097 0
0111010001 0.0187988 0
0111010010 0.0139236 0
0111010011 0.055603 0
0111010100 0.0188599 0
0111010101 0.00433731 -3.14159
0111010110 0.0083313 -3.14159
0111010111 0.0220337 -3.14159
0111011000 0.00384331 -3.14159
0111011001 0.0139465 0
0111011010 0.00897217 -3.14159
0111011011 0.0145798 0
0111011100 0.0133362 0
0111011101 0.0412292 0
0111011110 0.0115204 -3.14159
0111011111 0.0132751 0
0111100000 0.00943756 0
0111100001 0.0241241 -3.14159
0111100010 0.0138092 0
0111100011 0.0323181 0
0111100100 0.00528717 0
0111100101 0.0396423 -3.14159
0111100110 0.000185132 0
0111100111 0.0407104 -3.14159
0111101000 0.0481567 -3.14159
0111101001 0.0457458 0
0111101010 0.0151138 -3.14159
0111101011 0.031311 -3.14159
0111101100 0.00697327 -3.14159
0111101101 0.027771 -3.14159
0111101110 0.0188293 -3.14159
0111101111 0.0200806 -3.14159
0111110000 0.00442123 0
0111110001 0.0253143 -3.14159
0111110010 0.00980377 0
0111110011 0.0396423 -3.14159
0111110100 0.0170135 -3.14159
0111110101 0.0156403 -3.14159
0111110110 0.00185871 0
0111110111 0.00984192 0
0111111000 0.0715332 -3.14159
0111111001 0.00952911 0
0111111010 0.00830078 -3.14159
0111111011 0.00263596 0
0111111100 0.0596313 -3.14159
0111111101 0.00792694 0
0111111110 0.0295105 -3.14159
0111111111 0.0031147 -3.14159
1000000000 0.0178223 0
1000000001 0.00437164 0
1000000010 0.0303345 -3.14159
1000000011 0.0269318 0
1000000100 0.026123 -3.14159
1000000101 0.045105 0
1000000110 0.0301514 0
1000000111 0.0053215 0
1000001000 0.0288849 -3.14159
1000001001 0.0153046 -3.14159
1000001010 0.000251532 -3.14159
1000001011 0.00728989 -3.14159
1000001100 0.00508118 0
1000001101 0.0169983 -3.14159
1000001110 0.0537415 -3.14159
1000001111 0.0113449 -3.14159
1000010000 0.0463562 -3.14159
1000010001 0.0259094 -3.14159
1000010010 0.0455933 0
1000010011 0.0108871 0
1000010100 0.0255127 -3.14159
1000010101 0.0380249 -3.14159
1000010110 0.00711823 -3.14159
1000010111 0.0183258 -3.14159
1000011000 0.0331726 0
1000011001 0.00199509 0
1000011010 0.00179577 0
1000011011 0.0275879 0
1000011100 0.0346375 -3.14159
1000011101 0.0134888 0
1000011110 0.00156498 -3.14159
1000011111 0.00321388 0
1000100000 0.0252991 -3.14159
1000100001 0.0132904 -3.14159
1000100010 0.0498962 0
1000100011 0.017807 0
1000100100 0.0092926 0
1000100101 0.0208893 -3.14159
1000100110 0.0235748 -3.14159
1000100111 0.0401611 0
1000101000 0.0566406 0
1000101001 0.00151825 -3.14159
1000101010 0.0124817 0
1000101011 0.0218506 -3.14159
1000101100 0.0339966 -3.14159
1000101101 0.0176697 0
1000101110 0.00178242 0
1000101111 0.03302 -3.14159
1000110000 0.00661469 0
1000110001 0.0510559 0
1000110010 0.0540466 0
1000110011 0.0249176 0
1000110100 0.0182953 -3.14159
1000110101 0.0362549 0
1000110110 0.0488281 -3.14159
1000110111 0.0360107 0
1000111000 0.0018816 -3.14159
1000111001 0.028244 -3.14159
1000111010 0.0927734 0
1000111011 0.00159931 -3.14159
1000111100 0.0182343 0
1000111101 0.00110149 0
1000111110 0.0353394 -3.14159
1000111111 0.0112457 0
1001000000 0.0240021 0
1001000001 0.0267487 -3.14159
1001000010 0.0339966 0
1001000011 0.0108109 -3.14159
1001000100 0.00597763 0
1001000101 0.00182438 0
1001000110 0.0315857 -3.14159
1001000111 0.050415 -3.14159
1001001000 0.0301514 0
1001001001 0.0141068 -3.14159
1001001010 0.00588608 0
1001001011 0.0535889 -3.14159
1001001100 0.017868 -3.14159
1001001101 0.028717 0
1001001110 0.00757599 -3.14159
1001001111 0.0233765 -3.14159
1001010000 0.032074 0
1001010001 0.00654984 -3.14159
1001010010 0.02211 -3.14159
1001010011 0.0478821 -3.14159
1001010100 0.0285339 -3.14159
1001010101 0.0139313 -3.14159
1001010110 0.0205688 0
1001010111 0.00419998 -3.14159
1001011000 0.00733566 -3.14159
1001011001 0.0341187 -3.14159
1001011010 0.0189514 0
1001011011 0.0205688 -3.14159
1001011100 0.0480957 -3.14159
1001011101 0.0226135 -3.14159
1001011110 0.0120773 -3.14159
1001011111 0.0450439 -3.14159
1001100000 0.0109024 0
1001100001 0.0025444 -3.14159
1001100010 0.0105133 0
1001100011 0.0175018 0
1001100100 0.0178223 -3.14159
1001100101 0.0129623 0
1001100110 0.0020504 0
1001100111 0.0664062 0
1001101000 0.00780487 -3.14159
1001101001 0.0223236 0
1001101010 0.0454102 0
1001101011 0.00727081 0
1001101100 0.0384216 0
1001101101 0.0323792 -3.14159
1001101110 0.00584412 -3.14159
1001101111 0.0374756 -3.14159
1001110000 0.0233917 0
1001110001 0.0787354 -3.14159
1001110010 0.0241852 -3.14159
1001110011 0.00652695 -3.14159
1001110100 0.0322266 -3.14159
1001110101 0.00605392 -3.14159
1001110110 0.0278168 0
1001110111 0.0348206 0
1001111000 0.0385132 0
1001111001 0.0143051 0
1001111010 0.00607681 -3.14159
1001111011 0.0108566 -3.14159
1001111100 0.00703049 0
1001111101 0.0247192 -3.14159
1001111110 0.024231 -3.14159
1001111111 0.0254517 0
1010000000 0.0202942 0
1010000001 0.0139008 -3.14159
1010000010 0.00522232 0
1010000011 0.0219269 -3.14159
1010000100 0.00192547 -3.14159
1010000101 0.0307312 -3.14159
1010000110 0.0304565 -3.14159
1010000111 0.0183411 -3.14159
1010001000 0.0187378 -3.14159
1010001001 0.0200958 0
1010001010 0.0241089 0
1010001011 0.0283966 0
1010001100 0.0202332 0
1010001101 0.0416565 -3.14159
1010001110 0.027771 0
1010001111 0.0308228 0
1010010000 0.0200348 0
1010010001 0.0197449 -3.14159
1010010010 0.0414124 -3.14159
1010010011 0.0442505 -3.14159
1010010100 0.025177 -3.14159
1010010101 0.029007 -3.14159
1010010110 0.0075531 0
1010010111 0.00474167 0
1010011000 0.0844116 0
1010011001 0.00779343 0
1010011010 0.0210876 -3.14159
1010011011 0.053894 -3.14159
1010011100 0.00167179 0
1010011101 0.0368652 0
1010011110 0.00136566 0
1010011111 0.0284882 -3.14159
1010100000 0.0474243 -3.14159
1010100001 0.0233765 -3.14159
1010100010 0.0195465 -3.14159
1010100011 0.00411224 0
1010100100 0.0230865 0
1010100101 0.00244904 -3.14159
1010100110 0.0513 0
1010100111 0.0267181 -3.14159
1010101000 0.01371 -3.14159
1010101001 0.00862885 0
1010101010 0.0365601 -3.14159
1010101011 0.0171814 0
1010101100 0.00435257 -3.14159
1010101101 0.0352783 -3.14159
1010101110 0.0130997 -3.14159
1010101111 0.0247498 0
1010110000 0.0307465 0
1010110001 0.0153046 -3.14159
1010110010 0.0415039 0
1010110011 0.0289612 -3.14159
1010110100 0.0152893 -3.14159
1010110101 0.0194855 0
1010110110 0.0361328 0
1010110111 0.0375061 -3.14159
1010111000 0.00179958 0
1010111001 0.0117569 -3.14159
1010111010 0.046936 -3.14159
1010111011 0.00956726 -3.14159
1010111100 0.0308075 0
1010111101 0.048645 0
1010111110 0.0401001 -3.14159
1010111111 0.0130997 0
1011000000 0.0284119 -3.14159
1011000001 0.0290375 0
1011000010 0.0200806 0
1011000011 0.0115204 -3.14159
1011000100 0.00592422 0
1011000101 0.0272675 0
1011000110 0.00792694 0
1011000111 0.00681305 0
1011001000 0.00400162 0
1011001001 0.03125 -3.14159
1011001010 0.0225372 -3.14159
1011001011 0.010788 -3.14159
1011001100 0.0482178 -3.14159
1011001101 0.00186157 -3.14159
1011001110 0.0239563 -3.14159
1011001111 0.0138245 0
1011010000 0.0294342 -3.14159
1011010001 0.000676155 0
1011010010 0.0243835 0
1011010011 0.0370178 0
1011010100 0.0132599 0
1011010101 0.046814 0
1011010110 0.0278473 0
1011010111 0.00698471 -3.14159
1011011000 0.0382996 0
1011011001 0.0364685 0
1011011010 0.0069809 0
1011011011 0.00750351 -3.14159
1011011100 0.0198822 0
1011011101 0.0134277 0
1011011110 0.00482178 0
1011011111 0.0260468 -3.14159
1011100000 0.00824738 -3.14159
1011100001 0.0194702 -3.14159
1011100010 0.0271454 0
1011100011 0.0184021 0
1011100100 0.026825 0
1011100101 0.0235596 0
1011100110 0.00788116 -3.14159
1011100111 0.037323 -3.14159
1011101000 0.0811768 -3.14159
1011101001 0.0141068 0
1011101010 0.0352478 -3.14159
1011101011 0.0152664 -3.14159
1011101100 0.010582 -3.14159
1011101101 0.0424194 0
1011101110 0.0284119 0
1011101111 0.0341187 0
1011110000 0.00227928 0
1011110001 0.0235291 -3.14159
1011110010 0.0394897 -3.14159
1011110011 0.00593948 0
1011110100 0.00502396 -3.14159
1011110101 0.00492096 -3.14159
1011110110 0.00390053 0
1011110111 0.0130234 0
1011111000 0.00797272 -3.14159
1011111001 0.0152359 -3.14159
1011111010 0.0566406 -3.14159
1011111011 0.0701294 0
1011111100 0.0271301 -3.14159
1011111101 0.0310059 -3.14159
1011111110 0.0366821 0
1011111111 0.0377502 0
1100000000 0.0228424 0
1100000001 0.00284195 0
1100000010 0.0284424 0
1100000011 0.0340271 -3.14159
1100000100 0.00142384 0
1100000101 0.0613708 0
1100000110 0.0011549 -3.14159
1100000111 0.0126648 -3.14159
1100001000 0.0194092 -3.14159
1100001001 0.0235596 -3.14159
1100001010 0.0112 -3.14159
1100001011 0.0653687 -3.14159
1100001100 0.0132904 0
1100001101 0.00523758 -3.14159
1100001110 0.0124893 -3.14159
1100001111 0.00493622 0
1100010000 0.0322571 0
1100010001 0.0378418 -3.14159
1100010010 0.0643311 0
1100010011 0.00672531 -3.14159
1100010100 0.0222168 0
1100010101 0.0736084 -3.14159
1100010110 0.037384 0
1100010111 0.085144 0
1100011000 0.0664062 -3.14159
1100011001 0.0223236 -3.14159
1100011010 0.0326843 -3.14159
1100011011 0.0283966 -3.14159
1100011100 0.0212097 -3.14159
1100011101 0.0039978 -3.14159
1100011110 0.00727081 0
1100011111 0.0323486 -3.14159
1100100000 0.0359497 0
1100100001 0.0576782 0
1100100010 0.0349426 0
1100100011 0.0198212 0
1100100100 0.0214844 0
1100100101 0.0533447 -3.14159
1100100110 0.0636597 0
1100100111 0.0153046 -3.14159
1100101000 0.0168152 0
1100101001 0.0697021 0
1100101010 0.0225677 0
1100101011 0.00545883 -3.14159
1100101100 0.0216217 -3.14159
1100101101 0.0616455 -3.14159
1100101110 0.0484924 0
1100101111 0.0162201 0
1100110000 0.00953674 0
1100110001 0.0484924 -3.14159
1100110010 0.0562744 -3.14159
1100110011 0.028717 0
1100110100 0.00849152 0
1100110101 0.0111389 -3.14159
1100110110 0.0280609 0
1100110111 0.00450134 -3.14159
1100111000 0.0315247 -3.14159
1100111001 0.0538635 -3.14159
1100111010 0.0509033 0
1100111011 0.0196991 0
1100111100 0.0237122 0
1100111101 0.0151672 0
1100111110 0.0153122 -3.14159
1100111111 0.00115967 0
1101000000 0.0369568 -3.14159
1101000001 0.0162048 0
1101000010 0.0437927 -3.14159
1101000011 0.0296021 -3.14159
1101000100 0.0533142 0
1101000101 0.050354 0
1101000110 0.0545349 -3.14159
1101000111 0.04422 0
1101001000 0.0118561 0
1101001001 0.0395813 0
1101001010 0.0149155 0
1101001011 0.00156212 -3.14159
1101001100 0.048645 0
1101001101 0.00406647 -3.14159
1101001110 0.0249634 0
1101001111 0.0213165 0
1101010000 0.0101318 -3.14159
1101010001 0.02005 -3.14159
1101010010 0.0475464 -3.14159
1101010011 0.0875854 -3.14159
1101010100 0.00844574 -3.14159
1101010101 0.0131912 0
1101010110 0.0305786 -3.14159
1101010111 0.0170441 0
1101011000 0.0581665 -3.14159
1101011001 0.0343628 -3.14159
1101011010 0.0124588 0
1101011011 0.00888062 0
1101011100 0.000833035 -3.14159
1101011101 0.0137482 -3.14159
1101011110 0.00117493 -3.14159
1101011111 0.0283203 -3.14159
1101100000 0.0841064 0
1101100001 0.0275269 0
1101100010 0.0320435 -3.14159
1101100011 0.00562286 0
1101100100 0.0020504 0
1101100101 0.0173187 -3.14159
1101100110 0.000930786 -3.14159
1101100111 0.0955811 -3.14159
1101101000 0.020462 0
1101101001 0.0415039 -3.14159
1101101010 0.0134125 0
1101101011 0.0121765 0
1101101100 0.00193596 0
1101101101 0.0111465 -3.14159
1101101110 0.0458069 -3.14159
1101101111 0.0639038 -3.14159
1101110000 0.00476837 -3.14159
1101110001 0.0550842 0
1101110010 0.0297852 0
1101110011 0.00868225 -3.14159
1101110100 0.0217438 -3.14159
1101110101 0.0629883 -3.14159
1101110110 0.0276184 0
1101110111 0.0200806 -3.14159
1101111000 0.0019083 -3.14159
1101111001 0.0110474 -3.14159
1101111010 0.0341187 0
1101111011 0.0168304 -3.14159
1101111100 0.0215454 0
1101111101 0.0327759 -3.14159
1101111110 0.00438309 -3.14159
1101111111 0.059967 0
1110000000 0.00110531 0
1110000001 0.00687408 -3.14159
1110000010 0.0493469 0
1110000011 0.0342407 0
1110000100 0.00232124 -3.14159
1110000101 0.0323181 0
1110000110 0.0319214 -3.14159
1110000111 0.00108337 0
1110001000 0.000253201 0
1110001001 0.0250549 0
1110001010 0.0125198 0
1110001011 0.00250053 0
1110001100 0.0109787 -3.14159
1110001101 0.00201988 -3.14159
1110001110 0.00619507 -3.14159
1110001111 0.0211639 -3.14159
1110010000 0.0173035 -3.14159
1110010001 0.0281372 -3.14159
1110010010 0.029007 -3.14159
1110010011 0.0102158 -3.14159
1110010100 0.0414429 -3.14159
1110010101 0.0208282 -3.14159
1110010110 0.00755692 0
1110010111 0.0139618 -3.14159
1110011000 0.0180664 -3.14159
1110011001 0.0229645 0
1110011010 0.00602722 0
1110011011 0.0368347 -3.14159
1110011100 0.0574646 0
1110011101 0.020752 0
1110011110 0.00588608 -3.14159
1110011111 0.00727081 0
1110100000 0.00631332 0
1110100001 0.0175476 0
1110100010 0.0527954 0
1110100011 0.00907898 -3.14159
1110100100 0.0258484 0
1110100101 0.00720978 0
1110100110 0.0231323 -3.14159
1110100111 0.038269 -3.14159
1110101000 0.0493774 -3.14159
1110101001 0.0167999 0
1110101010 0.0236664 0
1110101011 0.0109406 0
1110101100 0.0269012 -3.14159
1110101101 0.0466003 -3.14159
1110101110 0.0107422 0
1110101111 0.0051651 -3.14159
1110110000 0.00200462 0
1110110001 0.0315857 -3.14159
1110110010 0.0268707 -3.14159
1110110011 0.0405884 -3.14159
1110110100 0.0206146 -3.14159
1110110101 0.065979 0
1110110110 0.00796509 0
1110110111 0.0298615 -3.14159
1110111000 0.0201569 0
1110111001 0.0107651 0
1110111010 0.00723267 0
1110111011 0.0292664 0
1110111100 0.0535583 -3.14159
1110111101 0.0268707 -3.14159
1110111110 0.0011816 0
1110111111 0.0427551 0
1111000000 0.00468445 0
1111000001 0.059967 0
1111000010 0.0360107 0
1111000011 0.00579834 -3.14159
1111000100 0.0186768 -3.14159
1111000101 0.0282898 -3.14159
1111000110 0.010849 0
1111000111 0.0354309 0
1111001000 0.0347595 0
1111001001 0.00450134 0
1111001010 0.0172577 -3.14159
1111001011 0.0214081 -3.14159
1111001100 0.0311279 0
1111001101 0.0306244 0
1111001110 0.0370789 -3.14159
1111001111 0.00405502 0
1111010000 0.000414371 -3.14159
1111010001 0.0200653 -3.14159
1111010010 0.0172729 -3.14159
1111010011 0.0110168 0
1111010100 0.0100861 -3.14159
1111010101 0.0161438 0
1111010110 0.0194855 0
1111010111 0.01091 -3.14159
1111011000 0.0329895 0
1111011001 0.012558 -3.14159
1111011010 0.000861645 -3.14159
1111011011 0.00399399 0
1111011100 0.00720978 0
1111011101 0.0227051 0
1111011110 0.032074 0
1111011111 0.0147552 -3.14159
1111100000 0.0484619 0
1111100001 0.00196266 -3.14159
1111100010 0.00117683 -3.14159
1111100011 0.00564194 0
1111100100 0.0196075 -3.14159
1111100101 0.0100708 0
1111100110 0.067688 -3.14159
1111100111 0.0607605 -3.14159
1111101000 0.00333214 -3.14159
1111101001 0.0396729 -3.14159
1111101010 0.0448303 -3.14159
1111101011 0.0687866 0
1111101100 0.0541382 0
1111101101 0.0153046 -3.14159
1111101110 0.0481567 0
1111101111 0.00512695 0
1111110000 0.0301361 -3.14159
1111110001 0.0191193 0
1111110010 0.0227814 0
1111110011 0.0247955 0
1111110100 0.0490112 0
1111110101 0.0256348 0
1111110110 0.0211792 0
1111110111 0.0327454 0
1111111000 0.012558 0
1111111001 0.0328369 -3.14159
1111111010 0.0091629 -3.14159
1111111011 0.0410461 -3.14159
1111111100 0.0276642 -3.14159
1111111101 0.0375977 0
1111111110 0.00656891 0
1111111111 0.0119858 0
