0000000000 0.0394592 0
0000000001 0.0478516 0
0000000010 0.00932312 -3.14159
0000000011 0.0159149 -3.14159
0000000100 0.0592346 -3.14159
0000000101 0.0135269 0
0000000110 0.0063324 0
0000000111 0.000913143 -3.14159
0000001000 0.0264587 0
0000001001 0.0383301 -3.14159
0000001010 0.0182953 0
0000001011 0.0113373 -3.14159
0000001100 0.0492554 0
0000001101 0.0266418 -3.14159
0000001110 0.0235291 0
0000001111 0.00180817 0
0000010000 0.0112381 0
0000010001 0.00624466 -3.14159
0000010010 0.00198555 0
0000010011 0.00707245 0
0000010100 0.0134125 -3.14159
0000010101 0.0174103 -3.14159
0000010110 0.0319824 -3.14159
0000010111 0.0409241 0
0000011000 0.0146332 0
0000011001 0.0297241 -3.14159
0000011010 0.0459595 -3.14159
0000011011 0.00655365 0
0000011100 0.00511551 0
0000011101 0.0434875 -3.14159
0000011110 0.0108871 0
0000011111 0.0069809 0
0000100000 0.0708618 -3.14159
0000100001 0.00876617 -3.14159
0000100010 0.0670166 -3.14159
0000100011 0.0603943 0
0000100100 0.00146198 -3.14159
0000100101 0.0406494 0
0000100110 0.0266876 0
0000100111 0.0675049 0
0000101000 0.00932312 0
0000101001 0.0367432 -3.14159
0000101010 0.057373 -3.14159
0000101011 0.0164185 -3.14159
0000101100 0.00505066 -3.14159
0000101101 0.0254822 0
0000101110 0.0226288 -3.14159
0000101111 0.0187988 -3.14159
0000110000 0.00182819 -3.14159
0000110001 0.0434875 -3.14159
0000110010 0.0620728 -3.14159
0000110011 0.00553894 -3.14159
0000110100 0.03125 0
0000110101 0.0298157 -3.14159
0000110110 0.0136261 0
0000110111 0.0506592 0
0000111000 0.0351257 -3.14159
0000111001 0.0146484 -3.14159
0000111010 0.00249672 -3.14159
0000111011 0.0237427 0
0000111100 0.00173378 -3.14159
0000111101 0.0216522 0
0000111110 0.00978088 0
0000111111 0.0204773 0
0001000000 0.017746 -3.14159
0001000001 0.000875473 -3.14159
0001000010 0.0363464 -3.14159
0001000011 0.0220184 -3.14159
0001000100 0.0111008 -3.14159
0001000101 0.0202026 -3.14159
0001000110 0.0454712 -3.14159
0001000111 0.0404358 -3.14159
0001001000 0.0601501 -3.14159
0001001001 0.0255585 0
0001001010 0.031189 -3.14159
0001001011 0.0326233 0
0001001100 0.0470886 -3.14159
0001001101 0.0118484 0
0001001110 0.0173187 -3.14159
0001001111 0.0355225 0
0001010000 0.00682831 0
0001010001 0.0115204 0
0001010010 0.0169067 -3.14159
0001010011 0.0120621 0
0001010100 0.000768661 0
0001010101 0.00483322 -3.14159
0001010110 0.0456238 -3.14159
0001010111 0.0121307 0
0001011000 0.00440979 0
0001011001 0.00991821 0
0001011010 0.0289307 0
0001011011 0.0218658 -3.14159
0001011100 0.0427551 0
0001011101 0.0301361 -3.14159
0001011110 0.0829468 -3.14159
0001011111 0.0426941 0
0001100000 0.0299835 -3.14159
0001100001 0.00306702 0
0001100010 0.0146942 0
0001100011 0.00714493 -3.14159
0001100100 0.0396423 -3.14159
0001100101 0.0128555 -3.14159
0001100110 0.0249481 -3.14159
0001100111 0.00487518 0
0001101000 0.00344276 -3.14159
0001101001 0.0709839 0
0001101010 0.0395813 -3.14159
0001101011 0.0336304 -3.14159
0001101100 0.00936127 -3.14159
0001101101 0.0516663 -3.14159
0001101110 0.0112686 -3.14159
0001101111 0.0221252 0
0001110000 0.0242004 -3.14159
0001110001 0.00351906 0
0001110010 0.00770569 0
0001110011 0.0214386 -3.14159
0001110100 0.0297241 -3.14159
0001110101 0.0107193 -3.14159
0001110110 0.01371 -3.14159
0001110111 0.0334473 0
0001111000 0.0458069 -3.14159
0001111001 0.0232849 -3.14159
0001111010 0.00651932 -3.14159
0001111011 0.00135326 0
0001111100 0.0389709 -3.14159
0001111101 0.0147705 -3.14159
0001111110 0.00785065 -3.14159
0001111111 0.0334167 0
0010000000 0.0537415 0
0010000001 0.0184326 0
0010000010 0.010231 0
0010000011 0.00805664 -3.14159
0010000100 0.0435486 0
0010000101 0.00477982 0
0010000110 0.0543518 0
0010000111 0.0117874 -3.14159
0010001000 0.000664711 0
0010001001 0.0177002 0
0010001010 0.0120773 -3.14159
0010001011 0.0220184 0
0010001100 0.0147629 0
0010001101 0.000398874 -3.14159
0010001110 0.00953674 0
0010001111 0.0136795 -3.14159
0010010000 0.0662231 -3.14159
0010010001 0.00706863 0
0010010010 0.0211029 -3.14159
0010010011 0.00782013 0
0010010100 0.09021 0
0010010101 0.0082016 0
0010010110 0.0219727 -3.14159
0010010111 0.0641479 0
0010011000 0.016098 -3.14159
0010011001 0.0513 -3.14159
0010011010 0.0369873 0
0010011011 0.0033226 0
0010011100 0.0269623 -3.14159
0010011101 0.00440979 0
0010011110 0.0159454 -3.14159
0010011111 0.008255 -3.14159
0010100000 0.00630188 0
0010100001 0.0284271 0
0010100010 0.0574951 -3.14159
0010100011 0.0167694 -3.14159
0010100100 0.0230103 0
0010100101 0.0196991 -3.14159
0010100110 0.078064 0
0010100111 0.0897217 0
0010101000 0.0200195 -3.14159
0010101001 0.00894928 -3.14159
0010101010 0.0234222 0
0010101011 0.0148163 0
0010101100 0.0311584 0
0010101101 0.0135498 0
0010101110 0.028717 -3.14159
0010101111 0.0187073 0
0010110000 0.0340881 -3.14159
0010110001 0.0358582 -3.14159
0010110010 0.0367737 0
0010110011 0.0158997 -3.14159
0010110100 0.0102463 0
0010110101 0.0309906 0
0010110110 0.0102234 -3.14159
0010110111 0.0288849 -3.14159
0010111000 0.0180969 -3.14159
0010111001 0.0129013 -3.14159
0010111010 0.019577 -3.14159
0010111011 0.0459595 0
0010111100 0.0103836 -3.14159
0010111101 0.0338745 -3.14159
0010111110 0.00229073 0
0010111111 0.0319824 -3.14159
0011000000 0.00191784 -3.14159
0011000001 0.0573425 0
0011000010 0.0212097 0
0011000011 0.0233307 0
0011000100 0.0140076 0
0011000101 0.010704 0
0011000110 0.00217628 0
0011000111 0.00431442 -3.14159
0011001000 0.010498 -3.14159
0011001001 0.0028038 -3.14159
0011001010 0.010025 -3.14159
0011001011 0.0242157 -3.14159
0011001100 0.0539246 0
0011001101 0.022049 -3.14159
0011001110 0.0313416 0
0011001111 0.0260925 -3.14159
0011010000 0.0192261 0
0011010001 0.0151367 -3.14159
0011010010 0.0537415 -3.14159
0011010011 0.00160789 0
0011010100 0.0481567 -3.14159
0011010101 0.039978 -3.14159
0011010110 0.0440063 -3.14159
0011010111 0.0381165 0
0011011000 0.0415344 0
0011011001 0.0146103 0
0011011010 0.00996399 -3.14159
0011011011 0.019928 -3.14159
0011011100 0.0146027 0
0011011101 0.0146027 -3.14159
0011011110 0.0310516 -3.14159
0011011111 0.0103989 -3.14159
0011100000 0.0172272 0
0011100001 0.00849915 0
0011100010 0.0468445 -3.14159
0011100011 0.00447464 -3.14159
0011100100 0.00436783 -3.14159
0011100101 0.00466537 -3.14159
0011100110 0.0185699 -3.14159
0011100111 0.0256958 -3.14159
0011101000 0.0515747 -3.14159
0011101001 0.0059967 0
0011101010 0.00661087 -3.14159
0011101011 0.0192261 0
0011101100 0.0205994 0
0011101101 0.037323 -3.14159
0011101110 0.0228424 -3.14159
0011101111 0.0104904 0
0011110000 0.000536919 0
0011110001 0.0381165 0
0011110010 0.0478516 -3.14159
0011110011 0.0115662 -3.14159
0011110100 0.0243073 -3.14159
0011110101 0.0169067 -3.14159
0011110110 0.015686 0
0011110111 0.0263367 -3.14159
0011111000 0.078125 0
0011111001 0.0311432 -3.14159
0011111010 0.0151138 0
0011111011 0.00583267 -3.14159
0011111100 0.0157318 -3.14159
0011111101 0.0100403 -3.14159
0011111110 0.00728226 -3.14159
0011111111 0.00755692 -3.14159
0100000000 0.0469666 0
0100000001 0.0125885 0
0100000010 0.00735855 -3.14159
0100000011 0.0214539 0
0100000100 0.0992432 -3.14159
0100000101 0.00331306 -3.14159
0100000110 0.00730515 -3.14159
0100000111 0.0563354 -3.14159
0100001000 0.0506287 0
0100001001 0.00843048 0
0100001010 0.0193939 0
0100001011 0.0357666 -3.14159
0100001100 0.0346375 -3.14159
0100001101 0.000648022 0
0100001110 0.0309143 -3.14159
0100001111 0.0480652 -3.14159
0100010000 0.00491714 -3.14159
0100010001 0.0719604 -3.14159
0100010010 0.0106125 0
0100010011 0.0387878 -3.14159
0100010100 0.0265961 0
0100010101 0.0440674 -3.14159
0100010110 0.0438843 -3.14159
0100010111 0.0153732 0
0100011000 0.01371 0
0100011001 0.0388794 0
0100011010 0.00218582 -3.14159
0100011011 0.0372314 -3.14159
0100011100 0.0119476 -3.14159
0100011101 0.0141068 -3.14159
0100011110 0.0409241 0
0100011111 0.026062 0
0100100000 0.00598526 -3.14159
0100100001 0.0196991 0
0100100010 0.0242615 -3.14159
0100100011 0.0373535 0
0100100100 0.0319519 -3.14159
0100100101 0.0536804 -3.14159
0100100110 0.083313 -3.14159
0100100111 0.0171661 -3.14159
0100101000 0.0317993 0
0100101001 0.0894775 -3.14159
0100101010 0.000518799 -3.14159
0100101011 0.00914764 -3.14159
0100101100 0.0267639 0
0100101101 0.0506897 0
0100101110 0.0292969 0
0100101111 0.0378113 -3.14159
0100110000 0.0251312 0
0100110001 0.0317688 -3.14159
0100110010 0.0103455 0
0100110011 0.03479 -3.14159
0100110100 0.0059967 0
0100110101 0.012558 0
0100110110 0.0120621 0
0100110111 0.00711823 -3.14159
0100111000 0.0384216 0
0100111001 0.0563049 -3.14159
0100111010 0.0134048 -3.14159
0100111011 0.0212555 -3.14159
0100111100 0.0368042 -3.14159
0100111101 0.0226288 0
0100111110 0.0150833 0
0100111111 0.00804138 -3.14159
0101000000 0.0137253 0
0101000001 0.0365295 0
0101000010 0.0331421 0
0101000011 0.0242462 0
0101000100 0.0352478 0
0101000101 0.00926208 0
0101000110 0.0344849 -3.14159
0101000111 0.00228691 0
0101001000 0.030777 0
0101001001 0.0200806 -3.14159
0101001010 0.0036869 -3.14159
0101001011 0.0225067 0
0101001100 0.00843811 -3.14159
0101001101 0.0214386 0
0101001110 0.0125351 -3.14159
0101001111 0.0361633 0
0101010000 0.00740814 -3.14159
0101010001 0.0389099 0
0101010010 0.000946522 -3.14159
0101010011 0.0513 -3.14159
0101010100 0.0130615 -3.14159
0101010101 0.0369873 0
0101010110 0.00841522 -3.14159
0101010111 0.0144577 0
0101011000 0.071228 0
0101011001 0.0435486 0
0101011010 0.0138855 -3.14159
0101011011 0.00422287 -3.14159
0101011100 0.0046463 0
0101011101 0.0445251 0
0101011110 0.0174713 -3.14159
0101011111 0.00514221 0
0101100000 0.0312042 0
0101100001 0.000591278 -3.14159
0101100010 0.0256653 0
0101100011 0.0372925 -3.14159
0101100100 0.0325623 0
0101100101 0.00196266 0
0101100110 0.0139389 -3.14159
0101100111 0.0297699 0
0101101000 0.00925446 -3.14159
0101101001 0.000175953 0
0101101010 0.0319214 -3.14159
0101101011 0.0159149 0
0101101100 0.0114899 -3.14159
0101101101 0.0253754 -3.14159
0101101110 0.0121307 -3.14159
0101101111 0.0297546 0
0101110000 0.00250816 0
0101110001 0.01651 0
0101110010 0.0412903 -3.14159
0101110011 0.0231323 -3.14159
0101110100 0.00254059 0
0101110101 0.000819683 0
0101110110 0.00494766 0
0101110111 0.0262146 0
0101111000 0.0341187 0
0101111001 0.00183296 0
0101111010 0.00732803 -3.14159
0101111011 0.0241089 0
0101111100 0.0279083 -3.14159
0101111101 0.0192108 -3.14159
0101111110 0.0331726 0
0101111111 0.00702286 0
0110000000 0.022049 0
0110000001 0.0320435 0
0110000010 0.0446777 -3.14159
0110000011 0.0603027 0
0110000100 0.00326729 -3.14159
0110000101 0.00482941 -3.14159
0110000110 0.0241547 -3.14159
0110000111 0.0117493 -3.14159
0110001000 0.0474243 0
0110001001 0.0259094 -3.14159
0110001010 0.0246124 0
0110001011 0.0266876 0
0110001100 0.0222626 0
0110001101 0.0254211 -3.14159
0110001110 0.00171089 0
0110001111 0.0450439 0
0110010000 0.0270844 0
0110010001 0.0148315 0
0110010010 0.0743408 -3.14159
0110010011 0.0274353 0
0110010100 0.0243683 -3.14159
0110010101 0.0908203 -3.14159
0110010110 0.00590515 -3.14159
0110010111 0.0127182 -3.14159
0110011000 0.00163364 0
0110011001 0.0283508 -3.14159
0110011010 0.0254364 -3.14159
0110011011 0.0369263 0
0110011100 0.000406027 0
0110011101 0.00544739 0
0110011110 0.0229645 0
0110011111 0.0138321 -3.14159
0110100000 0.0452881 0
0110100001 0.00324249 -3.14159
0110100010 0.0575867 0
0110100011 0.00554657 -3.14159
0110100100 0.0345154 0
0110100101 0.0168152 -3.14159
0110100110 0.0335693 -3.14159
0110100111 0.0104294 0
0110101000 0.0410461 0
0110101001 0.00278854 -3.14159
0110101010 0.0231476 -3.14159
0110101011 0.0238495 -3.14159
0110101100 0.00932312 -3.14159
0110101101 0.0413513 -3.14159
0110101110 0.0846558 -3.14159
0110101111 0.0248718 -3.14159
0110110000 0.00969696 -3.14159
0110110001 0.0212402 -3.14159
0110110010 0.0188599 -3.14159
0110110011 0.00822449 -3.14159
0110110100 0.0214081 0
0110110101 0.0447998 0
0110110110 0.0222626 0
0110110111 0.0103912 -3.14159
0110111000 0.0175934 -3.14159
0110111001 0.0181732 -3.14159
0110111010 0.014183 -3.14159
0110111011 0.0584412 0
0110111100 0.00377464 0
0110111101 0.0083847 -3.14159
0110111110 0.000226021 -3.14159
0110111111 0.00711441 0
0111000000 0.00418854 0
0111000001 0.0134506 -3.14159
0111000010 0.0134125 0
0111000011 0.00518036 -3.14159
0111000100 0.0397644 0
0111000101 0.00555801 0
0111000110 0.0174561 -3.14159
0111000111 0.00206375 -3.14159
0111001000 0.0105362 0
0111001001 0.00398636 0
0111001010 0.0134201 0
0111001011 0.012886 -3.14159
0111001100 0.0127792 -3.14159
0111001101 0.0423584 -3.14159
0111001110 0.0113068 -3.14159
0111001111 0.0378418 0
0111010000 0.0157623 -3.14159
0111010001 0.00865936 0
0111010010 0.0466003 0
0111010011 0.00824738 0
0111010100 0.0779419 0
0111010101 0.071228 -3.14159
0111010110 0.0017643 -3.14159
0111010111 0.0275726 0
0111011000 0.0404053 0
0111011001 0.000638485 0
0111011010 0.0226898 -3.14159
0111011011 0.0202484 0
0111011100 0.0297546 0
0111011101 0.124207 0
0111011110 0.0175323 -3.14159
0111011111 0.0337524 -3.14159
0111100000 0.022934 0
0111100001 0.02034 -3.14159
0111100010 0.0176697 -3.14159
0111100011 0.025177 0
0111100100 0.000699043 -3.14159
0111100101 0.0272522 -3.14159
0111100110 0.00178719 0
0111100111 0.0333557 0
0111101000 0.0228424 -3.14159
0111101001 0.0469666 0
0111101010 0.0538635 -3.14159
0111101011 0.0478821 0
0111101100 0.0137711 -3.14159
0111101101 8.49366e-05 0
0111101110 0.0129776 0
0111101111 0.019455 -3.14159
0111110000 0.00893402 -3.14159
0111110001 0.0223999 0
0111110010 0.00242233 -3.14159
0111110011 0.0546265 -3.14159
0111110100 0.0426331 -3.14159
0111110101 0.000385523 0
0111110110 0.0214844 0
0111110111 0.0294189 -3.14159
0111111000 0.0560913 -3.14159
0111111001 0.00270081 0
0111111010 0.00304413 0
0111111011 0.0508728 -3.14159
0111111100 0.0257874 0
0111111101 0.024826 0
0111111110 0.0199738 0
0111111111 0.0440674 0
1000000000 0.0108948 0
1000000001 0.023941 0
1000000010 0.00100517 -3.14159
1000000011 0.0412292 -3.14159
1000000100 0.0637207 0
1000000101 0.0612183 0
1000000110 0.031189 0
1000000111 0.0575256 0
1000001000 0.0180054 0
1000001001 0.0255737 0
1000001010 0.0192871 0
1000001011 0.0412903 -3.14159
1000001100 0.0083313 0
1000001101 0.0742798 -3.14159
1000001110 0.0293121 -3.14159
1000001111 0.0228577 -3.14159
1000010000 0.029068 0
1000010001 0.0393677 -3.14159
1000010010 0.0577698 0
1000010011 0.0306396 0
1000010100 0.0245972 0
1000010101 0.0171051 -3.14159
1000010110 0.00268745 -3.14159
1000010111 0.00026536 0
1000011000 0.0345459 0
1000011001 0.0227661 0
1000011010 0.0296326 0
1000011011 0.0579834 0
1000011100 0.00108433 0
1000011101 0.0506897 0
1000011110 0.0418396 -3.14159
1000011111 0.0637817 -3.14159
1000100000 0.0225067 -3.14159
1000100001 0.0493469 -3.14159
1000100010 0.0228271 0
1000100011 0.00335121 -3.14159
1000100100 0.0150986 -3.14159
1000100101 0.0116806 0
1000100110 0.0713501 -3.14159
1000100111 0.00330353 0
1000101000 0.0294037 0
1000101001 0.04422 0
1000101010 0.0163269 -3.14159
1000101011 0.00680923 0
1000101100 0.0579224 -3.14159
1000101101 0.00118923 0
1000101110 0.0174408 0
1000101111 0.0222931 0
1000110000 0.0315857 -3.14159
1000110001 0.0301056 0
1000110010 0.0271301 0
1000110011 0.0108566 -3.14159
1000110100 0.0164185 0
1000110101 0.0145264 0
1000110110 0.0554504 -3.14159
1000110111 0.033783 -3.14159
1000111000 0.0472717 0
1000111001 0.00237083 0
1000111010 0.0740356 0
1000111011 0.00973511 0
1000111100 0.00450134 -3.14159
1000111101 0.0245819 -3.14159
1000111110 0.00579834 0
1000111111 0.0218506 -3.14159
1001000000 0.0243378 0
1001000001 0.0094986 0
1001000010 0.00357246 0
1001000011 0.0386658 0
1001000100 0.0130157 0
1001000101 0.0236969 -3.14159
1001000110 0.0177612 -3.14159
1001000111 0.020401 -3.14159
1001001000 0.0357971 -3.14159
1001001001 0.00123501 0
1001001010 0.00705719 0
1001001011 0.0238953 0
1001001100 0.00572968 0
1001001101 0.0187988 -3.14159
1001001110 0.0132065 -3.14159
1001001111 0.197144 0
1001010000 0.0134506 0
1001010001 0.0233002 0
1001010010 0.000895977 0
1001010011 0.0449524 0
1001010100 0.00816345 0
1001010101 0.00824738 -3.14159
1001010110 0.0717773 0
1001010111 0.00390434 -3.14159
1001011000 0.00511169 -3.14159
1001011001 0.0107727 -3.14159
1001011010 0.00458908 -3.14159
1001011011 0.0570068 0
1001011100 0.0349426 -3.14159
1001011101 0.0252533 0
1001011110 0.0423889 -3.14159
1001011111 0.0110168 0
1001100000 0.00608444 0
1001100001 0.0395813 -3.14159
1001100010 0.0381165 -3.14159
1001100011 0.0362854 0
1001100100 0.0243835 -3.14159
1001100101 0.00577164 0
1001100110 0.0148392 -3.14159
1001100111 0.0783081 0
1001101000 0.0480957 0
1001101001 0.00753784 -3.14159
1001101010 0.0254364 0
1001101011 0.023819 0
1001101100 0.0303802 0
1001101101 0.00623322 0
1001101110 0.0772095 -3.14159
1001101111 0.011879 -3.14159
1001110000 0.0172424 0
1001110001 0.0168762 0
1001110010 0.0148773 0
1001110011 0.00117016 0
1001110100 0.00487518 -3.14159
1001110101 0.0334778 -3.14159
1001110110 0.013916 0
1001110111 0.0184937 -3.14159
1001111000 0.00320244 -3.14159
1001111001 0.00968933 0
1001111010 0.00509644 -3.14159
1001111011 0.0138168 0
1001111100 0.0301056 0
1001111101 0.0254364 -3.14159
1001111110 0.00782776 0
1001111111 0.0440369 0
1010000000 0.00604248 0
1010000001 0.0240784 0
1010000010 0.0298767 0
1010000011 0.00798035 -3.14159
1010000100 0.0178528 -3.14159
1010000101 0.0332642 -3.14159
1010000110 0.0192413 -3.14159
1010000111 0.012207 0
1010001000 0.0257874 0
1010001001 0.0553894 0
1010001010 0.00827026 -3.14159
1010001011 0.033844 -3.14159
1010001100 0.0409241 0
1010001101 0.0437622 0
1010001110 0.0107574 -3.14159
1010001111 0.0207062 0
1010010000 0.033905 0
1010010001 0.0349121 0
1010010010 0.0223541 -3.14159
1010010011 0.0344543 0
1010010100 0.0167847 -3.14159
1010010101 0.00592422 0
1010010110 0.0259552 0
1010010111 0.0279083 -3.14159
1010011000 0.0467224 0
1010011001 0.0346985 -3.14159
1010011010 0.0326233 0
1010011011 0.0402527 -3.14159
1010011100 0.0990601 0
1010011101 0.01017 0
1010011110 0.0222931 0
1010011111 0.0179443 -3.14159
1010100000 0.026001 0
1010100001 0.00785065 -3.14159
1010100010 0.0593262 -3.14159
1010100011 0.015976 -3.14159
1010100100 0.0135651 -3.14159
1010100101 0.0359192 0
1010100110 0.0359802 0
1010100111 0.00134277 -3.14159
1010101000 0.00659943 -3.14159
1010101001 0.0393066 0
1010101010 0.0131836 0
1010101011 0.0482483 0
1010101100 0.0152054 0
1010101101 0.0101852 -3.14159
1010101110 0.00363541 -3.14159
1010101111 0.00700378 -3.14159
1010110000 0.0253601 0
1010110001 0.0051651 -3.14159
1010110010 0.0077095 -3.14159
1010110011 0.00882721 0
1010110100 0.0343933 0
1010110101 0.0163879 -3.14159
1010110110 0.0143585 -3.14159
1010110111 0.0420227 -3.14159
1010111000 0.00194263 -3.14159
1010111001 0.0149155 -3.14159
1010111010 0.0528259 -3.14159
1010111011 0.0131531 -3.14159
1010111100 0.011261 -3.14159
1010111101 0.0157928 -3.14159
1010111110 0.0162201 -3.14159
1010111111 0.026474 0
1011000000 0.0341797 -3.14159
1011000001 0.0202789 0
1011000010 0.00801086 -3.14159
1011000011 0.0203857 0
1011000100 0.0140457 -3.14159
1011000101 0.0439758 0
1011000110 0.0304413 -3.14159
1011000111 0.0166473 -3.14159
1011001000 0.0206909 -3.14159
1011001001 0.0208893 -3.14159
1011001010 0.00325775 0
1011001011 0.0752563 -3.14159
1011001100 0.0220947 -3.14159
1011001101 0.00485992 -3.14159
1011001110 0.0238647 0
1011001111 0.020813 -3.14159
1011010000 0.0230408 0
1011010001 0.0484619 0
1011010010 0.0446472 -3.14159
1011010011 0.0218201 0
1011010100 0.046051 0
1011010101 0.0281372 0
1011010110 0.024765 -3.14159
1011010111 0.0254822 -3.14159
1011011000 0.0263367 0
1011011001 0.00591278 -3.14159
1011011010 0.00579071 0
1011011011 0.012085 0
1011011100 0.0307159 0
1011011101 0.0216217 0
1011011110 0.0320129 -3.14159
1011011111 0.0423584 0
1011100000 0.0596313 0
1011100001 0.00378227 0
1011100010 0.0306549 0
1011100011 0.00878143 0
1011100100 0.032135 0
1011100101 0.00522232 -3.14159
1011100110 0.0374756 0
1011100111 0.0342712 0
1011101000 0.0241394 -3.14159
1011101001 0.0167847 -3.14159
1011101010 0.0130081 0
1011101011 0.0340271 0
1011101100 0.0522766 0
1011101101 0.0177612 -3.14159
1011101110 0.0210266 0
1011101111 0.0708618 0
1011110000 0.0206451 -3.14159
1011110001 0.0173035 -3.14159
1011110010 0.018631 0
1011110011 0.0374451 -3.14159
1011110100 0.00133324 0
1011110101 0.0051384 -3.14159
1011110110 0.0588379 -3.14159
1011110111 0.0147705 0
1011111000 0.00015831 -3.14159
1011111001 0.0110016 0
1011111010 0.00313568 0
1011111011 0.020752 -3.14159
1011111100 0.0106125 -3.14159
1011111101 0.000854015 -3.14159
1011111110 0.0382996 0
1011111111 0.0157013 -3.14159
1100000000 0.00212097 0
1100000001 0.0216217 0
1100000010 0.00454712 -3.14159
1100000011 0.00272179 -3.14159
1100000100 0.0088501 -3.14159
1100000101 0.0117874 0
1100000110 0.0109406 -3.14159
1100000111 0.0188446 -3.14159
1100001000 0.0162048 -3.14159
1100001001 0.0171356 0
1100001010 0.00740814 0
1100001011 0.0284119 0
1100001100 0.00842285 -3.14159
1100001101 0.00899506 -3.14159
1100001110 0.0139465 0
1100001111 0.00939941 0
1100010000 0.018219 -3.14159
1100010001 0.0737915 -3.14159
1100010010 0.0283508 0
1100010011 0.0260162 -3.14159
1100010100 0.0496521 -3.14159
1100010101 0.0173492 0
1100010110 0.028183 -3.14159
1100010111 0.0120773 0
1100011000 0.0476074 -3.14159
1100011001 0.0150604 0
1100011010 0.00799561 0
1100011011 0.0217438 0
1100011100 0.0357056 0
1100011101 0.0758057 0
1100011110 0.0460205 -3.14159
1100011111 0.0128632 0
1100100000 0.00197411 -3.14159
1100100001 0.00153255 0
1100100010 0.0460815 0
1100100011 0.0227966 0
1100100100 0.00814056 -3.14159
1100100101 0.0440063 -3.14159
1100100110 0.0231171 0
1100100111 0.019577 -3.14159
1100101000 0.0154114 -3.14159
1100101001 0.0279846 0
1100101010 0.00718307 -3.14159
1100101011 0.0585632 0
1100101100 0.000831604 -3.14159
1100101101 0.0038929 -3.14159
1100101110 0.0605164 0
1100101111 0.0257263 0
1100110000 0.0469666 -3.14159
1100110001 0.0128021 -3.14159
1100110010 0.0125809 0
1100110011 0.00052166 -3.14159
1100110100 0.00151253 0
1100110101 0.0119858 0
1100110110 0.0203857 0
1100110111 0.0120926 0
1100111000 0.0189514 0
1100111001 0.0113907 0
1100111010 0.0213776 0
1100111011 0.0453491 0
1100111100 0.0455322 -3.14159
1100111101 0.0251312 0
1100111110 0.0201721 -3.14159
1100111111 0.0011673 -3.14159
1101000000 0.0497437 -3.14159
1101000001 0.00987244 0
1101000010 0.0157318 -3.14159
1101000011 0.0293884 -3.14159
1101000100 0.0141449 -3.14159
1101000101 0.0296021 -3.14159
1101000110 0.0665283 -3.14159
1101000111 0.0131531 0
1101001000 0.0182343 0
1101001001 0.0652466 0
1101001010 0.0118027 0
1101001011 0.00549316 0
1101001100 0.0701294 -3.14159
1101001101 0.0594788 -3.14159
1101001110 0.00286865 -3.14159
1101001111 0.0216522 0
1101010000 0.0319519 -3.14159
1101010001 0.0288239 0
1101010010 0.0311432 -3.14159
1101010011 0.0384216 -3.14159
1101010100 0.0439453 0
1101010101 0.00459671 -3.14159
1101010110 0.0406189 -3.14159
1101010111 0.0301971 0
1101011000 0.0113373 0
1101011001 0.0135956 0
1101011010 0.0071373 0
1101011011 0.054718 -3.14159
1101011100 0.0139084 -3.14159
1101011101 0.035614 -3.14159
1101011110 0.0271149 0
1101011111 0.0970459 -3.14159
1101100000 0.034668 0
1101100001 0.00059557 -3.14159
1101100010 0.0205536 0
1101100011 0.0109711 -3.14159
1101100100 0.000680447 0
1101100101 0.00234604 0
1101100110 0.00010848 -3.14159
1101100111 0.0216675 0
1101101000 0.00908661 -3.14159
1101101001 0.0107269 0
1101101010 0.0142746 -3.14159
1101101011 0.00529861 -3.14159
1101101100 0.0124283 0
1101101101 0.0210724 -3.14159
1101101110 0.00919342 -3.14159
1101101111 0.0384521 -3.14159
1101110000 0.0214996 0
1101110001 0.000734806 -3.14159
1101110010 0.00048089 0
1101110011 0.00045085 0
1101110100 0.0335999 0
1101110101 0.0176392 -3.14159
1101110110 0.0559082 0
1101110111 0.0136795 -3.14159
1101111000 0.0197449 -3.14159
1101111001 0.0103226 0
1101111010 0.000473976 -3.14159
1101111011 0.0207062 0
1101111100 0.00413513 0
1101111101 0.0128174 0
1101111110 0.0178223 -3.14159
1101111111 0.00875092 -3.14159
1110000000 0.0159302 -3.14159
1110000001 0.00175953 0
1110000010 0.0648804 0
1110000011 0.0253296 0
1110000100 0.0353088 -3.14159
1110000101 0.039917 0
1110000110 0.00242233 0
1110000111 0.00450897 0
1110001000 0.00826263 -3.14159
1110001001 0.0555725 0
1110001010 0.030777 0
1110001011 0.00721741 -3.14159
1110001100 0.0574036 0
1110001101 0.0172577 0
1110001110 0.0253448 0
1110001111 0.00522995 -3.14159
1110010000 0.0131226 0
1110010001 0.0665894 -3.14159
1110010010 0.000845909 0
1110010011 0.0480957 -3.14159
1110010100 0.0800781 -3.14159
1110010101 0.0233459 -3.14159
1110010110 0.0446472 -3.14159
1110010111 0.000863552 -3.14159
1110011000 0.00187111 -3.14159
1110011001 0.00959015 -3.14159
1110011010 0.0622253 -3.14159
1110011011 0.0513 -3.14159
1110011100 0.0193481 -3.14159
1110011101 0.0260315 -3.14159
1110011110 0.0262451 0
1110011111 0.0145645 -3.14159
1110100000 0.00307274 0
1110100001 0.0256958 -3.14159
1110100010 0.0110016 -3.14159
1110100011 0.0167389 0
1110100100 0.0280762 0
1110100101 0.019928 0
1110100110 0.0226898 -3.14159
1110100111 0.015213 0
1110101000 0.0492554 -3.14159
1110101001 0.0382385 0
1110101010 0.011734 0
1110101011 0.0411072 0
1110101100 0.0060463 0
1110101101 0.039856 -3.14159
1110101110 0.0304871 0
1110101111 0.0487366 -3.14159
1110110000 0.0207825 0
1110110001 0.0211334 0
1110110010 0.0497742 -3.14159
1110110011 0.0371094 -3.14159
1110110100 0.0131531 -3.14159
1110110101 0.00386429 0
1110110110 0.0643311 -3.14159
1110110111 0.0227814 0
1110111000 0.00180912 -3.14159
1110111001 0.0427246 0
1110111010 0.0394287 0
1110111011 0.00499344 -3.14159
1110111100 0.0143127 0
1110111101 0.000239253 -3.14159
1110111110 0.0325012 -3.14159
1110111111 0.00513458 0
1111000000 0.0347595 0
1111000001 0.00757217 -3.14159
1111000010 0.0201874 0
1111000011 0.0134506 -3.14159
1111000100 0.0174408 0
1111000101 0.0466309 -3.14159
1111000110 0.0328674 -3.14159
1111000111 0.0093689 0
1111001000 0.0182953 -3.14159
1111001001 0.0239563 0
1111001010 0.00386047 0
1111001011 0.00433731 0
1111001100 0.0160065 0
1111001101 0.00273323 -3.14159
1111001110 0.0423584 -3.14159
1111001111 0.0672607 -3.14159
1111010000 0.0309143 -3.14159
1111010001 0.0103836 0
1111010010 0.00643158 0
1111010011 0.00103283 -3.14159
1111010100 0.0401611 0
1111010101 0.0175476 0
1111010110 0.00939941 0
1111010111 0.0459595 0
1111011000 0.00177765 0
1111011001 0.0379944 0
1111011010 0.019516 -3.14159
1111011011 0.0358582 0
1111011100 0.0207214 -3.14159
1111011101 0.0172577 0
1111011110 0.0118408 -3.14159
1111011111 0.0153961 0
1111100000 0.013649 0
1111100001 0.0136871 -3.14159
1111100010 0.0512085 0
1111100011 0.0398865 -3.14159
1111100100 0.0602112 -3.14159
1111100101 0.0218506 -3.14159
1111100110 0.0111389 -3.14159
1111100111 0.0222626 0
1111101000 0.0107422 -3.14159
1111101001 0.00374603 -3.14159
1111101010 0.0169983 -3.14159
1111101011 0.0142059 0
1111101100 0.0708008 0
1111101101 0.0439148 -3.14159
1111101110 0.0413513 0
1111101111 0.00194359 -3.14159
1111110000 0.0222626 -3.14159
1111110001 0.0355835 0
1111110010 0.0038662 -3.14159
1111110011 0.0252686 -3.14159
1111110100 0.0156174 0
1111110101 0.0354919 0
1111110110 0.00875092 -3.14159
1111110111 0.0167084 -3.14159
1111111000 0.00471497 0
1111111001 0.0733643 -3.14159
1111111010 7.21216e-05 -3.14159
1111111011 0.0340576 0
1111111100 0.0108948 -3.14159
1111111101 0.0341492 0
1111111110 0.0153427 -3.14159
1111111111 0.0132751 -3.14159
