0000000000 0.00554276 -3.14159
0000000001 0.0211639 0
0000000010 0.0245361 0
0000000011 0.000607967 0
0000000100 0.022995 -3.14159
0000000101 0.0219269 0
0000000110 0.0154419 -3.14159
0000000111 0.0197144 -3.14159
0000001000 0.0231934 0
0000001001 0.0379333 0
0000001010 0.00606155 0
0000001011 0.0305786 -3.14159
0000001100 0.0121765 0
0000001101 0.00757599 -3.14159
0000001110 0.0161285 0
0000001111 0.0127563 0
0000010000 0.0183868 0
0000010001 0.0111618 0
0000010010 0.0457458 -3.14159
0000010011 0.0304413 -3.14159
0000010100 0.0321045 -3.14159
0000010101 0.043396 -3.14159
0000010110 0.0426331 -3.14159
0000010111 0.0166931 -3.14159
0000011000 0.0276031 -3.14159
0000011001 0.00708771 0
0000011010 0.00114155 0
0000011011 0.0463257 0
0000011100 0.00616837 -3.14159
0000011101 0.00979614 -3.14159
0000011110 0.0445862 -3.14159
0000011111 0.0723267 0
0000100000 0.0810547 -3.14159
0000100001 0.00615311 -3.14159
0000100010 0.0740356 -3.14159
0000100011 0.0291138 0
0000100100 0.0282135 -3.14159
0000100101 0.0333862 0
0000100110 0.0305786 0
0000100111 0.00126457 -3.14159
0000101000 0.0257416 0
0000101001 0.0261536 0
0000101010 0.0333862 -3.14159
0000101011 0.0687256 0
0000101100 0.00723267 0
0000101101 0.0112381 -3.14159
0000101110 0.000432491 -3.14159
0000101111 0.00197792 0
0000110000 0.0440979 0
0000110001 0.00600815 -3.14159
0000110010 0.0393677 0
0000110011 0.0220795 0
0000110100 0.0687256 -3.14159
0000110101 0.0146332 0
0000110110 0.0293579 0
0000110111 0.0110092 0
0000111000 0.0094986 0
0000111001 0.0484314 -3.14159
0000111010 0.00865173 0
0000111011 0.0102158 -3.14159
0000111100 0.0128937 0
0000111101 0.0590515 0
0000111110 0.00131416 0
0000111111 0.00142097 0
0001000000 0.0141144 0
0001000001 0.0174561 -3.14159
0001000010 0.0176239 -3.14159
0001000011 0.00461197 -3.14159
0001000100 0.0106125 -3.14159
0001000101 0.0161438 0
0001000110 0.00174046 -3.14159
0001000111 0.00352097 0
0001001000 0.0726318 -3.14159
0001001001 0.0136795 -3.14159
0001001010 0.0287781 -3.14159
0001001011 0.0213318 -3.14159
0001001100 0.00522614 0
0001001101 0.0518188 -3.14159
0001001110 0.0482178 0
0001001111 0.0175476 0
0001010000 0.032074 0
0001010001 0.00163078 0
0001010010 0.0545959 0
0001010011 0.0200806 0
0001010100 0.00338173 -3.14159
0001010101 0.0145187 0
0001010110 0.00406647 -3.14159
0001010111 0.0507507 -3.14159
0001011000 0.0761108 0
0001011001 0.0431519 0
0001011010 0.00338936 -3.14159
0001011011 0.0811768 -3.14159
0001011100 0.0286407 0
0001011101 0.00616455 -3.14159
0001011110 0.0450745 -3.14159
0001011111 0.0306854 -3.14159
0001100000 0.0534058 -3.14159
0001100001 0.0151978 0
0001100010 0.0426331 -3.14159
0001100011 0.0147018 0
0001100100 0.0375061 0
0001100101 0.0274963 -3.14159
0001100110 0.00152302 0
0001100111 0.10553 0
0001101000 0.0320435 0
0001101001 0.00395584 -3.14159
0001101010 0.00426483 -3.14159
0001101011 0.0158691 -3.14159
0001101100 0.0553894 -3.14159
0001101101 0.0220795 -3.14159
0001101110 0.0516357 0
0001101111 0.00183392 0
0001110000 0.042572 -3.14159
0001110001 0.0200348 0
0001110010 0.0254669 -3.14159
0001110011 0.00501633 0
0001110100 0.0297699 0
0001110101 0.0134277 -3.14159
0001110110 0.0418701 -3.14159
0001110111 0.024353 -3.14159
0001111000 0.0294495 -3.14159
0001111001 0.00960541 -3.14159
0001111010 0.0173035 0
0001111011 0.0279694 0
0001111100 0.0245514 -3.14159
0001111101 0.042511 0
0001111110 0.0264282 0
0001111111 0.0238342 0
0010000000 0.00341797 -3.14159
0010000001 0.028656 0
0010000010 0.0335083 -3.14159
0010000011 0.0274811 -3.14159
0010000100 0.0382996 -3.14159
0010000101 0.0215149 -3.14159
0010000110 0.0198059 -3.14159
0010000111 0.0757446 -3.14159
0010001000 0.00482941 -3.14159
0010001001 0.0428772 0
0010001010 0.0200653 0
0010001011 0.0344238 -3.14159
0010001100 0.03302 -3.14159
0010001101 0.0299377 -3.14159
0010001110 0.0159454 0
0010001111 0.00271034 -3.14159
0010010000 0.072998 -3.14159
0010010001 0.0209961 -3.14159
0010010010 0.0096817 -3.14159
0010010011 0.0322876 -3.14159
0010010100 0.0654297 -3.14159
0010010101 0.032959 -3.14159
0010010110 0.018219 0
0010010111 0.0100555 -3.14159
0010011000 0.00791168 0
0010011001 0.0279388 -3.14159
0010011010 0.00576019 0
0010011011 0.0316162 0
0010011100 0.0357971 0
0010011101 0.0422668 0
0010011110 0.0200806 0
0010011111 0.00423813 -3.14159
0010100000 0.0175476 -3.14159
0010100001 0.00028491 0
0010100010 0.0574646 -3.14159
0010100011 0.0388184 -3.14159
0010100100 0.0195007 -3.14159
0010100101 0.00403595 -3.14159
0010100110 0.0518188 0
0010100111 0.0472107 0
0010101000 0.00569916 0
0010101001 0.00151348 -3.14159
0010101010 0.0363464 -3.14159
0010101011 0.016098 -3.14159
0010101100 0.0477905 -3.14159
0010101101 0.0630493 0
0010101110 0.00457382 0
0010101111 0.026123 0
0010110000 0.00458527 0
0010110001 3.88622e-05 -3.14159
0010110010 0.0175476 0
0010110011 0.0279846 -3.14159
0010110100 0.0187836 0
0010110101 0.00257111 0
0010110110 0.00730515 0
0010110111 0.026886 -3.14159
0010111000 0.0368958 0
0010111001 0.00278664 -3.14159
0010111010 0.0244751 -3.14159
0010111011 0.021637 0
0010111100 0.00372696 -3.14159
0010111101 0.0168915 -3.14159
0010111110 0.0284119 0
0010111111 0.0291443 0
0011000000 0.00611496 -3.14159
0011000001 0.00309753 0
0011000010 0.0594177 0
0011000011 0.00805664 0
0011000100 0.00421143 -3.14159
0011000101 0.0030899 -3.14159
0011000110 2.7895e-05 0
0011000111 0.00766373 0
0011001000 0.00260925 0
0011001001 0.00458527 -3.14159
0011001010 0.0447388 0
0011001011 0.0462646 -3.14159
0011001100 0.00964355 -3.14159
0011001101 0.0274811 -3.14159
0011001110 0.0825195 0
0011001111 0.0129166 0
0011010000 0.022934 -3.14159
0011010001 0.00893402 0
0011010010 4.3273e-05 0
0011010011 0.0279236 -3.14159
0011010100 0.00314903 -3.14159
0011010101 0.0348816 -3.14159
0011010110 0.0153809 -3.14159
0011010111 0.0308838 0
0011011000 0.0104446 -3.14159
0011011001 0.0125122 -3.14159
0011011010 0.0160675 0
0011011011 0.0151825 -3.14159
0011011100 0.022995 0
0011011101 0.0102386 -3.14159
0011011110 0.0374756 0
0011011111 0.0506592 0
0011100000 0.00161076 -3.14159
0011100001 0.00147915 -3.14159
0011100010 0.00521088 0
0011100011 0.00452805 0
0011100100 0.00216484 -3.14159
0011100101 0.0051384 -3.14159
0011100110 0.0402527 0
0011100111 0.0479736 0
0011101000 0.0107193 -3.14159
0011101001 0.00843048 0
0011101010 0.0179443 0
0011101011 0.0248413 0
0011101100 0.0188904 -3.14159
0011101101 0.00624466 -3.14159
0011101110 0.0421448 -3.14159
0011101111 0.019989 -3.14159
0011110000 0.0211487 -3.14159
0011110001 0.0357666 0
0011110010 0.0127487 0
0011110011 0.0289917 0
0011110100 0.0183868 -3.14159
0011110101 0.0352173 0
0011110110 0.0583191 -3.14159
0011110111 0.0410767 0
0011111000 0.0157623 0
0011111001 0.0667725 -3.14159
0011111010 0.00865936 0
0011111011 0.0177002 -3.14159
0011111100 0.0051651 -3.14159
0011111101 0.00260353 -3.14159
0011111110 0.0558472 0
0011111111 0.0119019 -3.14159
0100000000 0.00139809 0
0100000001 0.0239258 -3.14159
0100000010 0.00237846 0
0100000011 0.00155544 0
0100000100 0.0855103 -3.14159
0100000101 0.00313759 0
0100000110 0.0392761 0
0100000111 0.0523071 -3.14159
0100001000 0.00465012 0
0100001001 0.000643253 0
0100001010 0.00291443 0
0100001011 0.0228577 -3.14159
0100001100 0.00107956 -3.14159
0100001101 0.00683594 -3.14159
0100001110 0.0146179 0
0100001111 0.0108719 0
0100010000 0.0395813 0
0100010001 0.0765991 -3.14159
0100010010 0.00875092 0
0100010011 0.01371 0
0100010100 0.0697021 -3.14159
0100010101 0.0574036 -3.14159
0100010110 0.0217438 0
0100010111 0.0498352 -3.14159
0100011000 0.0170593 -3.14159
0100011001 0.0461426 0
0100011010 0.00671768 -3.14159
0100011011 0.0134583 0
0100011100 0.00857544 -3.14159
0100011101 0.0343018 -3.14159
0100011110 0.0273895 0
0100011111 0.00645447 -3.14159
0100100000 0.00745392 -3.14159
0100100001 0.0479431 0
0100100010 0.010025 0
0100100011 0.0353699 0
0100100100 0.00546646 0
0100100101 0.0338135 -3.14159
0100100110 0.0949707 0
0100100111 0.0438843 -3.14159
0100101000 0.0342102 0
0100101001 0.0530396 -3.14159
0100101010 0.00321388 -3.14159
0100101011 0.0681152 0
0100101100 0.0396118 -3.14159
0100101101 0.00517273 0
0100101110 0.026947 -3.14159
0100101111 0.0183868 0
0100110000 0.0286713 0
0100110001 0.00484848 0
0100110010 0.00778198 -3.14159
0100110011 0.0362244 -3.14159
0100110100 0.0383606 0
0100110101 0.0281677 0
0100110110 0.00945282 -3.14159
0100110111 0.0239868 0
0100111000 0.00514603 0
0100111001 0.019989 0
0100111010 0.0157318 0
0100111011 0.0156708 0
0100111100 0.0087738 0
0100111101 0.0141068 0
0100111110 0.00646973 -3.14159
0100111111 0.0299988 -3.14159
0101000000 0.0280304 0
0101000001 0.0234375 -3.14159
0101000010 0.0486145 -3.14159
0101000011 0.0358887 -3.14159
0101000100 0.00407028 0
0101000101 0.0460815 0
0101000110 0.00327682 0
0101000111 0.0244141 0
0101001000 0.0367126 -3.14159
0101001001 0.0428772 -3.14159
0101001010 0.00926971 0
0101001011 0.00264549 -3.14159
0101001100 0.0289917 -3.14159
0101001101 0.0201111 -3.14159
0101001110 0.000943184 -3.14159
0101001111 0.0309448 0
0101010000 0.0101318 -3.14159
0101010001 0.0161743 0
0101010010 0.0179901 -3.14159
0101010011 0.00415421 -3.14159
0101010100 0.0335388 -3.14159
0101010101 0.0139008 0
0101010110 0.0310211 -3.14159
0101010111 0.0188904 0
0101011000 0.0346375 0
0101011001 0.0376587 0
0101011010 0.0187073 0
0101011011 0.0107574 -3.14159
0101011100 0.0259552 0
0101011101 0.0123215 0
0101011110 0.0206299 -3.14159
0101011111 0.0216827 0
0101100000 0.0498352 -3.14159
0101100001 0.017868 -3.14159
0101100010 0.0116272 0
0101100011 0.0253906 -3.14159
0101100100 0.0384216 -3.14159
0101100101 0.00883484 0
0101100110 0.0498352 -3.14159
0101100111 0.0182648 0
0101101000 0.00691986 -3.14159
0101101001 0.0168152 -3.14159
0101101010 0.0490417 -3.14159
0101101011 0.00722504 -3.14159
0101101100 5.44786e-05 0
0101101101 0.0261841 0
0101101110 0.033844 -3.14159
0101101111 0.0357056 -3.14159
0101110000 0.0381165 0
0101110001 0.0591431 -3.14159
0101110010 0.0237732 -3.14159
0101110011 0.0263214 0
0101110100 0.0127182 0
0101110101 0.00134373 -3.14159
0101110110 0.0305634 -3.14159
0101110111 0.0041275 -3.14159
0101111000 0.0157776 -3.14159
0101111001 0.00466919 0
0101111010 0.00991821 0
0101111011 0.0179749 -3.14159
0101111100 0.03302 0
0101111101 0.00511551 -3.14159
0101111110 0.0187378 0
0101111111 0.026886 0
0110000000 0.0286102 -3.14159
0110000001 0.0346069 -3.14159
0110000010 0.000722885 -3.14159
0110000011 0.00110912 0
0110000100 0.00833893 -3.14159
0110000101 0.0193634 -3.14159
0110000110 0.00831604 0
0110000111 0.039917 -3.14159
0110001000 0.0138016 0
0110001001 0.0145493 0
0110001010 0.0321045 0
0110001011 0.056488 -3.14159
0110001100 0.0216217 0
0110001101 0.0515137 -3.14159
0110001110 0.00878143 0
0110001111 0.000704288 -3.14159
0110010000 0.0225677 0
0110010001 0.0319214 -3.14159
0110010010 0.0362854 0
0110010011 0.0113297 0
0110010100 0.0111771 -3.14159
0110010101 0.0650024 -3.14159
0110010110 0.0455322 0
0110010111 0.0415344 0
0110011000 0.00510406 -3.14159
0110011001 0.106201 -3.14159
0110011010 0.00345039 -3.14159
0110011011 0.0120544 -3.14159
0110011100 0.0167847 0
0110011101 0.0132828 -3.14159
0110011110 0.019043 -3.14159
0110011111 0.0169983 0
0110100000 0.0384216 0
0110100001 0.0402222 -3.14159
0110100010 0.0173187 0
0110100011 0.00228882 -3.14159
0110100100 0.0142899 -3.14159
0110100101 0.0895386 0
0110100110 0.00444031 0
0110100111 0.0489502 0
0110101000 0.0270386 -3.14159
0110101001 0.0426941 0
0110101010 0.0455322 0
0110101011 0.0440369 0
0110101100 0.0518799 -3.14159
0110101101 0.00656891 0
0110101110 0.050293 0
0110101111 0.0277557 -3.14159
0110110000 7.37906e-05 0
0110110001 0.0523682 0
0110110010 0.00393677 0
0110110011 0.0104065 -3.14159
0110110100 0.0305634 -3.14159
0110110101 0.0447083 0
0110110110 0.0182495 0
0110110111 0.0551453 -3.14159
0110111000 0.0429077 -3.14159
0110111001 0.0214691 0
0110111010 0.00931549 -3.14159
0110111011 0.0981445 0
0110111100 0.0457458 -3.14159
0110111101 0.0386047 -3.14159
0110111110 0.00297928 -3.14159
0110111111 0.016983 0
0111000000 0.00477982 -3.14159
0111000001 0.0128555 -3.14159
0111000010 0.0255585 0
0111000011 0.0240936 -3.14159
0111000100 0.00364304 0
0111000101 0.0439148 -3.14159
0111000110 0.0146179 -3.14159
0111000111 0.0416565 -3.14159
0111001000 0.00272751 0
0111001001 0.00958252 -3.14159
0111001010 0.0248566 0
0111001011 0.0182037 0
0111001100 0.013382 -3.14159
0111001101 0.0359802 -3.14159
0111001110 0.0250854 0
0111001111 0.0042038 0
0111010000 0.000451326 -3.14159
0111010001 0.00913239 -3.14159
0111010010 0.0475769 0
0111010011 0.036499 0
0111010100 0.0152283 -3.14159
0111010101 0.0138779 0
0111010110 0.0695801 0
0111010111 0.0190887 0
0111011000 0.00767899 -3.14159
0111011001 0.00374413 -3.14159
0111011010 0.0107574 0
0111011011 0.0185089 -3.14159
0111011100 0.034668 0
0111011101 0.000646591 0
0111011110 0.0654907 -3.14159
0111011111 0.0187836 -3.14159
0111100000 0.0252228 0
0111100001 0.00779724 0
0111100010 0.00100803 0
0111100011 0.0175934 -3.14159
0111100100 0.00396729 -3.14159
0111100101 0.0552368 0
0111100110 0.0369873 -3.14159
0111100111 0.0177307 -3.14159
0111101000 0.0457764 -3.14159
0111101001 0.008255 0
0111101010 0.00758362 0
0111101011 0.0031147 -3.14159
0111101100 0.00817108 -3.14159
0111101101 0.056488 -3.14159
0111101110 0.0202637 0
0111101111 0.0401306 0
0111110000 0.00697708 -3.14159
0111110001 0.00213432 -3.14159
0111110010 0.0265198 -3.14159
0111110011 0.00939941 0
0111110100 0.0362854 -3.14159
0111110101 0.04422 -3.14159
0111110110 0.00810242 -3.14159
0111110111 0.0154953 -3.14159
0111111000 0.00376892 0
0111111001 0.0628052 0
0111111010 0.0646362 -3.14159
0111111011 0.0460205 -3.14159
0111111100 0.00767517 -3.14159
0111111101 0.0180511 0
0111111110 0.0256805 -3.14159
0111111111 0.00308418 0
1000000000 0.0124512 -3.14159
1000000001 0.0278625 -3.14159
1000000010 0.01651 0
1000000011 0.0103149 0
1000000100 0.027359 0
1000000101 0.0235901 -3.14159
1000000110 0.028595 -3.14159
1000000111 0.00316048 0
1000001000 0.0277557 -3.14159
1000001001 0.0289154 0
1000001010 0.0209351 -3.14159
1000001011 0.00843048 0
1000001100 0.0415039 -3.14159
1000001101 0.0334167 -3.14159
1000001110 0.0340881 0
1000001111 0.00675964 -3.14159
1000010000 0.0158081 -3.14159
1000010001 0.00567245 0
1000010010 0.0262451 -3.14159
1000010011 0.0166321 -3.14159
1000010100 0.0377502 0
1000010101 0.0129776 -3.14159
1000010110 0.023056 0
1000010111 0.0215302 0
1000011000 0.0151291 0
1000011001 0.0795288 -3.14159
1000011010 0.0291138 0
1000011011 0.0015564 -3.14159
1000011100 0.00928497 0
1000011101 0.0407715 0
1000011110 0.0167999 0
1000011111 0.0162048 -3.14159
1000100000 0.0205994 -3.14159
1000100001 0.0392456 0
1000100010 0.00423813 0
1000100011 0.0299988 0
1000100100 0.0224304 -3.14159
1000100101 0.0218201 -3.14159
1000100110 0.0277252 -3.14159
1000100111 0.0022316 -3.14159
1000101000 0.00379181 -3.14159
1000101001 0.0163422 0
1000101010 0.0249786 0
1000101011 0.00212097 0
1000101100 0.0277405 -3.14159
1000101101 0.0568542 -3.14159
1000101110 0.0543213 -3.14159
1000101111 0.0308838 -3.14159
1000110000 0.0219574 0
1000110001 8.89301e-05 -3.14159
1000110010 0.0223694 0
1000110011 0.00512695 0
1000110100 0.000385284 0
1000110101 0.0187225 0
1000110110 0.0135803 0
1000110111 0.0250854 0
1000111000 0.06073 -3.14159
1000111001 0.0343628 0
1000111010 0.0257568 -3.14159
1000111011 0.0151901 -3.14159
1000111100 0.0353394 0
1000111101 0.015152 0
1000111110 0.0174713 0
1000111111 0.0119553 -3.14159
1001000000 0.0237274 -3.14159
1001000001 0.0341187 -3.14159
1001000010 0.00179005 -3.14159
1001000011 0.00815582 -3.14159
1001000100 0.0182648 0
1001000101 0.0109787 0
1001000110 0.0178986 -3.14159
1001000111 0.0226135 -3.14159
1001001000 0.0560913 0
1001001001 0.00917053 -3.14159
1001001010 0.00407791 -3.14159
1001001011 0.0289001 0
1001001100 0.034729 0
1001001101 0.0101013 -3.14159
1001001110 0.0158844 0
1001001111 0.0346069 -3.14159
1001010000 0.0541077 0
1001010001 0.0283356 0
1001010010 0.0436707 -3.14159
1001010011 0.0293274 -3.14159
1001010100 0.0175629 -3.14159
1001010101 0.015564 -3.14159
1001010110 0.0180511 -3.14159
1001010111 0.0420227 0
1001011000 0.0300751 -3.14159
1001011001 0.0210114 -3.14159
1001011010 0.00761032 -3.14159
1001011011 0.00898743 -3.14159
1001011100 0.0102386 0
1001011101 0.0137711 0
1001011110 0.0193024 0
1001011111 0.00159931 -3.14159
1001100000 0.0069313 -3.14159
1001100001 0.0468445 0
1001100010 0.0117188 -3.14159
1001100011 0.0142136 0
1001100100 0.0442505 -3.14159
1001100101 0.00190353 0
1001100110 0.0116119 0
1001100111 0.0958252 0
1001101000 0.013588 0
1001101001 0.0285187 -3.14159
1001101010 0.0359497 0
1001101011 0.004673 0
1001101100 0.00786591 0
1001101101 0.0698242 0
1001101110 0.00699615 0
1001101111 0.0552368 0
1001110000 0.0266418 0
1001110001 0.0431824 -3.14159
1001110010 0.0105743 -3.14159
1001110011 0.0458374 0
1001110100 0.0359802 -3.14159
1001110101 0.0470581 0
1001110110 0.0442505 0
1001110111 0.00284386 0
1001111000 0.0225525 0
1001111001 0.0183716 -3.14159
1001111010 0.0368958 0
1001111011 0.00463486 -3.14159
1001111100 0.0131683 -3.14159
1001111101 0.00315285 -3.14159
1001111110 0.0138931 -3.14159
1001111111 0.00708771 -3.14159
1010000000 0.0113144 -3.14159
1010000001 0.0188293 -3.14159
1010000010 0.0405273 -3.14159
1010000011 0.0562439 -3.14159
1010000100 0.0044136 -3.14159
1010000101 0.0495911 0
1010000110 0.0220795 0
1010000111 0.0285797 -3.14159
1010001000 0.0278778 -3.14159
1010001001 0.0484619 0
1010001010 0.0500488 -3.14159
1010001011 0.0244904 0
1010001100 0.0267029 0
1010001101 0.00330544 0
1010001110 0.00124645 -3.14159
1010001111 0.0062294 -3.14159
1010010000 0.0290375 0
1010010001 0.0357056 -3.14159
1010010010 0.0332336 -3.14159
1010010011 0.0194855 -3.14159
1010010100 0.0301514 -3.14159
1010010101 0.015976 -3.14159
1010010110 0.0249634 -3.14159
1010010111 0.014122 0
1010011000 0.00927734 0
1010011001 0.0489502 0
1010011010 0.00447083 -3.14159
1010011011 0.0147705 0
1010011100 0.0240936 -3.14159
1010011101 0.0400696 0
1010011110 0.0279846 0
1010011111 0.000329494 0
1010100000 0.0100327 0
1010100001 0.0267334 0
1010100010 0.0292358 -3.14159
1010100011 0.0221405 -3.14159
1010100100 0.0306854 -3.14159
1010100101 0.0174561 0
1010100110 0.0126038 0
1010100111 0.0323792 0
1010101000 0.0205231 -3.14159
1010101001 0.0256958 0
1010101010 0.00278854 0
1010101011 0.111755 0
1010101100 0.0231781 0
1010101101 0.00235176 -3.14159
1010101110 0.0029583 0
1010101111 0.0100708 -3.14159
1010110000 0.0598145 0
1010110001 0.0543213 -3.14159
1010110010 0.00713348 -3.14159
1010110011 0.00431061 0
1010110100 0.0172729 0
1010110101 0.014267 0
1010110110 0.00611496 -3.14159
1010110111 0.0144119 -3.14159
1010111000 0.000437498 -3.14159
1010111001 0.0282135 0
1010111010 0.0375671 -3.14159
1010111011 0.0209351 0
1010111100 0.0277863 -3.14159
1010111101 0.0454712 0
1010111110 0.0244141 -3.14159
1010111111 0.0552673 -3.14159
1011000000 0.0131607 0
1011000001 0.0171661 -3.14159
1011000010 0.0289154 0
1011000011 0.000476837 -3.14159
1011000100 0.0422974 0
1011000101 0.0265198 0
1011000110 0.0197449 -3.14159
1011000111 0.00857544 0
1011001000 0.0648193 -3.14159
1011001001 0.0118332 0
1011001010 0.00554657 -3.14159
1011001011 0.0125427 0
1011001100 0.034668 0
1011001101 0.0120697 0
1011001110 0.0258484 -3.14159
1011001111 0.00401688 -3.14159
1011010000 0.0208282 -3.14159
1011010001 0.0563049 -3.14159
1011010010 3.82662e-05 0
1011010011 0.00716782 0
1011010100 0.000525475 -3.14159
1011010101 0.0546875 -3.14159
1011010110 0.00184155 -3.14159
1011010111 0.0426636 -3.14159
1011011000 0.0092392 -3.14159
1011011001 0.0303802 0
1011011010 0.00261116 0
1011011011 0.00394058 0
1011011100 0.00701523 -3.14159
1011011101 0.0360718 0
1011011110 0.0293427 -3.14159
1011011111 0.0398254 -3.14159
1011100000 0.0301361 0
1011100001 0.0173187 0
1011100010 0.0182037 -3.14159
1011100011 0.0670166 0
1011100100 0.0349121 0
1011100101 0.0188446 0
1011100110 0.00892639 0
1011100111 0.0248566 0
1011101000 0.0239258 0
1011101001 0.0193634 -3.14159
1011101010 0.0207672 -3.14159
1011101011 0.0101013 -3.14159
1011101100 0.0342407 0
1011101101 0.0230713 0
1011101110 0.0459595 0
1011101111 0.118286 0
1011110000 0.00466919 0
1011110001 0.0256348 -3.14159
1011110010 1.3113e-05 -3.14159
1011110011 0.0272522 -3.14159
1011110100 0.00959015 -3.14159
1011110101 0.0176544 0
1011110110 0.0415649 -3.14159
1011110111 0.0146103 -3.14159
1011111000 0.0158844 0
1011111001 0.0383301 -3.14159
1011111010 0.00707626 0
1011111011 0.00933075 -3.14159
1011111100 0.0785522 0
1011111101 0.0390015 0
1011111110 0.0533752 0
1011111111 0.0298157 0
1100000000 0.0221252 -3.14159
1100000001 0.0368652 0
1100000010 0.0059967 0
1100000011 0.00471497 -3.14159
1100000100 0.0295258 -3.14159
1100000101 0.0125046 -3.14159
1100000110 0.02005 0
1100000111 0.00831604 0
1100001000 0.00727081 0
1100001001 0.00505066 0
1100001010 0.00886536 0
1100001011 0.0307007 0
1100001100 0.0083313 -3.14159
1100001101 0.0136948 0
1100001110 0.0184021 0
1100001111 0.016571 0
1100010000 0.0530396 0
1100010001 0.0227051 0
1100010010 0.012764 -3.14159
1100010011 0.0225525 -3.14159
1100010100 0.00162315 0
1100010101 0.0218811 -3.14159
1100010110 0.00508499 0
1100010111 0.0581055 0
1100011000 0.024353 -3.14159
1100011001 0.0357056 -3.14159
1100011010 0.0128937 0
1100011011 0.0282135 0
1100011100 0.00766373 0
1100011101 0.00639343 0
1100011110 0.010643 -3.14159
1100011111 0.0231934 -3.14159
1100100000 0.0306854 0
1100100001 0.0243378 -3.14159
1100100010 0.020462 0
1100100011 0.0016346 0
1100100100 0.0110016 0
1100100101 0.052063 -3.14159
1100100110 0.0117493 0
1100100111 0.00417709 0
1100101000 0.0313721 -3.14159
1100101001 0.0209961 0
1100101010 0.0120544 0
1100101011 0.0572205 0
1100101100 0.00386047 -3.14159
1100101101 0.0410461 -3.14159
1100101110 0.0878296 0
1100101111 0.00530624 0
1100110000 0.0260925 -3.14159
1100110001 0.0249786 -3.14159
1100110010 0.0269928 0
1100110011 0.0287323 -3.14159
1100110100 0.0169983 0
1100110101 0.0310211 -3.14159
1100110110 0.0412292 0
1100110111 0.00393677 0
1100111000 0.00849915 -3.14159
1100111001 0.00987244 0
1100111010 0.0115051 -3.14159
1100111011 0.0295258 -3.14159
1100111100 0.02948 -3.14159
1100111101 0.0197754 -3.14159
1100111110 0.0378723 -3.14159
1100111111 0.0343323 -3.14159
1101000000 0.0506897 0
1101000001 0.0089035 -3.14159
1101000010 0.0033226 -3.14159
1101000011 0.0134048 -3.14159
1101000100 0.046936 0
1101000101 0.0606079 0
1101000110 0.0132751 0
1101000111 0.00911713 0
1101001000 0.0415649 0
1101001001 0.0123978 0
1101001010 0.00465012 -3.14159
1101001011 0.0453491 0
1101001100 0.00659943 0
1101001101 0.0354004 0
1101001110 0.0225067 0
1101001111 0.00253296 0
1101010000 0.00325775 -3.14159
1101010001 0.0130768 -3.14159
1101010010 0.0249176 0
1101010011 0.0584717 0
1101010100 0.00078249 -3.14159
1101010101 0.00516129 0
1101010110 0.0152512 0
1101010111 0.0273438 0
1101011000 0.0169067 0
1101011001 0.0228577 0
1101011010 0.047821 0
1101011011 0.00827026 -3.14159
1101011100 0.00479507 0
1101011101 0.00027442 0
1101011110 0.0243073 -3.14159
1101011111 0.0579834 -3.14159
1101100000 0.0107498 0
1101100001 0.00276375 -3.14159
1101100010 0.0436401 -3.14159
1101100011 0.0218811 0
1101100100 0.0252075 -3.14159
1101100101 0.0204163 -3.14159
1101100110 0.0502625 -3.14159
1101100111 0.016571 0
1101101000 0.0513 0
1101101001 0.0320129 0
1101101010 0.041626 0
1101101011 0.000896931 0
1101101100 0.0167084 -3.14159
1101101101 0.0188599 0
1101101110 0.0480652 0
1101101111 0.0513 -3.14159
1101110000 0.0338745 -3.14159
1101110001 0.0491028 0
1101110010 0.012825 -3.14159
1101110011 0.0372009 -3.14159
1101110100 0.000710487 -3.14159
1101110101 0.00110912 0
1101110110 0.0197144 -3.14159
1101110111 0.0264282 -3.14159
1101111000 0.0225677 -3.14159
1101111001 0.00551224 -3.14159
1101111010 0.0164032 -3.14159
1101111011 0.0135803 -3.14159
1101111100 0.056427 0
1101111101 0.0377502 -3.14159
1101111110 0.0101013 0
1101111111 0.0171509 -3.14159
1110000000 0.000269413 -3.14159
1110000001 0.0232391 0
1110000010 0.0797119 0
1110000011 0.019928 -3.14159
1110000100 0.0314941 -3.14159
1110000101 0.00177097 0
1110000110 0.0527344 -3.14159
1110000111 0.030838 0
1110001000 0.00239754 0
1110001001 0.00595856 -3.14159
1110001010 0.0176697 0
1110001011 0.00389671 -3.14159
1110001100 0.0157928 -3.14159
1110001101 0.0673828 0
1110001110 0.0233459 0
1110001111 0.0133438 0
1110010000 0.0260925 -3.14159
1110010001 0.0218811 0
1110010010 0.00952911 -3.14159
1110010011 0.0473022 0
1110010100 0.0386658 -3.14159
1110010101 0.0383301 -3.14159
1110010110 0.0533752 0
1110010111 0.0325012 -3.14159
1110011000 0.00181389 0
1110011001 0.0331421 -3.14159
1110011010 0.0389709 0
1110011011 0.0542297 -3.14159
1110011100 0.0361023 0
1110011101 0.0185852 -3.14159
1110011110 0.00706863 -3.14159
1110011111 0.0725708 0
1110100000 0.0420227 0
1110100001 0.00535965 -3.14159
1110100010 0.0424194 -3.14159
1110100011 0.00430679 -3.14159
1110100100 0.00668335 0
1110100101 0.0449829 0
1110100110 0.0260773 -3.14159
1110100111 0.0218658 0
1110101000 0.0126877 -3.14159
1110101001 0.0195465 0
1110101010 0.0258484 0
1110101011 0.029541 0
1110101100 0.0290833 0
1110101101 0.0293884 0
1110101110 0.0123291 0
1110101111 0.00784302 0
1110110000 0.028656 0
1110110001 0.0161285 -3.14159
1110110010 0.0153885 -3.14159
1110110011 0.0724487 -3.14159
1110110100 0.0150757 -3.14159
1110110101 0.0599976 -3.14159
1110110110 0.0249023 0
1110110111 0.033783 -3.14159
1110111000 0.00408554 0
1110111001 0.0983887 -3.14159
1110111010 0.0359802 -3.14159
1110111011 0.0250854 0
1110111100 0.0302582 -3.14159
1110111101 0.0198059 0
1110111110 0.0112686 -3.14159
1110111111 0.0242462 -3.14159
1111000000 0.0259705 0
1111000001 0.0365601 -3.14159
1111000010 0.0177765 0
1111000011 0.0181427 -3.14159
1111000100 0.0356445 -3.14159
1111000101 0.0193939 -3.14159
1111000110 0.0362854 0
1111000111 0.00656509 -3.14159
1111001000 0.0181122 -3.14159
1111001001 0.0241394 -3.14159
1111001010 0.00311279 -3.14159
1111001011 0.0100555 0
1111001100 0.0166168 -3.14159
1111001101 0.0175476 -3.14159
1111001110 0.00872803 0
1111001111 0.0925293 0
1111010000 0.0152817 -3.14159
1111010001 0.0352783 -3.14159
1111010010 0.008255 -3.14159
1111010011 0.0201721 0
1111010100 0.0007267 0
1111010101 0.0201111 0
1111010110 0.0298309 0
1111010111 0.00773621 -3.14159
1111011000 0.0142365 0
1111011001 0.0317688 -3.14159
1111011010 0.0538635 -3.14159
1111011011 0.0247955 0
1111011100 0.0034523 0
1111011101 0.0143661 -3.14159
1111011110 0.0263214 -3.14159
1111011111 0.0129089 -3.14159
1111100000 0.019928 0
1111100001 0.00912476 -3.14159
1111100010 0.00461578 0
1111100011 0.0723267 -3.14159
1111100100 0.0107498 0
1111100101 0.0144958 -3.14159
1111100110 0.0396729 0
1111100111 0.000737667 -3.14159
1111101000 0.00492096 0
1111101001 0.0157166 0
1111101010 0.049469 -3.14159
1111101011 0.0576782 -3.14159
1111101100 0.0852661 0
1111101101 0.0251465 -3.14159
1111101110 0.0484924 0
1111101111 0.0513611 0
1111110000 0.0375061 -3.14159
1111110001 0.083313 0
1111110010 0.00548172 0
1111110011 0.0307617 -3.14159
1111110100 0.0536194 -3.14159
1111110101 0.0157318 0
1111110110 0.0195007 -3.14159
1111110111 0.0051651 0
1111111000 0.0239563 -3.14159
1111111001 0.0516663 -3.14159
1111111010 0.0291595 -3.14159
1111111011 0.0278473 -3.14159
1111111100 0.0206909 0
1111111101 0.0301971 0
1111111110 0.0418701 0
1111111111 0.0328674 0
