0000000000 0.0171661 0
0000000001 0.0427246 0
0000000010 0.00458908 -3.14159
0000000011 0.00934601 -3.14159
0000000100 0.011734 -3.14159
0000000101 0.0341187 0
0000000110 0.0277405 -3.14159
0000000111 0.00966644 0
0000001000 0.02388 0
0000001001 0.0179749 -3.14159
0000001010 0.0153961 -3.14159
0000001011 0.00959778 0
0000001100 0.0323792 -3.14159
0000001101 0.00923157 0
0000001110 0.00735092 0
0000001111 0.0206604 0
0000010000 0.0130768 0
0000010001 0.0256195 -3.14159
0000010010 0.016861 -3.14159
0000010011 0.0482788 -3.14159
0000010100 0.0371399 -3.14159
0000010101 0.0302734 0
0000010110 0.0122223 -3.14159
0000010111 0.0632324 0
0000011000 0.0605774 0
0000011001 0.0147858 -3.14159
0000011010 0.0200806 -3.14159
0000011011 0.0475769 -3.14159
0000011100 0.0196228 -3.14159
0000011101 0.02211 -3.14159
0000011110 0.0171509 0
0000011111 0.0113373 -3.14159
0000100000 0.0817871 -3.14159
0000100001 0.0220032 -3.14159
0000100010 0.0667114 -3.14159
0000100011 0.0151443 -3.14159
0000100100 0.00361061 0
0000100101 0.00365829 0
0000100110 0.0113983 -3.14159
0000100111 0.0175171 0
0000101000 0.00774765 -3.14159
0000101001 0.0378113 -3.14159
0000101010 0.030899 -3.14159
0000101011 0.00080204 0
0000101100 0.0675049 -3.14159
0000101101 0.0126419 0
0000101110 0.0104294 0
0000101111 0.0194855 0
0000110000 0.0211639 0
0000110001 0.0540161 -3.14159
0000110010 0.0387573 -3.14159
0000110011 0.0265503 0
0000110100 0.0277557 -3.14159
0000110101 0.00745773 -3.14159
0000110110 0.0131836 -3.14159
0000110111 0.035614 0
0000111000 0.0384216 -3.14159
0000111001 0.0169525 -3.14159
0000111010 0.00617599 -3.14159
0000111011 0.0314331 -3.14159
0000111100 0.0183105 0
0000111101 0.0364075 0
0000111110 0.00466919 -3.14159
0000111111 0.000430107 0
0001000000 0.0473938 0
0001000001 0.0325317 0
0001000010 0.0137939 -3.14159
0001000011 0.0154953 0
0001000100 0.00490952 -3.14159
0001000101 0.0106506 -3.14159
0001000110 0.0393677 -3.14159
0001000111 0.000762463 0
0001001000 0.0377808 -3.14159
0001001001 0.0066185 0
0001001010 0.0155106 0
0001001011 0.0151596 -3.14159
0001001100 0.0299225 -3.14159
0001001101 0.0204163 0
0001001110 0.00707245 0
0001001111 0.000116289 -3.14159
0001010000 0.0213623 0
0001010001 0.0252686 -3.14159
0001010010 0.0493469 -3.14159
0001010011 0.0214233 0
0001010100 0.0274811 0
0001010101 0.000442505 -3.14159
0001010110 0.0247803 0
0001010111 0.00432205 0
0001011000 0.00238228 -3.14159
0001011001 0.0220184 0
0001011010 0.00685883 0
0001011011 0.00764465 0
0001011100 0.0432739 0
0001011101 0.040802 -3.14159
0001011110 0.0229492 -3.14159
0001011111 0.0374756 0
0001100000 0.00141811 0
0001100001 0.0161438 -3.14159
0001100010 0.0643921 -3.14159
0001100011 0.00559616 -3.14159
0001100100 0.0483398 -3.14159
0001100101 0.0207214 0
0001100110 0.00598907 0
0001100111 0.00888824 0
0001101000 0.00421906 0
0001101001 0.0896606 0
0001101010 0.0164337 -3.14159
0001101011 0.0117798 -3.14159
0001101100 0.0111618 0
0001101101 0.0492554 -3.14159
0001101110 0.000919819 0
0001101111 0.00566864 0
0001110000 0.0596619 -3.14159
0001110001 0.009758 -3.14159
0001110010 0.0458984 -3.14159
0001110011 0.0467834 0
0001110100 0.0221863 -3.14159
0001110101 0.0102539 0
0001110110 0.00204086 -3.14159
0001110111 0.0218201 -3.14159
0001111000 0.0432129 -3.14159
0001111001 0.00122452 0
0001111010 0.016449 -3.14159
0001111011 0.00403214 0
0001111100 0.0223846 -3.14159
0001111101 0.0218658 0
0001111110 0.00174046 0
0001111111 0.00431061 -3.14159
0010000000 0.0244141 0
0010000001 0.0288239 -3.14159
0010000010 0.0146637 0
0010000011 0.0508728 -3.14159
0010000100 0.0283813 0
0010000101 0.0223236 -3.14159
0010000110 0.0214233 0
0010000111 0.00921631 0
0010001000 0.0160217 -3.14159
0010001001 0.0152512 -3.14159
0010001010 0.000375986 0
0010001011 0.00174522 -3.14159
0010001100 0.019104 0
0010001101 0.0121918 0
0010001110 0.0333557 0
0010001111 0.00801849 -3.14159
0010010000 0.0332031 -3.14159
0010010001 0.00812531 -3.14159
0010010010 0.00908661 -3.14159
0010010011 0.00788116 -3.14159
0010010100 0.0159454 -3.14159
0010010101 0.00852203 0
0010010110 0.00966644 -3.14159
0010010111 0.0419922 0
0010011000 0.0241852 -3.14159
0010011001 0.0191498 -3.14159
0010011010 0.00323486 0
0010011011 0.00476837 -3.14159
0010011100 0.0158234 -3.14159
0010011101 0.0166779 0
0010011110 0.0130768 0
0010011111 0.00310707 -3.14159
0010100000 0.00532532 0
0010100001 3.88026e-05 -3.14159
0010100010 0.0164795 -3.14159
0010100011 0.00885773 0
0010100100 0.00598907 -3.14159
0010100101 0.000643253 -3.14159
0010100110 0.00946045 0
0010100111 0.0196381 0
0010101000 0.0156403 0
0010101001 0.0228882 0
0010101010 0.00284004 0
0010101011 0.0283051 0
0010101100 0.0357971 0
0010101101 0.0367737 0
0010101110 0.0119934 -3.14159
0010101111 0.00309181 -3.14159
0010110000 0.0146484 0
0010110001 0.0531006 -3.14159
0010110010 0.0446777 -3.14159
0010110011 0.0369873 0
0010110100 0.0404663 0
0010110101 0.0183105 -3.14159
0010110110 0.0189667 0
0010110111 0.0455627 -3.14159
0010111000 0.00664902 0
0010111001 0.00728226 -3.14159
0010111010 0.0042305 0
0010111011 0.00121593 -3.14159
0010111100 0.0453491 0
0010111101 0.0472717 -3.14159
0010111110 0.00783539 0
0010111111 0.0420532 -3.14159
0011000000 0.0358276 0
0011000001 0.0125656 0
0011000010 0.0014925 -3.14159
0011000011 0.0205078 0
0011000100 0.0116959 -3.14159
0011000101 0.00899506 0
0011000110 0.0374451 0
0011000111 0.000443459 0
0011001000 0.0195312 0
0011001001 0.00616837 -3.14159
0011001010 0.0223236 0
0011001011 0.0260162 -3.14159
0011001100 0.00579453 -3.14159
0011001101 0.00554276 0
0011001110 0.00469208 -3.14159
0011001111 0.0102234 0
0011010000 0.00761795 0
0011010001 0.0149155 0
0011010010 0.026001 0
0011010011 0.00942993 0
0011010100 0.0113449 0
0011010101 0.0222015 -3.14159
0011010110 0.026474 -3.14159
0011010111 0.0653076 0
0011011000 0.00632477 -3.14159
0011011001 0.0213013 0
0011011010 0.00940704 0
0011011011 0.00136471 0
0011011100 0.00920868 0
0011011101 0.04776 -3.14159
0011011110 0.0570068 -3.14159
0011011111 0.0140991 0
0011100000 0.0293274 0
0011100001 0.0120697 0
0011100010 0.00328255 0
0011100011 0.0470581 -3.14159
0011100100 0.0301514 0
0011100101 0.0387878 0
0011100110 0.014267 0
0011100111 0.02948 -3.14159
0011101000 0.0153656 -3.14159
0011101001 0.00133705 0
0011101010 0.065918 -3.14159
0011101011 0.00383377 -3.14159
0011101100 0.0177765 -3.14159
0011101101 0.00162125 -3.14159
0011101110 0.00922394 -3.14159
0011101111 0.0405273 0
0011110000 0.0107651 0
0011110001 0.0210419 -3.14159
0011110010 0.056366 0
0011110011 0.067688 -3.14159
0011110100 0.00438309 -3.14159
0011110101 0.0258789 0
0011110110 0.0209808 0
0011110111 0.00105286 -3.14159
0011111000 0.0983887 0
0011111001 0.0116043 0
0011111010 0.00245857 0
0011111011 0.00716019 -3.14159
0011111100 0.00849152 0
0011111101 0.0355835 -3.14159
0011111110 0.0294952 0
0011111111 0.0157013 0
0100000000 0.059845 0
0100000001 0.0215302 0
0100000010 0.0225983 -3.14159
0100000011 0.0209351 0
0100000100 0.0379333 -3.14159
0100000101 0.0177002 -3.14159
0100000110 0.0523071 0
0100000111 0.0567627 0
0100001000 0.00949097 -3.14159
0100001001 0.0259705 -3.14159
0100001010 0.00109386 -3.14159
0100001011 0.0384827 -3.14159
0100001100 0.0277557 -3.14159
0100001101 0.0107117 -3.14159
0100001110 0.0174713 0
0100001111 0.0198517 -3.14159
0100010000 0.0413513 0
0100010001 0.0614624 -3.14159
0100010010 0.0182037 -3.14159
0100010011 0.00999451 0
0100010100 0.0410767 0
0100010101 0.00215149 -3.14159
0100010110 0.0223694 0
0100010111 0.0024929 -3.14159
0100011000 0.00116348 0
0100011001 0.0299225 0
0100011010 0.0142746 -3.14159
0100011011 0.0689697 -3.14159
0100011100 0.00653076 -3.14159
0100011101 0.0203857 0
0100011110 0.0439758 -3.14159
0100011111 0.030899 0
0100100000 0.0360718 -3.14159
0100100001 0.00411606 0
0100100010 0.00935364 -3.14159
0100100011 0.0192871 0
0100100100 0.0300598 -3.14159
0100100101 0.0384521 0
0100100110 0.0446777 -3.14159
0100100111 0.0473633 -3.14159
0100101000 0.0362854 0
0100101001 0.0898438 -3.14159
0100101010 0.0663452 0
0100101011 0.009552 -3.14159
0100101100 0.043396 0
0100101101 0.0574951 -3.14159
0100101110 0.0461426 0
0100101111 0.000576496 0
0100110000 0.0452881 0
0100110001 0.049408 -3.14159
0100110010 0.00442886 0
0100110011 0.0340881 -3.14159
0100110100 0.00751495 0
0100110101 0.0464783 0
0100110110 0.0165863 -3.14159
0100110111 0.0121384 0
0100111000 0.0221252 -3.14159
0100111001 0.0338135 -3.14159
0100111010 0.0410156 -3.14159
0100111011 0.0505066 -3.14159
0100111100 0.0576477 -3.14159
0100111101 0.0152359 -3.14159
0100111110 0.0616455 0
0100111111 0.00914001 -3.14159
0101000000 3.06368e-05 0
0101000001 0.0119476 0
0101000010 0.00093317 -3.14159
0101000011 0.0010128 0
0101000100 0.00685501 -3.14159
0101000101 0.0498657 0
0101000110 0.0440369 -3.14159
0101000111 0.045105 -3.14159
0101001000 0.00395966 0
0101001001 0.00287056 -3.14159
0101001010 0.00393677 0
0101001011 0.0489807 0
0101001100 0.0036602 -3.14159
0101001101 0.00214577 0
0101001110 0.012825 0
0101001111 0.00810242 -3.14159
0101010000 0.036438 0
0101010001 0.0304108 -3.14159
0101010010 0.0328064 0
0101010011 0.0419312 -3.14159
0101010100 0.0122375 0
0101010101 0.00734711 0
0101010110 0.0173492 0
0101010111 0.00534821 0
0101011000 0.0303497 0
0101011001 0.016449 0
0101011010 0.0191803 -3.14159
0101011011 0.0784912 -3.14159
0101011100 0.0147552 -3.14159
0101011101 0.0825806 0
0101011110 0.00949097 0
0101011111 0.0215302 0
0101100000 0.0245209 0
0101100001 0.0759888 -3.14159
0101100010 0.021637 -3.14159
0101100011 0.0225525 -3.14159
0101100100 0.00121212 0
0101100101 0.0180817 0
0101100110 0.0358887 -3.14159
0101100111 0.0389404 -3.14159
0101101000 0.0542603 -3.14159
0101101001 0.0161896 -3.14159
0101101010 0.0158997 0
0101101011 0.0138092 0
0101101100 0.0235596 -3.14159
0101101101 0.0339355 -3.14159
0101101110 0.0125351 -3.14159
0101101111 0.00410461 0
0101110000 0.0274658 -3.14159
0101110001 0.0182648 -3.14159
0101110010 0.0186615 -3.14159
0101110011 0.0127411 0
0101110100 0.0446472 0
0101110101 0.00709534 0
0101110110 0.0240631 0
0101110111 0.0150757 -3.14159
0101111000 0.0312195 0
0101111001 0.0332031 0
0101111010 0.0277557 0
0101111011 0.0466614 -3.14159
0101111100 0.0398865 -3.14159
0101111101 0.0162811 -3.14159
0101111110 0.0224304 0
0101111111 0.0696411 0
0110000000 0.0205841 0
0110000001 0.046051 0
0110000010 0.01828 -3.14159
0110000011 0.0571899 0
0110000100 0.0824585 -3.14159
0110000101 0.0170288 0
0110000110 0.0249939 0
0110000111 0.0177917 0
0110001000 0.0192108 -3.14159
0110001001 0.0183411 -3.14159
0110001010 0.00674057 -3.14159
0110001011 0.0255585 -3.14159
0110001100 0.0260925 0
0110001101 0.0307617 -3.14159
0110001110 0.0236511 0
0110001111 0.0192566 -3.14159
0110010000 0.0448914 0
0110010001 0.00952148 0
0110010010 0.0146408 -3.14159
0110010011 0.0211945 0
0110010100 0.0877686 -3.14159
0110010101 0.0623169 -3.14159
0110010110 0.00490952 0
0110010111 0.0252228 0
0110011000 0.00728989 0
0110011001 0.0318298 -3.14159
0110011010 0.00770569 -3.14159
0110011011 0.0479736 0
0110011100 0.00958252 0
0110011101 0.00252342 0
0110011110 0.0368042 0
0110011111 0.00164795 0
0110100000 0.0564575 0
0110100001 0.0132599 0
0110100010 0.0237427 0
0110100011 0.0458374 -3.14159
0110100100 0.0315247 0
0110100101 0.0369873 0
0110100110 0.0171509 0
0110100111 0.0128098 -3.14159
0110101000 0.0227661 -3.14159
0110101001 0.0272827 -3.14159
0110101010 0.0292053 0
0110101011 0.0229034 -3.14159
0110101100 0.0207367 -3.14159
0110101101 0.0384521 0
0110101110 0.0141602 0
0110101111 0.0170898 0
0110110000 0.0109482 0
0110110001 0.0722656 -3.14159
0110110010 0.0378418 0
0110110011 0.00798035 0
0110110100 0.00231934 0
0110110101 0.0282745 0
0110110110 0.0439758 0
0110110111 0.00283623 0
0110111000 0.0436707 -3.14159
0110111001 0.0064621 -3.14159
0110111010 0.00661469 0
0110111011 0.065979 0
0110111100 0.0372314 -3.14159
0110111101 0.00317764 -3.14159
0110111110 0.0120468 -3.14159
0110111111 0.025116 -3.14159
0111000000 0.0120163 0
0111000001 0.0629272 -3.14159
0111000010 0.00240898 -3.14159
0111000011 0.020401 -3.14159
0111000100 0.00524521 0
0111000101 0.0266266 0
0111000110 0.0367737 -3.14159
0111000111 0.016449 -3.14159
0111001000 0.051178 0
0111001001 0.0019331 0
0111001010 0.00146389 -3.14159
0111001011 0.0103455 0
0111001100 0.00841522 0
0111001101 0.0315552 -3.14159
0111001110 0.0586548 0
0111001111 0.069397 0
0111010000 0.0343628 0
0111010001 0.00384521 0
0111010010 0.0138779 0
0111010011 0.0578003 0
0111010100 0.0266724 0
0111010101 0.0129929 -3.14159
0111010110 0.00634766 0
0111010111 0.00157642 -3.14159
0111011000 0.0323792 0
0111011001 0.00482941 -3.14159
0111011010 0.017746 0
0111011011 0.0158997 0
0111011100 0.0180969 0
0111011101 0.0335999 0
0111011110 0.0520935 0
0111011111 0.000639439 0
0111100000 0.00139236 -3.14159
0111100001 0.0224152 -3.14159
0111100010 0.0302887 0
0111100011 0.0154495 0
0111100100 0.00518799 0
0111100101 0.0415955 -3.14159
0111100110 0.025528 -3.14159
0111100111 0.024704 -3.14159
0111101000 0.0345154 -3.14159
0111101001 0.0252533 0
0111101010 0.0219421 -3.14159
0111101011 0.0354004 -3.14159
0111101100 0.0202332 -3.14159
0111101101 0.0242157 -3.14159
0111101110 0.0288696 0
0111101111 0.00510406 -3.14159
0111110000 0.00141621 -3.14159
0111110001 0.0499573 -3.14159
0111110010 0.039978 0
0111110011 0.0709839 -3.14159
0111110100 0.0261383 0
0111110101 0.00979614 -3.14159
0111110110 0.0204773 -3.14159
0111110111 0.0247498 0
0111111000 0.0612183 -3.14159
0111111001 0.0239563 0
0111111010 0.00245094 -3.14159
0111111011 0.00457001 0
0111111100 0.00444794 0
0111111101 0.00102997 0
0111111110 0.0209351 -3.14159
0111111111 0.0427246 0
1000000000 0.0074501 0
1000000001 0.00218773 0
1000000010 0.0166321 -3.14159
1000000011 0.00416946 -3.14159
1000000100 0.0350037 0
1000000101 0.0421448 0
1000000110 0.0306396 0
1000000111 0.0193329 0
1000001000 0.0129929 0
1000001001 0.0215607 0
1000001010 0.00596237 -3.14159
1000001011 0.056488 -3.14159
1000001100 0.00111771 -3.14159
1000001101 0.0515747 -3.14159
1000001110 0.0548096 -3.14159
1000001111 0.0237122 -3.14159
1000010000 0.00816345 -3.14159
1000010001 0.0385132 -3.14159
1000010010 0.00972748 0
1000010011 0.0151215 0
1000010100 0.0430298 0
1000010101 0.0185547 0
1000010110 0.00579453 0
1000010111 0.00510788 0
1000011000 0.032135 0
1000011001 0.0149155 0
1000011010 0.0056572 -3.14159
1000011011 0.0508423 0
1000011100 0.00416946 -3.14159
1000011101 0.0152359 -3.14159
1000011110 0.00244331 -3.14159
1000011111 0.00102806 0
1000100000 0.0397949 -3.14159
1000100001 0.0281982 -3.14159
1000100010 0.0168152 0
1000100011 0.00385284 -3.14159
1000100100 0.0119019 0
1000100101 0.0748901 -3.14159
1000100110 0.0290833 -3.14159
1000100111 0.0764771 0
1000101000 0.0245514 0
1000101001 0.00218201 -3.14159
1000101010 0.0138245 -3.14159
1000101011 0.00170708 0
1000101100 0.0118179 -3.14159
1000101101 0.0379028 0
1000101110 0.0103302 0
1000101111 0.0123444 0
1000110000 0.00464249 0
1000110001 0.0132065 0
1000110010 0.0324707 0
1000110011 0.0332642 -3.14159
1000110100 0.04422 -3.14159
1000110101 0.0218964 0
1000110110 0.034729 -3.14159
1000110111 0.0256195 0
1000111000 0.027359 -3.14159
1000111001 0.0357361 -3.14159
1000111010 0.0337524 0
1000111011 0.00752258 -3.14159
1000111100 0.0171967 0
1000111101 0.0199127 0
1000111110 0.00263023 -3.14159
1000111111 0.00331306 0
1001000000 0.0157166 0
1001000001 0.034668 -3.14159
1001000010 0.0202789 0
1001000011 0.0274353 0
1001000100 0.0161743 -3.14159
1001000101 0.00447845 0
1001000110 0.0396729 -3.14159
1001000111 0.0527954 -3.14159
1001001000 0.00210381 0
1001001001 0.0112762 -3.14159
1001001010 0.0357971 -3.14159
1001001011 0.0174255 0
1001001100 0.0318298 0
1001001101 0.0488281 -3.14159
1001001110 0.032959 -3.14159
1001001111 0.00178242 -3.14159
1001010000 0.00780487 0
1001010001 0.0366516 -3.14159
1001010010 0.0131378 0
1001010011 0.0116119 -3.14159
1001010100 0.0213013 -3.14159
1001010101 0.0470581 -3.14159
1001010110 0.0123062 0
1001010111 0.0271149 -3.14159
1001011000 0.00497055 0
1001011001 0.00563812 0
1001011010 0.0226746 0
1001011011 0.00488663 0
1001011100 0.0167236 -3.14159
1001011101 0.0130463 -3.14159
1001011110 0.0170593 0
1001011111 0.000714779 0
1001100000 0.0337219 0
1001100001 0.0119019 0
1001100010 0.0125351 -3.14159
1001100011 0.0209351 0
1001100100 0.0255127 -3.14159
1001100101 0.0154343 0
1001100110 0.0392456 0
1001100111 0.0775757 0
1001101000 0.00485611 0
1001101001 0.0036602 -3.14159
1001101010 0.0549622 0
1001101011 0.0253448 0
1001101100 0.0276947 0
1001101101 0.00128555 0
1001101110 0.0401611 -3.14159
1001101111 0.0193939 -3.14159
1001110000 0.0397034 0
1001110001 0.0666504 -3.14159
1001110010 0.00590134 -3.14159
1001110011 0.0176392 0
1001110100 0.009758 -3.14159
1001110101 0.0164948 -3.14159
1001110110 0.0121613 0
1001110111 0.016449 -3.14159
1001111000 0.0409241 0
1001111001 0.00965881 0
1001111010 0.0189362 0
1001111011 0.0398865 0
1001111100 0.0031929 0
1001111101 0.0130463 -3.14159
1001111110 0.0301514 -3.14159
1001111111 0.000981331 -3.14159
1010000000 0.00246239 -3.14159
1010000001 0.0126953 0
1010000010 0.00987244 0
1010000011 0.0191956 -3.14159
1010000100 0.00930023 -3.14159
1010000101 0.032959 -3.14159
1010000110 0.0314331 -3.14159
1010000111 0.0273743 -3.14159
1010001000 0.0208588 -3.14159
1010001001 0.0456543 0
1010001010 0.0245361 0
1010001011 0.0509033 0
1010001100 0.00976562 -3.14159
1010001101 0.0283051 -3.14159
1010001110 0.0157623 0
1010001111 0.0398865 0
1010010000 0.0698853 0
1010010001 0.00976562 -3.14159
1010010010 0.054657 -3.14159
1010010011 0.00743484 0
1010010100 0.0243225 0
1010010101 0.0178986 0
1010010110 0.00904846 -3.14159
1010010111 0.0103378 -3.14159
1010011000 0.0811768 0
1010011001 0.0146866 -3.14159
1010011010 0.00362396 0
1010011011 0.043396 -3.14159
1010011100 0.0166626 0
1010011101 0.0120621 0
1010011110 0.00832367 0
1010011111 0.00370789 -3.14159
1010100000 0.0243835 -3.14159
1010100001 0.018219 -3.14159
1010100010 0.0193176 -3.14159
1010100011 0.00521469 -3.14159
1010100100 0.0103607 0
1010100101 0.00146294 0
1010100110 0.00767517 0
1010100111 0.0166321 -3.14159
1010101000 0.0211792 0
1010101001 0.0200653 0
1010101010 0.0207825 -3.14159
1010101011 0.0174866 0
1010101100 0.0323792 0
1010101101 0.0267334 -3.14159
1010101110 0.000824928 0
1010101111 0.0214691 0
1010110000 0.0439148 0
1010110001 0.0205994 -3.14159
1010110010 0.00980377 0
1010110011 0.0372009 -3.14159
1010110100 0.071106 -3.14159
1010110101 0.0352478 0
1010110110 0.012764 -3.14159
1010110111 0.00143909 0
1010111000 0.000970364 0
1010111001 0.0135727 0
1010111010 0.0392456 -3.14159
1010111011 0.0204926 -3.14159
1010111100 0.0295868 0
1010111101 0.0428772 0
1010111110 0.0270844 -3.14159
1010111111 0.00597 0
1011000000 0.0415649 -3.14159
1011000001 0.0235596 0
1011000010 0.0233154 0
1011000011 0.0221558 -3.14159
1011000100 0.00288582 -3.14159
1011000101 0.0120544 0
1011000110 0.00305748 0
1011000111 0.0192871 0
1011001000 0.000538349 -3.14159
1011001001 0.0352173 -3.14159
1011001010 0.0264282 -3.14159
1011001011 0.0284576 -3.14159
1011001100 0.0222626 -3.14159
1011001101 0.0187378 -3.14159
1011001110 0.0163879 0
1011001111 0.0222931 -3.14159
1011010000 0.0198059 0
1011010001 0.0463257 -3.14159
1011010010 0.00779724 0
1011010011 0.0277252 0
1011010100 0.0446167 -3.14159
1011010101 0.00677872 0
1011010110 0.0554504 0
1011010111 0.0137634 0
1011011000 0.00259972 0
1011011001 0.0263062 0
1011011010 0.0133209 -3.14159
1011011011 0.0312805 -3.14159
1011011100 0.0259857 0
1011011101 0.0249634 0
1011011110 0.00521851 0
1011011111 0.00105 0
1011100000 0.0150909 -3.14159
1011100001 0.0214844 -3.14159
1011100010 0.0404968 0
1011100011 0.00491333 0
1011100100 0.0363464 0
1011100101 0.0400696 0
1011100110 0.00463867 -3.14159
1011100111 0.0386353 -3.14159
1011101000 0.0789185 -3.14159
1011101001 0.0143585 -3.14159
1011101010 0.0737305 -3.14159
1011101011 0.021759 0
1011101100 0.0145874 0
1011101101 0.0220337 0
1011101110 0.00727844 0
1011101111 0.0620422 0
1011110000 0.0393066 -3.14159
1011110001 0.0132065 -3.14159
1011110010 0.023056 -3.14159
1011110011 0.0325317 0
1011110100 0.00749969 -3.14159
1011110101 0.00978088 0
1011110110 0.0350952 -3.14159
1011110111 0.0248413 0
1011111000 0.0111771 0
1011111001 0.00154305 -3.14159
1011111010 0.0291901 -3.14159
1011111011 0.0750122 0
1011111100 0.00538635 -3.14159
1011111101 0.00435638 0
1011111110 0.050354 0
1011111111 0.00131226 -3.14159
1100000000 0.0418396 0
1100000001 0.0195312 0
1100000010 0.0151443 -3.14159
1100000011 0.0429077 -3.14159
1100000100 0.0303497 -3.14159
1100000101 0.0723267 0
1100000110 0.0118713 0
1100000111 0.0131912 -3.14159
1100001000 0.0578918 -3.14159
1100001001 0.0420532 -3.14159
1100001010 0.00161362 -3.14159
1100001011 0.0217743 0
1100001100 0.000405312 -3.14159
1100001101 0.00470352 -3.14159
1100001110 0.0523987 -3.14159
1100001111 0.0407104 0
1100010000 0.00659943 -3.14159
1100010001 0.00756836 0
1100010010 0.0498657 0
1100010011 0.0345154 -3.14159
1100010100 0.00675964 -3.14159
1100010101 0.00807953 -3.14159
1100010110 0.0431824 0
1100010111 0.0831299 0
1100011000 0.0940552 -3.14159
1100011001 0.0223389 0
1100011010 0.0296173 -3.14159
1100011011 0.0339661 0
1100011100 0.0379333 0
1100011101 0.0126266 0
1100011110 0.00130844 0
1100011111 0.0294952 -3.14159
1100100000 0.0418091 0
1100100001 0.0495605 0
1100100010 0.00239754 -3.14159
1100100011 0.0343628 0
1100100100 0.0094986 0
1100100101 0.0559082 -3.14159
1100100110 0.0437622 0
1100100111 0.0332031 -3.14159
1100101000 0.0386963 0
1100101001 0.0121384 0
1100101010 0.0121994 -3.14159
1100101011 0.0195312 0
1100101100 0.000824451 0
1100101101 0.0134964 -3.14159
1100101110 0.0571899 0
1100101111 0.0256958 0
1100110000 0.03125 0
1100110001 0.0653687 -3.14159
1100110010 0.0164795 -3.14159
1100110011 0.0340881 0
1100110100 0.0218506 0
1100110101 0.0148468 0
1100110110 0.0233459 0
1100110111 0.00964355 -3.14159
1100111000 0.0330811 -3.14159
1100111001 0.0922852 -3.14159
1100111010 0.00540161 -3.14159
1100111011 0.0365601 -3.14159
1100111100 0.0534058 -3.14159
1100111101 0.00591278 0
1100111110 0.0284729 -3.14159
1100111111 0.0281067 -3.14159
1101000000 0.0901489 -3.14159
1101000001 0.0320129 0
1101000010 0.001647 0
1101000011 0.00848389 -3.14159
1101000100 0.0566406 0
1101000101 0.0101776 0
1101000110 0.0356445 -3.14159
1101000111 0.0740967 0
1101001000 0.0309906 0
1101001001 0.0593872 0
1101001010 0.00630569 0
1101001011 0.039917 0
1101001100 0.00281525 0
1101001101 0.0149002 0
1101001110 0.0353088 0
1101001111 0.0333557 0
1101010000 0.00765228 -3.14159
1101010001 0.00361824 -3.14159
1101010010 0.0377808 -3.14159
1101010011 0.0704956 -3.14159
1101010100 0.0297394 0
1101010101 0.020813 -3.14159
1101010110 0.0340881 -3.14159
1101010111 0.00610352 0
1101011000 0.0572815 -3.14159
1101011001 0.0160217 0
1101011010 0.0193939 0
1101011011 0.0433044 -3.14159
1101011100 0.00182819 -3.14159
1101011101 0.0406799 -3.14159
1101011110 0.00408936 -3.14159
1101011111 0.0254211 -3.14159
1101100000 0.0803833 0
1101100001 0.0551758 0
1101100010 0.0167847 -3.14159
1101100011 0.00872803 -3.14159
1101100100 0.000826836 0
1101100101 0.0189056 -3.14159
1101100110 0.0247955 0
1101100111 0.0355225 -3.14159
1101101000 0.00197983 0
1101101001 0.0104828 -3.14159
1101101010 0.0405884 0
1101101011 0.0014267 0
1101101100 0.00698471 -3.14159
1101101101 0.0214996 -3.14159
1101101110 0.0180054 -3.14159
1101101111 0.0104218 -3.14159
1101110000 0.00985718 -3.14159
1101110001 0.0602417 0
1101110010 0.0107727 0
1101110011 0.040863 -3.14159
1101110100 0.0103149 0
1101110101 0.0377502 -3.14159
1101110110 0.0230255 -3.14159
1101110111 0.00952148 0
1101111000 0.0219116 0
1101111001 0.00203133 -3.14159
1101111010 0.00680923 -3.14159
1101111011 0.00870514 -3.14159
1101111100 0.0070343 0
1101111101 0.0447998 -3.14159
1101111110 0.0201874 -3.14159
1101111111 0.0980835 0
1110000000 0.0612183 -3.14159
1110000001 0.00406647 -3.14159
1110000010 0.0604248 0
1110000011 0.0479431 0
1110000100 0.0584717 0
1110000101 0.0516663 0
1110000110 0.0255585 -3.14159
1110000111 0.00953674 0
1110001000 0.0122223 0
1110001001 0.0266418 0
1110001010 0.0415955 0
1110001011 0.0200958 -3.14159
1110001100 0.0174713 0
1110001101 0.0142975 0
1110001110 0.0204315 0
1110001111 0.000959396 0
1110010000 0.0280457 0
1110010001 0.0461426 -3.14159
1110010010 0.0263672 -3.14159
1110010011 0.00925446 0
1110010100 0.0480347 -3.14159
1110010101 0.0489197 -3.14159
1110010110 0.029129 0
1110010111 0.0647583 -3.14159
1110011000 0.0143585 0
1110011001 0.0172577 0
1110011010 0.0341797 -3.14159
1110011011 0.0315247 -3.14159
1110011100 0.0222931 0
1110011101 0.0154343 -3.14159
1110011110 0.019928 0
1110011111 0.0319824 0
1110100000 0.00333595 -3.14159
1110100001 0.0192871 0
1110100010 0.0327148 0
1110100011 0.0210266 -3.14159
1110100100 0.0575867 0
1110100101 0.0533447 0
1110100110 0.0381165 -3.14159
1110100111 0.00606155 0
1110101000 0.00148678 -3.14159
1110101001 0.0250854 0
1110101010 0.0215759 0
1110101011 0.0271606 0
1110101100 0.0284271 -3.14159
1110101101 0.0341797 0
1110101110 0.0527649 -3.14159
1110101111 0.0211029 -3.14159
1110110000 0.0106506 -3.14159
1110110001 0.0118408 0
1110110010 0.0575562 -3.14159
1110110011 0.0430908 -3.14159
1110110100 0.0183563 -3.14159
1110110101 0.0775146 0
1110110110 0.0153198 -3.14159
1110110111 0.0143356 -3.14159
1110111000 0.00206375 0
1110111001 0.0357361 0
1110111010 0.0393372 0
1110111011 0.00515747 0
1110111100 0.0184784 -3.14159
1110111101 0.0179901 -3.14159
1110111110 0.000412703 0
1110111111 0.0157928 0
1111000000 0.0107117 0
1111000001 0.0837402 0
1111000010 0.0348816 0
1111000011 0.00318909 -3.14159
1111000100 0.013176 0
1111000101 0.0211334 -3.14159
1111000110 0.00900269 -3.14159
1111000111 0.0144272 0
1111001000 0.0432129 0
1111001001 0.0138931 0
1111001010 0.00800323 -3.14159
1111001011 0.0225677 -3.14159
1111001100 0.0254211 0
1111001101 0.0894165 0
1111001110 0.00259972 -3.14159
1111001111 0.00505829 0
1111010000 0.0100937 -3.14159
1111010001 0.000827312 0
1111010010 0.0140152 -3.14159
1111010011 0.0362549 -3.14159
1111010100 0.00627518 0
1111010101 0.00157261 -3.14159
1111010110 0.0470581 0
1111010111 0.024704 0
1111011000 0.0561218 0
1111011001 0.0173035 -3.14159
1111011010 0.0112305 0
1111011011 0.00648117 -3.14159
1111011100 0.00830078 -3.14159
1111011101 0.016098 0
1111011110 0.0193939 0
1111011111 0.0193787 -3.14159
1111100000 0.0923462 0
1111100001 0.00769043 -3.14159
1111100010 0.0228424 -3.14159
1111100011 0.0269165 0
1111100100 0.0466003 -3.14159
1111100101 0.0178833 0
1111100110 0.0900879 -3.14159
1111100111 0.0270538 -3.14159
1111101000 0.00823975 0
1111101001 0.0324097 -3.14159
1111101010 0.0454407 -3.14159
1111101011 0.0756836 0
1111101100 0.0688477 0
1111101101 0.00892639 -3.14159
1111101110 0.0245667 0
1111101111 0.00156116 0
1111110000 0.0114517 -3.14159
1111110001 0.0265961 0
1111110010 0.0350342 -3.14159
1111110011 0.0011301 0
1111110100 0.0127792 0
1111110101 0.0107956 0
1111110110 0.0224762 0
1111110111 0.012207 0
1111111000 0.00244713 0
1111111001 0.0616455 -3.14159
1111111010 0.0100327 0
1111111011 0.0353394 -3.14159
1111111100 0.0171051 -3.14159
1111111101 0.0437012 0
1111111110 0.00106144 -3.14159
1111111111 0.0257874 -3.14159
