0000000000 0.0267792 0
0000000001 0.0554199 0
0000000010 0.0259094 -3.14159
0000000011 0.00245857 -3.14159
0000000100 0.00105 -3.14159
0000000101 0.0155029 0
0000000110 0.030899 -3.14159
0000000111 0.0168152 -3.14159
0000001000 0.0106125 0
0000001001 0.0261688 -3.14159
0000001010 0.00788879 -3.14159
0000001011 0.013031 0
0000001100 0.0351257 -3.14159
0000001101 0.00913239 0
0000001110 0.00139523 0
0000001111 0.0430298 0
0000010000 0.0122757 -3.14159
0000010001 0.0234985 -3.14159
0000010010 0.004776 -3.14159
0000010011 0.0181122 -3.14159
0000010100 0.0226135 -3.14159
0000010101 0.0312195 0
0000010110 0.00485992 -3.14159
0000010111 0.0180206 0
0000011000 0.0641479 0
0000011001 0.0123215 -3.14159
0000011010 0.00402832 0
0000011011 0.0380554 -3.14159
0000011100 0.0372925 -3.14159
0000011101 0.00646591 -3.14159
0000011110 0.00683975 0
0000011111 0.0202179 -3.14159
0000100000 0.0737305 -3.14159
0000100001 0.0240479 -3.14159
0000100010 0.0588684 -3.14159
0000100011 0.030365 -3.14159
0000100100 0.020813 0
0000100101 0.00232697 -3.14159
0000100110 0.00823212 -3.14159
0000100111 0.0101624 -3.14159
0000101000 0.0231323 -3.14159
0000101001 0.0406494 -3.14159
0000101010 0.0410156 -3.14159
0000101011 0.029068 -3.14159
0000101100 0.0466614 -3.14159
0000101101 0.0316467 0
0000101110 0.00773239 -3.14159
0000101111 0.00292778 -3.14159
0000110000 0.0235291 0
0000110001 0.0252991 -3.14159
0000110010 0.0486145 -3.14159
0000110011 0.0222168 0
0000110100 0.019455 0
0000110101 0.014679 -3.14159
0000110110 0.0201263 -3.14159
0000110111 0.035614 0
0000111000 0.0313416 -3.14159
0000111001 0.00961304 -3.14159
0000111010 0.00716782 -3.14159
0000111011 0.0300446 -3.14159
0000111100 0.00309563 0
0000111101 0.00862885 0
0000111110 0.0117416 0
0000111111 0.00547409 -3.14159
0001000000 0.0635376 0
0001000001 0.0237122 0
0001000010 0.02211 -3.14159
0001000011 0.0131607 0
0001000100 0.0372925 -3.14159
0001000101 0.0147171 -3.14159
0001000110 0.030777 -3.14159
0001000111 0.0315247 0
0001001000 0.0432739 -3.14159
0001001001 0.0241852 0
0001001010 0.0372314 0
0001001011 0.00568771 -3.14159
0001001100 0.0519104 -3.14159
0001001101 0.0285339 0
0001001110 0.0142822 0
0001001111 0.000128388 0
0001010000 0.00450516 0
0001010001 0.0232697 -3.14159
0001010010 0.0304718 -3.14159
0001010011 0.0264893 0
0001010100 0.0227356 0
0001010101 0.0019722 0
0001010110 0.00765991 0
0001010111 0.0106201 0
0001011000 0.0225372 -3.14159
0001011001 0.0223389 0
0001011010 0.0485535 0
0001011011 0.0146408 -3.14159
0001011100 0.0864258 0
0001011101 0.0300293 -3.14159
0001011110 0.020462 -3.14159
0001011111 0.0413513 0
0001100000 9.56655e-05 -3.14159
0001100001 0.00568771 -3.14159
0001100010 0.0408936 -3.14159
0001100011 0.0101242 -3.14159
0001100100 0.056366 -3.14159
0001100101 0.0105209 -3.14159
0001100110 0.00648117 -3.14159
0001100111 0.0322876 0
0001101000 0.0499268 0
0001101001 0.0762939 0
0001101010 0.0189056 -3.14159
0001101011 0.00747299 -3.14159
0001101100 0.0286713 0
0001101101 0.0401611 -3.14159
0001101110 0.00588608 -3.14159
0001101111 0.0079422 -3.14159
0001110000 0.0612793 -3.14159
0001110001 0.0256653 -3.14159
0001110010 0.0411987 -3.14159
0001110011 0.00798798 0
0001110100 0.0334778 -3.14159
0001110101 0.00405121 -3.14159
0001110110 0.000127912 0
0001110111 0.00880432 0
0001111000 0.0625 -3.14159
0001111001 0.0152283 -3.14159
0001111010 0.0439148 -3.14159
0001111011 0.0242767 0
0001111100 0.0122986 -3.14159
0001111101 0.0239716 0
0001111110 0.0368958 -3.14159
0001111111 0.00869751 -3.14159
0010000000 0.0340271 0
0010000001 0.0228729 0
0010000010 0.0139999 0
0010000011 0.0322876 -3.14159
0010000100 0.0240784 0
0010000101 0.0491028 -3.14159
0010000110 0.0450439 0
0010000111 0.00348091 0
0010001000 0.0176697 -3.14159
0010001001 0.0129242 -3.14159
0010001010 0.0176697 -3.14159
0010001011 0.0227051 0
0010001100 0.023056 0
0010001101 0.0312042 0
0010001110 0.0272217 0
0010001111 0.0243835 -3.14159
0010010000 0.0122757 -3.14159
0010010001 0.0319824 -3.14159
0010010010 0.00408173 -3.14159
0010010011 0.0122375 -3.14159
0010010100 0.0170135 -3.14159
0010010101 0.00963593 0
0010010110 0.00940704 -3.14159
0010010111 0.0548401 0
0010011000 0.00129414 0
0010011001 0.0371704 -3.14159
0010011010 0.00559616 -3.14159
0010011011 0.0102463 -3.14159
0010011100 0.011879 -3.14159
0010011101 0.0219421 0
0010011110 0.0256958 -3.14159
0010011111 0.021759 0
0010100000 0.0287933 0
0010100001 0.00482178 -3.14159
0010100010 0.000492096 0
0010100011 0.00171375 -3.14159
0010100100 0.0075531 -3.14159
0010100101 0.0107422 -3.14159
0010100110 0.0259399 0
0010100111 0.0253296 0
0010101000 0.0269165 0
0010101001 0.0480042 0
0010101010 0.0187073 -3.14159
0010101011 0.0175629 0
0010101100 0.016983 0
0010101101 0.0322571 0
0010101110 0.0101318 -3.14159
0010101111 0.00826263 0
0010110000 0.0126877 0
0010110001 0.0933838 -3.14159
0010110010 0.0252228 -3.14159
0010110011 0.0500183 0
0010110100 0.0283508 0
0010110101 0.0138931 -3.14159
0010110110 0.0311737 0
0010110111 0.0238342 -3.14159
0010111000 0.012886 -3.14159
0010111001 0.0179596 -3.14159
0010111010 0.0225525 0
0010111011 0.0236053 0
0010111100 0.0403748 0
0010111101 0.0377197 -3.14159
0010111110 0.0106735 -3.14159
0010111111 0.058197 -3.14159
0011000000 0.051239 0
0011000001 0.0229645 0
0011000010 0.0091095 -3.14159
0011000011 0.0491943 0
0011000100 0.00431442 0
0011000101 0.000592232 0
0011000110 0.0191193 0
0011000111 0.0126724 -3.14159
0011001000 0.0160217 0
0011001001 0.0304565 -3.14159
0011001010 0.0262909 0
0011001011 0.0176697 -3.14159
0011001100 0.0106201 -3.14159
0011001101 0.00622559 0
0011001110 0.00504684 0
0011001111 0.016922 0
0011010000 0.00899506 0
0011010001 0.0141754 -3.14159
0011010010 0.0235596 0
0011010011 0.0147171 0
0011010100 0.0152893 -3.14159
0011010101 0.0464478 -3.14159
0011010110 0.0443115 -3.14159
0011010111 0.0425415 0
0011011000 0.00853729 -3.14159
0011011001 0.0155487 0
0011011010 0.000607491 0
0011011011 0.0181427 0
0011011100 0.00826263 0
0011011101 0.0180511 -3.14159
0011011110 0.0668945 -3.14159
0011011111 0.0181122 0
0011100000 0.0192413 0
0011100001 0.0322571 0
0011100010 0.00287628 -3.14159
0011100011 0.0498962 -3.14159
0011100100 0.00190353 -3.14159
0011100101 0.0369263 0
0011100110 0.0269775 -3.14159
0011100111 0.0161896 -3.14159
0011101000 0.0569458 -3.14159
0011101001 0.0125122 0
0011101010 0.0724487 -3.14159
0011101011 0.0203857 -3.14159
0011101100 0.0133057 -3.14159
0011101101 0.00261688 -3.14159
0011101110 0.00799561 0
0011101111 0.0586548 0
0011110000 0.00147533 -3.14159
0011110001 0.0122299 -3.14159
0011110010 0.00208664 -3.14159
0011110011 0.0702515 -3.14159
0011110100 0.0214539 0
0011110101 0.00410843 -3.14159
0011110110 0.0349121 0
0011110111 0.000427961 -3.14159
0011111000 0.0870361 0
0011111001 0.00829315 -3.14159
0011111010 0.00169277 0
0011111011 0.0114288 0
0011111100 0.00937653 -3.14159
0011111101 0.0327148 -3.14159
0011111110 0.0043869 -3.14159
0011111111 0.0055275 0
0100000000 0.0754395 0
0100000001 0.0548706 0
0100000010 0.0287476 -3.14159
0100000011 0.0372314 0
0100000100 0.0475769 -3.14159
0100000101 0.00720596 -3.14159
0100000110 0.000571728 0
0100000111 0.0205078 0
0100001000 0.00250053 0
0100001001 0.00537491 0
0100001010 0.0374146 0
0100001011 0.032196 -3.14159
0100001100 0.0203705 -3.14159
0100001101 0.0274658 -3.14159
0100001110 0.000952244 -3.14159
0100001111 0.0267487 -3.14159
0100010000 0.0554199 0
0100010001 0.0547791 -3.14159
0100010010 0.0281067 -3.14159
0100010011 0.0266876 -3.14159
0100010100 0.0543518 0
0100010101 0.0117569 -3.14159
0100010110 0.00082922 0
0100010111 0.00383949 -3.14159
0100011000 0.00783539 -3.14159
0100011001 0.0172577 0
0100011010 0.0296783 -3.14159
0100011011 0.0537109 -3.14159
0100011100 0.0066185 -3.14159
0100011101 0.0116196 -3.14159
0100011110 0.0141068 -3.14159
0100011111 0.0604248 0
0100100000 0.0266876 -3.14159
0100100001 0.0118027 0
0100100010 0.0109711 0
0100100011 0.000115395 0
0100100100 0.0123062 -3.14159
0100100101 0.022644 0
0100100110 0.0424194 -3.14159
0100100111 0.0409546 -3.14159
0100101000 0.0478516 0
0100101001 0.0847778 -3.14159
0100101010 0.0206299 0
0100101011 0.0252533 -3.14159
0100101100 0.0253448 0
0100101101 0.0662842 -3.14159
0100101110 0.0498962 0
0100101111 0.0122528 -3.14159
0100110000 0.011261 0
0100110001 0.0141449 -3.14159
0100110010 0.00327682 0
0100110011 0.00549316 -3.14159
0100110100 0.00957489 0
0100110101 0.0178986 0
0100110110 0.0309601 -3.14159
0100110111 0.0195923 -3.14159
0100111000 0.0151291 0
0100111001 0.0597839 -3.14159
0100111010 0.038269 -3.14159
0100111011 0.0184174 -3.14159
0100111100 0.0331116 -3.14159
0100111101 0.0337524 -3.14159
0100111110 0.0447693 0
0100111111 0.0177307 0
0101000000 0.0188141 0
0101000001 0.0288239 0
0101000010 0.0161896 -3.14159
0101000011 0.0034771 0
0101000100 0.0109482 0
0101000101 0.0242615 0
0101000110 0.0110168 -3.14159
0101000111 0.0218658 -3.14159
0101001000 0.0220795 0
0101001001 0.0187683 -3.14159
0101001010 0.0286713 0
0101001011 0.0217133 0
0101001100 0.00695419 0
0101001101 0.00180531 -3.14159
0101001110 0.011322 -3.14159
0101001111 0.0060997 -3.14159
0101010000 0.00208855 0
0101010001 0.0060997 0
0101010010 0.0322266 0
0101010011 0.0619812 -3.14159
0101010100 0.0139999 0
0101010101 0.0314331 0
0101010110 0.00138474 -3.14159
0101010111 0.0168762 0
0101011000 0.0268402 0
0101011001 0.012764 -3.14159
0101011010 0.0157013 -3.14159
0101011011 0.0740967 -3.14159
0101011100 0.0285797 -3.14159
0101011101 0.0499268 0
0101011110 0.00682068 -3.14159
0101011111 0.0148621 0
0101100000 0.0132675 0
0101100001 0.0500183 -3.14159
0101100010 0.0146103 -3.14159
0101100011 0.0291138 -3.14159
0101100100 0.00585556 0
0101100101 0.00933838 0
0101100110 0.00462723 -3.14159
0101100111 0.0198822 -3.14159
0101101000 0.0643311 -3.14159
0101101001 0.0283203 -3.14159
0101101010 0.0301361 0
0101101011 0.014122 0
0101101100 0.0168762 -3.14159
0101101101 0.0364685 -3.14159
0101101110 0.00319481 -3.14159
0101101111 0.0263519 0
0101110000 0.009552 -3.14159
0101110001 0.0144958 0
0101110010 0.0294952 -3.14159
0101110011 0.0207825 0
0101110100 0.055481 0
0101110101 0.00506592 0
0101110110 0.00092268 -3.14159
0101110111 0.0251923 -3.14159
0101111000 0.0399475 0
0101111001 0.0532227 0
0101111010 0.0420532 0
0101111011 0.0334473 -3.14159
0101111100 0.0439758 -3.14159
0101111101 0.00869751 -3.14159
0101111110 0.0522766 0
0101111111 0.043457 0
0110000000 0.00481796 0
0110000001 0.0527344 0
0110000010 0.0582886 -3.14159
0110000011 0.052063 0
0110000100 0.0800171 -3.14159
0110000101 0.025177 -3.14159
0110000110 0.045105 0
0110000111 0.0252838 0
0110001000 0.015213 -3.14159
0110001001 0.0273285 -3.14159
0110001010 0.015625 -3.14159
0110001011 0.00513458 0
0110001100 0.00189114 0
0110001101 0.0365295 -3.14159
0110001110 0.0409546 0
0110001111 0.0195923 -3.14159
0110010000 0.0330505 0
0110010001 0.00200653 -3.14159
0110010010 0.00934601 -3.14159
0110010011 0.000315666 0
0110010100 0.0578003 -3.14159
0110010101 0.0623474 -3.14159
0110010110 0.0156097 0
0110010111 0.0222626 0
0110011000 0.0202789 0
0110011001 0.0238495 -3.14159
0110011010 0.050354 -3.14159
0110011011 0.0698242 0
0110011100 0.0106201 0
0110011101 0.0202789 0
0110011110 0.00494003 -3.14159
0110011111 0.038208 0
0110100000 0.0492554 0
0110100001 0.012352 0
0110100010 0.048584 0
0110100011 0.0266418 -3.14159
0110100100 0.0644531 0
0110100101 0.0397339 0
0110100110 0.00527191 0
0110100111 0.0121918 0
0110101000 0.0175018 -3.14159
0110101001 0.00922394 -3.14159
0110101010 0.00272942 -3.14159
0110101011 0.0239868 -3.14159
0110101100 0.0323792 -3.14159
0110101101 0.00382614 -3.14159
0110101110 0.00695419 -3.14159
0110101111 0.0110626 -3.14159
0110110000 0.0260162 0
0110110001 0.0596619 -3.14159
0110110010 0.0587158 0
0110110011 0.0199585 -3.14159
0110110100 0.0456543 0
0110110101 0.0224304 0
0110110110 0.0499878 0
0110110111 0.0108871 0
0110111000 0.0282898 -3.14159
0110111001 0.0436707 -3.14159
0110111010 0.0210419 -3.14159
0110111011 0.0643921 0
0110111100 0.0312195 -3.14159
0110111101 0.0063858 -3.14159
0110111110 0.0201569 -3.14159
0110111111 0.0240173 -3.14159
0111000000 0.00426102 0
0111000001 0.0596619 -3.14159
0111000010 0.00643921 -3.14159
0111000011 0.0421753 -3.14159
0111000100 0.0315247 -3.14159
0111000101 0.0158081 0
0111000110 0.0246277 -3.14159
0111000111 0.0171051 -3.14159
0111001000 0.0457458 0
0111001001 0.0019722 0
0111001010 0.00872803 -3.14159
0111001011 0.0116806 0
0111001100 0.00271797 -3.14159
0111001101 0.0366516 -3.14159
0111001110 0.0341187 0
0111001111 0.0772095 0
0111010000 0.0339661 0
0111010001 0.0186615 0
0111010010 0.0157623 0
0111010011 0.0644531 0
0111010100 0.0297089 0
0111010101 0.0252838 -3.14159
0111010110 0.0109558 -3.14159
0111010111 0.0351257 -3.14159
0111011000 0.00489044 0
0111011001 0.0155334 -3.14159
0111011010 0.0129318 0
0111011011 0.00478363 -3.14159
0111011100 0.0393677 0
0111011101 0.0375061 0
0111011110 0.0137863 0
0111011111 0.0282135 -3.14159
0111100000 0.0252686 -3.14159
0111100001 0.00171375 0
0111100010 0.0194244 0
0111100011 0.0275269 0
0111100100 0.00372887 -3.14159
0111100101 0.0500793 -3.14159
0111100110 0.0350952 -3.14159
0111100111 0.0366516 -3.14159
0111101000 0.0449829 -3.14159
0111101001 0.0172729 0
0111101010 0.0430603 -3.14159
0111101011 0.0108871 -3.14159
0111101100 0.0203857 -3.14159
0111101101 0.00803375 -3.14159
0111101110 0.0206604 0
0111101111 0.0246277 -3.14159
0111110000 0.00289345 -3.14159
0111110001 0.0345154 -3.14159
0111110010 0.0514832 0
0111110011 0.0936279 -3.14159
0111110100 0.023468 0
0111110101 0.0121155 -3.14159
0111110110 0.00253868 0
0111110111 0.0240631 0
0111111000 0.0482178 -3.14159
0111111001 0.00192642 0
0111111010 0.000175834 -3.14159
0111111011 0.0126877 0
0111111100 0.025528 -3.14159
0111111101 0.00546646 0
0111111110 0.0126572 0
0111111111 0.0595093 0
1000000000 0.00714111 0
1000000001 0.0246887 -3.14159
1000000010 0.0341187 -3.14159
1000000011 0.000667572 -3.14159
1000000100 0.0388489 0
1000000101 0.0383911 0
1000000110 0.0154114 0
1000000111 0.0409851 0
1000001000 0.00999451 0
1000001001 0.00748062 -3.14159
1000001010 0.00454712 0
1000001011 0.046051 -3.14159
1000001100 0.0154648 0
1000001101 0.0378418 -3.14159
1000001110 0.0331116 -3.14159
1000001111 0.00691986 0
1000010000 0.000114262 -3.14159
1000010001 0.0480652 -3.14159
1000010010 0.0176086 0
1000010011 0.00655365 0
1000010100 0.0479126 0
1000010101 0.0410156 0
1000010110 0.0231018 0
1000010111 0.0100174 -3.14159
1000011000 0.0142517 0
1000011001 0.0396118 0
1000011010 0.0328369 -3.14159
1000011011 0.0665894 0
1000011100 0.0157471 -3.14159
1000011101 0.0092392 0
1000011110 0.00554657 0
1000011111 0.0173645 0
1000100000 0.020874 -3.14159
1000100001 0.0205841 -3.14159
1000100010 0.00718689 -3.14159
1000100011 0.00522614 0
1000100100 0.00820923 0
1000100101 0.0336914 -3.14159
1000100110 0.0252533 -3.14159
1000100111 0.0489807 0
1000101000 0.010231 0
1000101001 0.00840759 -3.14159
1000101010 0.000385761 0
1000101011 0.0234985 -3.14159
1000101100 0.0280457 -3.14159
1000101101 0.0372314 0
1000101110 0.00784302 0
1000101111 0.0204163 0
1000110000 0.0119781 -3.14159
1000110001 0.0116425 0
1000110010 0.0289307 0
1000110011 0.0404053 -3.14159
1000110100 0.0193329 -3.14159
1000110101 0.0414124 0
1000110110 0.0549316 -3.14159
1000110111 0.0245209 0
1000111000 0.00582504 -3.14159
1000111001 0.0324097 -3.14159
1000111010 0.0313416 0
1000111011 0.00548935 0
1000111100 0.0133972 0
1000111101 0.0125504 0
1000111110 0.0149307 0
1000111111 0.0210876 0
1001000000 0.0470276 0
1001000001 0.00392151 -3.14159
1001000010 0.0111618 0
1001000011 0.00110435 -3.14159
1001000100 0.0145493 -3.14159
1001000101 0.0106277 -3.14159
1001000110 0.041687 -3.14159
1001000111 0.0457764 -3.14159
1001001000 0.00591278 -3.14159
1001001001 0.0356445 0
1001001010 0.026062 -3.14159
1001001011 0.0184174 0
1001001100 0.00843048 0
1001001101 0.0171814 -3.14159
1001001110 0.0387268 -3.14159
1001001111 0.0327759 0
1001010000 0.016098 -3.14159
1001010001 0.0286102 -3.14159
1001010010 0.00656891 0
1001010011 0.0139084 0
1001010100 0.00939941 -3.14159
1001010101 0.0419617 -3.14159
1001010110 0.00488663 0
1001010111 0.00901031 -3.14159
1001011000 0.00318718 0
1001011001 0.000811577 -3.14159
1001011010 0.00309372 0
1001011011 0.0254211 0
1001011100 0.0249329 -3.14159
1001011101 0.0476685 -3.14159
1001011110 0.0317078 -3.14159
1001011111 0.00458527 -3.14159
1001100000 0.00354004 -3.14159
1001100001 0.0012331 -3.14159
1001100010 0.0181122 -3.14159
1001100011 0.0308228 0
1001100100 0.0424805 -3.14159
1001100101 0.00304413 0
1001100110 0.0350952 0
1001100111 0.0697632 0
1001101000 0.0154114 -3.14159
1001101001 0.00644684 -3.14159
1001101010 0.0362244 0
1001101011 0.0458374 0
1001101100 0.0513916 0
1001101101 0.0145874 0
1001101110 0.0352783 -3.14159
1001101111 0.01091 -3.14159
1001110000 0.041748 0
1001110001 0.0652466 -3.14159
1001110010 0.0137634 -3.14159
1001110011 0.0139847 0
1001110100 0.0239716 -3.14159
1001110101 0.0195007 -3.14159
1001110110 0.0220184 0
1001110111 0.0165253 -3.14159
1001111000 0.041687 0
1001111001 0.0108643 0
1001111010 0.0448608 0
1001111011 0.0435181 0
1001111100 0.0307465 0
1001111101 0.00673676 0
1001111110 0.0334473 -3.14159
1001111111 0.0191498 0
1010000000 0.0102692 0
1010000001 0.0246277 0
1010000010 0.00116539 -3.14159
1010000011 0.00538635 -3.14159
1010000100 0.00418091 0
1010000101 0.043457 -3.14159
1010000110 0.00491333 -3.14159
1010000111 0.0428772 -3.14159
1010001000 0.0167847 0
1010001001 0.0355835 0
1010001010 0.022934 0
1010001011 0.000656605 -3.14159
1010001100 0.0235443 0
1010001101 0.0174561 -3.14159
1010001110 0.0515747 0
1010001111 0.0487671 0
1010010000 0.0544128 0
1010010001 0.00485992 0
1010010010 0.0535583 -3.14159
1010010011 0.0286865 0
1010010100 0.0191803 -3.14159
1010010101 0.0130081 0
1010010110 0.022171 0
1010010111 0.0299683 -3.14159
1010011000 0.0896606 0
1010011001 0.00659943 -3.14159
1010011010 0.0128403 0
1010011011 0.054718 -3.14159
1010011100 0.000621796 -3.14159
1010011101 0.00909424 -3.14159
1010011110 0.0120468 -3.14159
1010011111 0.016037 0
1010100000 0.0170898 -3.14159
1010100001 0.0345764 -3.14159
1010100010 0.0056839 -3.14159
1010100011 0.025116 -3.14159
1010100100 0.0218048 0
1010100101 0.0143356 -3.14159
1010100110 0.00444412 0
1010100111 0.0143585 -3.14159
1010101000 0.0292053 0
1010101001 0.0315247 0
1010101010 0.000391245 0
1010101011 0.0079422 0
1010101100 0.0423279 0
1010101101 0.0404358 -3.14159
1010101110 0.00576401 -3.14159
1010101111 0.0475769 0
1010110000 0.0231323 0
1010110001 0.0089035 -3.14159
1010110010 0.0315552 0
1010110011 0.0367737 -3.14159
1010110100 0.032135 -3.14159
1010110101 0.0174408 0
1010110110 0.03125 -3.14159
1010110111 0.033844 -3.14159
1010111000 0.00863647 -3.14159
1010111001 0.000699997 -3.14159
1010111010 0.0323181 -3.14159
1010111011 0.0131378 0
1010111100 0.0310669 0
1010111101 0.053833 0
1010111110 0.03302 -3.14159
1010111111 0.0212402 0
1011000000 0.0494385 -3.14159
1011000001 0.0277863 0
1011000010 0.0143204 0
1011000011 0.0210724 -3.14159
1011000100 0.00450897 0
1011000101 0.0163727 0
1011000110 0.017868 -3.14159
1011000111 0.00317192 0
1011001000 0.00357056 0
1011001001 0.0457458 -3.14159
1011001010 0.0391541 -3.14159
1011001011 0.0333862 -3.14159
1011001100 0.0404053 -3.14159
1011001101 0.0052948 -3.14159
1011001110 0.02211 0
1011001111 0.0147476 -3.14159
1011010000 0.00249672 0
1011010001 0.0352173 -3.14159
1011010010 0.000140548 -3.14159
1011010011 0.0268555 0
1011010100 0.0184479 -3.14159
1011010101 0.0110626 0
1011010110 0.024765 0
1011010111 0.0152512 0
1011011000 0.0079422 -3.14159
1011011001 0.0105133 0
1011011010 0.00556946 -3.14159
1011011011 0.0216827 -3.14159
1011011100 0.0169067 -3.14159
1011011101 0.0365601 0
1011011110 0.0132675 0
1011011111 0.00722122 0
1011100000 0.00839233 0
1011100001 0.0250397 -3.14159
1011100010 0.0469666 0
1011100011 2.00868e-05 -3.14159
1011100100 0.0132446 0
1011100101 0.0501099 0
1011100110 0.00580215 0
1011100111 0.0134048 -3.14159
1011101000 0.0997925 -3.14159
1011101001 0.0227203 -3.14159
1011101010 0.0678711 -3.14159
1011101011 0.0394592 0
1011101100 0.0424805 0
1011101101 0.0241394 -3.14159
1011101110 0.0155029 0
1011101111 0.0757446 0
1011110000 0.0569153 -3.14159
1011110001 0.00125313 0
1011110010 0.00942993 -3.14159
1011110011 0.00480652 -3.14159
1011110100 0.010025 0
1011110101 0.0169525 -3.14159
1011110110 0.0301819 -3.14159
1011110111 0.0316467 0
1011111000 0.0233307 -3.14159
1011111001 0.00888824 0
1011111010 0.00498199 0
1011111011 0.041626 0
1011111100 0.00522995 -3.14159
1011111101 0.0212097 -3.14159
1011111110 0.021637 0
1011111111 0.00129414 0
1100000000 0.0452881 0
1100000001 0.0376587 0
1100000010 0.0262146 -3.14159
1100000011 0.0505676 -3.14159
1100000100 0.015213 -3.14159
1100000101 0.0500183 0
1100000110 0.0109863 0
1100000111 0.000286579 0
1100001000 0.0701294 -3.14159
1100001001 0.021698 -3.14159
1100001010 0.0116882 0
1100001011 0.0114822 0
1100001100 0.00601959 0
1100001101 0.0184631 -3.14159
1100001110 0.0472107 -3.14159
1100001111 0.0449829 0
1100010000 0.0186615 -3.14159
1100010001 0.00456238 -3.14159
1100010010 0.0473022 0
1100010011 8.01086e-05 -3.14159
1100010100 0.0283966 -3.14159
1100010101 0.0112305 -3.14159
1100010110 0.0275269 0
1100010111 0.0631104 0
1100011000 0.0761108 -3.14159
1100011001 0.0188446 0
1100011010 0.00657654 -3.14159
1100011011 0.0206146 0
1100011100 0.0385742 0
1100011101 0.0689087 0
1100011110 0.00154781 -3.14159
1100011111 0.0128555 -3.14159
1100100000 0.0342712 0
1100100001 0.0450439 0
1100100010 0.00906372 0
1100100011 0.0353088 0
1100100100 0.00255966 -3.14159
1100100101 0.0324097 -3.14159
1100100110 0.00865173 0
1100100111 0.0345459 -3.14159
1100101000 0.0521545 0
1100101001 0.0470886 0
1100101010 0.0064888 -3.14159
1100101011 0.00362015 0
1100101100 0.0188446 0
1100101101 0.00751877 -3.14159
1100101110 0.048645 0
1100101111 0.026413 0
1100110000 0.0230103 0
1100110001 0.057373 -3.14159
1100110010 0.0102234 -3.14159
1100110011 0.00868988 0
1100110100 0.00842285 0
1100110101 0.035614 0
1100110110 0.0286407 0
1100110111 0.000781536 0
1100111000 0.013855 -3.14159
1100111001 0.0808716 -3.14159
1100111010 0.024231 0
1100111011 0.0129776 -3.14159
1100111100 0.0350647 -3.14159
1100111101 0.0113678 -3.14159
1100111110 0.0252228 -3.14159
1100111111 0.0537415 -3.14159
1101000000 0.0558472 -3.14159
1101000001 0.0134048 0
1101000010 0.00939941 0
1101000011 0.000107825 -3.14159
1101000100 0.0289001 0
1101000101 0.00946808 -3.14159
1101000110 0.0393677 -3.14159
1101000111 0.0844727 0
1101001000 0.00772095 -3.14159
1101001001 0.0698242 0
1101001010 0.00715256 0
1101001011 0.0375977 0
1101001100 0.0230255 -3.14159
1101001101 0.010231 0
1101001110 0.0296783 0
1101001111 0.0415344 0
1101010000 0.00374603 -3.14159
1101010001 0.0182648 -3.14159
1101010010 0.0387573 -3.14159
1101010011 0.0500793 -3.14159
1101010100 0.0368347 0
1101010101 0.0204926 -3.14159
1101010110 0.0402832 -3.14159
1101010111 0.0263062 0
1101011000 0.0217133 -3.14159
1101011001 0.0245819 0
1101011010 0.0391235 0
1101011011 0.030365 -3.14159
1101011100 0.0105743 -3.14159
1101011101 0.0361938 -3.14159
1101011110 0.0174713 -3.14159
1101011111 0.0403748 -3.14159
1101100000 0.0617676 0
1101100001 0.0592957 0
1101100010 0.0153046 0
1101100011 0.00675583 -3.14159
1101100100 0.0115967 0
1101100101 0.0362549 -3.14159
1101100110 0.00536728 -3.14159
1101100111 0.0385742 -3.14159
1101101000 0.0219879 -3.14159
1101101001 0.0125275 0
1101101010 0.0227356 -3.14159
1101101011 0.0166168 -3.14159
1101101100 0.0207062 -3.14159
1101101101 0.0327759 -3.14159
1101101110 0.0196381 -3.14159
1101101111 0.0284271 -3.14159
1101110000 0.00619888 0
1101110001 0.0462036 0
1101110010 0.00384903 -3.14159
1101110011 0.065918 -3.14159
1101110100 0.0115509 -3.14159
1101110101 0.0413208 -3.14159
1101110110 0.021698 0
1101110111 0.00132751 0
1101111000 0.0203857 0
1101111001 0.00826263 0
1101111010 0.00837708 -3.14159
1101111011 0.00671768 -3.14159
1101111100 0.00450516 -3.14159
1101111101 0.0447388 -3.14159
1101111110 0.0289917 -3.14159
1101111111 0.0484924 0
1110000000 0.0793457 -3.14159
1110000001 0.0401306 -3.14159
1110000010 0.0541077 0
1110000011 0.0630493 0
1110000100 0.0140381 0
1110000101 0.0639648 0
1110000110 0.0106049 0
1110000111 0.0254211 -3.14159
1110001000 0.00279045 -3.14159
1110001001 0.0458374 0
1110001010 0.0245056 0
1110001011 0.047699 -3.14159
1110001100 0.0428467 0
1110001101 0.00991058 0
1110001110 0.0126114 0
1110001111 0.00780106 -3.14159
1110010000 0.03302 0
1110010001 0.0550537 -3.14159
1110010010 0.0417786 -3.14159
1110010011 0.0154953 0
1110010100 0.0588379 -3.14159
1110010101 0.024826 -3.14159
1110010110 0.00723267 0
1110010111 0.052948 -3.14159
1110011000 0.0341797 0
1110011001 0.0315857 0
1110011010 0.0442505 -3.14159
1110011011 0.0282135 -3.14159
1110011100 0.0410156 0
1110011101 0.033844 -3.14159
1110011110 0.00541687 0
1110011111 0.00514984 0
1110100000 0.0146942 -3.14159
1110100001 0.0263062 0
1110100010 0.0622864 0
1110100011 0.0263367 -3.14159
1110100100 0.0402832 0
1110100101 0.0358582 0
1110100110 0.045105 -3.14159
1110100111 0.0130844 0
1110101000 0.0210876 -3.14159
1110101001 0.0203552 0
1110101010 0.0146561 0
1110101011 0.000914097 -3.14159
1110101100 0.0079422 -3.14159
1110101101 0.00968933 -3.14159
1110101110 0.0423279 -3.14159
1110101111 0.0438232 -3.14159
1110110000 0.0236053 -3.14159
1110110001 0.00252533 0
1110110010 0.0662231 -3.14159
1110110011 0.042511 -3.14159
1110110100 0.0249023 -3.14159
1110110101 0.056366 0
1110110110 0.00242424 0
1110110111 0.0154266 -3.14159
1110111000 0.0138245 -3.14159
1110111001 0.0494995 0
1110111010 0.0491638 0
1110111011 0.00820923 0
1110111100 0.00556946 0
1110111101 0.0133286 -3.14159
1110111110 0.00287437 -3.14159
1110111111 0.0205383 0
1111000000 0.0136795 -3.14159
1111000001 0.0618591 0
1111000010 0.0340881 0
1111000011 0.0135498 -3.14159
1111000100 0.0215912 0
1111000101 0.0410461 -3.14159
1111000110 0.0316162 -3.14159
1111000111 0.0132904 0
1111001000 0.0577698 0
1111001001 0.00952148 0
1111001010 0.0164032 -3.14159
1111001011 0.0319519 -3.14159
1111001100 0.036377 0
1111001101 0.0550537 0
1111001110 0.0483398 -3.14159
1111001111 0.0144501 0
1111010000 0.00127411 0
1111010001 0.0128326 -3.14159
1111010010 0.00748062 -3.14159
1111010011 0.0086441 -3.14159
1111010100 0.00457764 0
1111010101 0.0275421 -3.14159
1111010110 0.0243988 0
1111010111 0.0439758 0
1111011000 0.0393372 0
1111011001 0.00572968 0
1111011010 0.00224876 0
1111011011 0.00211906 0
1111011100 0.022049 -3.14159
1111011101 0.0107651 0
1111011110 0.0178223 0
1111011111 0.00250244 0
1111100000 0.0675659 0
1111100001 0.0171204 -3.14159
1111100010 0.0120316 -3.14159
1111100011 0.0260315 0
1111100100 0.0426636 -3.14159
1111100101 0.00475311 -3.14159
1111100110 0.098938 -3.14159
1111100111 0.0374756 -3.14159
1111101000 0.0133667 0
1111101001 0.0430603 -3.14159
1111101010 0.0317993 -3.14159
1111101011 0.0670166 0
1111101100 0.0605164 0
1111101101 0.0243073 -3.14159
1111101110 0.0201874 0
1111101111 0.0286865 -3.14159
1111110000 0.00970459 -3.14159
1111110001 0.035553 0
1111110010 0.0378418 -3.14159
1111110011 0.00465012 0
1111110100 0.0244141 0
1111110101 0.0437927 0
1111110110 0.0215149 0
1111110111 0.00597 -3.14159
1111111000 0.00176811 -3.14159
1111111001 0.0560913 -3.14159
1111111010 0.0177765 0
1111111011 0.0079422 -3.14159
1111111100 0.022934 -3.14159
1111111101 0.0483704 0
1111111110 0.001194 -3.14159
1111111111 0.0314941 0
