0000000000 0.00556946 0
0000000001 0.0317383 0
0000000010 0.0131226 -3.14159
0000000011 0.0330811 -3.14159
0000000100 0.00628281 0
0000000101 0.0172119 0
0000000110 0.037323 -3.14159
0000000111 0.0221558 0
0000001000 0.00127888 -3.14159
0000001001 0.0570374 -3.14159
0000001010 0.0115051 -3.14159
0000001011 0.00575256 0
0000001100 0.0500488 -3.14159
0000001101 0.0134964 0
0000001110 0.00596237 0
0000001111 0.0437927 0
0000010000 0.00891113 -3.14159
0000010001 0.0202637 -3.14159
0000010010 0.0339355 -3.14159
0000010011 0.0649414 -3.14159
0000010100 0.0662231 -3.14159
0000010101 0.0062027 0
0000010110 0.00827789 0
0000010111 0.0226288 0
0000011000 0.0439453 0
0000011001 0.00682068 -3.14159
0000011010 0.00527573 0
0000011011 0.029129 -3.14159
0000011100 0.00666428 0
0000011101 0.00225258 0
0000011110 0.0123978 0
0000011111 0.015976 -3.14159
0000100000 0.0765381 -3.14159
0000100001 0.0127411 -3.14159
0000100010 0.064209 -3.14159
0000100011 0.0426636 -3.14159
0000100100 0.0119095 0
0000100101 0.0245819 -3.14159
0000100110 0.0167236 -3.14159
0000100111 0.0304718 0
0000101000 0.00616837 0
0000101001 0.0134048 -3.14159
0000101010 0.0447083 -3.14159
0000101011 0.00247383 -3.14159
0000101100 0.0639038 -3.14159
0000101101 0.0211334 0
0000101110 0.0244141 -3.14159
0000101111 0.00856781 0
0000110000 0.0358887 0
0000110001 0.0103302 -3.14159
0000110010 0.0476379 -3.14159
0000110011 0.00801086 0
0000110100 0.0305481 -3.14159
0000110101 0.0185394 -3.14159
0000110110 0.00868988 0
0000110111 0.0507507 0
0000111000 0.00287819 -3.14159
0000111001 0.0208893 -3.14159
0000111010 0.0154419 -3.14159
0000111011 0.00268745 0
0000111100 0.0331421 0
0000111101 0.028244 0
0000111110 0.0198975 0
0000111111 0.000777721 0
0001000000 0.0551453 0
0001000001 0.0242462 0
0001000010 0.0134659 -3.14159
0001000011 0.0301056 0
0001000100 0.0269012 -3.14159
0001000101 0.0628052 -3.14159
0001000110 0.0135193 -3.14159
0001000111 0.000263691 -3.14159
0001001000 0.0477295 -3.14159
0001001001 0.00574493 0
0001001010 0.00782013 0
0001001011 0.0149155 -3.14159
0001001100 0.0157318 -3.14159
0001001101 0.00927734 -3.14159
0001001110 0.0375366 0
0001001111 0.00123215 0
0001010000 0.0181274 0
0001010001 0.022522 -3.14159
0001010010 0.0307159 -3.14159
0001010011 0.00250626 -3.14159
0001010100 0.0400085 0
0001010101 0.00723267 0
0001010110 0.00938416 0
0001010111 0.0130386 0
0001011000 0.0140762 0
0001011001 0.0247955 0
0001011010 0.0115967 0
0001011011 0.0138397 0
0001011100 0.0584412 0
0001011101 0.0184021 -3.14159
0001011110 0.0162506 -3.14159
0001011111 0.0360107 0
0001100000 0.00369644 0
0001100001 0.0132751 -3.14159
0001100010 0.0460815 -3.14159
0001100011 0.0142365 -3.14159
0001100100 0.0541382 -3.14159
0001100101 0.00514221 0
0001100110 0.0107574 -3.14159
0001100111 0.0385132 0
0001101000 0.00707626 0
0001101001 0.0985107 0
0001101010 0.0288239 -3.14159
0001101011 0.000455141 -3.14159
0001101100 0.0158539 0
0001101101 0.0529785 -3.14159
0001101110 0.00118351 0
0001101111 0.00555038 -3.14159
0001110000 0.0415649 -3.14159
0001110001 0.00841522 -3.14159
0001110010 0.00948334 -3.14159
0001110011 0.0484924 0
0001110100 0.00411987 -3.14159
0001110101 0.0305023 0
0001110110 0.00207901 0
0001110111 0.0251312 -3.14159
0001111000 0.0298615 -3.14159
0001111001 0.0142899 -3.14159
0001111010 0.0326843 -3.14159
0001111011 0.0111694 -3.14159
0001111100 0.0209045 -3.14159
0001111101 0.0475769 0
0001111110 0.0322266 -3.14159
0001111111 0.0142899 -3.14159
0010000000 0.0356445 0
0010000001 0.00170231 0
0010000010 0.0120392 -3.14159
0010000011 0.0192413 -3.14159
0010000100 0.00508499 0
0010000101 0.0289612 -3.14159
0010000110 0.0149155 0
0010000111 0.0132904 0
0010001000 0.00627136 -3.14159
0010001001 0.018158 -3.14159
0010001010 0.00266647 -3.14159
0010001011 0.00348854 -3.14159
0010001100 0.028183 0
0010001101 0.0536499 0
0010001110 0.0314941 0
0010001111 0.015686 -3.14159
0010010000 0.0396118 -3.14159
0010010001 0.0108566 -3.14159
0010010010 0.000557899 -3.14159
0010010011 0.00314331 -3.14159
0010010100 0.0437317 -3.14159
0010010101 0.036499 0
0010010110 0.00104237 -3.14159
0010010111 0.0243378 0
0010011000 0.00868988 -3.14159
0010011001 0.0100555 -3.14159
0010011010 0.0248718 -3.14159
0010011011 0.0188446 -3.14159
0010011100 0.0086441 -3.14159
0010011101 0.0183258 0
0010011110 0.0164642 -3.14159
0010011111 0.02771 -3.14159
0010100000 0.025116 0
0010100001 0.0376892 0
0010100010 0.0144119 -3.14159
0010100011 0.0106735 -3.14159
0010100100 0.00602341 0
0010100101 0.0158539 -3.14159
0010100110 0.00911713 -3.14159
0010100111 0.0127716 0
0010101000 0.00436783 -3.14159
0010101001 0.0149002 0
0010101010 0.0119629 -3.14159
0010101011 0.0260162 0
0010101100 0.00884247 0
0010101101 0.0323792 0
0010101110 0.00158596 -3.14159
0010101111 0.0227966 0
0010110000 0.022171 0
0010110001 0.0592651 -3.14159
0010110010 0.0230408 -3.14159
0010110011 0.0210724 0
0010110100 0.0473328 0
0010110101 0.03125 -3.14159
0010110110 0.0106735 0
0010110111 0.0222473 -3.14159
0010111000 0.0169525 -3.14159
0010111001 0.00849915 0
0010111010 0.00481033 0
0010111011 0.00153446 0
0010111100 0.0520325 0
0010111101 0.0336609 -3.14159
0010111110 0.0196228 -3.14159
0010111111 0.0534973 -3.14159
0011000000 0.0398865 0
0011000001 0.004776 -3.14159
0011000010 0.0178986 0
0011000011 0.0372009 0
0011000100 0.0138016 -3.14159
0011000101 0.00711823 -3.14159
0011000110 0.0357361 0
0011000111 0.00195885 0
0011001000 0.0157471 0
0011001001 0.00460434 -3.14159
0011001010 0.027298 0
0011001011 0.0271454 -3.14159
0011001100 0.00177574 0
0011001101 0.00441742 0
0011001110 0.0314331 -3.14159
0011001111 0.00193882 -3.14159
0011010000 0.0193634 -3.14159
0011010001 0.0159302 -3.14159
0011010010 0.0237732 0
0011010011 0.0125885 0
0011010100 0.0139313 0
0011010101 0.0348816 -3.14159
0011010110 0.0269775 -3.14159
0011010111 0.0650635 0
0011011000 0.0115814 -3.14159
0011011001 0.0128021 0
0011011010 0.0229645 -3.14159
0011011011 0.0246124 -3.14159
0011011100 0.0252075 0
0011011101 0.0344543 -3.14159
0011011110 0.0415344 -3.14159
0011011111 0.0271454 0
0011100000 0.0154877 -3.14159
0011100001 0.00680161 0
0011100010 0.0276184 0
0011100011 0.0151901 -3.14159
0011100100 0.00694656 0
0011100101 0.0875244 0
0011100110 0.0186768 -3.14159
0011100111 0.00378418 -3.14159
0011101000 0.0118713 -3.14159
0011101001 0.00697708 0
0011101010 0.0731812 -3.14159
0011101011 0.00286865 0
0011101100 0.0150528 -3.14159
0011101101 0.0193176 -3.14159
0011101110 0.0220337 0
0011101111 0.0704346 0
0011110000 0.0242157 -3.14159
0011110001 0.0276794 -3.14159
0011110010 0.0309448 0
0011110011 0.0841064 -3.14159
0011110100 0.00639343 0
0011110101 0.0110397 0
0011110110 0.0319519 0
0011110111 0.00459671 0
0011111000 0.0787354 0
0011111001 0.00384331 0
0011111010 0.000248194 -3.14159
0011111011 0.00385475 -3.14159
0011111100 0.0240936 0
0011111101 0.0422363 -3.14159
0011111110 0.0124054 0
0011111111 0.0247192 0
0100000000 0.0588684 0
0100000001 0.0127869 0
0100000010 0.00661469 -3.14159
0100000011 0.00736618 0
0100000100 0.0518188 -3.14159
0100000101 0.0089798 0
0100000110 0.0426941 0
0100000111 0.0229645 0
0100001000 0.00187111 -3.14159
0100001001 0.0174408 -3.14159
0100001010 0.0254059 0
0100001011 0.0567627 -3.14159
0100001100 0.0186768 -3.14159
0100001101 0.0284576 -3.14159
0100001110 0.0146332 0
0100001111 0.0159454 -3.14159
0100010000 0.0452881 0
0100010001 0.0618896 -3.14159
0100010010 0.00397491 -3.14159
0100010011 0.0120926 -3.14159
0100010100 0.0570679 0
0100010101 0.0321655 -3.14159
0100010110 0.0013895 -3.14159
0100010111 0.0101089 -3.14159
0100011000 0.00839996 -3.14159
0100011001 0.0108948 0
0100011010 0.0192871 -3.14159
0100011011 0.04776 -3.14159
0100011100 0.00677872 0
0100011101 0.0305176 0
0100011110 0.00275421 -3.14159
0100011111 0.013588 0
0100100000 0.0252228 -3.14159
0100100001 0.0274353 0
0100100010 0.00198174 -3.14159
0100100011 0.00889587 0
0100100100 0.0378723 -3.14159
0100100101 0.0171509 -3.14159
0100100110 0.0567627 -3.14159
0100100111 0.0498352 -3.14159
0100101000 0.0513 0
0100101001 0.0775146 -3.14159
0100101010 0.0377197 0
0100101011 0.0174866 0
0100101100 0.0544128 0
0100101101 0.0548706 -3.14159
0100101110 0.0394287 0
0100101111 0.00075388 -3.14159
0100110000 0.0175781 -3.14159
0100110001 0.0414429 -3.14159
0100110010 0.0372925 0
0100110011 0.028656 -3.14159
0100110100 0.00128651 0
0100110101 0.0445251 0
0100110110 0.00385666 0
0100110111 0.00533295 -3.14159
0100111000 0.0216064 -3.14159
0100111001 0.0328064 -3.14159
0100111010 0.0279236 -3.14159
0100111011 0.0402527 -3.14159
0100111100 0.081604 -3.14159
0100111101 0.0106277 0
0100111110 0.0482788 0
0100111111 0.0144272 -3.14159
0101000000 0.0183411 0
0101000001 0.00146484 -3.14159
0101000010 0.00372887 0
0101000011 0.0123749 -3.14159
0101000100 0.00992584 -3.14159
0101000101 0.00888062 0
0101000110 0.0562439 -3.14159
0101000111 0.0170288 -3.14159
0101001000 0.0284271 0
0101001001 0.0100937 -3.14159
0101001010 0.0189362 0
0101001011 0.0433044 0
0101001100 0.00315094 0
0101001101 0.0136108 -3.14159
0101001110 0.0274658 0
0101001111 0.0134354 -3.14159
0101010000 0.0343018 0
0101010001 0.0123596 0
0101010010 0.030304 0
0101010011 0.0210266 -3.14159
0101010100 0.00543213 0
0101010101 0.00721359 -3.14159
0101010110 0.0169373 0
0101010111 0.00828552 0
0101011000 0.0382385 0
0101011001 0.000332594 -3.14159
0101011010 0.0132294 0
0101011011 0.0648193 -3.14159
0101011100 0.0299988 -3.14159
0101011101 0.0640259 0
0101011110 0.00854492 -3.14159
0101011111 0.0279541 0
0101100000 0.0100174 0
0101100001 0.0535889 -3.14159
0101100010 0.000640392 0
0101100011 0.0235138 -3.14159
0101100100 0.0113297 -3.14159
0101100101 0.0480042 0
0101100110 0.0187225 -3.14159
0101100111 0.0287933 -3.14159
0101101000 0.0482483 -3.14159
0101101001 0.00759506 -3.14159
0101101010 0.0257416 0
0101101011 0.00930023 -3.14159
0101101100 0.000626087 0
0101101101 0.0210114 -3.14159
0101101110 0.0289154 -3.14159
0101101111 0.00779343 0
0101110000 0.0223389 -3.14159
0101110001 0.0116196 -3.14159
0101110010 0.026123 -3.14159
0101110011 0.0231934 0
0101110100 0.0448608 0
0101110101 0.00787354 0
0101110110 0.000221729 0
0101110111 0.000360012 -3.14159
0101111000 0.0313721 0
0101111001 0.0705566 0
0101111010 0.0124283 0
0101111011 0.0472107 -3.14159
0101111100 0.00590134 -3.14159
0101111101 0.00801849 -3.14159
0101111110 0.0157166 0
0101111111 0.0671387 0
0110000000 0.0498352 0
0110000001 0.0355225 0
0110000010 0.0365906 -3.14159
0110000011 0.0667114 0
0110000100 0.046936 -3.14159
0110000101 0.00746536 0
0110000110 0.01828 0
0110000111 0.0278168 0
0110001000 0.0219574 -3.14159
0110001001 0.00839233 -3.14159
0110001010 0.0410156 -3.14159
0110001011 0.00585556 0
0110001100 0.0234375 0
0110001101 0.0434875 -3.14159
0110001110 0.00290298 0
0110001111 0.0175171 -3.14159
0110010000 0.0379028 0
0110010001 0.0124359 -3.14159
0110010010 0.00353813 -3.14159
0110010011 0.0113983 0
0110010100 0.079895 -3.14159
0110010101 0.0613708 -3.14159
0110010110 0.001297 0
0110010111 0.00331306 0
0110011000 0.0010376 -3.14159
0110011001 0.0155945 -3.14159
0110011010 0.010643 -3.14159
0110011011 0.0519104 0
0110011100 0.0141373 -3.14159
0110011101 0.00477219 0
0110011110 0.00454712 0
0110011111 0.014267 0
0110100000 0.0403442 0
0110100001 0.0293884 0
0110100010 0.0100784 0
0110100011 0.0386658 -3.14159
0110100100 0.0426636 0
0110100101 0.00448608 0
0110100110 0.0216827 0
0110100111 0.00926971 -3.14159
0110101000 0.0327148 -3.14159
0110101001 0.000335455 -3.14159
0110101010 0.0264282 0
0110101011 0.018631 -3.14159
0110101100 0.0181122 -3.14159
0110101101 0.0171661 0
0110101110 0.00644302 0
0110101111 0.0352173 0
0110110000 0.0168457 -3.14159
0110110001 0.0681152 -3.14159
0110110010 0.00740814 0
0110110011 0.00463104 -3.14159
0110110100 0.0301361 -3.14159
0110110101 0.0143585 0
0110110110 0.033783 0
0110110111 0.0297699 0
0110111000 0.0262604 -3.14159
0110111001 0.0309448 -3.14159
0110111010 0.0108871 0
0110111011 0.0637207 0
0110111100 0.0470886 -3.14159
0110111101 0.0505066 -3.14159
0110111110 0.00404739 0
0110111111 0.0448303 -3.14159
0111000000 0.0116348 -3.14159
0111000001 0.0182648 -3.14159
0111000010 0.0124359 0
0111000011 0.0266876 -3.14159
0111000100 0.0264587 -3.14159
0111000101 0.00321007 -3.14159
0111000110 0.0265961 -3.14159
0111000111 0.0109329 -3.14159
0111001000 0.0458374 0
0111001001 0.00120163 0
0111001010 0.0139084 0
0111001011 0.00582504 -3.14159
0111001100 0.00121117 -3.14159
0111001101 0.0277252 -3.14159
0111001110 0.0584412 0
0111001111 0.0353394 0
0111010000 0.02388 0
0111010001 0.0251923 0
0111010010 0.0163879 0
0111010011 0.038269 0
0111010100 0.0347595 0
0111010101 0.0293579 -3.14159
0111010110 0.000138879 0
0111010111 0.0169983 0
0111011000 0.0274506 0
0111011001 0.0159302 -3.14159
0111011010 0.00987244 0
0111011011 0.0128021 0
0111011100 0.00381851 -3.14159
0111011101 0.00479889 0
0111011110 0.0324402 0
0111011111 0.0152206 -3.14159
0111100000 0.0010519 0
0111100001 0.0094223 -3.14159
0111100010 0.0498352 0
0111100011 0.0233459 0
0111100100 0.0166931 -3.14159
0111100101 0.0393066 -3.14159
0111100110 0.0113297 0
0111100111 0.0074234 -3.14159
0111101000 0.0189362 -3.14159
0111101001 0.0257111 0
0111101010 0.0611572 -3.14159
0111101011 0.00271988 0
0111101100 0.00457001 0
0111101101 0.0208588 0
0111101110 0.0198059 0
0111101111 0.0108719 -3.14159
0111110000 0.0177307 -3.14159
0111110001 0.0470581 -3.14159
0111110010 0.0051918 0
0111110011 0.0655518 -3.14159
0111110100 0.0232239 0
0111110101 0.00166988 -3.14159
0111110110 0.00294304 -3.14159
0111110111 0.0154419 0
0111111000 0.0507812 -3.14159
0111111001 0.0412903 0
0111111010 0.0105667 0
0111111011 0.0315552 0
0111111100 0.0225677 -3.14159
0111111101 0.00733185 0
0111111110 0.00252342 0
0111111111 0.0412903 0
1000000000 0.0328979 0
1000000001 0.0134125 0
1000000010 0.000114441 0
1000000011 0.0208282 -3.14159
1000000100 0.0271454 0
1000000101 0.0270691 0
1000000110 0.043335 0
1000000111 0.0259857 0
1000001000 0.0228882 -3.14159
1000001001 0.0472717 0
1000001010 0.00429916 -3.14159
1000001011 0.0407104 -3.14159
1000001100 0.00647354 0
1000001101 0.0391541 -3.14159
1000001110 0.072876 -3.14159
1000001111 0.0513 -3.14159
1000010000 0.000778198 0
1000010001 0.0679932 -3.14159
1000010010 0.00357246 -3.14159
1000010011 0.0224152 0
1000010100 0.0242462 0
1000010101 0.0183105 0
1000010110 0.00484848 -3.14159
1000010111 0.014267 0
1000011000 0.0105743 0
1000011001 0.00601196 -3.14159
1000011010 0.0165863 -3.14159
1000011011 0.0111542 0
1000011100 0.0115433 0
1000011101 0.00782013 -3.14159
1000011110 0.00146008 0
1000011111 0.0111465 0
1000100000 0.0345459 -3.14159
1000100001 0.00149441 0
1000100010 0.039917 0
1000100011 0.0158997 -3.14159
1000100100 0.0171356 -3.14159
1000100101 0.0930176 -3.14159
1000100110 0.0278168 -3.14159
1000100111 0.0679932 0
1000101000 0.0189209 0
1000101001 0.0405273 -3.14159
1000101010 0.00123405 -3.14159
1000101011 0.00799561 -3.14159
1000101100 0.0375366 -3.14159
1000101101 0.0181732 0
1000101110 0.0110474 0
1000101111 0.0133667 0
1000110000 0.0102386 -3.14159
1000110001 0.00891113 0
1000110010 0.0190125 0
1000110011 0.0248413 -3.14159
1000110100 0.0426331 -3.14159
1000110101 0.014328 -3.14159
1000110110 0.0298004 -3.14159
1000110111 0.00227737 -3.14159
1000111000 0.0432129 -3.14159
1000111001 0.0380554 -3.14159
1000111010 0.0551758 0
1000111011 0.0107498 -3.14159
1000111100 0.00976562 0
1000111101 0.028595 0
1000111110 0.0327759 0
1000111111 0.0119934 0
1001000000 0.00867462 0
1001000001 0.0349121 -3.14159
1001000010 0.0394897 0
1001000011 0.0166016 0
1001000100 0.0476685 -3.14159
1001000101 0.00614548 -3.14159
1001000110 0.0429077 -3.14159
1001000111 0.065918 -3.14159
1001001000 0.0292358 0
1001001001 0.00403595 0
1001001010 0.0366211 -3.14159
1001001011 0.0296936 0
1001001100 0.00251007 -3.14159
1001001101 0.0783691 -3.14159
1001001110 0.0390625 -3.14159
1001001111 0.00978088 -3.14159
1001010000 0.0249634 0
1001010001 0.0206146 -3.14159
1001010010 0.0109253 0
1001010011 0.00645828 0
1001010100 0.0128632 -3.14159
1001010101 0.0586548 -3.14159
1001010110 0.0203094 -3.14159
1001010111 0.030777 -3.14159
1001011000 0.00762558 -3.14159
1001011001 0.00467682 -3.14159
1001011010 0.0216064 0
1001011011 0.0110474 0
1001011100 0.0107498 0
1001011101 0.0173187 -3.14159
1001011110 0.00670624 -3.14159
1001011111 0.00595856 -3.14159
1001100000 0.0488892 0
1001100001 0.0305176 0
1001100010 0.00124359 -3.14159
1001100011 0.0274658 0
1001100100 0.00702286 -3.14159
1001100101 0.0336304 0
1001100110 0.0513916 0
1001100111 0.0731812 0
1001101000 0.0149307 -3.14159
1001101001 0.0245667 -3.14159
1001101010 0.0529175 0
1001101011 0.0306396 0
1001101100 0.0257263 0
1001101101 0.021637 0
1001101110 0.056427 -3.14159
1001101111 0.0223541 0
1001110000 0.0470886 0
1001110001 0.069397 -3.14159
1001110010 0.0129471 -3.14159
1001110011 0.00494003 -3.14159
1001110100 0.0121307 -3.14159
1001110101 0.013916 0
1001110110 0.0357361 0
1001110111 0.043335 -3.14159
1001111000 0.0260925 0
1001111001 0.00509262 0
1001111010 0.00936127 -3.14159
1001111011 0.0203857 0
1001111100 0.0207672 0
1001111101 0.0187836 -3.14159
1001111110 0.0299683 -3.14159
1001111111 0.0147018 -3.14159
1010000000 0.0018158 -3.14159
1010000001 0.00694656 0
1010000010 0.00806427 0
1010000011 0.00671005 -3.14159
1010000100 0.00939178 -3.14159
1010000101 0.0401917 -3.14159
1010000110 0.00783539 -3.14159
1010000111 0.0389099 -3.14159
1010001000 0.0224152 -3.14159
1010001001 0.0426941 0
1010001010 0.00984955 -3.14159
1010001011 0.0713501 0
1010001100 0.00101471 -3.14159
1010001101 0.0100327 -3.14159
1010001110 0.035614 0
1010001111 0.0536804 0
1010010000 0.0626221 0
1010010001 0.0152359 0
1010010010 0.0406494 -3.14159
1010010011 0.0276489 0
1010010100 0.00657272 -3.14159
1010010101 0.0171509 -3.14159
1010010110 0.0205383 0
1010010111 0.0146484 -3.14159
1010011000 0.0731812 0
1010011001 0.00221634 -3.14159
1010011010 0.0197296 0
1010011011 0.0520325 -3.14159
1010011100 0.0116653 0
1010011101 0.0210266 0
1010011110 0.00767899 0
1010011111 0.0101852 -3.14159
1010100000 0.0359192 -3.14159
1010100001 0.0133209 -3.14159
1010100010 0.0436707 -3.14159
1010100011 0.00952148 -3.14159
1010100100 0.0188293 0
1010100101 0.00711441 0
1010100110 0.0184021 0
1010100111 0.00496292 -3.14159
1010101000 0.00573349 0
1010101001 0.0341492 0
1010101010 0.0244141 -3.14159
1010101011 0.0219574 0
1010101100 0.0294342 0
1010101101 0.0224457 -3.14159
1010101110 0.015358 -3.14159
1010101111 9.77516e-06 0
1010110000 0.0585327 0
1010110001 0.01371 -3.14159
1010110010 0.0102234 0
1010110011 0.00131035 -3.14159
1010110100 0.0545959 -3.14159
1010110101 0.0137711 0
1010110110 0.0293579 -3.14159
1010110111 0.0306396 -3.14159
1010111000 0.000238299 0
1010111001 0.0140762 0
1010111010 0.0402222 -3.14159
1010111011 0.000301123 0
1010111100 0.0157013 0
1010111101 0.0176239 0
1010111110 0.0174713 -3.14159
1010111111 0.00587845 0
1011000000 0.0162964 -3.14159
1011000001 0.010994 0
1011000010 0.034668 0
1011000011 0.0304413 -3.14159
1011000100 0.00292397 -3.14159
1011000101 0.00894928 -3.14159
1011000110 0.00366592 0
1011000111 0.0159454 0
1011001000 0.0222931 -3.14159
1011001001 0.0376892 -3.14159
1011001010 0.0419617 -3.14159
1011001011 0.00113297 0
1011001100 0.0299377 -3.14159
1011001101 0.00958252 0
1011001110 0.0196228 0
1011001111 5.84126e-05 0
1011010000 0.00805664 0
1011010001 0.0500488 -3.14159
1011010010 0.0107803 -3.14159
1011010011 0.0136414 0
1011010100 0.037262 -3.14159
1011010101 0.00513077 -3.14159
1011010110 0.0302124 0
1011010111 0.00544357 -3.14159
1011011000 0.0116806 -3.14159
1011011001 0.041687 0
1011011010 0.0141449 0
1011011011 0.0428467 -3.14159
1011011100 0.00366211 0
1011011101 0.0323181 0
1011011110 0.00687027 0
1011011111 0.00290871 0
1011100000 0.012619 -3.14159
1011100001 0.0251617 -3.14159
1011100010 0.0773926 0
1011100011 0.0111847 0
1011100100 0.0120239 0
1011100101 0.0797119 0
1011100110 0.0332031 -3.14159
1011100111 0.0516052 -3.14159
1011101000 0.0580444 -3.14159
1011101001 0.0139771 -3.14159
1011101010 0.0501404 -3.14159
1011101011 0.0368652 0
1011101100 0.0114594 0
1011101101 0.0228119 0
1011101110 0.0293274 0
1011101111 0.0655518 0
1011110000 0.0667114 -3.14159
1011110001 0.0062294 -3.14159
1011110010 0.0283966 -3.14159
1011110011 0.0256958 0
1011110100 0.0372314 0
1011110101 0.0170746 0
1011110110 0.0349121 -3.14159
1011110111 0.0234985 0
1011111000 0.00278473 0
1011111001 0.00281715 0
1011111010 0.0218353 -3.14159
1011111011 0.0922241 0
1011111100 0.0087204 -3.14159
1011111101 0.00805664 -3.14159
1011111110 0.0765381 0
1011111111 0.00264359 -3.14159
1100000000 0.0100784 0
1100000001 0.0100479 0
1100000010 0.00113297 0
1100000011 0.0375671 -3.14159
1100000100 0.0117188 -3.14159
1100000101 0.0425415 0
1100000110 0.0318298 0
1100000111 0.0311737 -3.14159
1100001000 0.0479126 -3.14159
1100001001 0.0667725 -3.14159
1100001010 0.0294952 -3.14159
1100001011 0.0138397 0
1100001100 0.0140762 0
1100001101 0.00278664 0
1100001110 0.0391541 -3.14159
1100001111 0.0274658 0
1100010000 0.00893402 -3.14159
1100010001 0.0375977 0
1100010010 0.0511169 0
1100010011 0.0293579 -3.14159
1100010100 0.0131912 -3.14159
1100010101 0.0303345 -3.14159
1100010110 0.0162506 0
1100010111 0.0610046 0
1100011000 0.072998 -3.14159
1100011001 0.0527039 0
1100011010 0.0614929 -3.14159
1100011011 0.0479736 0
1100011100 0.0363464 0
1100011101 0.0125504 -3.14159
1100011110 0.0170746 -3.14159
1100011111 0.0268402 -3.14159
1100100000 0.0431519 0
1100100001 0.0239563 0
1100100010 0.0119476 -3.14159
1100100011 0.0139389 -3.14159
1100100100 0.0050087 -3.14159
1100100101 0.0717163 -3.14159
1100100110 0.0384216 0
1100100111 0.0394592 -3.14159
1100101000 0.0123978 0
1100101001 0.0103455 0
1100101010 0.00925446 -3.14159
1100101011 0.00532532 -3.14159
1100101100 0.00147152 0
1100101101 0.0036068 -3.14159
1100101110 0.0544739 0
1100101111 0.0266876 0
1100110000 0.00197601 0
1100110001 0.0751953 -3.14159
1100110010 0.0214691 -3.14159
1100110011 0.0300446 0
1100110100 0.0174103 0
1100110101 0.01297 0
1100110110 0.0683594 0
1100110111 0.0362549 -3.14159
1100111000 0.0204163 -3.14159
1100111001 0.100037 -3.14159
1100111010 0.0229492 0
1100111011 0.0258179 -3.14159
1100111100 0.0405884 -3.14159
1100111101 0.0161133 -3.14159
1100111110 0.0466614 -3.14159
1100111111 0.00827789 -3.14159
1101000000 0.0520325 -3.14159
1101000001 0.0118637 0
1101000010 0.00754166 0
1101000011 0.00527954 -3.14159
1101000100 0.0426941 0
1101000101 0.00136375 0
1101000110 0.00708771 -3.14159
1101000111 0.0641479 0
1101001000 0.0195618 0
1101001001 0.0569763 0
1101001010 0.000297308 0
1101001011 0.0571899 0
1101001100 0.0157166 0
1101001101 0.00458145 -3.14159
1101001110 0.0346069 0
1101001111 0.0267029 0
1101010000 0.00205231 -3.14159
1101010001 0.0326233 0
1101010010 0.0319214 -3.14159
1101010011 0.0206451 -3.14159
1101010100 0.0202332 0
1101010101 0.0137634 -3.14159
1101010110 0.000172377 -3.14159
1101010111 0.0050621 0
1101011000 0.0196533 -3.14159
1101011001 0.0026722 0
1101011010 0.015274 0
1101011011 0.0701904 -3.14159
1101011100 0.00331306 0
1101011101 0.0244751 -3.14159
1101011110 0.00473404 0
1101011111 0.0331421 -3.14159
1101100000 0.0598145 0
1101100001 0.0419922 0
1101100010 0.00697708 -3.14159
1101100011 0.0142365 -3.14159
1101100100 0.0272064 -3.14159
1101100101 0.0289307 -3.14159
1101100110 0.0163727 0
1101100111 0.056366 -3.14159
1101101000 0.0136642 -3.14159
1101101001 0.00559235 0
1101101010 0.0224762 -3.14159
1101101011 0.00212097 -3.14159
1101101100 0.0294037 -3.14159
1101101101 0.0460815 -3.14159
1101101110 0.0083313 -3.14159
1101101111 0.0325012 0
1101110000 0.0284271 -3.14159
1101110001 0.0625 0
1101110010 0.020401 0
1101110011 0.0609436 -3.14159
1101110100 0.0102844 -3.14159
1101110101 0.0607605 -3.14159
1101110110 0.0122986 -3.14159
1101110111 0.0117569 0
1101111000 0.0116425 0
1101111001 0.00485229 -3.14159
1101111010 0.00674057 -3.14159
1101111011 0.0135803 -3.14159
1101111100 0.0197601 -3.14159
1101111101 0.0667114 -3.14159
1101111110 0.0210419 -3.14159
1101111111 0.0894775 0
1110000000 0.0710449 -3.14159
1110000001 0.00222588 0
1110000010 0.0602112 0
1110000011 0.0271149 0
1110000100 0.0248871 0
1110000101 0.0689697 0
1110000110 0.029068 -3.14159
1110000111 0.00642395 -3.14159
1110001000 0.00776291 0
1110001001 0.0277252 0
1110001010 0.0116272 -3.14159
1110001011 0.0067749 -3.14159
1110001100 0.0104599 0
1110001101 0.00982666 0
1110001110 0.0112762 -3.14159
1110001111 0.00376701 0
1110010000 0.021759 0
1110010001 0.0559082 -3.14159
1110010010 0.0327454 -3.14159
1110010011 0.00683212 0
1110010100 0.0661621 -3.14159
1110010101 0.0661621 -3.14159
1110010110 0.0303802 0
1110010111 0.0547485 -3.14159
1110011000 0.00525665 0
1110011001 0.033844 0
1110011010 0.00669098 -3.14159
1110011011 0.015686 -3.14159
1110011100 0.0112 0
1110011101 0.0208893 0
1110011110 0.0146179 0
1110011111 0.0259247 0
1110100000 0.0148849 -3.14159
1110100001 0.0300751 0
1110100010 0.0346985 0
1110100011 0.000548363 0
1110100100 0.0395508 0
1110100101 0.0414429 0
1110100110 0.0523376 -3.14159
1110100111 0.0156555 -3.14159
1110101000 0.0106583 -3.14159
1110101001 0.0385132 0
1110101010 0.0499878 0
1110101011 0.000257969 0
1110101100 0.0239868 -3.14159
1110101101 0.0171509 0
1110101110 0.0506592 -3.14159
1110101111 0.0298767 -3.14159
1110110000 0.012886 0
1110110001 0.00479126 0
1110110010 0.0568237 -3.14159
1110110011 0.0386658 -3.14159
1110110100 0.0370483 -3.14159
1110110101 0.0533142 0
1110110110 0.0246429 -3.14159
1110110111 0.0184631 -3.14159
1110111000 0.00164604 -3.14159
1110111001 0.010994 0
1110111010 0.0352783 0
1110111011 0.021286 0
1110111100 0.00226402 0
1110111101 0.0252686 -3.14159
1110111110 0.0415039 0
1110111111 0.0275879 0
1111000000 0.0109558 -3.14159
1111000001 0.0526428 0
1111000010 0.0224304 0
1111000011 0.00800323 -3.14159
1111000100 0.0205383 0
1111000101 0.0366821 -3.14159
1111000110 0.00621796 -3.14159
1111000111 0.0226135 0
1111001000 0.050354 0
1111001001 0.0389709 0
1111001010 0.00766754 0
1111001011 0.013382 -3.14159
1111001100 0.00590897 0
1111001101 0.0740356 0
1111001110 0.016037 -3.14159
1111001111 0.0092926 -3.14159
1111010000 0.008255 -3.14159
1111010001 0.00666428 -3.14159
1111010010 0.0245361 -3.14159
1111010011 0.0138245 -3.14159
1111010100 0.0149155 -3.14159
1111010101 0.00284958 -3.14159
1111010110 0.057312 0
1111010111 0.0534363 0
1111011000 0.0207062 0
1111011001 0.0120239 0
1111011010 0.00137615 -3.14159
1111011011 0.0120697 0
1111011100 0.0298309 0
1111011101 0.00914764 0
1111011110 0.0183411 0
1111011111 0.0223846 -3.14159
1111100000 0.0811768 0
1111100001 0.0133209 -3.14159
1111100010 0.0142136 -3.14159
1111100011 0.0121613 0
1111100100 0.0853882 -3.14159
1111100101 0.010994 0
1111100110 0.0444641 -3.14159
1111100111 0.0162659 -3.14159
1111101000 0.0264282 -3.14159
1111101001 0.00330353 0
1111101010 0.0553589 -3.14159
1111101011 0.0852661 0
1111101100 0.0670166 0
1111101101 0.00540543 -3.14159
1111101110 0.0351868 0
1111101111 0.00798798 -3.14159
1111110000 0.00445557 0
1111110001 0.0304108 0
1111110010 0.0246735 -3.14159
1111110011 0.0125504 0
1111110100 0.0292206 0
1111110101 0.0380249 0
1111110110 0.0247498 0
1111110111 0.00593948 -3.14159
1111111000 0.00910187 0
1111111001 0.0574341 -3.14159
1111111010 0.024231 -3.14159
1111111011 0.00746918 -3.14159
1111111100 0.0137863 -3.14159
1111111101 0.0136185 0
1111111110 0.00186729 -3.14159
1111111111 0.0114365 -3.14159
