0000000000 0.00450897 0
0000000001 0.0229492 0
0000000010 0.012085 0
0000000011 0.0049324 0
0000000100 0.00858307 -3.14159
0000000101 0.0287476 0
0000000110 0.00932312 -3.14159
0000000111 0.0308685 -3.14159
0000001000 0.0381775 0
0000001001 0.0240173 0
0000001010 0.00978851 -3.14159
0000001011 0.0343933 -3.14159
0000001100 0.00738144 0
0000001101 0.00235748 0
0000001110 0.0170441 0
0000001111 0.00988007 0
0000010000 0.00137234 0
0000010001 0.00382996 -3.14159
0000010010 0.039093 -3.14159
0000010011 0.028717 -3.14159
0000010100 0.0177002 -3.14159
0000010101 0.057312 -3.14159
0000010110 0.0501099 -3.14159
0000010111 0.0088501 0
0000011000 0.0236816 -3.14159
0000011001 0.0124588 0
0000011010 0.00282478 -3.14159
0000011011 0.0487976 0
0000011100 0.0133362 0
0000011101 0.0133514 -3.14159
0000011110 0.0514526 -3.14159
0000011111 0.079834 0
0000100000 0.0819092 -3.14159
0000100001 0.0143051 -3.14159
0000100010 0.0753174 -3.14159
0000100011 0.0344849 0
0000100100 0.00596237 -3.14159
0000100101 0.0331116 0
0000100110 0.0334167 0
0000100111 0.00842285 -3.14159
0000101000 0.032135 0
0000101001 0.0524902 0
0000101010 0.0170288 -3.14159
0000101011 0.0717773 0
0000101100 0.00564575 -3.14159
0000101101 0.0109177 -3.14159
0000101110 0.0263367 -3.14159
0000101111 0.00310516 0
0000110000 0.0283051 0
0000110001 0.0240936 -3.14159
0000110010 0.0285492 0
0000110011 0.0325928 0
0000110100 0.0770874 -3.14159
0000110101 0.00675964 0
0000110110 0.0480652 0
0000110111 0.00335121 -3.14159
0000111000 0.0179138 0
0000111001 0.0518799 -3.14159
0000111010 0.00988007 -3.14159
0000111011 0.0169983 0
0000111100 0.0139618 0
0000111101 0.0471497 0
0000111110 0.0134888 -3.14159
0000111111 0.00807953 -3.14159
0001000000 0.0311737 0
0001000001 0.030365 -3.14159
0001000010 0.0221863 -3.14159
0001000011 0.0201111 -3.14159
0001000100 0.00991821 -3.14159
0001000101 0.0103531 0
0001000110 0.012619 0
0001000111 0.00750732 0
0001001000 0.0717163 -3.14159
0001001001 0.003479 -3.14159
0001001010 0.0114136 -3.14159
0001001011 0.019043 -3.14159
0001001100 0.0250092 0
0001001101 0.0465088 -3.14159
0001001110 0.0436707 0
0001001111 0.0196381 0
0001010000 0.0330811 0
0001010001 0.000713825 -3.14159
0001010010 0.0507202 0
0001010011 0.00394821 0
0001010100 0.0161743 -3.14159
0001010101 0.0110931 0
0001010110 0.0175934 -3.14159
0001010111 0.0453491 -3.14159
0001011000 0.0731812 0
0001011001 0.0490112 0
0001011010 0.0114136 0
0001011011 0.0646362 -3.14159
0001011100 0.0210876 0
0001011101 0.00712585 0
0001011110 0.0338745 -3.14159
0001011111 0.00384521 -3.14159
0001100000 0.0649414 -3.14159
0001100001 0.0136642 0
0001100010 0.0324097 -3.14159
0001100011 0.0208893 0
0001100100 0.032959 0
0001100101 0.0331421 -3.14159
0001100110 0.00780869 0
0001100111 0.0979004 0
0001101000 0.0475159 0
0001101001 0.0038681 0
0001101010 0.00944519 -3.14159
0001101011 0.011116 -3.14159
0001101100 0.054657 -3.14159
0001101101 0.028244 -3.14159
0001101110 0.0449219 0
0001101111 0.0147858 -3.14159
0001110000 0.0411682 -3.14159
0001110001 0.0180664 0
0001110010 0.0420227 -3.14159
0001110011 0.00444412 -3.14159
0001110100 0.0445557 0
0001110101 0.0137634 -3.14159
0001110110 0.0288239 -3.14159
0001110111 0.0252228 -3.14159
0001111000 0.0352478 -3.14159
0001111001 0.0140686 -3.14159
0001111010 0.0130386 0
0001111011 0.0267334 0
0001111100 0.00572205 -3.14159
0001111101 0.0293427 0
0001111110 0.000137687 -3.14159
0001111111 0.0343018 0
0010000000 0.00399399 -3.14159
0010000001 0.0203094 0
0010000010 0.0302124 -3.14159
0010000011 0.017868 -3.14159
0010000100 0.019577 -3.14159
0010000101 0.0216217 -3.14159
0010000110 0.0177307 -3.14159
0010000111 0.0784302 -3.14159
0010001000 0.00113583 -3.14159
0010001001 0.0178528 0
0010001010 0.02565 0
0010001011 0.0260925 -3.14159
0010001100 0.00828552 -3.14159
0010001101 0.0288239 -3.14159
0010001110 0.032196 0
0010001111 0.0161438 0
0010010000 0.0794067 -3.14159
0010010001 0.0179138 -3.14159
0010010010 0.0180206 -3.14159
0010010011 0.0304871 -3.14159
0010010100 0.0657959 -3.14159
0010010101 0.0268555 -3.14159
0010010110 0.0239716 0
0010010111 0.00388527 0
0010011000 0.00651932 0
0010011001 0.0300903 -3.14159
0010011010 0.00498199 0
0010011011 0.0450745 0
0010011100 0.0352478 0
0010011101 0.0551453 0
0010011110 0.000894547 -3.14159
0010011111 0.0063858 0
0010100000 0.000181079 0
0010100001 0.00921631 -3.14159
0010100010 0.0449524 -3.14159
0010100011 0.0227661 -3.14159
0010100100 0.019577 -3.14159
0010100101 0.00284195 0
0010100110 0.0400391 0
0010100111 0.0342102 0
0010101000 0.0043335 0
0010101001 0.0134964 -3.14159
0010101010 0.0198975 -3.14159
0010101011 0.00231743 -3.14159
0010101100 0.0461731 -3.14159
0010101101 0.0681763 0
0010101110 0.0057106 0
0010101111 0.00427628 -3.14159
0010110000 0.0175018 -3.14159
0010110001 0.00769424 0
0010110010 0.0315247 0
0010110011 0.0180969 -3.14159
0010110100 0.0217438 0
0010110101 0.00367165 0
0010110110 0.019455 -3.14159
0010110111 0.0307159 -3.14159
0010111000 0.0193176 0
0010111001 0.0290222 -3.14159
0010111010 0.014473 -3.14159
0010111011 0.016571 0
0010111100 0.0130692 -3.14159
0010111101 0.0248871 -3.14159
0010111110 0.00997162 0
0010111111 0.00380325 0
0011000000 0.00704575 -3.14159
0011000001 0.0211334 0
0011000010 0.0701904 0
0011000011 0.00920105 0
0011000100 0.000305414 -3.14159
0011000101 0.0240936 0
0011000110 0.00482941 -3.14159
0011000111 0.00906372 0
0011001000 0.0224609 0
0011001001 0.0353699 0
0011001010 0.0483398 0
0011001011 0.0417786 -3.14159
0011001100 0.00136375 -3.14159
0011001101 0.0328979 -3.14159
0011001110 0.0701904 0
0011001111 0.00962067 0
0011010000 0.0106735 -3.14159
0011010001 0.0204926 0
0011010010 0.00623703 -3.14159
0011010011 0.0183411 -3.14159
0011010100 0.0435181 -3.14159
0011010101 0.00795746 -3.14159
0011010110 0.00960541 -3.14159
0011010111 0.0237885 0
0011011000 0.010582 -3.14159
0011011001 0.0109024 -3.14159
0011011010 0.00327492 0
0011011011 0.0276489 -3.14159
0011011100 0.0053978 0
0011011101 0.0340576 -3.14159
0011011110 0.0435486 0
0011011111 0.0387878 0
0011100000 0.0314636 0
0011100001 0.000171423 0
0011100010 0.00320625 -3.14159
0011100011 0.00558853 0
0011100100 0.00516129 -3.14159
0011100101 0.00621796 0
0011100110 0.022171 0
0011100111 0.0496216 0
0011101000 0.00596619 -3.14159
0011101001 0.012413 0
0011101010 0.0262756 0
0011101011 0.0190125 0
0011101100 0.0128403 -3.14159
0011101101 0.00452805 -3.14159
0011101110 0.0373535 -3.14159
0011101111 0.0140839 -3.14159
0011110000 0.00791168 -3.14159
0011110001 0.0470276 0
0011110010 0.0119247 0
0011110011 0.0414124 0
0011110100 0.0237274 -3.14159
0011110101 0.0293121 0
0011110110 0.0657959 -3.14159
0011110111 0.0429077 0
0011111000 0.0222168 0
0011111001 0.06427 -3.14159
0011111010 0.0157471 0
0011111011 0.0264587 -3.14159
0011111100 0.0332031 -3.14159
0011111101 0.00749588 0
0011111110 0.0499573 0
0011111111 0.00936127 -3.14159
0100000000 0.0319519 0
0100000001 0.00587082 0
0100000010 0.000692368 0
0100000011 0.020874 -3.14159
0100000100 0.0791626 -3.14159
0100000101 0.00881958 0
0100000110 0.0415649 0
0100000111 0.0317078 -3.14159
0100001000 0.0212097 0
0100001001 0.00442505 0
0100001010 0.00295258 0
0100001011 0.0136032 -3.14159
0100001100 0.00579453 0
0100001101 0.012764 -3.14159
0100001110 0.00670624 0
0100001111 0.00852966 0
0100010000 0.00980377 0
0100010001 0.0775757 -3.14159
0100010010 0.00321579 0
0100010011 0.00419617 -3.14159
0100010100 0.0617371 -3.14159
0100010101 0.081665 -3.14159
0100010110 0.0283203 0
0100010111 0.0333862 -3.14159
0100011000 0.0149384 -3.14159
0100011001 0.0430298 0
0100011010 0.0192413 -3.14159
0100011011 0.0109711 0
0100011100 0.0262604 -3.14159
0100011101 0.0262756 -3.14159
0100011110 0.0341187 0
0100011111 0.0110626 -3.14159
0100100000 0.015686 -3.14159
0100100001 0.0403442 0
0100100010 0.00963593 -3.14159
0100100011 0.0317993 0
0100100100 0.0156403 0
0100100101 0.0332642 -3.14159
0100100110 0.0996704 0
0100100111 0.0305481 -3.14159
0100101000 0.0245819 0
0100101001 0.0533752 -3.14159
0100101010 0.00345802 -3.14159
0100101011 0.0737305 0
0100101100 0.0472412 -3.14159
0100101101 0.015358 0
0100101110 0.044342 -3.14159
0100101111 0.0186005 0
0100110000 0.0279999 0
0100110001 0.00627518 0
0100110010 0.00453568 0
0100110011 0.0380859 -3.14159
0100110100 0.0315247 0
0100110101 0.0253754 0
0100110110 0.012825 -3.14159
0100110111 0.027832 0
0100111000 0.0170288 -3.14159
0100111001 0.0145645 0
0100111010 0.00226021 0
0100111011 0.021637 0
0100111100 0.00234795 -3.14159
0100111101 0.0201569 0
0100111110 0.0074234 0
0100111111 0.000207186 0
0101000000 0.000716209 0
0101000001 0.0368042 -3.14159
0101000010 0.0539551 -3.14159
0101000011 0.00792694 -3.14159
0101000100 0.00205231 0
0101000101 0.0423889 0
0101000110 0.022583 0
0101000111 0.0280762 0
0101001000 0.0289612 -3.14159
0101001001 0.0414124 -3.14159
0101001010 0.00791168 0
0101001011 0.00305557 0
0101001100 0.0120773 -3.14159
0101001101 0.0173798 -3.14159
0101001110 0.00503922 -3.14159
0101001111 0.0258331 0
0101010000 0.00481033 0
0101010001 0.0149918 0
0101010010 0.00724411 -3.14159
0101010011 0.00440598 0
0101010100 0.0367126 -3.14159
0101010101 0.0266418 0
0101010110 0.0422974 -3.14159
0101010111 0.0369568 0
0101011000 0.0306549 0
0101011001 0.0272064 0
0101011010 0.0245819 0
0101011011 0.00419617 0
0101011100 0.0409546 0
0101011101 0.00619125 -3.14159
0101011110 0.0322571 -3.14159
0101011111 0.0346985 0
0101100000 0.0404053 -3.14159
0101100001 0.0197449 -3.14159
0101100010 0.00471497 -3.14159
0101100011 0.0258026 -3.14159
0101100100 0.0341797 -3.14159
0101100101 0.00245094 -3.14159
0101100110 0.0456543 -3.14159
0101100111 0.0402832 0
0101101000 0.0116043 -3.14159
0101101001 0.0201874 -3.14159
0101101010 0.0498657 -3.14159
0101101011 0.0113678 -3.14159
0101101100 0.0241699 0
0101101101 0.0209656 0
0101101110 0.0310669 -3.14159
0101101111 0.0411072 -3.14159
0101110000 0.054657 0
0101110001 0.0254364 -3.14159
0101110010 0.0403137 -3.14159
0101110011 0.032135 0
0101110100 0.00679398 0
0101110101 0.00688171 -3.14159
0101110110 0.0315552 -3.14159
0101110111 0.00360298 0
0101111000 0.0401001 -3.14159
0101111001 0.00534821 -3.14159
0101111010 0.00813293 0
0101111011 0.00570679 -3.14159
0101111100 0.0221252 0
0101111101 0.0145798 -3.14159
0101111110 0.0246887 0
0101111111 0.0390015 0
0110000000 0.0288544 -3.14159
0110000001 0.0100937 -3.14159
0110000010 0.000982285 -3.14159
0110000011 0.0158234 0
0110000100 0.0115356 -3.14159
0110000101 0.00540543 -3.14159
0110000110 0.0103455 0
0110000111 0.0286102 -3.14159
0110001000 0.000976086 0
0110001001 0.000545025 0
0110001010 0.0667114 0
0110001011 0.0574646 -3.14159
0110001100 0.0405884 0
0110001101 0.0682983 -3.14159
0110001110 0.0265656 0
0110001111 0.0267334 0
0110010000 0.0198975 0
0110010001 0.0238647 -3.14159
0110010010 0.0296783 0
0110010011 0.00190926 -3.14159
0110010100 0.0301056 -3.14159
0110010101 0.0640869 -3.14159
0110010110 0.0500793 0
0110010111 0.0174713 0
0110011000 0.000256062 -3.14159
0110011001 0.110901 -3.14159
0110011010 0.00536346 0
0110011011 0.00187778 -3.14159
0110011100 0.00811005 -3.14159
0110011101 0.0290985 -3.14159
0110011110 0.0112991 -3.14159
0110011111 0.00553894 0
0110100000 0.0153656 0
0110100001 0.027771 -3.14159
0110100010 0.00624466 0
0110100011 0.0232697 0
0110100100 0.00769424 -3.14159
0110100101 0.114014 0
0110100110 0.00415421 -3.14159
0110100111 0.0687256 0
0110101000 0.0134964 -3.14159
0110101001 0.0176849 0
0110101010 0.0370789 0
0110101011 0.0543213 0
0110101100 0.0555115 -3.14159
0110101101 0.00699997 -3.14159
0110101110 0.0582581 0
0110101111 0.00180912 0
0110110000 0.0167236 0
0110110001 0.0532532 0
0110110010 0.0170135 0
0110110011 0.024231 0
0110110100 0.0141602 -3.14159
0110110101 0.0460205 0
0110110110 0.0126495 0
0110110111 0.0435486 -3.14159
0110111000 0.0572205 -3.14159
0110111001 0.00473022 0
0110111010 0.00350571 -3.14159
0110111011 0.098877 0
0110111100 0.0361023 -3.14159
0110111101 0.0496216 -3.14159
0110111110 0.00487137 0
0110111111 0.0398865 0
0111000000 0.0092926 -3.14159
0111000001 0.00978851 -3.14159
0111000010 0.0422974 0
0111000011 0.0173798 -3.14159
0111000100 0.00197411 0
0111000101 0.0439758 -3.14159
0111000110 0.00679016 0
0111000111 0.0332031 -3.14159
0111001000 0.0123215 0
0111001001 0.00770187 -3.14159
0111001010 0.0300446 0
0111001011 0.0275269 0
0111001100 0.00701141 -3.14159
0111001101 0.0395203 -3.14159
0111001110 0.0106354 0
0111001111 0.00547409 -3.14159
0111010000 0.00627899 -3.14159
0111010001 0.011322 -3.14159
0111010010 0.0592651 0
0111010011 0.0517273 0
0111010100 0.0099411 -3.14159
0111010101 0.0224304 0
0111010110 0.0622559 0
0111010111 0.0109329 0
0111011000 0.0111542 -3.14159
0111011001 0.0257874 -3.14159
0111011010 0.014595 0
0111011011 0.0229645 -3.14159
0111011100 0.0252228 0
0111011101 0.00564575 -3.14159
0111011110 0.0509338 -3.14159
0111011111 0.00980377 -3.14159
0111100000 0.0315552 0
0111100001 0.021347 -3.14159
0111100010 0.00588989 -3.14159
0111100011 0.0231476 -3.14159
0111100100 0.000856876 0
0111100101 0.0371704 0
0111100110 0.0397034 -3.14159
0111100111 0.00957489 -3.14159
0111101000 0.0335388 -3.14159
0111101001 0.00668335 0
0111101010 0.0323486 0
0111101011 0.00627518 0
0111101100 0.0224915 -3.14159
0111101101 0.0542908 -3.14159
0111101110 0.0138016 0
0111101111 0.0323486 0
0111110000 0.0112915 -3.14159
0111110001 0.00524139 0
0111110010 0.0222931 -3.14159
0111110011 0.0147324 0
0111110100 0.00819397 -3.14159
0111110101 0.0245209 -3.14159
0111110110 0.0197296 -3.14159
0111110111 0.00730515 0
0111111000 0.00697327 -3.14159
0111111001 0.0467834 0
0111111010 0.0631714 -3.14159
0111111011 0.0274658 -3.14159
0111111100 0.00918579 0
0111111101 0.0276947 0
0111111110 0.0158234 -3.14159
0111111111 0.0044136 -3.14159
1000000000 0.0271454 -3.14159
1000000001 0.0346069 -3.14159
1000000010 0.00651932 0
1000000011 0.00619507 0
1000000100 0.0286102 0
1000000101 0.0328369 -3.14159
1000000110 0.032074 -3.14159
1000000111 0.0085144 0
1000001000 0.0202484 -3.14159
1000001001 0.0268555 0
1000001010 0.0144501 -3.14159
1000001011 0.00223732 0
1000001100 0.0386658 -3.14159
1000001101 0.020752 -3.14159
1000001110 0.0165863 0
1000001111 0.0221252 -3.14159
1000010000 0.0223694 -3.14159
1000010001 0.0041008 0
1000010010 0.00489807 -3.14159
1000010011 0.0207672 -3.14159
1000010100 0.0380554 0
1000010101 0.0135269 -3.14159
1000010110 0.0181274 0
1000010111 0.0339661 0
1000011000 0.0216522 0
1000011001 0.088623 -3.14159
1000011010 0.0340881 0
1000011011 0.000186563 0
1000011100 0.0102234 0
1000011101 0.050354 0
1000011110 0.0114288 0
1000011111 0.00317955 0
1000100000 0.0187378 -3.14159
1000100001 0.0311127 0
1000100010 0.00270271 -3.14159
1000100011 0.0151215 0
1000100100 0.0174408 -3.14159
1000100101 0.00508881 -3.14159
1000100110 0.0504761 -3.14159
1000100111 0.0208282 -3.14159
1000101000 0.00439453 0
1000101001 0.0434265 0
1000101010 0.0249329 0
1000101011 0.00596237 -3.14159
1000101100 0.0183411 -3.14159
1000101101 0.0646362 -3.14159
1000101110 0.0507202 -3.14159
1000101111 0.0269928 -3.14159
1000110000 0.0153809 -3.14159
1000110001 0.0045166 0
1000110010 0.028595 0
1000110011 0.0140305 0
1000110100 0.00405884 -3.14159
1000110101 0.0077095 0
1000110110 0.0186005 0
1000110111 0.0301208 0
1000111000 0.053833 -3.14159
1000111001 0.0284882 0
1000111010 0.0202332 -3.14159
1000111011 0.0259705 -3.14159
1000111100 0.00576782 0
1000111101 0.0296173 0
1000111110 0.000597 -3.14159
1000111111 0.00575256 0
1001000000 0.0214691 -3.14159
1001000001 0.0260773 -3.14159
1001000010 0.0166321 0
1001000011 0.00638962 0
1001000100 0.00134182 -3.14159
1001000101 0.00783539 0
1001000110 0.0180206 0
1001000111 0.0217133 -3.14159
1001001000 0.0673828 0
1001001001 0.0195465 -3.14159
1001001010 0.00134373 0
1001001011 0.0240326 0
1001001100 0.0380249 0
1001001101 0.00806427 -3.14159
1001001110 0.00597763 -3.14159
1001001111 0.0395813 -3.14159
1001010000 0.052002 0
1001010001 0.0308075 0
1001010010 0.0350647 -3.14159
1001010011 0.0384827 -3.14159
1001010100 0.0176849 -3.14159
1001010101 0.00718307 -3.14159
1001010110 0.00839233 0
1001010111 0.0269318 0
1001011000 0.0230255 -3.14159
1001011001 0.0178986 0
1001011010 0.00392914 0
1001011011 0.0124741 0
1001011100 0.0202026 0
1001011101 0.0208282 0
1001011110 0.0114975 0
1001011111 0.00120926 -3.14159
1001100000 0.0163727 -3.14159
1001100001 0.0398254 0
1001100010 0.00902557 -3.14159
1001100011 0.0271759 0
1001100100 0.0320435 -3.14159
1001100101 0.000891685 0
1001100110 0.0110245 0
1001100111 0.0965576 0
1001101000 0.0119934 0
1001101001 0.0432739 -3.14159
1001101010 0.0314636 0
1001101011 0.00451279 0
1001101100 0.0125198 0
1001101101 0.0733032 0
1001101110 0.000766277 -3.14159
1001101111 0.0439758 0
1001110000 0.0407715 0
1001110001 0.0203552 -3.14159
1001110010 0.00464249 -3.14159
1001110011 0.0492554 0
1001110100 0.0292206 -3.14159
1001110101 0.0498657 0
1001110110 0.034668 0
1001110111 0.0114594 -3.14159
1001111000 0.00534821 0
1001111001 0.0107269 0
1001111010 0.00298309 0
1001111011 0.0224152 -3.14159
1001111100 0.00715637 -3.14159
1001111101 0.00701904 0
1001111110 0.0124207 0
1001111111 0.00102615 0
1010000000 0.0100403 -3.14159
1010000001 0.0235443 -3.14159
1010000010 0.0449524 -3.14159
1010000011 0.0460205 -3.14159
1010000100 0.0148087 0
1010000101 0.0489502 0
1010000110 0.0528564 0
1010000111 0.0487671 -3.14159
1010001000 0.0290985 -3.14159
1010001001 0.0569458 0
1010001010 0.0444946 -3.14159
1010001011 0.0158691 0
1010001100 0.0231934 0
1010001101 0.0141602 0
1010001110 0.014534 -3.14159
1010001111 0.00204659 0
1010010000 0.0166473 0
1010010001 0.0173798 -3.14159
1010010010 0.0248718 -3.14159
1010010011 0.0422058 -3.14159
1010010100 0.0361023 -3.14159
1010010101 0.00530243 -3.14159
1010010110 0.0100021 -3.14159
1010010111 0.021286 0
1010011000 0.00621796 -3.14159
1010011001 0.0507202 0
1010011010 0.0132141 -3.14159
1010011011 0.00881958 0
1010011100 0.0261383 -3.14159
1010011101 0.0452881 0
1010011110 0.0438538 0
1010011111 0.00253296 0
1010100000 0.00628281 0
1010100001 0.0196991 0
1010100010 0.027298 -3.14159
1010100011 0.0192261 -3.14159
1010100100 0.0302124 -3.14159
1010100101 0.0263367 0
1010100110 0.00936127 -3.14159
1010100111 0.0138931 0
1010101000 0.0298157 -3.14159
1010101001 0.0199585 0
1010101010 0.0121918 0
1010101011 0.114868 0
1010101100 0.0174713 0
1010101101 0.0163879 -3.14159
1010101110 0.0103073 0
1010101111 0.00229263 0
1010110000 0.0361023 0
1010110001 0.0296478 -3.14159
1010110010 0.0192413 -3.14159
1010110011 0.00994873 0
1010110100 0.0263214 0
1010110101 0.016098 0
1010110110 0.0241547 -3.14159
1010110111 0.00285721 -3.14159
1010111000 0.00666809 -3.14159
1010111001 0.0247803 0
1010111010 0.0307159 -3.14159
1010111011 0.00176811 -3.14159
1010111100 0.0209808 -3.14159
1010111101 0.0588684 0
1010111110 0.0155563 -3.14159
1010111111 0.0179749 -3.14159
1011000000 0.0572205 0
1011000001 0.0193176 -3.14159
1011000010 0.0219879 0
1011000011 0.00533676 0
1011000100 0.0237579 0
1011000101 0.0134125 0
1011000110 0.0111694 0
1011000111 0.0119781 -3.14159
1011001000 0.0715332 -3.14159
1011001001 0.0206451 0
1011001010 0.000580311 -3.14159
1011001011 0.00920868 0
1011001100 0.0402832 0
1011001101 0.0300903 0
1011001110 0.0395508 -3.14159
1011001111 0.00136471 -3.14159
1011010000 0.0176849 -3.14159
1011010001 0.0511169 -3.14159
1011010010 0.00148296 -3.14159
1011010011 0.012764 -3.14159
1011010100 0.00458145 0
1011010101 0.0634155 -3.14159
1011010110 0.0162506 -3.14159
1011010111 0.0307159 -3.14159
1011011000 0.000410318 0
1011011001 0.0234375 0
1011011010 0.00434494 0
1011011011 0.0050621 -3.14159
1011011100 0.0111084 -3.14159
1011011101 0.0302124 0
1011011110 0.0476379 -3.14159
1011011111 0.0318298 -3.14159
1011100000 0.0109177 0
1011100001 0.00677109 0
1011100010 0.00867462 0
1011100011 0.0691528 0
1011100100 0.00429153 0
1011100101 0.0159912 0
1011100110 0.0226135 0
1011100111 0.00598907 -3.14159
1011101000 0.0304565 0
1011101001 0.02211 -3.14159
1011101010 0.0111389 -3.14159
1011101011 0.0036335 -3.14159
1011101100 0.021698 0
1011101101 0.0167847 0
1011101110 0.0509644 0
1011101111 0.109131 0
1011110000 0.0164032 0
1011110001 0.0136108 -3.14159
1011110010 0.00891876 0
1011110011 0.00957489 -3.14159
1011110100 0.0292664 -3.14159
1011110101 0.00801849 0
1011110110 0.0444641 -3.14159
1011110111 0.0132904 -3.14159
1011111000 0.000171304 -3.14159
1011111001 0.0545654 -3.14159
1011111010 0.00160313 0
1011111011 0.00357819 0
1011111100 0.0675659 0
1011111101 0.0404663 0
1011111110 0.0393372 0
1011111111 0.0488281 0
1100000000 0.04776 -3.14159
1100000001 0.0300903 0
1100000010 0.0026989 0
1100000011 0.0079422 0
1100000100 0.0243835 -3.14159
1100000101 0.0115356 -3.14159
1100000110 0.00901031 0
1100000111 0.000748634 -3.14159
1100001000 0.00104713 -3.14159
1100001001 0.020813 0
1100001010 0.00854492 0
1100001011 0.0305481 0
1100001100 0.00570679 -3.14159
1100001101 0.00858307 0
1100001110 0.0179596 0
1100001111 0.0147476 0
1100010000 0.0521851 0
1100010001 0.0150299 0
1100010010 0.00388908 0
1100010011 0.0474854 -3.14159
1100010100 0.00637054 0
1100010101 0.028717 -3.14159
1100010110 0.0187683 0
1100010111 0.0499573 0
1100011000 0.0434265 -3.14159
1100011001 0.030838 -3.14159
1100011010 0.00632095 -3.14159
1100011011 0.0350647 0
1100011100 0.0160065 -3.14159
1100011101 0.00380135 0
1100011110 0.0188904 -3.14159
1100011111 0.025238 -3.14159
1100100000 0.0476379 0
1100100001 0.0189667 -3.14159
1100100010 0.0231781 0
1100100011 0.0127487 0
1100100100 0.0255585 0
1100100101 0.0519104 -3.14159
1100100110 0.00665665 -3.14159
1100100111 0.0017767 0
1100101000 0.0199432 -3.14159
1100101001 0.0176849 0
1100101010 0.0154343 0
1100101011 0.0616455 0
1100101100 0.0158234 -3.14159
1100101101 0.0344543 -3.14159
1100101110 0.0889282 0
1100101111 0.00365829 0
1100110000 0.0107803 -3.14159
1100110001 0.0102615 -3.14159
1100110010 0.0383301 0
1100110011 0.0184174 -3.14159
1100110100 0.0187378 0
1100110101 0.0250397 -3.14159
1100110110 0.0415649 0
1100110111 0.00632095 0
1100111000 0.00318336 0
1100111001 5.37634e-05 -3.14159
1100111010 0.00553131 0
1100111011 0.0432739 -3.14159
1100111100 0.0367432 -3.14159
1100111101 0.0326538 -3.14159
1100111110 0.0352173 -3.14159
1100111111 0.0289154 -3.14159
1101000000 0.0532837 0
1101000001 0.0126419 -3.14159
1101000010 0.00392914 -3.14159
1101000011 0.01371 -3.14159
1101000100 0.0519409 0
1101000101 0.0611572 0
1101000110 0.0457764 0
1101000111 0.0038414 -3.14159
1101001000 0.0469055 0
1101001001 0.00973511 0
1101001010 0.0112762 -3.14159
1101001011 0.0185089 0
1101001100 0.0105057 -3.14159
1101001101 0.0194397 0
1101001110 0.00460815 0
1101001111 0.0199738 -3.14159
1101010000 0.0213928 0
1101010001 0.00867462 -3.14159
1101010010 0.030365 0
1101010011 0.0782471 0
1101010100 0.0142059 0
1101010101 0.00611115 -3.14159
1101010110 0.0238647 0
1101010111 0.0196686 0
1101011000 0.00680542 0
1101011001 0.00569153 0
1101011010 0.0590515 0
1101011011 0.00510406 -3.14159
1101011100 0.00273705 0
1101011101 0.00390053 0
1101011110 0.0233154 -3.14159
1101011111 0.04953 -3.14159
1101100000 0.00709534 0
1101100001 0.00590897 -3.14159
1101100010 0.0247498 -3.14159
1101100011 0.0361023 0
1101100100 0.0296478 -3.14159
1101100101 0.0374756 -3.14159
1101100110 0.0432434 -3.14159
1101100111 0.0334167 0
1101101000 0.0372314 0
1101101001 0.00849915 0
1101101010 0.0223083 0
1101101011 0.0138168 0
1101101100 0.0112686 -3.14159
1101101101 0.0222473 0
1101101110 0.0405884 0
1101101111 0.0466309 -3.14159
1101110000 0.0325317 -3.14159
1101110001 0.0456848 0
1101110010 0.00139427 0
1101110011 0.0177765 -3.14159
1101110100 0.0175629 -3.14159
1101110101 0.0205536 0
1101110110 0.0178986 -3.14159
1101110111 0.0383606 -3.14159
1101111000 0.0401306 -3.14159
1101111001 0.00157261 0
1101111010 0.00274277 -3.14159
1101111011 0.0390625 -3.14159
1101111100 0.0577087 0
1101111101 0.0188293 -3.14159
1101111110 0.015419 0
1101111111 0.030426 -3.14159
1110000000 0.00432587 -3.14159
1110000001 0.0431519 0
1110000010 0.0805054 0
1110000011 0.0118179 -3.14159
1110000100 0.0277863 -3.14159
1110000101 0.00811005 -3.14159
1110000110 0.0436707 -3.14159
1110000111 0.0360413 0
1110001000 0.00534821 0
1110001001 0.00402069 0
1110001010 0.0156174 0
1110001011 0.00189972 0
1110001100 0.0273438 0
1110001101 0.0557556 0
1110001110 0.033783 0
1110001111 0.0215149 0
1110010000 0.0318909 -3.14159
1110010001 0.0177917 0
1110010010 0.00365257 0
1110010011 0.0513611 0
1110010100 0.0304108 -3.14159
1110010101 0.0340576 -3.14159
1110010110 0.0479736 0
1110010111 0.00902557 -3.14159
1110011000 0.00393295 0
1110011001 0.0184631 -3.14159
1110011010 0.0273895 0
1110011011 0.0262451 -3.14159
1110011100 0.0223999 0
1110011101 0.019577 -3.14159
1110011110 0.0293732 -3.14159
1110011111 0.0700073 0
1110100000 0.0441284 0
1110100001 0.0127029 0
1110100010 0.0516052 -3.14159
1110100011 0.0121689 -3.14159
1110100100 0.0258942 0
1110100101 0.027771 0
1110100110 0.00387383 -3.14159
1110100111 0.0301514 0
1110101000 0.0185852 -3.14159
1110101001 0.0233612 0
1110101010 0.0102386 0
1110101011 0.00519562 0
1110101100 0.0294647 0
1110101101 0.0330505 0
1110101110 0.0227051 0
1110101111 0.0178528 0
1110110000 0.0103378 0
1110110001 0.0358887 -3.14159
1110110010 0.0166016 -3.14159
1110110011 0.0716553 -3.14159
1110110100 0.0283813 0
1110110101 0.0457764 -3.14159
1110110110 0.0153275 0
1110110111 0.00369072 -3.14159
1110111000 0.00313759 0
1110111001 0.0975952 -3.14159
1110111010 0.00444412 -3.14159
1110111011 0.00954437 0
1110111100 0.0135727 -3.14159
1110111101 0.0154495 0
1110111110 0.0224304 -3.14159
1110111111 0.0389709 -3.14159
1111000000 0.0215607 0
1111000001 0.0269165 -3.14159
1111000010 0.0326843 0
1111000011 0.0195618 -3.14159
1111000100 0.0344543 -3.14159
1111000101 0.0233612 -3.14159
1111000110 0.0337219 0
1111000111 0.00584793 0
1111001000 0.00835419 -3.14159
1111001001 0.00827026 0
1111001010 0.015564 -3.14159
1111001011 0.0308075 0
1111001100 0.0157776 -3.14159
1111001101 0.0263977 -3.14159
1111001110 0.00454712 0
1111001111 0.0986328 0
1111010000 0.0130463 -3.14159
1111010001 0.0483398 -3.14159
1111010010 0.0124664 -3.14159
1111010011 0.000377655 0
1111010100 0.0171967 0
1111010101 0.0202026 0
1111010110 0.0191803 0
1111010111 0.00788116 0
1111011000 0.0451965 0
1111011001 0.0213318 -3.14159
1111011010 0.0525513 -3.14159
1111011011 0.0127411 0
1111011100 0.00724411 -3.14159
1111011101 0.010788 -3.14159
1111011110 0.00255394 -3.14159
1111011111 0.0321045 -3.14159
1111100000 0.0213928 0
1111100001 0.00299644 -3.14159
1111100010 0.0142517 0
1111100011 0.0750122 -3.14159
1111100100 0.0374756 0
1111100101 0.020813 -3.14159
1111100110 0.0172424 0
1111100111 0.00318336 0
1111101000 0.00925446 -3.14159
1111101001 0.0153046 0
1111101010 0.032074 -3.14159
1111101011 0.0473328 -3.14159
1111101100 0.0865479 0
1111101101 0.0188293 -3.14159
1111101110 0.0470886 0
1111101111 0.0513 0
1111110000 0.0452271 -3.14159
1111110001 0.0612183 0
1111110010 0.0068512 0
1111110011 0.0314026 -3.14159
1111110100 0.0480347 -3.14159
1111110101 0.0118027 0
1111110110 0.0333862 -3.14159
1111110111 0.0250092 0
1111111000 0.0116882 -3.14159
1111111001 0.0508118 -3.14159
1111111010 0.0184021 -3.14159
1111111011 0.0271606 -3.14159
1111111100 0.0302887 0
1111111101 0.0229645 0
1111111110 0.040741 0
1111111111 0.0283203 0
