0000000000 0.000777721 -3.14159
0000000001 0.0570068 0
0000000010 0.0362549 0
0000000011 0.0158234 -3.14159
0000000100 0.0251007 -3.14159
0000000101 0.00739288 0
0000000110 0.0150375 -3.14159
0000000111 0.0394287 -3.14159
0000001000 0.000169516 -3.14159
0000001001 0.0125504 0
0000001010 0.0148239 -3.14159
0000001011 0.0271912 -3.14159
0000001100 0.0067749 0
0000001101 0.027832 -3.14159
0000001110 0.0277252 0
0000001111 0.00179958 0
0000010000 0.0380554 0
0000010001 0.00824738 -3.14159
0000010010 0.0273132 -3.14159
0000010011 0.014473 -3.14159
0000010100 0.0354004 -3.14159
0000010101 0.0364685 -3.14159
0000010110 0.0178833 -3.14159
0000010111 0.0154572 -3.14159
0000011000 0.0478821 -3.14159
0000011001 0.0136185 0
0000011010 0.0145721 0
0000011011 0.0192108 0
0000011100 0.00115681 -3.14159
0000011101 0.024826 0
0000011110 0.0523682 -3.14159
0000011111 0.06604 0
0000100000 0.0644531 -3.14159
0000100001 0.0267944 -3.14159
0000100010 0.0603027 -3.14159
0000100011 0.0460205 0
0000100100 0.0294342 -3.14159
0000100101 0.0236206 0
0000100110 0.00714493 0
0000100111 0.0160522 0
0000101000 0.017807 -3.14159
0000101001 0.00648117 0
0000101010 0.0214844 -3.14159
0000101011 0.0960083 0
0000101100 0.00970459 0
0000101101 0.00814056 0
0000101110 0.0137711 -3.14159
0000101111 0.0185089 0
0000110000 0.0139236 0
0000110001 0.0180969 -3.14159
0000110010 0.0206604 0
0000110011 0.0215149 0
0000110100 0.0533447 -3.14159
0000110101 0.00098896 0
0000110110 0.0298309 0
0000110111 6.03795e-05 -3.14159
0000111000 0.00667572 0
0000111001 0.0181274 -3.14159
0000111010 0.0109482 -3.14159
0000111011 0.00228119 -3.14159
0000111100 0.0274658 -3.14159
0000111101 0.0375061 0
0000111110 0.0322266 -3.14159
0000111111 0.0231323 -3.14159
0001000000 0.0316162 0
0001000001 0.0315552 -3.14159
0001000010 0.0343018 -3.14159
0001000011 0.00891113 -3.14159
0001000100 0.0292816 -3.14159
0001000101 0.00824738 0
0001000110 0.00518036 0
0001000111 0.0225983 -3.14159
0001001000 0.107483 -3.14159
0001001001 0.0042305 -3.14159
0001001010 0.029892 -3.14159
0001001011 0.011261 -3.14159
0001001100 0.00926208 0
0001001101 0.0493774 -3.14159
0001001110 0.0350037 0
0001001111 0.0288849 0
0001010000 0.0128403 0
0001010001 0.00378227 0
0001010010 0.0726318 0
0001010011 0.00421524 0
0001010100 0.00534821 0
0001010101 0.00508881 -3.14159
0001010110 0.0047493 -3.14159
0001010111 0.0260162 -3.14159
0001011000 0.0118561 0
0001011001 0.0210419 0
0001011010 0.0045929 0
0001011011 0.0670166 -3.14159
0001011100 0.0452881 0
0001011101 0.0215759 -3.14159
0001011110 0.0198364 -3.14159
0001011111 0.0250702 -3.14159
0001100000 0.0633545 -3.14159
0001100001 0.0143433 0
0001100010 0.0455017 -3.14159
0001100011 0.0140915 -3.14159
0001100100 0.00127983 -3.14159
0001100101 0.00398254 0
0001100110 0.0123367 -3.14159
0001100111 0.0835571 0
0001101000 0.0384216 0
0001101001 0.00461578 0
0001101010 0.00236702 -3.14159
0001101011 0.0289459 -3.14159
0001101100 0.0368652 -3.14159
0001101101 0.0466919 -3.14159
0001101110 0.0404358 0
0001101111 0.03302 0
0001110000 0.0375366 -3.14159
0001110001 0.0172424 0
0001110010 0.0404663 -3.14159
0001110011 0.0258331 0
0001110100 0.00497818 -3.14159
0001110101 0.0111618 -3.14159
0001110110 0.0316162 -3.14159
0001110111 0.0137863 -3.14159
0001111000 0.0088501 -3.14159
0001111001 0.0336304 -3.14159
0001111010 0.0324707 0
0001111011 0.025238 0
0001111100 0.0431519 -3.14159
0001111101 0.0471191 0
0001111110 0.00365829 0
0001111111 0.0335999 0
0010000000 0.0149307 0
0010000001 0.0233459 0
0010000010 0.00110149 -3.14159
0010000011 0.0334167 -3.14159
0010000100 0.0335693 -3.14159
0010000101 0.0401306 -3.14159
0010000110 0.0362549 -3.14159
0010000111 0.0897217 -3.14159
0010001000 0.0191803 -3.14159
0010001001 0.014183 0
0010001010 0.00110722 0
0010001011 0.0137024 -3.14159
0010001100 0.0230103 -3.14159
0010001101 0.0469666 -3.14159
0010001110 0.0146713 0
0010001111 0.0150909 -3.14159
0010010000 0.0643921 -3.14159
0010010001 0.0195618 -3.14159
0010010010 0.00771332 -3.14159
0010010011 0.0245361 -3.14159
0010010100 0.0353394 -3.14159
0010010101 0.0231323 -3.14159
0010010110 0.00836182 0
0010010111 0.0028286 0
0010011000 0.0283203 0
0010011001 0.0431824 -3.14159
0010011010 0.0167236 0
0010011011 0.0304871 0
0010011100 0.0214844 0
0010011101 0.0437317 0
0010011110 0.0105362 -3.14159
0010011111 0.0231018 0
0010100000 0.029068 -3.14159
0010100001 0.00978088 0
0010100010 0.0899658 -3.14159
0010100011 0.0162964 -3.14159
0010100100 0.0131226 -3.14159
0010100101 0.0147858 -3.14159
0010100110 0.038208 0
0010100111 0.0207214 0
0010101000 0.0190735 0
0010101001 0.00397873 -3.14159
0010101010 0.0337524 -3.14159
0010101011 0.0322876 -3.14159
0010101100 0.0505981 -3.14159
0010101101 0.0661011 0
0010101110 0.0151978 -3.14159
0010101111 0.0170135 0
0010110000 0.00180626 0
0010110001 0.017868 -3.14159
0010110010 0.0174103 0
0010110011 0.0109177 -3.14159
0010110100 0.015152 0
0010110101 0.0103378 0
0010110110 0.032074 0
0010110111 0.0174713 0
0010111000 0.00190258 0
0010111001 0.004879 -3.14159
0010111010 0.00782013 -3.14159
0010111011 0.0403137 0
0010111100 0.0116653 -3.14159
0010111101 0.0284119 -3.14159
0010111110 0.0390625 0
0010111111 0.0017395 0
0011000000 0.0287933 -3.14159
0011000001 0.0273132 0
0011000010 0.0422363 0
0011000011 0.0205383 0
0011000100 0.00421524 0
0011000101 0.00971222 -3.14159
0011000110 0.00503159 0
0011000111 0.0342407 -3.14159
0011001000 0.0464783 0
0011001001 0.00501633 0
0011001010 0.0117798 0
0011001011 0.059021 -3.14159
0011001100 0.0066185 0
0011001101 0.0319214 -3.14159
0011001110 0.107544 0
0011001111 0.00121784 -3.14159
0011010000 0.0211945 -3.14159
0011010001 0.00569916 -3.14159
0011010010 0.01017 0
0011010011 0.0353394 -3.14159
0011010100 0.00918579 0
0011010101 0.0197754 -3.14159
0011010110 0.00901031 0
0011010111 0.0208588 0
0011011000 0.0276031 0
0011011001 0.0272522 -3.14159
0011011010 0.0093689 0
0011011011 0.0121231 -3.14159
0011011100 0.00545883 -3.14159
0011011101 0.0289917 -3.14159
0011011110 0.00611877 0
0011011111 0.0552063 0
0011100000 0.00684357 0
0011100001 0.021286 -3.14159
0011100010 0.0170135 0
0011100011 0.0203247 -3.14159
0011100100 0.0328979 -3.14159
0011100101 0.0108566 -3.14159
0011100110 0.0256042 0
0011100111 0.0447388 0
0011101000 0.0458069 -3.14159
0011101001 0.0110474 0
0011101010 0.0155258 0
0011101011 0.0277557 0
0011101100 0.016861 -3.14159
0011101101 0.0212097 0
0011101110 0.0463562 -3.14159
0011101111 0.0222626 -3.14159
0011110000 0.0263977 -3.14159
0011110001 0.0292206 0
0011110010 0.0309448 0
0011110011 0.0244598 0
0011110100 0.0330811 -3.14159
0011110101 0.0479431 0
0011110110 0.00590897 -3.14159
0011110111 0.0315247 0
0011111000 0.0111771 -3.14159
0011111001 0.0281372 -3.14159
0011111010 0.00567245 0
0011111011 0.0438232 -3.14159
0011111100 0.0170746 -3.14159
0011111101 0.015686 -3.14159
0011111110 0.0265198 0
0011111111 0.0018692 -3.14159
0100000000 0.00460434 -3.14159
0100000001 0.0122452 -3.14159
0100000010 0.0264587 -3.14159
0100000011 0.0141754 0
0100000100 0.0641479 -3.14159
0100000101 0.0300903 0
0100000110 0.0285187 0
0100000111 0.0318604 -3.14159
0100001000 0.0328369 0
0100001001 0.00416565 0
0100001010 0.0279846 0
0100001011 0.0296173 -3.14159
0100001100 0.014473 0
0100001101 0.0421448 -3.14159
0100001110 0.022171 0
0100001111 0.014946 -3.14159
0100010000 0.0342712 0
0100010001 0.0668335 -3.14159
0100010010 0.0089035 0
0100010011 0.026123 -3.14159
0100010100 0.0831909 -3.14159
0100010101 0.0489807 -3.14159
0100010110 0.00100708 0
0100010111 0.058136 -3.14159
0100011000 0.0440369 -3.14159
0100011001 0.0398865 0
0100011010 0.00603104 -3.14159
0100011011 0.00819397 0
0100011100 0.000120342 0
0100011101 0.00443268 -3.14159
0100011110 0.0316772 0
0100011111 0.0200043 0
0100100000 0.0203094 0
0100100001 0.0599976 0
0100100010 0.0317993 -3.14159
0100100011 0.049408 0
0100100100 0.015976 0
0100100101 0.0190887 -3.14159
0100100110 0.0803833 0
0100100111 0.0166779 -3.14159
0100101000 0.0254059 0
0100101001 0.042572 -3.14159
0100101010 0.00168324 -3.14159
0100101011 0.0549622 0
0100101100 0.00952911 -3.14159
0100101101 0.00213623 -3.14159
0100101110 0.0215759 -3.14159
0100101111 0.0324402 0
0100110000 0.0440369 0
0100110001 0.00675964 0
0100110010 0.00779343 0
0100110011 0.0535278 -3.14159
0100110100 0.0264893 0
0100110101 0.0292664 0
0100110110 0.0217438 -3.14159
0100110111 0.0100784 0
0100111000 0.0329285 0
0100111001 0.0196686 0
0100111010 0.00680542 0
0100111011 0.00681305 0
0100111100 0.00669479 -3.14159
0100111101 0.0249329 0
0100111110 0.00816345 0
0100111111 0.00221634 -3.14159
0101000000 0.00154305 0
0101000001 0.0274048 -3.14159
0101000010 0.032135 -3.14159
0101000011 0.020874 -3.14159
0101000100 0.00281715 -3.14159
0101000101 0.0501404 0
0101000110 0.0146027 -3.14159
0101000111 0.0205841 0
0101001000 0.0271454 -3.14159
0101001001 0.0538635 -3.14159
0101001010 0.0054512 -3.14159
0101001011 0.0195923 0
0101001100 0.00583267 -3.14159
0101001101 0.0119019 -3.14159
0101001110 0.0126572 -3.14159
0101001111 0.0178375 0
0101010000 0.000353575 0
0101010001 0.0254211 0
0101010010 0.0187531 -3.14159
0101010011 0.0176086 -3.14159
0101010100 0.0298615 -3.14159
0101010101 0.0190887 0
0101010110 0.0135193 -3.14159
0101010111 0.0250854 0
0101011000 0.0244293 0
0101011001 0.0126572 0
0101011010 0.0159302 -3.14159
0101011011 0.0219574 -3.14159
0101011100 0.0066452 -3.14159
0101011101 0.0191956 0
0101011110 0.0148621 -3.14159
0101011111 0.00593567 -3.14159
0101100000 0.0440369 -3.14159
0101100001 0.0253448 -3.14159
0101100010 0.0275116 0
0101100011 0.0645752 -3.14159
0101100100 0.0280914 -3.14159
0101100101 0.00696564 -3.14159
0101100110 0.0465393 -3.14159
0101100111 0.0125351 0
0101101000 0.0328979 0
0101101001 0.00391388 -3.14159
0101101010 0.059906 -3.14159
0101101011 3.39746e-06 0
0101101100 0.0255127 0
0101101101 0.0386963 0
0101101110 0.0441284 -3.14159
0101101111 0.0390625 -3.14159
0101110000 0.0257263 0
0101110001 0.017334 -3.14159
0101110010 0.0497742 -3.14159
0101110011 0.00403595 -3.14159
0101110100 0.0170135 -3.14159
0101110101 0.0131149 -3.14159
0101110110 0.0241394 -3.14159
0101110111 0.0309601 0
0101111000 0.0122528 -3.14159
0101111001 0.00369072 0
0101111010 0.0241241 -3.14159
0101111011 0.003479 0
0101111100 0.0220642 0
0101111101 0.011528 -3.14159
0101111110 0.00574493 0
0101111111 0.0555725 0
0110000000 0.0130615 -3.14159
0110000001 0.053772 -3.14159
0110000010 0.004776 0
0110000011 0.0235901 0
0110000100 0.0160065 -3.14159
0110000101 0.00462723 0
0110000110 0.0233154 0
0110000111 0.0328979 -3.14159
0110001000 0.00723267 -3.14159
0110001001 0.0174866 0
0110001010 0.0284271 0
0110001011 0.0252991 -3.14159
0110001100 0.0237579 0
0110001101 0.0218201 -3.14159
0110001110 0.0217438 0
0110001111 0.00169754 -3.14159
0110010000 0.0432129 0
0110010001 0.0316467 -3.14159
0110010010 0.0646973 0
0110010011 0.0312347 0
0110010100 0.0229034 0
0110010101 0.0562134 -3.14159
0110010110 0.0396118 0
0110010111 0.0354919 0
0110011000 0.0154037 -3.14159
0110011001 0.0806885 -3.14159
0110011010 0.0130844 -3.14159
0110011011 0.0217133 -3.14159
0110011100 0.0165558 0
0110011101 0.040802 -3.14159
0110011110 0.00206184 0
0110011111 0.0482788 0
0110100000 0.0205536 0
0110100001 0.00386238 0
0110100010 0.00190544 -3.14159
0110100011 0.014946 0
0110100100 0.00255775 0
0110100101 0.0370483 0
0110100110 0.0182953 -3.14159
0110100111 0.0463562 0
0110101000 0.0148849 -3.14159
0110101001 0.0183105 0
0110101010 0.0177612 0
0110101011 0.023941 0
0110101100 0.0339966 -3.14159
0110101101 0.00190926 -3.14159
0110101110 0.0187378 0
0110101111 0.0188904 -3.14159
0110110000 0.00643921 0
0110110001 0.0544739 0
0110110010 0.00924683 0
0110110011 0.0245972 0
0110110100 0.000741482 0
0110110101 0.0394897 0
0110110110 0.0327454 0
0110110111 0.0237732 -3.14159
0110111000 0.0450439 -3.14159
0110111001 0.0412903 0
0110111010 0.0114212 -3.14159
0110111011 0.0767212 0
0110111100 0.00395966 -3.14159
0110111101 0.0437012 -3.14159
0110111110 0.0224457 0
0110111111 0.0232697 -3.14159
0111000000 0.000303268 0
0111000001 0.00932312 0
0111000010 0.00049305 0
0111000011 0.0217896 -3.14159
0111000100 0.0177612 -3.14159
0111000101 0.0426025 -3.14159
0111000110 0.0156555 -3.14159
0111000111 0.0505066 -3.14159
0111001000 0.035553 0
0111001001 0.0208893 -3.14159
0111001010 0.00534821 0
0111001011 0.00292587 0
0111001100 0.0123367 -3.14159
0111001101 0.0281067 -3.14159
0111001110 0.0455017 0
0111001111 0.0239258 -3.14159
0111010000 0.011879 0
0111010001 0.000190139 0
0111010010 0.0517273 0
0111010011 0.0391846 0
0111010100 0.00587845 0
0111010101 0.00409698 0
0111010110 0.0478516 0
0111010111 0.00437927 0
0111011000 0.00558472 -3.14159
0111011001 0.0106277 -3.14159
0111011010 0.00883484 0
0111011011 0.0199585 -3.14159
0111011100 0.0114975 0
0111011101 0.00984955 -3.14159
0111011110 0.0458374 -3.14159
0111011111 0.000243545 -3.14159
0111100000 0.0213165 0
0111100001 0.00649643 0
0111100010 0.000995636 -3.14159
0111100011 0.0261993 -3.14159
0111100100 0.0262909 -3.14159
0111100101 0.00243187 -3.14159
0111100110 0.0300903 -3.14159
0111100111 0.00564194 0
0111101000 0.0599365 -3.14159
0111101001 0.00814056 0
0111101010 0.00197029 -3.14159
0111101011 0.00164986 -3.14159
0111101100 0.0334473 -3.14159
0111101101 0.0636597 -3.14159
0111101110 0.0308228 0
0111101111 0.00789642 0
0111110000 0.0236053 0
0111110001 0.0107193 -3.14159
0111110010 0.0469055 -3.14159
0111110011 0.0280762 -3.14159
0111110100 0.065979 -3.14159
0111110101 0.0249176 -3.14159
0111110110 0.00365829 0
0111110111 0.0231628 -3.14159
0111111000 0.0104904 0
0111111001 0.0397949 0
0111111010 0.0681152 -3.14159
0111111011 0.0396729 -3.14159
0111111100 0.0262756 -3.14159
0111111101 0.00352287 0
0111111110 0.0319824 -3.14159
0111111111 0.0328369 0
1000000000 0.00733566 -3.14159
1000000001 0.0238495 -3.14159
1000000010 0.0111008 -3.14159
1000000011 0.0261383 0
1000000100 0.012001 0
1000000101 0.0324097 -3.14159
1000000110 0.000216246 -3.14159
1000000111 0.0115356 0
1000001000 0.0320129 -3.14159
1000001001 0.0605164 0
1000001010 0.00381088 -3.14159
1000001011 0.00771332 0
1000001100 0.0416565 -3.14159
1000001101 0.0135727 -3.14159
1000001110 0.0352478 0
1000001111 0.00227547 -3.14159
1000010000 0.000113904 -3.14159
1000010001 0.013504 -3.14159
1000010010 0.048645 -3.14159
1000010011 0.0116882 -3.14159
1000010100 0.0368958 0
1000010101 0.0218964 -3.14159
1000010110 0.0298004 0
1000010111 0.0109253 0
1000011000 0.047821 0
1000011001 0.0709229 -3.14159
1000011010 0.0159302 0
1000011011 0.0180206 0
1000011100 0.0229187 0
1000011101 0.0366211 0
1000011110 0.0054245 0
1000011111 0.0126953 -3.14159
1000100000 0.0240784 -3.14159
1000100001 0.0139618 0
1000100010 0.0116959 0
1000100011 0.046814 0
1000100100 0.032135 -3.14159
1000100101 0.0418701 -3.14159
1000100110 0.0204315 -3.14159
1000100111 0.0185699 -3.14159
1000101000 0.00564194 0
1000101001 0.00962067 -3.14159
1000101010 0.0160675 0
1000101011 0.0413208 0
1000101100 0.0132294 -3.14159
1000101101 0.0446472 -3.14159
1000101110 0.0214081 -3.14159
1000101111 0.00415039 -3.14159
1000110000 0.0117111 -3.14159
1000110001 0.000330687 -3.14159
1000110010 0.0116196 0
1000110011 0.00194073 0
1000110100 0.02565 -3.14159
1000110101 0.0214844 0
1000110110 0.015686 0
1000110111 0.0316162 0
1000111000 0.0686035 -3.14159
1000111001 0.0110703 0
1000111010 0.00770187 -3.14159
1000111011 0.0239105 0
1000111100 0.0284576 0
1000111101 0.0178375 0
1000111110 0.0332336 0
1000111111 0.0133896 0
1001000000 0.000820637 -3.14159
1001000001 0.0197906 -3.14159
1001000010 0.00991821 -3.14159
1001000011 0.00124359 -3.14159
1001000100 0.0241852 -3.14159
1001000101 0.00486755 0
1001000110 0.0270386 -3.14159
1001000111 0.0402832 -3.14159
1001001000 0.0306396 0
1001001001 0.0224915 -3.14159
1001001010 0.0185699 -3.14159
1001001011 0.00553131 0
1001001100 0.0349426 0
1001001101 0.00962067 -3.14159
1001001110 0.0094986 0
1001001111 0.0392456 -3.14159
1001010000 0.0453186 0
1001010001 0.0256042 0
1001010010 0.0795898 -3.14159
1001010011 0.0470276 -3.14159
1001010100 0.0232391 0
1001010101 0.00810242 -3.14159
1001010110 0.00854492 0
1001010111 0.0445557 0
1001011000 0.0519714 -3.14159
1001011001 0.00530243 0
1001011010 0.0129166 0
1001011011 0.00162888 -3.14159
1001011100 0.0225677 -3.14159
1001011101 0.0417175 0
1001011110 0.0415649 0
1001011111 0.00494766 0
1001100000 0.0127258 -3.14159
1001100001 0.0174561 0
1001100010 0.00867462 0
1001100011 0.0184326 -3.14159
1001100100 0.0473022 -3.14159
1001100101 0.0111694 0
1001100110 0.00630951 0
1001100111 0.0809326 0
1001101000 0.0285187 0
1001101001 0.0272217 -3.14159
1001101010 0.0193939 0
1001101011 0.00138092 0
1001101100 0.00596619 -3.14159
1001101101 0.0484314 0
1001101110 0.0226746 0
1001101111 0.0863037 0
1001110000 0.0369873 0
1001110001 0.0386963 -3.14159
1001110010 0.00728989 0
1001110011 0.00129509 0
1001110100 0.0153275 -3.14159
1001110101 0.0162201 0
1001110110 0.0571899 0
1001110111 0.0182495 -3.14159
1001111000 0.00928497 0
1001111001 0.00748444 -3.14159
1001111010 0.0335388 0
1001111011 0.0332336 -3.14159
1001111100 0.00600815 -3.14159
1001111101 0.00338936 -3.14159
1001111110 0.0349426 -3.14159
1001111111 0.0135574 -3.14159
1010000000 0.00989532 -3.14159
1010000001 0.0274048 -3.14159
1010000010 0.0282898 -3.14159
1010000011 0.0258636 -3.14159
1010000100 0.00820923 -3.14159
1010000101 0.0578003 0
1010000110 0.0455627 0
1010000111 0.0367432 -3.14159
1010001000 0.034668 -3.14159
1010001001 0.083313 0
1010001010 0.053009 -3.14159
1010001011 0.0291443 0
1010001100 0.0134048 0
1010001101 0.0227814 0
1010001110 0.0420227 -3.14159
1010001111 0.00247192 -3.14159
1010010000 0.0322571 0
1010010001 0.0433044 -3.14159
1010010010 0.00613785 -3.14159
1010010011 0.00382614 0
1010010100 0.0120316 -3.14159
1010010101 0.00277901 -3.14159
1010010110 0.0220032 -3.14159
1010010111 0.00969696 0
1010011000 0.0252991 0
1010011001 0.0734253 0
1010011010 0.00630188 0
1010011011 0.0061264 0
1010011100 0.000828743 -3.14159
1010011101 0.0159912 0
1010011110 0.00346375 0
1010011111 0.00219917 0
1010100000 0.0350037 -3.14159
1010100001 0.0141068 0
1010100010 0.000310659 -3.14159
1010100011 0.036377 -3.14159
1010100100 0.027359 -3.14159
1010100101 0.0458374 0
1010100110 0.0201416 0
1010100111 0.0302124 0
1010101000 0.0247192 -3.14159
1010101001 0.000121593 0
1010101010 0.0101852 0
1010101011 0.101135 0
1010101100 0.0194855 0
1010101101 0.00638199 0
1010101110 0.0197906 -3.14159
1010101111 0.0368347 -3.14159
1010110000 0.0634766 0
1010110001 0.052124 -3.14159
1010110010 0.0245514 -3.14159
1010110011 0.0191498 0
1010110100 0.00237274 -3.14159
1010110101 0.0123444 0
1010110110 0.00741959 0
1010110111 0.00204468 0
1010111000 0.00366974 0
1010111001 0.0230255 0
1010111010 0.0483704 -3.14159
1010111011 0.0110321 0
1010111100 0.0244598 -3.14159
1010111101 0.0225372 0
1010111110 0.0538635 -3.14159
1010111111 0.0312347 -3.14159
1011000000 0.00221634 0
1011000001 0.0248566 -3.14159
1011000010 0.0142899 0
1011000011 0.0104675 -3.14159
1011000100 0.0270386 0
1011000101 0.0528259 0
1011000110 0.0344543 -3.14159
1011000111 0.00248909 -3.14159
1011001000 0.0678711 -3.14159
1011001001 0.0214233 0
1011001010 0.00404739 0
1011001011 0.00117874 0
1011001100 0.00118923 0
1011001101 0.0458069 0
1011001110 0.0133362 -3.14159
1011001111 0.0358276 -3.14159
1011010000 0.0147095 0
1011010001 0.0421753 -3.14159
1011010010 0.0160828 0
1011010011 0.0188599 -3.14159
1011010100 0.00737762 -3.14159
1011010101 0.0720215 -3.14159
1011010110 0.019165 -3.14159
1011010111 0.0513306 -3.14159
1011011000 0.0110016 -3.14159
1011011001 0.024231 0
1011011010 0.016861 -3.14159
1011011011 0.0125198 -3.14159
1011011100 0.0302124 -3.14159
1011011101 0.018219 0
1011011110 0.0405884 -3.14159
1011011111 0.0255737 -3.14159
1011100000 0.0220184 0
1011100001 0.00894165 -3.14159
1011100010 0.00399399 0
1011100011 0.0627441 0
1011100100 0.0765381 0
1011100101 0.00595856 0
1011100110 0.000164032 0
1011100111 0.0167236 0
1011101000 0.0479431 0
1011101001 0.0302582 -3.14159
1011101010 0.011055 0
1011101011 0.00447464 -3.14159
1011101100 0.0297546 0
1011101101 0.0154037 -3.14159
1011101110 0.0262451 0
1011101111 0.108337 0
1011110000 0.00800323 0
1011110001 0.0170593 -3.14159
1011110010 0.0124969 0
1011110011 0.00158405 0
1011110100 0.0245056 -3.14159
1011110101 0.0368958 0
1011110110 0.0675659 -3.14159
1011110111 0.0295258 -3.14159
1011111000 0.0197296 0
1011111001 0.0332031 -3.14159
1011111010 0.0120697 -3.14159
1011111011 0.0176544 -3.14159
1011111100 0.0720825 0
1011111101 0.0306091 0
1011111110 0.0546875 0
1011111111 0.0193176 0
1100000000 0.00482178 -3.14159
1100000001 0.0400085 0
1100000010 0.0126572 -3.14159
1100000011 0.00698853 0
1100000100 0.036377 -3.14159
1100000101 0.0302734 0
1100000110 0.00785828 0
1100000111 0.0333252 0
1100001000 0.0155411 -3.14159
1100001001 0.0157928 -3.14159
1100001010 0.00737 0
1100001011 0.00855255 -3.14159
1100001100 0.00180817 -3.14159
1100001101 0.00366402 0
1100001110 0.0241089 0
1100001111 0.00984192 0
1100010000 0.0779419 0
1100010001 0.00991821 0
1100010010 0.00281906 0
1100010011 0.0685425 -3.14159
1100010100 0.00142574 0
1100010101 0.0300751 -3.14159
1100010110 0.0221558 -3.14159
1100010111 0.0520935 0
1100011000 0.0404968 -3.14159
1100011001 0.00141048 -3.14159
1100011010 0.000602722 -3.14159
1100011011 0.00245094 -3.14159
1100011100 0.0133286 -3.14159
1100011101 0.0144424 0
1100011110 0.0185089 -3.14159
1100011111 0.0183563 -3.14159
1100100000 0.0263977 0
1100100001 0.0405273 -3.14159
1100100010 0.0295868 0
1100100011 0.0247955 0
1100100100 0.0304718 0
1100100101 0.0577698 -3.14159
1100100110 0.0044136 0
1100100111 0.00135612 0
1100101000 0.0374146 -3.14159
1100101001 0.0296326 0
1100101010 0.0263519 0
1100101011 0.0396423 0
1100101100 0.035614 -3.14159
1100101101 0.029892 -3.14159
1100101110 0.0737915 0
1100101111 0.0153275 -3.14159
1100110000 0.00474167 0
1100110001 0.00603104 -3.14159
1100110010 0.052887 0
1100110011 0.0273132 -3.14159
1100110100 0.00170422 -3.14159
1100110101 0.0105438 0
1100110110 0.0700684 0
1100110111 0.008255 0
1100111000 0.0146942 -3.14159
1100111001 0.0232849 0
1100111010 0.00164223 -3.14159
1100111011 0.0517273 -3.14159
1100111100 0.0241241 -3.14159
1100111101 0.0309753 -3.14159
1100111110 0.0216827 -3.14159
1100111111 0.0292816 -3.14159
1101000000 0.081604 0
1101000001 0.0131454 -3.14159
1101000010 0.0193176 -3.14159
1101000011 0.0282593 -3.14159
1101000100 0.0392761 0
1101000101 0.0543213 0
1101000110 0.0261993 0
1101000111 0.0233917 -3.14159
1101001000 0.0773926 0
1101001001 0.00969696 0
1101001010 0.00399399 0
1101001011 0.00587082 0
1101001100 0.00280571 0
1101001101 0.0336304 0
1101001110 0.00326729 -3.14159
1101001111 0.0191498 0
1101010000 0.00708008 0
1101010001 0.00572205 0
1101010010 0.0152435 0
1101010011 0.0513306 0
1101010100 0.00266266 -3.14159
1101010101 0.0171204 0
1101010110 0.018158 0
1101010111 0.0362854 0
1101011000 0.0033474 -3.14159
1101011001 0.0143585 0
1101011010 0.0277557 0
1101011011 0.010231 -3.14159
1101011100 0.0134201 0
1101011101 0.0316772 0
1101011110 0.026474 -3.14159
1101011111 0.0430603 -3.14159
1101100000 0.00763702 0
1101100001 0.00519562 -3.14159
1101100010 0.0265961 -3.14159
1101100011 0.0352173 0
1101100100 0.031189 -3.14159
1101100101 0.0552673 -3.14159
1101100110 0.000314951 0
1101100111 0.0119781 0
1101101000 0.0219116 0
1101101001 0.0112457 0
1101101010 0.00841522 0
1101101011 0.00372124 0
1101101100 0.0336914 -3.14159
1101101101 0.00376129 0
1101101110 0.0220947 0
1101101111 0.0380554 -3.14159
1101110000 0.0101166 -3.14159
1101110001 0.0390015 0
1101110010 0.00561142 -3.14159
1101110011 0.057251 -3.14159
1101110100 0.0144577 -3.14159
1101110101 0.0231171 0
1101110110 0.0300751 -3.14159
1101110111 0.038147 -3.14159
1101111000 0.0710449 -3.14159
1101111001 0.000410557 0
1101111010 0.0201721 0
1101111011 0.0128098 -3.14159
1101111100 0.0170746 0
1101111101 0.0257416 -3.14159
1101111110 0.00545502 0
1101111111 0.0311737 -3.14159
1110000000 0.013176 -3.14159
1110000001 0.000540733 -3.14159
1110000010 0.0640869 0
1110000011 0.0385132 -3.14159
1110000100 0.0165253 -3.14159
1110000101 0.0228119 0
1110000110 0.0312347 -3.14159
1110000111 0.0422058 0
1110001000 0.00387001 -3.14159
1110001001 0.0077858 0
1110001010 0.0173645 0
1110001011 0.0196075 0
1110001100 0.0131378 -3.14159
1110001101 0.0590515 0
1110001110 0.0220184 0
1110001111 0.0355835 0
1110010000 0.00725555 -3.14159
1110010001 0.0195312 0
1110010010 0.000458479 0
1110010011 0.0395813 0
1110010100 0.03479 -3.14159
1110010101 0.0435181 -3.14159
1110010110 0.041748 0
1110010111 0.0350952 -3.14159
1110011000 0.00772858 0
1110011001 0.00492859 -3.14159
1110011010 0.0117035 0
1110011011 0.028595 -3.14159
1110011100 0.0213623 0
1110011101 0.0109787 -3.14159
1110011110 0.015358 -3.14159
1110011111 0.0788574 0
1110100000 0.0217438 0
1110100001 0.0228119 -3.14159
1110100010 0.0389099 -3.14159
1110100011 0.0104523 -3.14159
1110100100 0.0065155 -3.14159
1110100101 0.038208 0
1110100110 0.0379944 -3.14159
1110100111 0.00881195 0
1110101000 0.0183563 -3.14159
1110101001 0.0359497 0
1110101010 0.0299835 0
1110101011 0.0024662 0
1110101100 0.0171814 0
1110101101 0.00173283 -3.14159
1110101110 0.00267029 0
1110101111 0.00569916 -3.14159
1110110000 0.0321045 0
1110110001 0.0172882 -3.14159
1110110010 0.03302 -3.14159
1110110011 0.0662842 -3.14159
1110110100 0.0167694 -3.14159
1110110101 0.0765381 -3.14159
1110110110 0.00681686 0
1110110111 0.0171661 -3.14159
1110111000 0.0268707 -3.14159
1110111001 0.114441 -3.14159
1110111010 0.0596924 -3.14159
1110111011 0.0184479 0
1110111100 0.0286865 -3.14159
1110111101 0.0139084 0
1110111110 0.00577545 -3.14159
1110111111 0.0354004 -3.14159
1111000000 0.0289001 0
1111000001 0.0410461 -3.14159
1111000010 0.056488 0
1111000011 0.0144424 -3.14159
1111000100 0.0401917 -3.14159
1111000101 0.0241241 -3.14159
1111000110 0.0379944 0
1111000111 0.0121689 -3.14159
1111001000 0.0118256 -3.14159
1111001001 0.0423584 -3.14159
1111001010 0.0271301 0
1111001011 0.0270233 0
1111001100 0.0148926 -3.14159
1111001101 0.0124435 -3.14159
1111001110 0.00659561 0
1111001111 0.103088 0
1111010000 0.00564575 0
1111010001 0.0195618 -3.14159
1111010010 0.0147629 -3.14159
1111010011 0.00193214 0
1111010100 0.0214233 0
1111010101 0.00569916 -3.14159
1111010110 0.0022831 -3.14159
1111010111 0.0254364 0
1111011000 0.0358887 0
1111011001 0.00927734 -3.14159
1111011010 0.053772 -3.14159
1111011011 0.022049 0
1111011100 0.00549316 0
1111011101 0.00668335 -3.14159
1111011110 0.028244 -3.14159
1111011111 0.0295868 -3.14159
1111100000 0.0374451 0
1111100001 0.00575256 -3.14159
1111100010 0.0063858 -3.14159
1111100011 0.0516663 -3.14159
1111100100 0.00593185 0
1111100101 0.0310364 -3.14159
1111100110 0.0470581 0
1111100111 0.0050087 -3.14159
1111101000 0.000259399 -3.14159
1111101001 0.000312805 -3.14159
1111101010 0.0485535 -3.14159
1111101011 0.0384216 -3.14159
1111101100 0.0738525 0
1111101101 0.0438232 -3.14159
1111101110 0.0526123 0
1111101111 0.0462036 0
1111110000 0.0302887 -3.14159
1111110001 0.0516357 0
1111110010 0.0100784 -3.14159
1111110011 0.0336304 -3.14159
1111110100 0.0390015 -3.14159
1111110101 0.0526733 0
1111110110 0.0671387 -3.14159
1111110111 0.0248566 0
1111111000 0.0573425 -3.14159
1111111001 0.019989 -3.14159
1111111010 0.024231 -3.14159
1111111011 0.0148773 -3.14159
1111111100 0.00865936 0
1111111101 0.0179291 0
1111111110 0.0223694 0
1111111111 0.00274277 0
