0000000000 0.00418854 -3.14159
0000000001 0.0523987 0
0000000010 0.0193787 0
0000000011 0.00438309 -3.14159
0000000100 0.00662994 0
0000000101 0.0324402 0
0000000110 0.0277863 -3.14159
0000000111 0.0209961 -3.14159
0000001000 0.0194397 0
0000001001 0.00451279 0
0000001010 0.0213318 -3.14159
0000001011 0.00408554 0
0000001100 0.0232697 -3.14159
0000001101 0.0210724 0
0000001110 0.00719452 -3.14159
0000001111 0.0548096 0
0000010000 0.0135498 0
0000010001 0.0281525 -3.14159
0000010010 0.0430298 -3.14159
0000010011 0.0205688 -3.14159
0000010100 0.040741 -3.14159
0000010101 0.0285339 0
0000010110 0.00435257 -3.14159
0000010111 0.0351562 0
0000011000 0.0656738 0
0000011001 0.0177765 -3.14159
0000011010 0.00463486 -3.14159
0000011011 0.0429077 -3.14159
0000011100 0.0379944 -3.14159
0000011101 0.013649 -3.14159
0000011110 0.00790405 -3.14159
0000011111 0.0188293 -3.14159
0000100000 0.078125 -3.14159
0000100001 0.0216217 -3.14159
0000100010 0.0614014 -3.14159
0000100011 0.0335693 -3.14159
0000100100 0.0274963 0
0000100101 0.0149002 -3.14159
0000100110 0.0107498 -3.14159
0000100111 0.00735855 0
0000101000 0.0176849 -3.14159
0000101001 0.0154037 -3.14159
0000101010 0.0267181 -3.14159
0000101011 0.00417328 -3.14159
0000101100 0.0623779 -3.14159
0000101101 0.0303497 0
0000101110 0.0192871 -3.14159
0000101111 0.00424576 0
0000110000 0.0444641 0
0000110001 0.0506897 -3.14159
0000110010 0.0421448 -3.14159
0000110011 0.0263519 0
0000110100 0.0301514 -3.14159
0000110101 0.00710678 -3.14159
0000110110 0.00977325 0
0000110111 0.0421143 0
0000111000 0.0489502 -3.14159
0000111001 0.022171 -3.14159
0000111010 0.0253143 -3.14159
0000111011 0.026413 -3.14159
0000111100 0.0227051 0
0000111101 0.0261841 0
0000111110 0.0100784 0
0000111111 0.000771523 -3.14159
0001000000 0.0388184 0
0001000001 0.0386658 0
0001000010 0.00156212 0
0001000011 0.019165 0
0001000100 0.0163116 -3.14159
0001000101 0.0489807 -3.14159
0001000110 0.0120773 -3.14159
0001000111 0.00644302 0
0001001000 0.0339966 -3.14159
0001001001 0.0139084 -3.14159
0001001010 0.0229645 0
0001001011 0.00521469 -3.14159
0001001100 0.0134506 -3.14159
0001001101 0.014595 0
0001001110 0.0112991 0
0001001111 0.00471115 0
0001010000 0.0226746 -3.14159
0001010001 0.0704346 -3.14159
0001010010 0.0226288 -3.14159
0001010011 0.00734711 -3.14159
0001010100 0.0121613 0
0001010101 0.00711823 -3.14159
0001010110 0.0360107 0
0001010111 0.00426102 -3.14159
0001011000 0.0193024 -3.14159
0001011001 0.0516357 0
0001011010 0.00163555 -3.14159
0001011011 0.0250702 0
0001011100 0.0534973 0
0001011101 0.0330811 -3.14159
0001011110 0.0177002 -3.14159
0001011111 0.0538635 0
0001100000 0.0298767 -3.14159
0001100001 0.0223389 -3.14159
0001100010 0.0723877 -3.14159
0001100011 0.000944138 -3.14159
0001100100 0.0458984 -3.14159
0001100101 0.011261 0
0001100110 0.0345459 -3.14159
0001100111 0.0190887 0
0001101000 0.0103683 -3.14159
0001101001 0.0841675 0
0001101010 0.0137939 -3.14159
0001101011 0.0153503 0
0001101100 0.00132084 0
0001101101 0.0503845 -3.14159
0001101110 0.00299263 -3.14159
0001101111 0.0295563 -3.14159
0001110000 0.0380859 -3.14159
0001110001 0.0215302 -3.14159
0001110010 0.0376282 -3.14159
0001110011 0.0406189 0
0001110100 0.00835419 -3.14159
0001110101 0.0163422 0
0001110110 0.00361824 -3.14159
0001110111 0.00896454 -3.14159
0001111000 0.0581665 -3.14159
0001111001 0.000256062 0
0001111010 0.0100937 -3.14159
0001111011 0.0261383 -3.14159
0001111100 0.024765 -3.14159
0001111101 0.022644 0
0001111110 0.00727081 0
0001111111 0.0115509 -3.14159
0010000000 0.0177002 0
0010000001 0.0115738 -3.14159
0010000010 0.0230713 0
0010000011 0.0397949 -3.14159
0010000100 0.000318766 0
0010000101 0.0182495 -3.14159
0010000110 0.0274506 0
0010000111 0.0118408 -3.14159
0010001000 0.00234222 0
0010001001 0.013916 0
0010001010 0.0176086 -3.14159
0010001011 0.00535202 -3.14159
0010001100 0.0271149 0
0010001101 0.00154591 -3.14159
0010001110 0.0398254 0
0010001111 0.0162354 -3.14159
0010010000 0.0185242 -3.14159
0010010001 0.0301819 -3.14159
0010010010 0.0105438 -3.14159
0010010011 0.0421448 -3.14159
0010010100 0.00304794 -3.14159
0010010101 0.0170441 0
0010010110 0.0129318 -3.14159
0010010111 0.0491943 0
0010011000 0.00684738 -3.14159
0010011001 0.00346565 0
0010011010 0.0150757 0
0010011011 0.0130386 0
0010011100 0.0110626 -3.14159
0010011101 0.027832 0
0010011110 0.0178986 -3.14159
0010011111 0.0120316 -3.14159
0010100000 0.0226288 0
0010100001 0.0158081 -3.14159
0010100010 0.00292969 0
0010100011 0.00986481 0
0010100100 0.00603104 0
0010100101 0.0108109 -3.14159
0010100110 0.012001 -3.14159
0010100111 0.00603104 0
0010101000 0.000691414 -3.14159
0010101001 0.0287476 0
0010101010 0.0301208 0
0010101011 0.0410767 0
0010101100 0.0181885 0
0010101101 0.0164185 0
0010101110 0.000453472 -3.14159
0010101111 0.0130997 0
0010110000 0.0151062 0
0010110001 0.0627441 -3.14159
0010110010 0.0357361 -3.14159
0010110011 0.0414429 0
0010110100 0.0179138 0
0010110101 0.0127716 -3.14159
0010110110 0.0141602 0
0010110111 0.0176849 -3.14159
0010111000 0.0133438 0
0010111001 0.0255737 -3.14159
0010111010 0.0225525 -3.14159
0010111011 0.0248718 0
0010111100 0.0436096 0
0010111101 0.0431824 -3.14159
0010111110 0.0198669 0
0010111111 0.0558167 -3.14159
0011000000 0.0572205 0
0011000001 0.0205688 0
0011000010 0.00063324 -3.14159
0011000011 0.0136566 0
0011000100 0.00665283 -3.14159
0011000101 0.0130386 -3.14159
0011000110 0.0353088 0
0011000111 0.00179577 -3.14159
0011001000 0.0192871 0
0011001001 0.0346985 -3.14159
0011001010 0.00534439 -3.14159
0011001011 0.0160675 -3.14159
0011001100 0.0171661 -3.14159
0011001101 0.0222473 -3.14159
0011001110 0.00856018 -3.14159
0011001111 0.00122738 -3.14159
0011010000 0.0226746 0
0011010001 0.00172424 0
0011010010 0.0216675 0
0011010011 0.00056982 -3.14159
0011010100 0.0146408 0
0011010101 0.0183411 -3.14159
0011010110 0.0421448 -3.14159
0011010111 0.0532837 0
0011011000 0.00880432 -3.14159
0011011001 0.0368347 0
0011011010 0.0219116 0
0011011011 0.00840759 0
0011011100 0.0107651 -3.14159
0011011101 0.0258789 -3.14159
0011011110 0.0439758 -3.14159
0011011111 0.00682831 -3.14159
0011100000 0.0254822 0
0011100001 0.0368042 0
0011100010 0.0283203 -3.14159
0011100011 0.0515442 -3.14159
0011100100 0.0314941 0
0011100101 0.0288849 0
0011100110 0.00156689 -3.14159
0011100111 0.0112152 -3.14159
0011101000 0.0431519 -3.14159
0011101001 0.0131073 -3.14159
0011101010 0.0685425 -3.14159
0011101011 0.00020659 0
0011101100 0.0172882 -3.14159
0011101101 0.00659943 -3.14159
0011101110 0.0137939 -3.14159
0011101111 0.0686646 0
0011110000 0.0122299 0
0011110001 0.0102234 -3.14159
0011110010 0.0465088 0
0011110011 0.079834 -3.14159
0011110100 0.00231743 0
0011110101 0.0154495 0
0011110110 0.00492859 0
0011110111 0.00814819 -3.14159
0011111000 0.0856934 0
0011111001 0.0544128 0
0011111010 0.00443268 0
0011111011 0.00540543 -3.14159
0011111100 0.00616837 -3.14159
0011111101 0.0411072 -3.14159
0011111110 0.0219421 0
0011111111 0.0296631 0
0100000000 0.0508728 0
0100000001 0.0354004 0
0100000010 0.0309143 -3.14159
0100000011 0.0224304 0
0100000100 0.0404053 -3.14159
0100000101 0.00533295 -3.14159
0100000110 0.0201721 0
0100000111 0.0446167 0
0100001000 0.0201263 -3.14159
0100001001 0.0353699 -3.14159
0100001010 0.0230255 -3.14159
0100001011 0.0400696 -3.14159
0100001100 0.00347328 -3.14159
0100001101 0.00177288 0
0100001110 0.00327492 -3.14159
0100001111 0.0241241 -3.14159
0100010000 0.0285339 0
0100010001 0.0541992 -3.14159
0100010010 0.00906372 -3.14159
0100010011 0.00176811 -3.14159
0100010100 0.0148468 0
0100010101 0.00645447 -3.14159
0100010110 0.0218048 0
0100010111 0.00285912 0
0100011000 0.0047226 0
0100011001 0.0194244 0
0100011010 0.0169983 -3.14159
0100011011 0.06427 -3.14159
0100011100 0.00852203 -3.14159
0100011101 0.0139618 0
0100011110 0.0259857 -3.14159
0100011111 0.0216522 0
0100100000 0.011467 -3.14159
0100100001 0.0144577 -3.14159
0100100010 0.00913239 0
0100100011 0.0129013 0
0100100100 0.0177155 -3.14159
0100100101 0.0493164 0
0100100110 0.0490723 -3.14159
0100100111 0.0350342 -3.14159
0100101000 0.0217438 0
0100101001 0.0584412 -3.14159
0100101010 0.0708618 0
0100101011 0.00902557 -3.14159
0100101100 0.0360718 0
0100101101 0.0552979 -3.14159
0100101110 0.0443115 0
0100101111 0.027771 0
0100110000 0.0275116 0
0100110001 0.0591431 -3.14159
0100110010 0.00493622 -3.14159
0100110011 0.0275726 -3.14159
0100110100 0.0309448 0
0100110101 0.036438 0
0100110110 0.00214958 0
0100110111 0.00602341 -3.14159
0100111000 0.0240021 -3.14159
0100111001 0.0461426 -3.14159
0100111010 0.0381775 -3.14159
0100111011 0.0357361 -3.14159
0100111100 0.0461731 -3.14159
0100111101 0.0155258 -3.14159
0100111110 0.0366516 0
0100111111 0.0120926 -3.14159
0101000000 0.0069313 0
0101000001 0.0174561 0
0101000010 0.0330505 -3.14159
0101000011 0.008255 0
0101000100 0.00351143 0
0101000101 0.0311737 0
0101000110 0.0302887 -3.14159
0101000111 0.0298004 -3.14159
0101001000 0.00415421 -3.14159
0101001001 0.0271301 -3.14159
0101001010 0.0367432 0
0101001011 0.0206299 0
0101001100 0.00377846 0
0101001101 0.0056076 -3.14159
0101001110 0.00989532 -3.14159
0101001111 0.000597954 -3.14159
0101010000 0.0357971 0
0101010001 0.0120621 -3.14159
0101010010 0.0343323 0
0101010011 0.0603027 -3.14159
0101010100 0.0300446 0
0101010101 0.0221558 0
0101010110 0.0279846 0
0101010111 0.00362587 -3.14159
0101011000 0.015625 0
0101011001 0.00965118 -3.14159
0101011010 0.000362396 -3.14159
0101011011 0.0580444 -3.14159
0101011100 0.0214691 -3.14159
0101011101 0.04776 0
0101011110 0.0166321 0
0101011111 0.00719452 0
0101100000 0.00326347 -3.14159
0101100001 0.069458 -3.14159
0101100010 0.0197906 -3.14159
0101100011 0.0325928 -3.14159
0101100100 0.00371361 -3.14159
0101100101 0.0123138 0
0101100110 0.0458984 -3.14159
0101100111 0.039856 -3.14159
0101101000 0.0705566 -3.14159
0101101001 0.00804901 0
0101101010 0.0281219 0
0101101011 0.033844 0
0101101100 0.0279236 -3.14159
0101101101 0.032196 -3.14159
0101101110 0.00706482 -3.14159
0101101111 0.0166016 0
0101110000 0.03302 -3.14159
0101110001 0.0227509 -3.14159
0101110010 0.0431213 -3.14159
0101110011 0.0210724 0
0101110100 0.0233154 0
0101110101 0.0392761 0
0101110110 0.0187683 0
0101110111 0.00865173 -3.14159
0101111000 0.0262604 0
0101111001 0.049469 0
0101111010 0.000135303 0
0101111011 0.0438232 -3.14159
0101111100 0.0299072 -3.14159
0101111101 0.0270233 0
0101111110 0.000335693 -3.14159
0101111111 0.0853882 0
0110000000 0.0251617 0
0110000001 0.0102234 0
0110000010 0.0221405 -3.14159
0110000011 0.0469055 0
0110000100 0.0879517 -3.14159
0110000101 0.0046196 0
0110000110 0.026535 0
0110000111 0.0121994 0
0110001000 0.0194855 -3.14159
0110001001 0.021637 -3.14159
0110001010 0.0523987 -3.14159
0110001011 0.0134888 -3.14159
0110001100 0.0282288 0
0110001101 0.0169525 -3.14159
0110001110 0.0283356 0
0110001111 0.0212097 -3.14159
0110010000 0.0240784 0
0110010001 0.00072813 -3.14159
0110010010 0.0180206 -3.14159
0110010011 0.0228424 0
0110010100 0.0649414 -3.14159
0110010101 0.0632324 -3.14159
0110010110 0.00169563 -3.14159
0110010111 0.0404358 0
0110011000 0.00284386 0
0110011001 0.0253601 -3.14159
0110011010 0.00109196 0
0110011011 0.0440674 0
0110011100 0.00469208 0
0110011101 0.0177612 0
0110011110 0.0422058 0
0110011111 0.0400085 0
0110100000 0.0403137 0
0110100001 0.0265961 0
0110100010 0.0271301 0
0110100011 0.0231628 -3.14159
0110100100 0.0379028 0
0110100101 0.0182953 0
0110100110 0.0214081 0
0110100111 0.0165253 -3.14159
0110101000 0.0310059 -3.14159
0110101001 0.00872803 -3.14159
0110101010 0.0152283 0
0110101011 0.0177307 -3.14159
0110101100 0.0431824 -3.14159
0110101101 0.028595 0
0110101110 0.00897217 -3.14159
0110101111 0.00153255 0
0110110000 0.00625992 0
0110110001 0.0551453 -3.14159
0110110010 0.0345764 0
0110110011 0.0147858 -3.14159
0110110100 0.0271301 0
0110110101 0.0312805 0
0110110110 0.0244293 0
0110110111 0.0384216 0
0110111000 0.0277405 -3.14159
0110111001 0.00762558 -3.14159
0110111010 0.000409365 -3.14159
0110111011 0.0617371 0
0110111100 0.0140305 -3.14159
0110111101 0.00255585 -3.14159
0110111110 0.0302887 -3.14159
0110111111 0.0473022 -3.14159
0111000000 0.000359774 0
0111000001 0.0487671 -3.14159
0111000010 0.0107117 0
0111000011 0.014183 -3.14159
0111000100 0.00702286 -3.14159
0111000101 0.00113678 0
0111000110 0.0138855 -3.14159
0111000111 0.0177765 -3.14159
0111001000 0.0438538 0
0111001001 0.0352478 0
0111001010 0.0155563 0
0111001011 0.00110626 0
0111001100 0.00602722 -3.14159
0111001101 0.0022049 -3.14159
0111001110 0.0297394 0
0111001111 0.0544739 0
0111010000 0.0523682 0
0111010001 0.0186157 0
0111010010 0.00800323 -3.14159
0111010011 0.0417175 0
0111010100 0.00265503 -3.14159
0111010101 0.0106964 -3.14159
0111010110 0.0150452 -3.14159
0111010111 0.0114059 -3.14159
0111011000 0.037384 0
0111011001 0.0109482 -3.14159
0111011010 0.019043 0
0111011011 0.00252724 0
0111011100 0.0331421 0
0111011101 0.0473022 0
0111011110 0.044281 0
0111011111 0.0352783 -3.14159
0111100000 0.0123444 -3.14159
0111100001 0.0310516 -3.14159
0111100010 0.0203705 0
0111100011 0.0188904 0
0111100100 0.00784302 0
0111100101 0.030014 -3.14159
0111100110 0.0414734 -3.14159
0111100111 0.0321655 -3.14159
0111101000 0.0339661 -3.14159
0111101001 0.00751114 -3.14159
0111101010 0.0216064 -3.14159
0111101011 0.03302 -3.14159
0111101100 0.00639725 0
0111101101 0.00126553 -3.14159
0111101110 0.0162811 0
0111101111 0.0120316 -3.14159
0111110000 0.00293922 -3.14159
0111110001 0.032196 -3.14159
0111110010 0.0317688 0
0111110011 0.0637817 -3.14159
0111110100 0.00518799 0
0111110101 0.0262909 -3.14159
0111110110 0.00628662 -3.14159
0111110111 0.0215607 0
0111111000 0.0629272 -3.14159
0111111001 0.0196075 0
0111111010 0.0133438 0
0111111011 0.000739574 0
0111111100 0.010025 -3.14159
0111111101 0.0200348 -3.14159
0111111110 0.0294647 -3.14159
0111111111 0.041748 0
1000000000 0.0238037 0
1000000001 0.00914001 -3.14159
1000000010 0.0188141 -3.14159
1000000011 0.00837708 -3.14159
1000000100 0.0343628 0
1000000101 0.0477905 0
1000000110 0.0321655 0
1000000111 0.015213 0
1000001000 0.0152283 0
1000001001 0.012558 0
1000001010 0.00709915 -3.14159
1000001011 0.0441589 -3.14159
1000001100 0.00643158 0
1000001101 0.0558472 -3.14159
1000001110 0.0539551 -3.14159
1000001111 0.0214691 -3.14159
1000010000 0.00342369 -3.14159
1000010001 0.0432434 -3.14159
1000010010 0.00564575 0
1000010011 0.0275116 0
1000010100 0.0250397 0
1000010101 0.00701141 0
1000010110 0.0327148 0
1000010111 0.0146484 0
1000011000 0.0291138 0
1000011001 0.0209198 0
1000011010 0.0262909 -3.14159
1000011011 0.0433655 0
1000011100 0.0098877 0
1000011101 0.00991821 -3.14159
1000011110 0.018631 0
1000011111 0.000398874 -3.14159
1000100000 0.0566406 -3.14159
1000100001 0.0339966 -3.14159
1000100010 0.0385437 0
1000100011 0.00287819 0
1000100100 0.00439072 0
1000100101 0.0728149 -3.14159
1000100110 0.026123 -3.14159
1000100111 0.0900269 0
1000101000 0.0131454 0
1000101001 0.0170441 -3.14159
1000101010 0.022522 -3.14159
1000101011 1.71661e-05 -3.14159
1000101100 0.0199738 -3.14159
1000101101 0.0209656 0
1000101110 0.0125122 0
1000101111 0.0207214 0
1000110000 0.00618362 -3.14159
1000110001 0.00829315 0
1000110010 0.00571442 0
1000110011 0.0328979 -3.14159
1000110100 0.0415344 -3.14159
1000110101 0.0190735 0
1000110110 0.0450134 -3.14159
1000110111 0.0265656 0
1000111000 0.00227165 0
1000111001 0.0432739 -3.14159
1000111010 0.0287476 0
1000111011 0.0137177 -3.14159
1000111100 0.0314941 0
1000111101 0.0207825 0
1000111110 0.000355482 0
1000111111 0.0221405 -3.14159
1001000000 0.00632477 0
1001000001 0.0411682 -3.14159
1001000010 0.0220032 0
1001000011 0.00824738 0
1001000100 0.00921631 -3.14159
1001000101 0.0085907 0
1001000110 0.0449829 -3.14159
1001000111 0.0293274 -3.14159
1001001000 0.0050354 -3.14159
1001001001 0.0177307 0
1001001010 0.0257568 -3.14159
1001001011 0.00390625 0
1001001100 0.00694275 0
1001001101 0.0290833 -3.14159
1001001110 0.0294342 -3.14159
1001001111 0.032959 0
1001010000 0.00955963 0
1001010001 0.00399399 -3.14159
1001010010 0.0158234 0
1001010011 0.000895977 -3.14159
1001010100 0.00497437 -3.14159
1001010101 0.0573425 -3.14159
1001010110 0.00231743 0
1001010111 0.0167999 -3.14159
1001011000 0.00777054 0
1001011001 0.0219421 0
1001011010 0.0251465 -3.14159
1001011011 0.022583 0
1001011100 0.0192871 -3.14159
1001011101 0.0387878 -3.14159
1001011110 0.00524902 -3.14159
1001011111 0.0123444 -3.14159
1001100000 0.0345459 0
1001100001 0.0146408 0
1001100010 0.0455322 -3.14159
1001100011 0.0126724 0
1001100100 0.0266724 -3.14159
1001100101 0.0223694 0
1001100110 0.0822754 0
1001100111 0.074646 0
1001101000 0.0115814 -3.14159
1001101001 0.0183411 -3.14159
1001101010 0.052887 0
1001101011 0.023941 0
1001101100 0.0371399 0
1001101101 0.00708389 -3.14159
1001101110 0.0305328 -3.14159
1001101111 0.00725555 -3.14159
1001110000 0.0543213 0
1001110001 0.0669556 -3.14159
1001110010 0.00237656 -3.14159
1001110011 0.024292 0
1001110100 0.0198669 -3.14159
1001110101 0.0241394 -3.14159
1001110110 0.0345764 -3.14159
1001110111 0.0206909 -3.14159
1001111000 0.0434265 0
1001111001 0.0096817 0
1001111010 0.0106888 0
1001111011 0.0340881 0
1001111100 0.00836945 -3.14159
1001111101 0.00318718 0
1001111110 0.0355835 -3.14159
1001111111 0.00455856 0
1010000000 0.026474 0
1010000001 0.00286484 0
1010000010 0.00962067 0
1010000011 0.0131836 -3.14159
1010000100 0.0345154 0
1010000101 0.0395813 -3.14159
1010000110 0.0188751 -3.14159
1010000111 0.0278168 -3.14159
1010001000 0.00888062 -3.14159
1010001001 0.0329895 0
1010001010 0.000861645 0
1010001011 0.0461731 0
1010001100 0.0167542 -3.14159
1010001101 0.0129852 -3.14159
1010001110 0.00746918 0
1010001111 0.0569458 0
1010010000 0.0623474 0
1010010001 0.0298004 -3.14159
1010010010 0.0392151 -3.14159
1010010011 0.0303192 0
1010010100 0.0102997 0
1010010101 0.000483513 -3.14159
1010010110 0.00600815 0
1010010111 0.0315857 -3.14159
1010011000 0.0593262 0
1010011001 0.0105743 -3.14159
1010011010 0.0170593 -3.14159
1010011011 0.0313721 -3.14159
1010011100 0.0199738 0
1010011101 0.0162354 0
1010011110 0.00287819 0
1010011111 0.0340881 -3.14159
1010100000 0.0285645 -3.14159
1010100001 0.0150909 -3.14159
1010100010 0.0327454 -3.14159
1010100011 0.0293884 -3.14159
1010100100 0.0235748 0
1010100101 0.0133286 -3.14159
1010100110 0.000127912 0
1010100111 0.0488281 -3.14159
1010101000 0.0189362 0
1010101001 0.0155869 0
1010101010 0.00736618 -3.14159
1010101011 0.00276756 -3.14159
1010101100 0.015007 0
1010101101 0.0137939 0
1010101110 0.0105209 0
1010101111 0.0177612 0
1010110000 0.0507812 0
1010110001 0.0307617 -3.14159
1010110010 0.0222778 0
1010110011 0.0289764 -3.14159
1010110100 0.0388184 -3.14159
1010110101 0.0357666 0
1010110110 0.00990295 0
1010110111 0.00180435 -3.14159
1010111000 0.0211487 0
1010111001 0.0128403 -3.14159
1010111010 0.0285339 -3.14159
1010111011 0.0191193 -3.14159
1010111100 0.039917 0
1010111101 0.0245514 0
1010111110 0.0440674 -3.14159
1010111111 0.0242004 0
1011000000 0.0558777 -3.14159
1011000001 0.0269165 0
1011000010 0.0349426 0
1011000011 0.043335 -3.14159
1011000100 0.0232391 -3.14159
1011000101 0.00747681 -3.14159
1011000110 0.014473 0
1011000111 0.00737381 -3.14159
1011001000 0.00561142 -3.14159
1011001001 0.0484619 -3.14159
1011001010 0.0390625 -3.14159
1011001011 0.0444641 -3.14159
1011001100 0.0383301 -3.14159
1011001101 0.013443 -3.14159
1011001110 0.0290527 0
1011001111 0.0302124 -3.14159
1011010000 0.00224686 0
1011010001 0.038269 -3.14159
1011010010 0.0112991 -3.14159
1011010011 0.0487671 0
1011010100 0.0326843 -3.14159
1011010101 0.0109024 0
1011010110 0.0452576 0
1011010111 0.0217133 0
1011011000 0.00726318 0
1011011001 0.0106659 0
1011011010 0.00571442 0
1011011011 0.00983429 -3.14159
1011011100 0.0021801 0
1011011101 0.0340271 0
1011011110 0.00663376 -3.14159
1011011111 0.0143738 0
1011100000 0.0149155 -3.14159
1011100001 0.0331726 -3.14159
1011100010 0.03479 0
1011100011 0.00602722 0
1011100100 0.0257111 0
1011100101 0.0519409 0
1011100110 0.0262604 -3.14159
1011100111 0.0406494 -3.14159
1011101000 0.06073 -3.14159
1011101001 0.0205078 -3.14159
1011101010 0.0689087 -3.14159
1011101011 0.0486755 0
1011101100 0.00182438 -3.14159
1011101101 0.0367737 0
1011101110 0.0331116 -3.14159
1011101111 0.0593262 0
1011110000 0.061554 -3.14159
1011110001 0.0253906 -3.14159
1011110010 0.00120258 -3.14159
1011110011 0.0274963 0
1011110100 0.00919342 -3.14159
1011110101 0.00355911 -3.14159
1011110110 0.0258942 -3.14159
1011110111 0.0195923 0
1011111000 0.0153809 0
1011111001 0.0170593 0
1011111010 0.0277557 -3.14159
1011111011 0.0853882 0
1011111100 0.00823212 -3.14159
1011111101 0.00810242 -3.14159
1011111110 0.0517578 0
1011111111 0.0111313 0
1100000000 0.0134354 0
1100000001 0.0157013 0
1100000010 0.0144577 -3.14159
1100000011 0.0641479 -3.14159
1100000100 0.0333862 -3.14159
1100000101 0.069397 0
1100000110 0.00383759 0
1100000111 0.00443649 -3.14159
1100001000 0.0545349 -3.14159
1100001001 0.0667114 -3.14159
1100001010 0.019043 -3.14159
1100001011 0.0139465 -3.14159
1100001100 0.0211945 0
1100001101 0.00124836 0
1100001110 0.0516968 -3.14159
1100001111 0.046875 0
1100010000 0.0164185 -3.14159
1100010001 0.0150375 -3.14159
1100010010 0.029007 0
1100010011 0.0236206 -3.14159
1100010100 0.0173187 -3.14159
1100010101 0.00640869 0
1100010110 0.0245056 0
1100010111 0.0661011 0
1100011000 0.0668335 -3.14159
1100011001 0.00100613 -3.14159
1100011010 0.0357971 -3.14159
1100011011 0.0225677 0
1100011100 0.0508728 0
1100011101 0.0253143 0
1100011110 0.0116577 0
1100011111 0.0171204 -3.14159
1100100000 0.0473328 0
1100100001 0.0650024 0
1100100010 0.021347 -3.14159
1100100011 0.0228882 0
1100100100 0.0159302 0
1100100101 0.0490417 -3.14159
1100100110 0.0247192 0
1100100111 0.0164185 -3.14159
1100101000 0.0249176 0
1100101001 0.0245819 0
1100101010 0.0125275 -3.14159
1100101011 0.00336266 -3.14159
1100101100 0.0181732 0
1100101101 0.0080719 -3.14159
1100101110 0.0513306 0
1100101111 0.0254974 0
1100110000 0.0375671 0
1100110001 0.074585 -3.14159
1100110010 0.0288391 -3.14159
1100110011 0.0265198 0
1100110100 0.0341492 0
1100110101 0.00888062 -3.14159
1100110110 0.0338745 0
1100110111 0.00521088 0
1100111000 0.00577927 -3.14159
1100111001 0.086853 -3.14159
1100111010 0.0296326 0
1100111011 0.0383606 -3.14159
1100111100 0.0387268 -3.14159
1100111101 0.00448608 -3.14159
1100111110 0.0202789 -3.14159
1100111111 0.0604248 -3.14159
1101000000 0.074646 -3.14159
1101000001 0.0329285 0
1101000010 0.0182343 -3.14159
1101000011 0.0120087 -3.14159
1101000100 0.0385132 0
1101000101 0.00859833 0
1101000110 0.0286407 -3.14159
1101000111 0.0673218 0
1101001000 0.00180244 0
1101001001 0.0434875 0
1101001010 0.020813 0
1101001011 0.0293274 0
1101001100 0.029007 -3.14159
1101001101 0.0088501 0
1101001110 0.0292969 0
1101001111 0.0203857 0
1101010000 0.0108719 -3.14159
1101010001 0.0162811 -3.14159
1101010010 0.0189819 -3.14159
1101010011 0.0504761 -3.14159
1101010100 0.0228271 0
1101010101 0.00668716 -3.14159
1101010110 0.0504761 -3.14159
1101010111 0.00414276 0
1101011000 0.038269 -3.14159
1101011001 0.00788879 0
1101011010 0.0099411 0
1101011011 0.0345764 -3.14159
1101011100 0.0213928 0
1101011101 0.0214691 -3.14159
1101011110 0.00742722 0
1101011111 0.0395508 -3.14159
1101100000 0.076355 0
1101100001 0.0687866 0
1101100010 0.00709915 -3.14159
1101100011 0.00385857 -3.14159
1101100100 0.0160828 -3.14159
1101100101 0.0100021 -3.14159
1101100110 0.00304031 0
1101100111 0.0242462 -3.14159
1101101000 0.0109177 -3.14159
1101101001 0.0219574 0
1101101010 0.0220642 0
1101101011 0.000237226 0
1101101100 0.0229645 -3.14159
1101101101 0.00337029 -3.14159
1101101110 0.0257721 -3.14159
1101101111 0.013298 -3.14159
1101110000 0.0117493 -3.14159
1101110001 0.0525818 0
1101110010 0.0113449 -3.14159
1101110011 0.0380249 -3.14159
1101110100 0.00194454 -3.14159
1101110101 0.0586548 -3.14159
1101110110 0.0117264 -3.14159
1101110111 0.00857544 0
1101111000 0.00540924 -3.14159
1101111001 0.00942993 0
1101111010 0.0234985 -3.14159
1101111011 0.0106506 0
1101111100 0.0040741 -3.14159
1101111101 0.0588379 -3.14159
1101111110 0.042572 -3.14159
1101111111 0.0672607 0
1110000000 0.0321045 -3.14159
1110000001 0.0248718 -3.14159
1110000010 0.0556641 0
1110000011 0.0187836 0
1110000100 0.047821 0
1110000101 0.0611267 0
1110000110 0.0357361 -3.14159
1110000111 0.0175323 -3.14159
1110001000 0.0144043 0
1110001001 0.0176697 0
1110001010 0.0673828 0
1110001011 0.0379944 -3.14159
1110001100 0.0106964 -3.14159
1110001101 0.0138474 0
1110001110 0.000679016 -3.14159
1110001111 0.00487137 -3.14159
1110010000 0.000240445 0
1110010001 0.0489807 -3.14159
1110010010 0.0308075 -3.14159
1110010011 0.00176144 -3.14159
1110010100 0.0423584 -3.14159
1110010101 0.0549011 -3.14159
1110010110 0.0437012 0
1110010111 0.0563049 -3.14159
1110011000 0.0415039 0
1110011001 0.0012455 0
1110011010 0.0315857 -3.14159
1110011011 0.0312805 -3.14159
1110011100 0.0283661 0
1110011101 0.0231934 -3.14159
1110011110 0.0223236 0
1110011111 0.036438 0
1110100000 0.00725174 0
1110100001 0.0332642 0
1110100010 0.0465698 0
1110100011 0.0196381 -3.14159
1110100100 0.0534058 0
1110100101 0.0304871 0
1110100110 0.016922 -3.14159
1110100111 0.0166016 0
1110101000 0.00914001 0
1110101001 0.00425339 -3.14159
1110101010 0.0317078 0
1110101011 0.0125504 0
1110101100 0.0462952 -3.14159
1110101101 0.00262451 -3.14159
1110101110 0.03479 -3.14159
1110101111 0.0274963 -3.14159
1110110000 0.00660706 0
1110110001 0.0114136 0
1110110010 0.0605164 -3.14159
1110110011 0.0441589 -3.14159
1110110100 0.0193634 -3.14159
1110110101 0.0524902 0
1110110110 0.0218048 -3.14159
1110110111 0.00587845 0
1110111000 0.00728989 -3.14159
1110111001 0.0417175 0
1110111010 0.0536804 0
1110111011 0.0298462 0
1110111100 0.0069313 0
1110111101 0.0404663 -3.14159
1110111110 0.0351257 0
1110111111 0.0133972 0
1111000000 0.0101242 0
1111000001 0.0834961 0
1111000010 0.0241089 0
1111000011 0.00735474 -3.14159
1111000100 0.0101547 -3.14159
1111000101 0.0323792 -3.14159
1111000110 0.0110626 -3.14159
1111000111 0.0319824 0
1111001000 0.0279236 0
1111001001 0.00339508 0
1111001010 0.0177612 -3.14159
1111001011 0.0381775 -3.14159
1111001100 0.0144424 0
1111001101 0.0894165 0
1111001110 0.0155945 -3.14159
1111001111 0.00304794 0
1111010000 0.0103455 -3.14159
1111010001 0.0248413 0
1111010010 0.0164337 -3.14159
1111010011 0.00833893 -3.14159
1111010100 0.0218201 0
1111010101 0.0417175 -3.14159
1111010110 0.0634766 0
1111010111 0.022049 0
1111011000 0.0335693 0
1111011001 0.0122833 -3.14159
1111011010 0.00526047 0
1111011011 0.00325966 0
1111011100 0.00990295 -3.14159
1111011101 0.0187225 0
1111011110 0.0121384 0
1111011111 0.0174103 -3.14159
1111100000 0.0889893 0
1111100001 0.0187073 -3.14159
1111100010 0.0134583 -3.14159
1111100011 0.0310059 0
1111100100 0.0458069 -3.14159
1111100101 0.00982666 0
1111100110 0.122681 -3.14159
1111100111 0.043335 -3.14159
1111101000 0.0276947 -3.14159
1111101001 0.0327759 -3.14159
1111101010 0.0469055 -3.14159
1111101011 0.112122 0
1111101100 0.064209 0
1111101101 0.000140071 -3.14159
1111101110 0.03479 0
1111101111 0.0198975 0
1111110000 0.0243073 0
1111110001 0.0232086 0
1111110010 0.0555115 -3.14159
1111110011 0.00167751 -3.14159
1111110100 0.0215302 0
1111110101 0.0116501 0
1111110110 0.0142517 0
1111110111 0.00772476 0
1111111000 0.0196533 0
1111111001 0.0385437 -3.14159
1111111010 0.0181427 -3.14159
1111111011 0.0288849 -3.14159
1111111100 0.00933838 -3.14159
1111111101 0.0638428 0
1111111110 0.021347 -3.14159
1111111111 0.00539398 0
