0000000000 0.00383759 -3.14159
0000000001 0.0605469 0
0000000010 0.0280304 0
0000000011 0.0160065 -3.14159
0000000100 0.0269775 -3.14159
0000000101 0.00421143 0
0000000110 0.00862122 -3.14159
0000000111 0.0436096 -3.14159
0000001000 0.00643158 0
0000001001 0.0177155 0
0000001010 0.00382614 -3.14159
0000001011 0.0293274 -3.14159
0000001100 0.00161076 0
0000001101 0.0177155 -3.14159
0000001110 0.0321655 0
0000001111 0.0173492 -3.14159
0000010000 0.0292053 0
0000010001 0.00574112 -3.14159
0000010010 0.0224152 -3.14159
0000010011 0.0093689 -3.14159
0000010100 0.0214386 -3.14159
0000010101 0.0393066 -3.14159
0000010110 0.0241699 -3.14159
0000010111 0.00761795 -3.14159
0000011000 0.0370483 -3.14159
0000011001 0.0137711 0
0000011010 0.0110855 0
0000011011 0.0209808 0
0000011100 0.00550842 -3.14159
0000011101 0.0231781 0
0000011110 0.0525208 -3.14159
0000011111 0.0706787 0
0000100000 0.0633545 -3.14159
0000100001 0.0376892 -3.14159
0000100010 0.0602112 -3.14159
0000100011 0.0482788 0
0000100100 0.0277557 -3.14159
0000100101 0.0206909 0
0000100110 0.00315094 0
0000100111 0.0172272 0
0000101000 0.0158844 -3.14159
0000101001 0.011261 0
0000101010 0.0276794 -3.14159
0000101011 0.0846558 0
0000101100 0.0101624 0
0000101101 0.0142136 0
0000101110 0.0116196 -3.14159
0000101111 0.0208893 0
0000110000 0.00983429 0
0000110001 0.0112915 -3.14159
0000110010 0.0164948 0
0000110011 0.0266876 0
0000110100 0.0420532 -3.14159
0000110101 0.00583649 0
0000110110 0.0262909 0
0000110111 0.00140381 0
0000111000 0.000513077 -3.14159
0000111001 0.0187988 -3.14159
0000111010 0.0107117 -3.14159
0000111011 0.0021534 0
0000111100 0.0251617 -3.14159
0000111101 0.0388489 0
0000111110 0.0202179 -3.14159
0000111111 0.0205841 -3.14159
0001000000 0.0300598 0
0001000001 0.0330811 -3.14159
0001000010 0.0222778 -3.14159
0001000011 0.0113602 -3.14159
0001000100 0.0313416 -3.14159
0001000101 0.0112839 0
0001000110 0.0131378 0
0001000111 0.0199127 -3.14159
0001001000 0.104614 -3.14159
0001001001 0.000179291 0
0001001010 0.0297089 -3.14159
0001001011 0.0176849 -3.14159
0001001100 0.00490189 -3.14159
0001001101 0.0498962 -3.14159
0001001110 0.0321655 0
0001001111 0.0328674 0
0001010000 0.0126343 0
0001010001 0.00179577 -3.14159
0001010010 0.0866089 0
0001010011 0.00564957 0
0001010100 0.00157928 -3.14159
0001010101 0.00177097 -3.14159
0001010110 0.00146198 -3.14159
0001010111 0.030014 -3.14159
0001011000 0.0183258 0
0001011001 0.0169373 0
0001011010 0.00358391 0
0001011011 0.062561 -3.14159
0001011100 0.0514221 0
0001011101 0.0339966 -3.14159
0001011110 0.0232544 -3.14159
0001011111 0.0203705 -3.14159
0001100000 0.0579224 -3.14159
0001100001 0.0143509 0
0001100010 0.0515747 -3.14159
0001100011 0.0162506 -3.14159
0001100100 0.0064621 0
0001100101 0.00117493 0
0001100110 0.0187836 -3.14159
0001100111 0.0963745 0
0001101000 0.0441589 0
0001101001 0.00199127 -3.14159
0001101010 0.0121613 -3.14159
0001101011 0.0212708 -3.14159
0001101100 0.0384521 -3.14159
0001101101 0.04422 -3.14159
0001101110 0.0409241 0
0001101111 0.0457153 0
0001110000 0.0452576 -3.14159
0001110001 0.00486755 0
0001110010 0.0354919 -3.14159
0001110011 0.0336609 0
0001110100 0.0067215 -3.14159
0001110101 0.0110626 -3.14159
0001110110 0.0288544 -3.14159
0001110111 0.0122681 -3.14159
0001111000 0.00704956 -3.14159
0001111001 0.0323181 -3.14159
0001111010 0.0314941 0
0001111011 0.0216064 0
0001111100 0.0533447 -3.14159
0001111101 0.046936 0
0001111110 0.000743866 0
0001111111 0.0317993 0
0010000000 0.0137939 0
0010000001 0.0234985 0
0010000010 0.0111618 -3.14159
0010000011 0.0299835 -3.14159
0010000100 0.0379333 -3.14159
0010000101 0.0348206 -3.14159
0010000110 0.039093 -3.14159
0010000111 0.0786133 -3.14159
0010001000 0.0110016 -3.14159
0010001001 0.0235748 0
0010001010 0.00322914 -3.14159
0010001011 0.0161133 -3.14159
0010001100 0.0357971 -3.14159
0010001101 0.0463257 -3.14159
0010001110 0.0137253 0
0010001111 0.0133362 -3.14159
0010010000 0.0628052 -3.14159
0010010001 0.0278015 -3.14159
0010010010 0.0026474 -3.14159
0010010011 0.0194092 -3.14159
0010010100 0.0322571 -3.14159
0010010101 0.0240936 -3.14159
0010010110 0.00729752 -3.14159
0010010111 0.00288391 -3.14159
0010011000 0.0232391 0
0010011001 0.043335 -3.14159
0010011010 0.035614 0
0010011011 0.0330811 0
0010011100 0.0206604 0
0010011101 0.0384521 0
0010011110 0.0114136 -3.14159
0010011111 0.0275116 0
0010100000 0.0371704 -3.14159
0010100001 0.00539017 0
0010100010 0.086792 -3.14159
0010100011 0.0240784 -3.14159
0010100100 0.00366592 -3.14159
0010100101 0.0121307 -3.14159
0010100110 0.0401611 0
0010100111 0.0172119 0
0010101000 0.02211 0
0010101001 0.00650787 0
0010101010 0.0387573 -3.14159
0010101011 0.0326233 -3.14159
0010101100 0.0418091 -3.14159
0010101101 0.0697632 0
0010101110 0.00684738 -3.14159
0010101111 0.0232391 0
0010110000 0.00283623 -3.14159
0010110001 0.00483704 -3.14159
0010110010 0.0147247 0
0010110011 0.00378799 -3.14159
0010110100 0.0128021 0
0010110101 0.0102081 0
0010110110 0.02034 0
0010110111 0.0110245 0
0010111000 0.0110703 0
0010111001 0.00379944 -3.14159
0010111010 0.00535583 -3.14159
0010111011 0.0371704 0
0010111100 0.0128555 -3.14159
0010111101 0.0238495 -3.14159
0010111110 0.0348816 0
0010111111 0.0083847 -3.14159
0011000000 0.036377 -3.14159
0011000001 0.0288696 0
0011000010 0.0422974 0
0011000011 0.013649 0
0011000100 2.09212e-05 -3.14159
0011000101 0.00266075 0
0011000110 0.00330162 0
0011000111 0.0397339 -3.14159
0011001000 0.0429688 0
0011001001 0.00907135 0
0011001010 0.0174103 0
0011001011 0.0529175 -3.14159
0011001100 0.00136566 0
0011001101 0.0330811 -3.14159
0011001110 0.103882 0
0011001111 0.00375557 -3.14159
0011010000 0.0305939 -3.14159
0011010001 0.0103531 -3.14159
0011010010 0.00733566 0
0011010011 0.0466003 -3.14159
0011010100 0.00212669 0
0011010101 0.0274353 -3.14159
0011010110 0.00305748 -3.14159
0011010111 0.0209961 0
0011011000 0.03125 0
0011011001 0.0246887 -3.14159
0011011010 0.0139542 0
0011011011 0.0105515 -3.14159
0011011100 0.0160675 -3.14159
0011011101 0.0193481 -3.14159
0011011110 0.0118942 0
0011011111 0.049408 0
0011100000 0.00714874 0
0011100001 0.0252838 -3.14159
0011100010 0.00521088 0
0011100011 0.0211334 -3.14159
0011100100 0.0355225 -3.14159
0011100101 0.000677109 -3.14159
0011100110 0.0265961 0
0011100111 0.0471191 0
0011101000 0.0499268 -3.14159
0011101001 0.0121384 0
0011101010 0.0267639 0
0011101011 0.030777 0
0011101100 0.0143509 -3.14159
0011101101 0.0192871 0
0011101110 0.0615845 -3.14159
0011101111 0.0240936 -3.14159
0011110000 0.0280609 -3.14159
0011110001 0.0250244 0
0011110010 0.0338745 0
0011110011 0.0332031 0
0011110100 0.030838 -3.14159
0011110101 0.045105 0
0011110110 0.0152283 -3.14159
0011110111 0.0391541 0
0011111000 0.0140152 -3.14159
0011111001 0.0316772 -3.14159
0011111010 0.0129471 0
0011111011 0.0465698 -3.14159
0011111100 0.0153046 -3.14159
0011111101 0.0149689 -3.14159
0011111110 0.0293732 0
0011111111 0.00230408 0
0100000000 0.00479507 -3.14159
0100000001 0.00774002 -3.14159
0100000010 0.0194244 -3.14159
0100000011 0.016571 0
0100000100 0.0609436 -3.14159
0100000101 0.0404663 0
0100000110 0.0245972 0
0100000111 0.045929 -3.14159
0100001000 0.0228577 0
0100001001 0.00326538 0
0100001010 0.0141068 0
0100001011 0.0283661 -3.14159
0100001100 0.0164948 0
0100001101 0.0439758 -3.14159
0100001110 0.0351562 0
0100001111 0.0111237 -3.14159
0100010000 0.0313416 0
0100010001 0.0671387 -3.14159
0100010010 0.00932312 0
0100010011 0.0196381 -3.14159
0100010100 0.0778809 -3.14159
0100010101 0.0458069 -3.14159
0100010110 0.00970459 -3.14159
0100010111 0.0732422 -3.14159
0100011000 0.0508118 -3.14159
0100011001 0.0338745 0
0100011010 0.0042038 -3.14159
0100011011 0.00755692 0
0100011100 0.00835419 -3.14159
0100011101 0.0107727 -3.14159
0100011110 0.0238647 0
0100011111 0.018692 0
0100100000 0.0146637 0
0100100001 0.0599976 0
0100100010 0.0297699 -3.14159
0100100011 0.0462341 0
0100100100 0.0128479 0
0100100101 0.025589 -3.14159
0100100110 0.0822144 0
0100100111 0.0156097 -3.14159
0100101000 0.0238342 0
0100101001 0.0382385 -3.14159
0100101010 0.00272751 0
0100101011 0.0521851 0
0100101100 0.00823975 -3.14159
0100101101 0.00709152 -3.14159
0100101110 0.020874 -3.14159
0100101111 0.0377197 0
0100110000 0.0450134 0
0100110001 0.0140457 0
0100110010 0.0169983 0
0100110011 0.0559998 -3.14159
0100110100 0.0285797 0
0100110101 0.0250854 0
0100110110 0.0126343 -3.14159
0100110111 0.0198975 0
0100111000 0.0239868 0
0100111001 0.0210114 0
0100111010 0.000770092 0
0100111011 0.00645447 0
0100111100 0.0118027 -3.14159
0100111101 0.0285339 0
0100111110 0.0212097 0
0100111111 0.000827789 0
0101000000 0.0060997 -3.14159
0101000001 0.0266571 -3.14159
0101000010 0.0247498 -3.14159
0101000011 0.0237427 -3.14159
0101000100 0.00201225 0
0101000101 0.0578003 0
0101000110 0.0207672 -3.14159
0101000111 0.0220337 0
0101001000 0.0321045 -3.14159
0101001001 0.0525818 -3.14159
0101001010 0.0096817 -3.14159
0101001011 0.0242615 0
0101001100 0.00665665 -3.14159
0101001101 0.011528 -3.14159
0101001110 0.0134354 -3.14159
0101001111 0.0236206 0
0101010000 0.00374603 -3.14159
0101010001 0.0323181 0
0101010010 0.0193787 -3.14159
0101010011 0.0326538 -3.14159
0101010100 0.0315247 -3.14159
0101010101 0.0186615 0
0101010110 0.0142822 -3.14159
0101010111 0.0354309 0
0101011000 0.0288239 0
0101011001 0.0139465 0
0101011010 0.00900269 -3.14159
0101011011 0.0204163 -3.14159
0101011100 0.00609207 -3.14159
0101011101 0.020874 0
0101011110 0.0125732 -3.14159
0101011111 0.00106812 -3.14159
0101100000 0.0433655 -3.14159
0101100001 0.0167236 -3.14159
0101100010 0.0263062 0
0101100011 0.0540161 -3.14159
0101100100 0.0254822 -3.14159
0101100101 0.00509262 -3.14159
0101100110 0.0322876 -3.14159
0101100111 0.0135422 0
0101101000 0.0450439 0
0101101001 0.0175476 -3.14159
0101101010 0.0547791 -3.14159
0101101011 0.00144577 -3.14159
0101101100 0.0315552 0
0101101101 0.036499 0
0101101110 0.0447998 -3.14159
0101101111 0.0299377 -3.14159
0101110000 0.0142365 0
0101110001 0.0230713 -3.14159
0101110010 0.0420532 -3.14159
0101110011 0.000462294 0
0101110100 0.011528 -3.14159
0101110101 0.0134964 -3.14159
0101110110 0.0213776 -3.14159
0101110111 0.0369568 0
0101111000 0.00987244 -3.14159
0101111001 0.00829315 0
0101111010 0.0238495 -3.14159
0101111011 0.0100708 0
0101111100 0.0189819 0
0101111101 0.0038662 -3.14159
0101111110 0.0103912 0
0101111111 0.0525818 0
0110000000 0.0149994 -3.14159
0110000001 0.0454407 -3.14159
0110000010 0.00798798 0
0110000011 0.0122375 0
0110000100 0.0193481 -3.14159
0110000101 0.00351143 -3.14159
0110000110 0.0276794 0
0110000111 0.0359497 -3.14159
0110001000 0.01017 -3.14159
0110001001 0.0204163 0
0110001010 0.0409851 0
0110001011 0.0297241 -3.14159
0110001100 0.0149918 0
0110001101 0.0279083 -3.14159
0110001110 0.0203705 0
0110001111 0.00299072 0
0110010000 0.0444336 0
0110010001 0.0318909 -3.14159
0110010010 0.0653687 0
0110010011 0.0345459 0
0110010100 0.0296783 0
0110010101 0.056488 -3.14159
0110010110 0.0433044 0
0110010111 0.0359497 0
0110011000 0.0179749 -3.14159
0110011001 0.0756226 -3.14159
0110011010 0.00742722 -3.14159
0110011011 0.0191803 -3.14159
0110011100 0.0186615 0
0110011101 0.0480652 -3.14159
0110011110 0.00420761 -3.14159
0110011111 0.0563965 0
0110100000 0.0275879 0
0110100001 0.000264883 0
0110100010 0.008255 0
0110100011 0.012291 0
0110100100 0.00553131 0
0110100101 0.0333252 0
0110100110 0.01371 -3.14159
0110100111 0.0412292 0
0110101000 0.0118027 -3.14159
0110101001 0.0110397 0
0110101010 0.0124588 0
0110101011 0.0151138 0
0110101100 0.030365 -3.14159
0110101101 0.00330162 -3.14159
0110101110 0.0185089 0
0110101111 0.016861 -3.14159
0110110000 0.00452042 0
0110110001 0.0468445 0
0110110010 0.00894165 0
0110110011 0.0227356 0
0110110100 0.0013237 -3.14159
0110110101 0.0394897 0
0110110110 0.0345459 0
0110110111 0.0241852 -3.14159
0110111000 0.0465393 -3.14159
0110111001 0.0392761 0
0110111010 0.00810242 -3.14159
0110111011 0.0761108 0
0110111100 0.0110016 -3.14159
0110111101 0.0548401 -3.14159
0110111110 0.0335388 0
0110111111 0.0188751 -3.14159
0111000000 0.00450516 0
0111000001 0.00485611 0
0111000010 0.00605011 -3.14159
0111000011 0.0184174 -3.14159
0111000100 0.0197601 -3.14159
0111000101 0.0478516 -3.14159
0111000110 0.0204773 -3.14159
0111000111 0.0550232 -3.14159
0111001000 0.0250397 0
0111001001 0.0292206 -3.14159
0111001010 0.00415802 -3.14159
0111001011 0.000691414 0
0111001100 0.0206757 -3.14159
0111001101 0.0263519 -3.14159
0111001110 0.0469971 0
0111001111 0.020813 -3.14159
0111010000 0.0087738 0
0111010001 0.00709915 -3.14159
0111010010 0.0423279 0
0111010011 0.020813 0
0111010100 0.00774765 0
0111010101 0.0029068 0
0111010110 0.0485229 0
0111010111 0.00387573 -3.14159
0111011000 0.0092926 0
0111011001 0.0117111 -3.14159
0111011010 0.0027504 0
0111011011 0.0164795 -3.14159
0111011100 0.00148869 -3.14159
0111011101 0.0039444 0
0111011110 0.0429688 -3.14159
0111011111 0.00690842 0
0111100000 0.0391846 0
0111100001 0.00323296 0
0111100010 0.000755787 -3.14159
0111100011 0.0151596 -3.14159
0111100100 0.0133972 -3.14159
0111100101 0.00422287 -3.14159
0111100110 0.0204773 -3.14159
0111100111 0.00618362 0
0111101000 0.0628052 -3.14159
0111101001 0.0196381 0
0111101010 0.000836849 -3.14159
0111101011 0.000963211 0
0111101100 0.0255585 -3.14159
0111101101 0.0646973 -3.14159
0111101110 0.0290375 0
0111101111 0.0198517 0
0111110000 0.0231934 0
0111110001 0.0169525 -3.14159
0111110010 0.0502319 -3.14159
0111110011 0.0234222 -3.14159
0111110100 0.0530396 -3.14159
0111110101 0.0267792 -3.14159
0111110110 0.0100403 0
0111110111 0.0214691 -3.14159
0111111000 0.0115738 0
0111111001 0.039093 0
0111111010 0.069519 -3.14159
0111111011 0.047821 -3.14159
0111111100 0.023468 -3.14159
0111111101 0.00569916 0
0111111110 0.0317993 -3.14159
0111111111 0.0316162 0
1000000000 0.0108414 -3.14159
1000000001 0.0117798 -3.14159
1000000010 0.0151138 -3.14159
1000000011 0.0306549 0
1000000100 0.0107269 0
1000000101 0.0313416 -3.14159
1000000110 0.00840759 -3.14159
1000000111 0.0103302 0
1000001000 0.0300598 -3.14159
1000001001 0.0615845 0
1000001010 0.009552 -3.14159
1000001011 0.00722122 0
1000001100 0.041748 -3.14159
1000001101 0.0114746 -3.14159
1000001110 0.0445862 0
1000001111 0.00278664 -3.14159
1000010000 0.00314331 0
1000010001 0.0162354 -3.14159
1000010010 0.0385742 -3.14159
1000010011 0.0177155 -3.14159
1000010100 0.0327454 0
1000010101 0.0151367 -3.14159
1000010110 0.0277252 0
1000010111 0.000446558 0
1000011000 0.0487366 0
1000011001 0.071228 -3.14159
1000011010 0.0137329 0
1000011011 0.00959778 0
1000011100 0.0197906 0
1000011101 0.0392761 0
1000011110 0.000384808 0
1000011111 0.0215912 -3.14159
1000100000 0.0162506 -3.14159
1000100001 0.0113144 0
1000100010 0.00110531 0
1000100011 0.039093 0
1000100100 0.0340271 -3.14159
1000100101 0.0466003 -3.14159
1000100110 0.0189819 -3.14159
1000100111 0.0263062 -3.14159
1000101000 0.00263786 -3.14159
1000101001 0.00230598 -3.14159
1000101010 0.00850677 0
1000101011 0.04422 0
1000101100 0.0070343 -3.14159
1000101101 0.0358582 -3.14159
1000101110 0.0157013 -3.14159
1000101111 0.0102768 -3.14159
1000110000 0.0186157 -3.14159
1000110001 0.00371933 -3.14159
1000110010 0.00160122 0
1000110011 0.00100803 0
1000110100 0.0255585 -3.14159
1000110101 0.0160828 0
1000110110 0.0123672 0
1000110111 0.036438 0
1000111000 0.0622253 -3.14159
1000111001 0.0168915 0
1000111010 0.00875092 -3.14159
1000111011 0.0316162 0
1000111100 0.0347595 0
1000111101 0.00863647 0
1000111110 0.0301208 0
1000111111 0.010025 0
1001000000 0.00273705 0
1001000001 0.0235596 -3.14159
1001000010 0.00409698 -3.14159
1001000011 0.00834656 0
1001000100 0.0194397 -3.14159
1001000101 0.00766754 -3.14159
1001000110 0.024353 -3.14159
1001000111 0.0410461 -3.14159
1001001000 0.0386353 0
1001001001 0.0166168 -3.14159
1001001010 0.014183 -3.14159
1001001011 0.00586319 0
1001001100 0.0366211 0
1001001101 0.00364304 -3.14159
1001001110 0.0126495 0
1001001111 0.0381775 -3.14159
1001010000 0.0507507 0
1001010001 0.0211182 0
1001010010 0.0688477 -3.14159
1001010011 0.0404968 -3.14159
1001010100 0.0222778 0
1001010101 0.0025177 -3.14159
1001010110 0.00296783 0
1001010111 0.0405273 0
1001011000 0.0526123 -3.14159
1001011001 0.0017271 0
1001011010 0.0191193 0
1001011011 0.000963211 -3.14159
1001011100 0.0240784 -3.14159
1001011101 0.0366516 0
1001011110 0.041748 0
1001011111 0.000498772 -3.14159
1001100000 0.0125198 -3.14159
1001100001 0.0153809 0
1001100010 0.00991058 0
1001100011 0.0157013 -3.14159
1001100100 0.0499878 -3.14159
1001100101 0.0207214 0
1001100110 0.000826836 -3.14159
1001100111 0.0805664 0
1001101000 0.0322266 0
1001101001 0.0140686 -3.14159
1001101010 0.0126495 0
1001101011 0.00634384 0
1001101100 0.00405502 -3.14159
1001101101 0.0404358 0
1001101110 0.024353 0
1001101111 0.0848999 0
1001110000 0.0282898 0
1001110001 0.0403137 -3.14159
1001110010 0.000158906 -3.14159
1001110011 0.00946045 0
1001110100 0.014946 -3.14159
1001110101 0.0227356 0
1001110110 0.0563354 0
1001110111 0.00748444 -3.14159
1001111000 0.0117569 0
1001111001 0.0210876 -3.14159
1001111010 0.0374756 0
1001111011 0.0335388 -3.14159
1001111100 0.00261497 -3.14159
1001111101 0.00653839 -3.14159
1001111110 0.0346069 -3.14159
1001111111 0.0170441 -3.14159
1010000000 0.019043 -3.14159
1010000001 0.0315552 -3.14159
1010000010 0.026062 -3.14159
1010000011 0.0244293 -3.14159
1010000100 0.00704193 -3.14159
1010000101 0.0527649 0
1010000110 0.0452576 0
1010000111 0.0379333 -3.14159
1010001000 0.050293 -3.14159
1010001001 0.0855103 0
1010001010 0.0422974 -3.14159
1010001011 0.0317078 0
1010001100 0.00288391 0
1010001101 0.019104 0
1010001110 0.0357971 -3.14159
1010001111 0.00471878 -3.14159
1010010000 0.0314941 0
1010010001 0.0394287 -3.14159
1010010010 0.0116959 -3.14159
1010010011 0.00317764 0
1010010100 0.00495148 -3.14159
1010010101 0.000576496 -3.14159
1010010110 0.0169067 -3.14159
1010010111 0.0037384 0
1010011000 0.0139542 0
1010011001 0.076355 0
1010011010 0.00621796 0
1010011011 0.00998688 0
1010011100 0.00460815 -3.14159
1010011101 0.00761795 0
1010011110 0.0013113 0
1010011111 0.0106735 0
1010100000 0.0389404 -3.14159
1010100001 0.00388145 0
1010100010 0.00956726 0
1010100011 0.0345764 -3.14159
1010100100 0.0276184 -3.14159
1010100101 0.0440369 0
1010100110 0.0305634 0
1010100111 0.0318909 0
1010101000 0.0299988 -3.14159
1010101001 0.00278282 0
1010101010 0.0210571 0
1010101011 0.0947266 0
1010101100 0.0179749 0
1010101101 0.00259781 0
1010101110 0.0256958 -3.14159
1010101111 0.0328674 -3.14159
1010110000 0.0653687 0
1010110001 0.0519409 -3.14159
1010110010 0.0202637 -3.14159
1010110011 0.0186462 0
1010110100 0.00579071 0
1010110101 0.00304604 0
1010110110 0.00261116 0
1010110111 0.00527954 0
1010111000 0.00299263 0
1010111001 0.0277557 0
1010111010 0.0474243 -3.14159
1010111011 0.0101395 0
1010111100 0.0213165 -3.14159
1010111101 0.0265961 0
1010111110 0.0449829 -3.14159
1010111111 0.0352173 -3.14159
1011000000 0.00559235 0
1011000001 0.032196 -3.14159
1011000010 0.0134811 0
1011000011 0.00476837 -3.14159
1011000100 0.0292053 0
1011000101 0.0474548 0
1011000110 0.0480957 -3.14159
1011000111 0.00231743 -3.14159
1011001000 0.0643921 -3.14159
1011001001 0.0243073 0
1011001010 0.000197053 -3.14159
1011001011 0.00302124 0
1011001100 0.00885773 0
1011001101 0.0399475 0
1011001110 0.0132065 -3.14159
1011001111 0.0304565 -3.14159
1011010000 0.0191803 0
1011010001 0.0413208 -3.14159
1011010010 0.0215454 0
1011010011 0.0249786 -3.14159
1011010100 0.000100911 0
1011010101 0.061554 -3.14159
1011010110 0.0200043 -3.14159
1011010111 0.0513306 -3.14159
1011011000 0.0185547 -3.14159
1011011001 0.0141068 0
1011011010 0.0204468 -3.14159
1011011011 0.00256538 -3.14159
1011011100 0.0289001 -3.14159
1011011101 0.0213928 0
1011011110 0.0397949 -3.14159
1011011111 0.0155487 -3.14159
1011100000 0.0131531 0
1011100001 0.00419235 -3.14159
1011100010 0.00054121 0
1011100011 0.0512085 0
1011100100 0.0703125 0
1011100101 0.0121765 0
1011100110 0.00102997 0
1011100111 0.0219879 0
1011101000 0.051239 0
1011101001 0.0173187 -3.14159
1011101010 0.0190887 0
1011101011 0.0106049 -3.14159
1011101100 0.0296936 0
1011101101 0.0126343 -3.14159
1011101110 0.0266724 0
1011101111 0.101501 0
1011110000 0.00375175 0
1011110001 0.0247192 -3.14159
1011110010 0.012146 0
1011110011 0.0069046 0
1011110100 0.026947 -3.14159
1011110101 0.0385132 0
1011110110 0.0603027 -3.14159
1011110111 0.0301208 -3.14159
1011111000 0.0204773 0
1011111001 0.0403137 -3.14159
1011111010 0.00400925 -3.14159
1011111011 0.0178375 -3.14159
1011111100 0.0699463 0
1011111101 0.0271759 0
1011111110 0.0481873 0
1011111111 0.0211029 0
1100000000 0.00369835 -3.14159
1100000001 0.0475769 0
1100000010 0.0103531 -3.14159
1100000011 0.00933075 0
1100000100 0.037323 -3.14159
1100000101 0.015976 0
1100000110 0.00367165 0
1100000111 0.0309906 0
1100001000 0.0101242 -3.14159
1100001001 0.0155716 -3.14159
1100001010 0.010849 0
1100001011 0.00125599 0
1100001100 0.00526428 0
1100001101 0.00716782 0
1100001110 0.033783 0
1100001111 0.00730133 0
1100010000 0.0775146 0
1100010001 0.0162048 0
1100010010 0.000765324 0
1100010011 0.0787354 -3.14159
1100010100 0.00992584 0
1100010101 0.0381775 -3.14159
1100010110 0.0339966 -3.14159
1100010111 0.0479431 0
1100011000 0.0397949 -3.14159
1100011001 0.0063591 -3.14159
1100011010 0.0114594 0
1100011011 0.00167847 0
1100011100 0.00681686 -3.14159
1100011101 0.0126953 0
1100011110 0.0167236 -3.14159
1100011111 0.0169525 -3.14159
1100100000 0.02005 0
1100100001 0.0413818 -3.14159
1100100010 0.0267334 0
1100100011 0.0297852 0
1100100100 0.0312042 0
1100100101 0.0590515 -3.14159
1100100110 0.00592041 -3.14159
1100100111 0.00117302 -3.14159
1100101000 0.0319519 -3.14159
1100101001 0.0259857 0
1100101010 0.0203094 0
1100101011 0.0388794 0
1100101100 0.0470581 -3.14159
1100101101 0.0294342 -3.14159
1100101110 0.0737305 0
1100101111 0.0222321 -3.14159
1100110000 0.0096817 0
1100110001 0.00432587 -3.14159
1100110010 0.0527039 0
1100110011 0.0257568 -3.14159
1100110100 0.00608826 -3.14159
1100110101 0.0068779 0
1100110110 0.0586548 0
1100110111 0.00869751 -3.14159
1100111000 0.0199127 -3.14159
1100111001 0.033783 0
1100111010 9.42945e-05 0
1100111011 0.0435181 -3.14159
1100111100 0.0264435 -3.14159
1100111101 0.038208 -3.14159
1100111110 0.01474 -3.14159
1100111111 0.0365906 -3.14159
1101000000 0.0877075 0
1101000001 0.0102692 -3.14159
1101000010 0.0153198 -3.14159
1101000011 0.0240784 -3.14159
1101000100 0.0370789 0
1101000101 0.0476685 0
1101000110 0.0332336 0
1101000111 0.0335388 -3.14159
1101001000 0.0609131 0
1101001001 0.00885773 0
1101001010 0.00749207 0
1101001011 0.0134659 0
1101001100 3.55244e-05 0
1101001101 0.0361938 0
1101001110 0.004879 -3.14159
1101001111 0.0233612 0
1101010000 0.0116196 0
1101010001 0.000477314 0
1101010010 0.0264435 0
1101010011 0.0539246 0
1101010100 0.00244331 -3.14159
1101010101 0.0257416 0
1101010110 0.0133057 0
1101010111 0.0390625 0
1101011000 0.0109558 -3.14159
1101011001 0.0103531 0
1101011010 0.0270538 0
1101011011 0.00244522 0
1101011100 0.013504 0
1101011101 0.0189819 0
1101011110 0.022171 -3.14159
1101011111 0.0503845 -3.14159
1101100000 0.010025 0
1101100001 0.00607681 -3.14159
1101100010 0.0225677 -3.14159
1101100011 0.0310364 0
1101100100 0.0267334 -3.14159
1101100101 0.0467224 -3.14159
1101100110 0.00420761 0
1101100111 0.020813 0
1101101000 0.019104 0
1101101001 0.0192108 0
1101101010 0.0260773 0
1101101011 0.00814819 0
1101101100 0.0296478 -3.14159
1101101101 0.00201035 -3.14159
1101101110 0.0187073 0
1101101111 0.0440674 -3.14159
1101110000 0.00945282 -3.14159
1101110001 0.0405273 0
1101110010 0.00818634 -3.14159
1101110011 0.057251 -3.14159
1101110100 0.0218353 -3.14159
1101110101 0.0256653 0
1101110110 0.0221863 -3.14159
1101110111 0.041626 -3.14159
1101111000 0.0787964 -3.14159
1101111001 0.00522232 -3.14159
1101111010 0.0274658 0
1101111011 0.0119247 -3.14159
1101111100 0.0211487 0
1101111101 0.0260925 -3.14159
1101111110 0.0148468 0
1101111111 0.0282593 -3.14159
1110000000 0.0114594 -3.14159
1110000001 0.00426483 0
1110000010 0.0639038 0
1110000011 0.0307007 -3.14159
1110000100 0.0179596 -3.14159
1110000101 0.0283661 0
1110000110 0.0225525 -3.14159
1110000111 0.0418396 0
1110001000 0.00348091 -3.14159
1110001001 0.00289917 0
1110001010 0.0206146 0
1110001011 0.0174408 0
1110001100 0.0171051 -3.14159
1110001101 0.0601807 0
1110001110 0.0229645 0
1110001111 0.0267334 0
1110010000 0.00708008 -3.14159
1110010001 0.0168152 0
1110010010 0.0103378 -3.14159
1110010011 0.04245 0
1110010100 0.0377808 -3.14159
1110010101 0.0485229 -3.14159
1110010110 0.0349121 0
1110010111 0.026947 -3.14159
1110011000 0.0087738 0
1110011001 0.00741577 -3.14159
1110011010 0.00408554 -3.14159
1110011011 0.0299988 -3.14159
1110011100 0.0167847 0
1110011101 0.00366974 -3.14159
1110011110 0.020462 -3.14159
1110011111 0.0710449 0
1110100000 0.024765 0
1110100001 0.0248413 -3.14159
1110100010 0.0484009 -3.14159
1110100011 0.00734329 -3.14159
1110100100 0.00987244 -3.14159
1110100101 0.0481873 0
1110100110 0.0463867 -3.14159
1110100111 0.00122547 0
1110101000 0.0136337 -3.14159
1110101001 0.03125 0
1110101010 0.0378418 0
1110101011 0.0128784 0
1110101100 0.0256195 0
1110101101 0.00495148 0
1110101110 0.00439072 -3.14159
1110101111 0.0111847 -3.14159
1110110000 0.0299835 0
1110110001 0.0183258 -3.14159
1110110010 0.0422058 -3.14159
1110110011 0.0654297 -3.14159
1110110100 0.00472641 0
1110110101 0.0689087 -3.14159
1110110110 0.0107803 0
1110110111 0.0242004 -3.14159
1110111000 0.0299072 -3.14159
1110111001 0.116455 -3.14159
1110111010 0.0429993 -3.14159
1110111011 0.0118179 0
1110111100 0.029892 -3.14159
1110111101 0.0140305 0
1110111110 0.00154972 -3.14159
1110111111 0.0493774 -3.14159
1111000000 0.034668 0
1111000001 0.0359802 -3.14159
1111000010 0.0599976 0
1111000011 0.0167999 -3.14159
1111000100 0.0530396 -3.14159
1111000101 0.0344543 -3.14159
1111000110 0.0429993 0
1111000111 0.0139236 -3.14159
1111001000 0.00146675 -3.14159
1111001001 0.0449219 -3.14159
1111001010 0.0194397 0
1111001011 0.0192108 0
1111001100 0.0174713 -3.14159
1111001101 0.0178375 -3.14159
1111001110 0.00668335 0
1111001111 0.0945435 0
1111010000 0.0148849 0
1111010001 0.0331116 -3.14159
1111010010 0.0136642 -3.14159
1111010011 0.000508785 -3.14159
1111010100 0.0192871 0
1111010101 0.000590801 -3.14159
1111010110 0.00484085 0
1111010111 0.0262909 0
1111011000 0.0314636 0
1111011001 0.00595856 -3.14159
1111011010 0.0466003 -3.14159
1111011011 0.0220795 0
1111011100 0.00548935 -3.14159
1111011101 0.019104 -3.14159
1111011110 0.0200806 -3.14159
1111011111 0.0268555 -3.14159
1111100000 0.0325317 0
1111100001 0.00805664 -3.14159
1111100010 0.0023365 -3.14159
1111100011 0.0539856 -3.14159
1111100100 0.00430298 0
1111100101 0.0443726 -3.14159
1111100110 0.0568237 0
1111100111 0.00584793 0
1111101000 0.000896454 0
1111101001 0.0147018 0
1111101010 0.0446777 -3.14159
1111101011 0.039978 -3.14159
1111101100 0.0737915 0
1111101101 0.0453186 -3.14159
1111101110 0.0519714 0
1111101111 0.0492859 0
1111110000 0.0335083 -3.14159
1111110001 0.0539246 0
1111110010 0.0087738 -3.14159
1111110011 0.0364685 -3.14159
1111110100 0.041748 -3.14159
1111110101 0.0533752 0
1111110110 0.0698853 -3.14159
1111110111 0.0324097 0
1111111000 0.0561829 -3.14159
1111111001 0.0286255 -3.14159
1111111010 0.0193787 -3.14159
1111111011 0.0144806 -3.14159
1111111100 0.0159149 0
1111111101 0.0216827 0
1111111110 0.0248871 0
1111111111 0.00886536 0
