0000000000 0.00814056 -3.14159
0000000001 0.019516 0
0000000010 0.00392914 0
0000000011 0.000976562 0
0000000100 0.0253143 -3.14159
0000000101 0.00937653 0
0000000110 0.00830078 -3.14159
0000000111 0.0431519 -3.14159
0000001000 0.0347595 0
0000001001 0.0305481 0
0000001010 0.0128479 -3.14159
0000001011 0.0166779 -3.14159
0000001100 0.00807953 0
0000001101 0.00704575 0
0000001110 0.0243835 0
0000001111 0.0163574 -3.14159
0000010000 0.0080719 0
0000010001 0.0283203 0
0000010010 0.0386963 -3.14159
0000010011 0.03125 -3.14159
0000010100 0.0217438 -3.14159
0000010101 0.0501709 -3.14159
0000010110 0.0429993 -3.14159
0000010111 0.00204849 0
0000011000 0.0250549 -3.14159
0000011001 0.0194702 0
0000011010 0.0168762 0
0000011011 0.0516968 0
0000011100 0.0264282 0
0000011101 0.0168915 -3.14159
0000011110 0.0426636 -3.14159
0000011111 0.0725098 0
0000100000 0.0871582 -3.14159
0000100001 0.0300751 -3.14159
0000100010 0.0795898 -3.14159
0000100011 0.01651 0
0000100100 0.00234222 -3.14159
0000100101 0.0357971 0
0000100110 0.0325012 0
0000100111 0.00580597 -3.14159
0000101000 0.0166321 0
0000101001 0.0665283 0
0000101010 0.023056 -3.14159
0000101011 0.0652466 0
0000101100 0.00855255 0
0000101101 0.0184021 0
0000101110 0.0250397 -3.14159
0000101111 0.00849915 0
0000110000 0.0335693 0
0000110001 0.0107727 -3.14159
0000110010 0.0229645 0
0000110011 0.0294952 0
0000110100 0.0662842 -3.14159
0000110101 0.008461 0
0000110110 0.0383911 0
0000110111 0.0107193 -3.14159
0000111000 0.00899506 0
0000111001 0.0452881 -3.14159
0000111010 0.00740814 -3.14159
0000111011 0.0120697 0
0000111100 0.00595474 -3.14159
0000111101 0.0422668 0
0000111110 0.0170135 -3.14159
0000111111 0.00650024 -3.14159
0001000000 0.0263214 0
0001000001 0.0288544 -3.14159
0001000010 0.0173798 -3.14159
0001000011 0.00959015 -3.14159
0001000100 0.0145264 -3.14159
0001000101 0.0129852 0
0001000110 0.00311089 -3.14159
0001000111 0.0168304 0
0001001000 0.0612183 -3.14159
0001001001 0.00835419 -3.14159
0001001010 0.00654602 -3.14159
0001001011 0.0183411 -3.14159
0001001100 0.0311279 0
0001001101 0.0361938 -3.14159
0001001110 0.0159302 0
0001001111 0.0205841 0
0001010000 0.00608444 0
0001010001 0.011261 -3.14159
0001010010 0.0731201 0
0001010011 0.00179005 0
0001010100 0.0223541 -3.14159
0001010101 0.02388 0
0001010110 0.0211182 -3.14159
0001010111 0.0361938 -3.14159
0001011000 0.0733643 0
0001011001 0.0541382 0
0001011010 0.00803375 0
0001011011 0.0609131 -3.14159
0001011100 0.021286 0
0001011101 0.0026741 0
0001011110 0.0380554 -3.14159
0001011111 0.000709534 -3.14159
0001100000 0.0766602 -3.14159
0001100001 0.00952911 0
0001100010 0.0301361 -3.14159
0001100011 0.00839233 0
0001100100 0.0418091 0
0001100101 0.0271149 -3.14159
0001100110 0.00670624 0
0001100111 0.107849 0
0001101000 0.0534363 0
0001101001 0.0173492 0
0001101010 0.0113525 0
0001101011 0.0148773 -3.14159
0001101100 0.0516663 -3.14159
0001101101 0.0310211 -3.14159
0001101110 0.040863 0
0001101111 0.00849152 -3.14159
0001110000 0.0344849 -3.14159
0001110001 0.0168762 0
0001110010 0.0367432 -3.14159
0001110011 0.0125504 0
0001110100 0.0307159 0
0001110101 0.0200653 -3.14159
0001110110 0.0128479 -3.14159
0001110111 0.0168304 -3.14159
0001111000 0.0258942 -3.14159
0001111001 0.0254059 -3.14159
0001111010 0.0185547 0
0001111011 0.0253143 0
0001111100 0.00296211 0
0001111101 0.0450439 0
0001111110 0.0038929 0
0001111111 0.021286 0
0010000000 0.00170326 -3.14159
0010000001 0.040741 0
0010000010 0.0244904 -3.14159
0010000011 0.033844 -3.14159
0010000100 0.00727844 -3.14159
0010000101 0.0118866 -3.14159
0010000110 0.0415955 -3.14159
0010000111 0.055542 -3.14159
0010001000 0.00693893 0
0010001001 0.0144958 0
0010001010 0.00857544 0
0010001011 0.0279236 -3.14159
0010001100 0.02211 -3.14159
0010001101 0.0346069 -3.14159
0010001110 0.0257263 0
0010001111 0.00052166 -3.14159
0010010000 0.0739136 -3.14159
0010010001 0.0298462 -3.14159
0010010010 0.0371704 -3.14159
0010010011 0.027832 -3.14159
0010010100 0.0692749 -3.14159
0010010101 0.0279236 -3.14159
0010010110 0.00373268 0
0010010111 0.00178909 -3.14159
0010011000 0.00127029 0
0010011001 0.0152435 -3.14159
0010011010 0.0258484 0
0010011011 0.0575562 0
0010011100 0.036499 0
0010011101 0.049408 0
0010011110 0.00731659 0
0010011111 0.0145874 0
0010100000 0.014473 -3.14159
0010100001 0.000451326 -3.14159
0010100010 0.0291138 -3.14159
0010100011 0.0257874 -3.14159
0010100100 0.0185852 -3.14159
0010100101 0.0118484 -3.14159
0010100110 0.0378113 0
0010100111 0.0303955 0
0010101000 0.0037117 0
0010101001 0.0204163 -3.14159
0010101010 0.0191803 -3.14159
0010101011 0.0237122 -3.14159
0010101100 0.0234833 -3.14159
0010101101 0.0543823 0
0010101110 0.0183716 0
0010101111 0.00193691 -3.14159
0010110000 0.0239105 -3.14159
0010110001 0.00980377 0
0010110010 0.0208893 0
0010110011 0.0233917 -3.14159
0010110100 0.039032 0
0010110101 0.0243835 0
0010110110 0.0200806 -3.14159
0010110111 0.0185547 -3.14159
0010111000 0.0273895 0
0010111001 0.0357056 -3.14159
0010111010 0.0237427 -3.14159
0010111011 0.00827789 0
0010111100 0.0239105 -3.14159
0010111101 0.021225 -3.14159
0010111110 0.00384712 0
0010111111 0.00333595 0
0011000000 0.00819397 0
0011000001 0.0265808 0
0011000010 0.06427 0
0011000011 0.000389576 -3.14159
0011000100 0.00981903 0
0011000101 0.0296326 0
0011000110 0.00496292 -3.14159
0011000111 0.00946045 -3.14159
0011001000 0.0346375 0
0011001001 0.0310822 0
0011001010 0.0463562 0
0011001011 0.0402222 -3.14159
0011001100 0.0107269 -3.14159
0011001101 0.0348511 -3.14159
0011001110 0.0671387 0
0011001111 0.0178375 0
0011010000 0.0327759 -3.14159
0011010001 0.00719452 0
0011010010 0.0111618 -3.14159
0011010011 0.016922 -3.14159
0011010100 0.0376587 -3.14159
0011010101 0.0232849 -3.14159
0011010110 0.0109711 -3.14159
0011010111 0.0231323 0
0011011000 0.00720978 -3.14159
0011011001 0.000286102 0
0011011010 0.00351143 0
0011011011 0.0077858 -3.14159
0011011100 0.0108337 0
0011011101 0.036499 -3.14159
0011011110 0.0458984 0
0011011111 0.0559692 0
0011100000 0.0413208 0
0011100001 0.00900269 0
0011100010 0.0029583 -3.14159
0011100011 0.0276794 0
0011100100 0.0110779 -3.14159
0011100101 0.0280457 0
0011100110 0.0234985 0
0011100111 0.0513611 0
0011101000 0.0279236 -3.14159
0011101001 0.0057373 0
0011101010 0.0264893 0
0011101011 0.021637 0
0011101100 0.000184298 -3.14159
0011101101 0.00569534 -3.14159
0011101110 0.0377502 -3.14159
0011101111 0.0274658 -3.14159
0011110000 0.00307083 0
0011110001 0.0527344 0
0011110010 0.0102005 0
0011110011 0.0242004 0
0011110100 0.0131454 -3.14159
0011110101 0.0266418 0
0011110110 0.0586548 -3.14159
0011110111 0.0458069 0
0011111000 0.0140228 0
0011111001 0.0531616 -3.14159
0011111010 0.0185699 0
0011111011 0.0370483 -3.14159
0011111100 0.0242462 -3.14159
0011111101 0.00862122 0
0011111110 0.042511 0
0011111111 0.00105095 -3.14159
0100000000 0.0304871 0
0100000001 0.00307846 -3.14159
0100000010 0.000806332 -3.14159
0100000011 0.00555038 -3.14159
0100000100 0.0635376 -3.14159
0100000101 0.0267639 0
0100000110 0.0430603 0
0100000111 0.0343628 -3.14159
0100001000 0.0265503 0
0100001001 0.0289612 0
0100001010 0.00385857 -3.14159
0100001011 0.0134811 -3.14159
0100001100 0.0131683 0
0100001101 0.034668 -3.14159
0100001110 0.0170898 0
0100001111 0.0166779 0
0100010000 0.0194092 0
0100010001 0.0811157 -3.14159
0100010010 0.0100021 0
0100010011 0.0156021 0
0100010100 0.0588684 -3.14159
0100010101 0.0701294 -3.14159
0100010110 0.0237427 0
0100010111 0.0471802 -3.14159
0100011000 0.0135117 -3.14159
0100011001 0.0463257 0
0100011010 0.0231323 -3.14159
0100011011 0.00602341 0
0100011100 0.0347595 -3.14159
0100011101 0.0549011 -3.14159
0100011110 0.026123 0
0100011111 0.0115128 -3.14159
0100100000 0.0145874 -3.14159
0100100001 0.0375977 0
0100100010 0.0177002 -3.14159
0100100011 0.0348206 0
0100100100 0.0094223 0
0100100101 0.0346985 -3.14159
0100100110 0.110657 0
0100100111 0.00657272 -3.14159
0100101000 0.0316162 0
0100101001 0.0527954 -3.14159
0100101010 0.000268936 -3.14159
0100101011 0.0710449 0
0100101100 0.052002 -3.14159
0100101101 0.0239563 0
0100101110 0.0400696 -3.14159
0100101111 0.0271912 0
0100110000 0.0391541 0
0100110001 0.00804138 -3.14159
0100110010 0.0259399 0
0100110011 0.0426636 -3.14159
0100110100 0.0338745 0
0100110101 0.0149612 0
0100110110 0.0115662 -3.14159
0100110111 0.0429077 0
0100111000 0.0299835 -3.14159
0100111001 0.0276489 0
0100111010 0.00349236 0
0100111011 0.00999451 0
0100111100 0.00852203 -3.14159
0100111101 0.00626373 0
0100111110 0.000822544 -3.14159
0100111111 0.0039444 -3.14159
0101000000 0.00183868 -3.14159
0101000001 0.0224915 -3.14159
0101000010 0.0437927 -3.14159
0101000011 0.00777435 -3.14159
0101000100 0.0056839 0
0101000101 0.0402222 0
0101000110 0.0192566 0
0101000111 0.0363159 0
0101001000 0.0211792 -3.14159
0101001001 0.0457153 -3.14159
0101001010 0.0109482 0
0101001011 0.0238037 0
0101001100 0.00542831 -3.14159
0101001101 0.00751495 -3.14159
0101001110 0.0139465 -3.14159
0101001111 0.0186615 0
0101010000 0.00302124 0
0101010001 0.00820923 0
0101010010 0.0255432 -3.14159
0101010011 0.0145569 -3.14159
0101010100 0.0202179 -3.14159
0101010101 0.0294495 0
0101010110 0.0258331 -3.14159
0101010111 0.0313416 0
0101011000 0.0309753 0
0101011001 0.0116577 0
0101011010 0.026535 0
0101011011 0.00306892 -3.14159
0101011100 0.040863 0
0101011101 0.0102386 -3.14159
0101011110 0.0430908 -3.14159
0101011111 0.00991821 0
0101100000 0.0374756 -3.14159
0101100001 0.0125275 -3.14159
0101100010 0.00525665 -3.14159
0101100011 0.0267029 -3.14159
0101100100 0.0307312 -3.14159
0101100101 0.000249147 0
0101100110 0.0413513 -3.14159
0101100111 0.0269623 0
0101101000 0.0111237 -3.14159
0101101001 0.0149231 -3.14159
0101101010 0.0561523 -3.14159
0101101011 0.00243568 -3.14159
0101101100 0.0165558 0
0101101101 0.0397949 0
0101101110 0.0225983 -3.14159
0101101111 0.0273438 -3.14159
0101110000 0.0449524 0
0101110001 0.0312347 -3.14159
0101110010 0.0545959 -3.14159
0101110011 0.0288849 0
0101110100 0.00270271 0
0101110101 0.0183258 -3.14159
0101110110 0.0158844 -3.14159
0101110111 0.0153503 0
0101111000 0.0422974 -3.14159
0101111001 0.00310326 0
0101111010 0.0136108 0
0101111011 0.0229187 -3.14159
0101111100 0.012619 0
0101111101 0.0252533 -3.14159
0101111110 0.0243378 0
0101111111 0.020401 0
0110000000 0.0292664 -3.14159
0110000001 0.0198364 -3.14159
0110000010 0.00272942 0
0110000011 0.0230103 0
0110000100 0.025528 -3.14159
0110000101 0.00335121 0
0110000110 0.00244141 -3.14159
0110000111 0.0406189 -3.14159
0110001000 0.0112839 -3.14159
0110001001 0.00114918 -3.14159
0110001010 0.0455627 0
0110001011 0.0575562 -3.14159
0110001100 0.0380859 0
0110001101 0.0557251 -3.14159
0110001110 0.0312805 0
0110001111 0.0296631 0
0110010000 0.0366516 0
0110010001 0.0270081 -3.14159
0110010010 0.0229492 0
0110010011 0.0051384 -3.14159
0110010100 0.02211 -3.14159
0110010101 0.0662842 -3.14159
0110010110 0.0462341 0
0110010111 0.00438309 -3.14159
0110011000 0.0164032 -3.14159
0110011001 0.111755 -3.14159
0110011010 0.00303078 0
0110011011 0.00627518 -3.14159
0110011100 0.0113754 -3.14159
0110011101 0.0281982 -3.14159
0110011110 0.0247192 -3.14159
0110011111 0.0187225 0
0110100000 0.0055542 0
0110100001 0.0235443 -3.14159
0110100010 0.0163879 0
0110100011 0.0326233 0
0110100100 0.00445557 0
0110100101 0.100586 0
0110100110 0.00796509 -3.14159
0110100111 0.0705566 0
0110101000 0.0162354 -3.14159
0110101001 0.0164795 0
0110101010 0.0227966 0
0110101011 0.039978 0
0110101100 0.0545654 -3.14159
0110101101 0.0170135 0
0110101110 0.0605774 0
0110101111 0.0116119 -3.14159
0110110000 0.00313568 0
0110110001 0.050415 0
0110110010 0.0214996 0
0110110011 0.0318604 0
0110110100 0.00778961 -3.14159
0110110101 0.0512695 0
0110110110 0.0206451 0
0110110111 0.04953 -3.14159
0110111000 0.047699 -3.14159
0110111001 0.0233459 0
0110111010 0.0144653 -3.14159
0110111011 0.105591 0
0110111100 0.0458374 -3.14159
0110111101 0.0361328 -3.14159
0110111110 0.000531197 0
0110111111 0.0238037 0
0111000000 0.00429153 0
0111000001 0.0107651 -3.14159
0111000010 0.0490112 0
0111000011 0.0065155 -3.14159
0111000100 0.00528717 0
0111000101 0.06604 -3.14159
0111000110 0.00874329 0
0111000111 0.0274353 -3.14159
0111001000 0.0202026 0
0111001001 0.0218964 -3.14159
0111001010 0.0172119 0
0111001011 0.0189056 0
0111001100 0.0104523 -3.14159
0111001101 0.04776 -3.14159
0111001110 0.00301552 -3.14159
0111001111 0.00651932 0
0111010000 0.0223083 -3.14159
0111010001 0.0183411 -3.14159
0111010010 0.0664673 0
0111010011 0.049408 0
0111010100 0.032074 -3.14159
0111010101 0.00964355 0
0111010110 0.0731201 0
0111010111 0.0151978 -3.14159
0111011000 0.00942993 -3.14159
0111011001 0.0154572 -3.14159
0111011010 0.0157776 0
0111011011 0.024292 -3.14159
0111011100 0.0134125 0
0111011101 0.00994873 -3.14159
0111011110 0.0452881 -3.14159
0111011111 0.00656509 -3.14159
0111100000 0.0258026 0
0111100001 0.0079422 -3.14159
0111100010 0.00110149 -3.14159
0111100011 0.0269165 -3.14159
0111100100 0.0031414 0
0111100101 0.0434265 0
0111100110 0.0326538 -3.14159
0111100111 0.0103912 -3.14159
0111101000 0.0205994 -3.14159
0111101001 0.0205231 0
0111101010 0.0132523 0
0111101011 0.00971985 0
0111101100 0.0163727 -3.14159
0111101101 0.0545654 -3.14159
0111101110 0.0325012 0
0111101111 0.0354919 0
0111110000 0.0106277 -3.14159
0111110001 0.00600433 0
0111110010 0.0403442 -3.14159
0111110011 0.0227509 0
0111110100 0.00306892 -3.14159
0111110101 0.0215759 -3.14159
0111110110 0.0235901 -3.14159
0111110111 0.00702286 0
0111111000 0.00213051 -3.14159
0111111001 0.039978 0
0111111010 0.0506897 -3.14159
0111111011 0.0303955 -3.14159
0111111100 0.00376701 -3.14159
0111111101 0.0172119 0
0111111110 0.00536728 0
0111111111 0.000298262 -3.14159
1000000000 0.0151215 -3.14159
1000000001 0.0280914 -3.14159
1000000010 0.000316143 -3.14159
1000000011 0.0178833 0
1000000100 0.0251312 0
1000000101 0.0288849 -3.14159
1000000110 0.0217743 -3.14159
1000000111 0.00879669 -3.14159
1000001000 0.00385475 -3.14159
1000001001 0.0166016 0
1000001010 0.0248718 -3.14159
1000001011 0.0130234 -3.14159
1000001100 0.0402222 -3.14159
1000001101 0.0304413 -3.14159
1000001110 0.0187378 0
1000001111 0.0233307 -3.14159
1000010000 0.0150833 -3.14159
1000010001 0.00850677 0
1000010010 0.00172806 0
1000010011 0.013092 -3.14159
1000010100 0.0331421 0
1000010101 0.0188599 -3.14159
1000010110 0.0269318 0
1000010111 0.0233154 0
1000011000 0.0218201 0
1000011001 0.0733032 -3.14159
1000011010 0.0366211 0
1000011011 0.00478745 0
1000011100 0.0183411 0
1000011101 0.0447083 0
1000011110 0.00933075 0
1000011111 0.00233269 0
1000100000 0.0237427 -3.14159
1000100001 0.0369873 0
1000100010 0.00579071 -3.14159
1000100011 0.0128708 0
1000100100 0.0196838 -3.14159
1000100101 0.016922 -3.14159
1000100110 0.039093 -3.14159
1000100111 0.0268097 -3.14159
1000101000 0.00244713 -3.14159
1000101001 0.0447693 0
1000101010 0.0121384 0
1000101011 0.00928497 -3.14159
1000101100 0.0319824 -3.14159
1000101101 0.057373 -3.14159
1000101110 0.0418091 -3.14159
1000101111 0.0267181 -3.14159
1000110000 0.0160675 -3.14159
1000110001 0.00785828 0
1000110010 0.0307312 0
1000110011 0.000461578 0
1000110100 0.021637 -3.14159
1000110101 0.0102539 0
1000110110 0.016861 0
1000110111 0.0107574 0
1000111000 0.0500488 -3.14159
1000111001 0.026825 0
1000111010 0.00465012 0
1000111011 0.0169525 -3.14159
1000111100 0.000352144 0
1000111101 0.0364685 0
1000111110 0.000762939 -3.14159
1000111111 0.00416183 0
1001000000 0.030014 -3.14159
1001000001 0.0271149 -3.14159
1001000010 0.0216064 0
1001000011 0.000824928 0
1001000100 0.00172234 0
1001000101 0.0148468 -3.14159
1001000110 0.0188293 0
1001000111 0.0263977 -3.14159
1001001000 0.0682373 0
1001001001 0.0150681 -3.14159
1001001010 0.026123 0
1001001011 0.0260162 0
1001001100 0.0327759 0
1001001101 0.0279388 -3.14159
1001001110 0.002285 0
1001001111 0.0384521 -3.14159
1001010000 0.0300751 0
1001010001 0.0313721 0
1001010010 0.0204773 -3.14159
1001010011 0.022995 -3.14159
1001010100 0.00984955 -3.14159
1001010101 0.000639915 0
1001010110 0.000247717 -3.14159
1001010111 0.0130386 0
1001011000 0.0289459 -3.14159
1001011001 0.0042038 0
1001011010 0.00210571 -3.14159
1001011011 0.00207901 -3.14159
1001011100 0.0116577 -3.14159
1001011101 0.0109024 0
1001011110 0.0113754 0
1001011111 0.00831604 0
1001100000 0.0223236 -3.14159
1001100001 0.0122986 0
1001100010 0.0257874 -3.14159
1001100011 0.0234375 0
1001100100 0.033783 -3.14159
1001100101 0.00600433 0
1001100110 0.00738907 -3.14159
1001100111 0.0996704 0
1001101000 0.00513458 -3.14159
1001101001 0.0396118 -3.14159
1001101010 0.0266876 0
1001101011 0.00984192 0
1001101100 0.00949097 0
1001101101 0.0644531 0
1001101110 0.00478363 0
1001101111 0.039032 0
1001110000 0.0160522 0
1001110001 0.0206299 -3.14159
1001110010 0.000897884 -3.14159
1001110011 0.0354614 0
1001110100 0.040863 -3.14159
1001110101 0.062561 0
1001110110 0.0310974 0
1001110111 0.00878906 0
1001111000 0.00840759 0
1001111001 0.00849915 0
1001111010 0.00479126 0
1001111011 0.00783539 -3.14159
1001111100 0.000785828 0
1001111101 0.0019474 -3.14159
1001111110 0.000944614 0
1001111111 0.00495911 -3.14159
1010000000 0.00741577 -3.14159
1010000001 0.0281525 -3.14159
1010000010 0.0487061 -3.14159
1010000011 0.0386658 -3.14159
1010000100 0.0030899 -3.14159
1010000101 0.0324402 0
1010000110 0.0524597 0
1010000111 0.0388184 -3.14159
1010001000 0.025238 -3.14159
1010001001 0.0576477 0
1010001010 0.0419312 -3.14159
1010001011 0.0249939 0
1010001100 0.00181961 0
1010001101 0.0251923 0
1010001110 0.0455017 -3.14159
1010001111 0.0124435 0
1010010000 0.0142517 0
1010010001 0.0210114 -3.14159
1010010010 0.0397034 -3.14159
1010010011 0.0332642 -3.14159
1010010100 0.0411682 -3.14159
1010010101 0.00894165 -3.14159
1010010110 0.016098 -3.14159
1010010111 0.0192108 0
1010011000 0.000456333 0
1010011001 0.0330811 0
1010011010 0.0186005 -3.14159
1010011011 0.0038414 0
1010011100 0.0256805 -3.14159
1010011101 0.0509644 0
1010011110 0.0605469 0
1010011111 0.00390625 0
1010100000 0.00124454 0
1010100001 0.012352 0
1010100010 0.00804138 -3.14159
1010100011 0.0153122 -3.14159
1010100100 0.0316162 -3.14159
1010100101 0.0285645 0
1010100110 0.0143585 -3.14159
1010100111 0.011528 0
1010101000 0.0159302 -3.14159
1010101001 0.0319214 0
1010101010 0.0120926 0
1010101011 0.116394 0
1010101100 0.013298 0
1010101101 0.00579453 0
1010101110 0.0111847 0
1010101111 0.000962734 -3.14159
1010110000 0.0311432 0
1010110001 0.0349121 -3.14159
1010110010 0.0235901 -3.14159
1010110011 0.0177155 0
1010110100 0.00445175 0
1010110101 0.0223236 0
1010110110 0.0167999 -3.14159
1010110111 0.0125656 -3.14159
1010111000 0.00225258 -3.14159
1010111001 0.0296936 0
1010111010 0.0278931 -3.14159
1010111011 0.00483322 -3.14159
1010111100 0.0214844 -3.14159
1010111101 0.0508423 0
1010111110 0.0215759 -3.14159
1010111111 0.0163422 -3.14159
1011000000 0.0486755 0
1011000001 0.0270081 -3.14159
1011000010 0.0136185 0
1011000011 0.0135193 0
1011000100 0.017334 0
1011000101 0.015152 0
1011000110 0.0189209 0
1011000111 0.00537109 -3.14159
1011001000 0.0675049 -3.14159
1011001001 0.0267944 0
1011001010 0.0100708 0
1011001011 0.00992584 -3.14159
1011001100 0.0201263 0
1011001101 0.00847626 0
1011001110 0.0480652 -3.14159
1011001111 0.00223732 -3.14159
1011010000 0.00575638 0
1011010001 0.0478516 -3.14159
1011010010 0.00516891 -3.14159
1011010011 0.0161133 -3.14159
1011010100 0.0104218 0
1011010101 0.0708008 -3.14159
1011010110 0.0191193 -3.14159
1011010111 0.0155106 -3.14159
1011011000 0.00442123 -3.14159
1011011001 0.0108185 0
1011011010 0.0122452 -3.14159
1011011011 0.00307655 0
1011011100 0.00338554 -3.14159
1011011101 0.0286865 0
1011011110 0.0453796 -3.14159
1011011111 0.0491943 -3.14159
1011100000 0.015358 0
1011100001 0.0130081 0
1011100010 0.00416183 -3.14159
1011100011 0.0707397 0
1011100100 0.0190582 0
1011100101 0.0155487 0
1011100110 0.0288544 0
1011100111 0.0119247 0
1011101000 0.0269165 0
1011101001 0.0211792 -3.14159
1011101010 0.00343704 0
1011101011 0.00285721 -3.14159
1011101100 0.0290527 0
1011101101 0.011055 0
1011101110 0.0634766 0
1011101111 0.105896 0
1011110000 0.0214081 0
1011110001 0.00383186 -3.14159
1011110010 0.0172882 0
1011110011 0.00762939 -3.14159
1011110100 0.0251923 -3.14159
1011110101 0.0208282 0
1011110110 0.037262 -3.14159
1011110111 0.0156403 -3.14159
1011111000 0.00119781 0
1011111001 0.049469 -3.14159
1011111010 0.0141754 -3.14159
1011111011 0.0106812 0
1011111100 0.0464172 0
1011111101 0.038208 0
1011111110 0.0376892 0
1011111111 0.0480652 0
1100000000 0.0457153 -3.14159
1100000001 0.0322266 0
1100000010 0.00286293 -3.14159
1100000011 0.00168228 0
1100000100 0.0265503 -3.14159
1100000101 0.0108643 -3.14159
1100000110 0.0105743 0
1100000111 0.0108185 0
1100001000 0.0143738 0
1100001001 0.0305939 0
1100001010 0.0180206 0
1100001011 0.0397949 0
1100001100 0.00522232 -3.14159
1100001101 0.007267 0
1100001110 0.0260468 0
1100001111 0.0161896 0
1100010000 0.0503235 0
1100010001 0.0046463 0
1100010010 0.00811768 0
1100010011 0.061615 -3.14159
1100010100 0.00250816 0
1100010101 0.027359 -3.14159
1100010110 0.00602341 0
1100010111 0.0589905 0
1100011000 0.0628052 -3.14159
1100011001 0.0331421 -3.14159
1100011010 0.000558376 0
1100011011 0.0299835 0
1100011100 0.00230598 -3.14159
1100011101 0.0259094 0
1100011110 0.00724792 -3.14159
1100011111 0.0167847 -3.14159
1100100000 0.0407715 0
1100100001 0.022049 -3.14159
1100100010 0.0164642 0
1100100011 0.0210114 0
1100100100 0.0362549 0
1100100101 0.0417786 -3.14159
1100100110 0.00124073 0
1100100111 0.0163879 -3.14159
1100101000 0.0328064 -3.14159
1100101001 0.0370483 0
1100101010 0.03125 0
1100101011 0.06604 0
1100101100 0.0263214 -3.14159
1100101101 0.0335999 -3.14159
1100101110 0.093689 0
1100101111 0.0116196 0
1100110000 0.00218201 -3.14159
1100110001 0.0255127 -3.14159
1100110010 0.0316162 0
1100110011 0.00204849 -3.14159
1100110100 0.0195923 0
1100110101 0.0255432 -3.14159
1100110110 0.0284729 0
1100110111 0.00986481 0
1100111000 0.00965118 0
1100111001 0.00424194 -3.14159
1100111010 0.00615311 0
1100111011 0.0378723 -3.14159
1100111100 0.0561829 -3.14159
1100111101 0.0218201 -3.14159
1100111110 0.0359802 -3.14159
1100111111 0.0152588 -3.14159
1101000000 0.0684204 0
1101000001 0.0212555 -3.14159
1101000010 0.00315094 0
1101000011 0.0105667 -3.14159
1101000100 0.0525818 0
1101000101 0.0570374 0
1101000110 0.03302 0
1101000111 0.0059967 -3.14159
1101001000 0.0326233 0
1101001001 0.000799656 0
1101001010 0.016098 -3.14159
1101001011 0.0189056 0
1101001100 0.00321579 -3.14159
1101001101 0.0218964 0
1101001110 0.00984192 0
1101001111 0.0134811 -3.14159
1101010000 0.0105209 0
1101010001 0.0154419 -3.14159
1101010010 0.0209198 0
1101010011 0.0717773 0
1101010100 0.00872803 0
1101010101 0.0157166 0
1101010110 0.01297 0
1101010111 0.0429077 0
1101011000 0.0198212 -3.14159
1101011001 0.0106125 0
1101011010 0.0436707 0
1101011011 0.011528 0
1101011100 0.00101662 -3.14159
1101011101 0.00691986 0
1101011110 0.0278931 -3.14159
1101011111 0.0685425 -3.14159
1101100000 0.00533676 0
1101100001 0.0120621 -3.14159
1101100010 0.00692749 -3.14159
1101100011 0.0400085 0
1101100100 0.0366211 -3.14159
1101100101 0.0536194 -3.14159
1101100110 0.0254211 -3.14159
1101100111 0.0405884 0
1101101000 0.0491333 0
1101101001 0.00611496 0
1101101010 0.0395813 0
1101101011 0.0113983 0
1101101100 0.0108185 -3.14159
1101101101 0.0296936 0
1101101110 0.0377808 0
1101101111 0.0708008 -3.14159
1101110000 0.0357666 -3.14159
1101110001 0.0460205 0
1101110010 0.00589752 -3.14159
1101110011 0.0214386 -3.14159
1101110100 0.0204773 -3.14159
1101110101 0.0263672 0
1101110110 0.035675 -3.14159
1101110111 0.0531921 -3.14159
1101111000 0.0322876 -3.14159
1101111001 0.0149918 -3.14159
1101111010 0.0145721 -3.14159
1101111011 0.0328369 -3.14159
1101111100 0.0603333 0
1101111101 0.0190277 -3.14159
1101111110 0.0296631 0
1101111111 0.0196228 -3.14159
1110000000 0.00547409 0
1110000001 0.0332642 0
1110000010 0.0845337 0
1110000011 0.00211525 0
1110000100 0.0262756 -3.14159
1110000101 0.00466919 0
1110000110 0.0142822 -3.14159
1110000111 0.0366821 0
1110001000 0.00114632 -3.14159
1110001001 0.00852203 0
1110001010 0.0168915 0
1110001011 0.0130005 -3.14159
1110001100 0.015564 0
1110001101 0.059845 0
1110001110 0.0360413 0
1110001111 0.0141296 0
1110010000 0.0320129 -3.14159
1110010001 0.0265045 0
1110010010 0.00353622 -3.14159
1110010011 0.0287476 0
1110010100 0.0514526 -3.14159
1110010101 0.028183 -3.14159
1110010110 0.0386963 0
1110010111 0.0128174 -3.14159
1110011000 0.00303459 -3.14159
1110011001 0.0139694 -3.14159
1110011010 0.0358582 0
1110011011 0.0440979 -3.14159
1110011100 0.0250549 0
1110011101 0.00365829 -3.14159
1110011110 0.0304413 -3.14159
1110011111 0.0715332 0
1110100000 0.0462341 0
1110100001 0.00624847 0
1110100010 0.0479431 -3.14159
1110100011 0.0106201 -3.14159
1110100100 0.0108795 0
1110100101 0.0216827 0
1110100110 0.00835419 -3.14159
1110100111 0.03125 0
1110101000 0.00343132 -3.14159
1110101001 0.00450516 0
1110101010 0.0141449 0
1110101011 0.0107117 0
1110101100 0.00430679 0
1110101101 0.0271454 0
1110101110 0.0215607 0
1110101111 0.00429916 0
1110110000 0.00128555 -3.14159
1110110001 0.0435486 -3.14159
1110110010 0.0174866 -3.14159
1110110011 0.0742188 -3.14159
1110110100 0.0277252 0
1110110101 0.0355225 -3.14159
1110110110 0.0281525 0
1110110111 0.00053215 0
1110111000 0.0137024 0
1110111001 0.0900879 -3.14159
1110111010 0.0023632 0
1110111011 0.00741196 -3.14159
1110111100 0.0142593 -3.14159
1110111101 0.0297394 0
1110111110 0.0310516 -3.14159
1110111111 0.0444946 -3.14159
1111000000 0.0241394 0
1111000001 0.0218048 -3.14159
1111000010 0.0463257 0
1111000011 0.00118828 -3.14159
1111000100 0.0361938 -3.14159
1111000101 0.0147934 -3.14159
1111000110 0.0386963 0
1111000111 0.00511551 -3.14159
1111001000 0.0163879 -3.14159
1111001001 0.020813 0
1111001010 0.00997162 -3.14159
1111001011 0.0446167 0
1111001100 0.0192413 -3.14159
1111001101 0.0349731 -3.14159
1111001110 0.00752258 0
1111001111 0.0921021 0
1111010000 0.00227356 -3.14159
1111010001 0.0233917 -3.14159
1111010010 0.00130558 0
1111010011 0.0155182 0
1111010100 0.0156708 0
1111010101 0.0142593 0
1111010110 0.0196838 0
1111010111 0.00619125 0
1111011000 0.0458374 0
1111011001 0.00496674 -3.14159
1111011010 0.0535278 -3.14159
1111011011 0.0125198 0
1111011100 0.0222473 -3.14159
1111011101 0.0158997 -3.14159
1111011110 0.00669861 -3.14159
1111011111 0.0361633 -3.14159
1111100000 0.0156708 0
1111100001 0.00769424 0
1111100010 0.0112076 0
1111100011 0.0779419 -3.14159
1111100100 0.0344849 0
1111100101 0.0371399 -3.14159
1111100110 0.0240936 0
1111100111 0.0159912 0
1111101000 0.0123596 -3.14159
1111101001 0.00708771 0
1111101010 0.0342102 -3.14159
1111101011 0.0463562 -3.14159
1111101100 0.0906982 0
1111101101 0.0283051 -3.14159
1111101110 0.0463562 0
1111101111 0.0699463 0
1111110000 0.0340271 -3.14159
1111110001 0.0577087 0
1111110010 0.0190887 -3.14159
1111110011 0.0354614 -3.14159
1111110100 0.043396 -3.14159
1111110101 0.0151672 0
1111110110 0.0486145 -3.14159
1111110111 0.0330811 0
1111111000 0.00240707 -3.14159
1111111001 0.0559692 -3.14159
1111111010 0.0307312 -3.14159
1111111011 0.000556469 0
1111111100 0.00823212 0
1111111101 0.0279846 0
1111111110 0.0322876 0
1111111111 0.0203094 0
