0000000000 0.000211477 0
0000000001 0.0379333 0
0000000010 0.00878906 0
0000000011 0.00950623 0
0000000100 0.00471878 0
0000000101 0.0279388 0
0000000110 0.0313721 -3.14159
0000000111 0.00383377 -3.14159
0000001000 4.29153e-06 -3.14159
0000001001 0.0372009 -3.14159
0000001010 0.0273132 -3.14159
0000001011 0.0123901 0
0000001100 0.0536194 -3.14159
0000001101 0.0175934 0
0000001110 0.00596619 -3.14159
0000001111 0.0264282 0
0000010000 0.00333023 -3.14159
0000010001 0.0192413 -3.14159
0000010010 0.00946808 -3.14159
0000010011 0.0431213 -3.14159
0000010100 0.0249786 -3.14159
0000010101 0.0262756 0
0000010110 0.00794983 -3.14159
0000010111 0.00290108 0
0000011000 0.0424194 0
0000011001 0.0134201 -3.14159
0000011010 0.0188446 -3.14159
0000011011 0.0514221 -3.14159
0000011100 0.0327759 -3.14159
0000011101 0.00138378 -3.14159
0000011110 0.0144424 0
0000011111 0.0068779 -3.14159
0000100000 0.0839233 -3.14159
0000100001 0.0138168 -3.14159
0000100010 0.0679932 -3.14159
0000100011 0.0052681 -3.14159
0000100100 0.0271149 0
0000100101 0.00202942 0
0000100110 0.0211334 -3.14159
0000100111 0.00413513 0
0000101000 0.0171814 0
0000101001 0.0299377 -3.14159
0000101010 0.0260315 -3.14159
0000101011 0.00352097 0
0000101100 0.0504456 -3.14159
0000101101 0.0235443 -3.14159
0000101110 0.00127029 0
0000101111 0.0142212 -3.14159
0000110000 0.0302277 0
0000110001 0.0396729 -3.14159
0000110010 0.0513 -3.14159
0000110011 0.00788116 -3.14159
0000110100 0.0186462 -3.14159
0000110101 0.0106583 -3.14159
0000110110 0.0142136 -3.14159
0000110111 0.0382385 0
0000111000 0.0488281 -3.14159
0000111001 0.0194397 -3.14159
0000111010 0.0155792 -3.14159
0000111011 0.0129166 -3.14159
0000111100 0.0197906 0
0000111101 0.0280457 0
0000111110 0.019516 0
0000111111 0.010025 0
0001000000 0.0888062 0
0001000001 0.00232124 0
0001000010 0.00305367 -3.14159
0001000011 0.00434113 0
0001000100 0.0257568 -3.14159
0001000101 0.0502014 -3.14159
0001000110 0.00481796 -3.14159
0001000111 0.0156403 0
0001001000 0.0380859 -3.14159
0001001001 0.0150757 0
0001001010 0.0217438 0
0001001011 0.0201874 -3.14159
0001001100 0.0171814 -3.14159
0001001101 0.0024147 0
0001001110 0.00219917 0
0001001111 0.000207663 0
0001010000 0.0207825 0
0001010001 0.0302887 -3.14159
0001010010 0.0306702 -3.14159
0001010011 0.00307655 -3.14159
0001010100 0.0385132 0
0001010101 0.0123901 0
0001010110 0.0241394 0
0001010111 0.0240021 -3.14159
0001011000 0.0299683 -3.14159
0001011001 0.0269165 0
0001011010 0.000583172 0
0001011011 0.00660324 0
0001011100 0.0589294 0
0001011101 0.043335 -3.14159
0001011110 0.0181885 -3.14159
0001011111 0.0463257 0
0001100000 0.0113754 0
0001100001 0.0118942 -3.14159
0001100010 0.0254059 -3.14159
0001100011 0.0114594 -3.14159
0001100100 0.0489197 -3.14159
0001100101 0.0216064 0
0001100110 0.0180359 -3.14159
0001100111 0.0155411 0
0001101000 0.00231743 -3.14159
0001101001 0.0786743 0
0001101010 0.00101757 0
0001101011 0.0221558 -3.14159
0001101100 0.0182953 0
0001101101 0.0497437 -3.14159
0001101110 0.0017519 0
0001101111 0.0218506 0
0001110000 0.0412598 -3.14159
0001110001 0.00329399 0
0001110010 0.040741 -3.14159
0001110011 0.0463257 0
0001110100 0.0249481 -3.14159
0001110101 0.0126038 -3.14159
0001110110 0.0106659 0
0001110111 0.0246124 -3.14159
0001111000 0.048584 -3.14159
0001111001 0.00907135 0
0001111010 0.0246887 -3.14159
0001111011 0.0216217 0
0001111100 0.0288696 -3.14159
0001111101 0.0387878 0
0001111110 0.0360413 -3.14159
0001111111 0.00108337 -3.14159
0010000000 0.0264587 0
0010000001 0.00325775 -3.14159
0010000010 0.0136337 0
0010000011 0.0364685 -3.14159
0010000100 0.0167694 0
0010000101 0.0342712 -3.14159
0010000110 0.0241699 0
0010000111 0.019455 0
0010001000 0.0285339 -3.14159
0010001001 0.00240326 0
0010001010 0.00294876 -3.14159
0010001011 0.0166473 -3.14159
0010001100 0.0405579 0
0010001101 0.037323 0
0010001110 0.028244 0
0010001111 0.0140762 -3.14159
0010010000 0.0336304 -3.14159
0010010001 0.0121613 -3.14159
0010010010 0.0182648 0
0010010011 0.00673294 -3.14159
0010010100 0.037384 -3.14159
0010010101 0.00149441 -3.14159
0010010110 0.011528 -3.14159
0010010111 0.0115128 0
0010011000 0.026886 -3.14159
0010011001 0.0171661 -3.14159
0010011010 0.00010097 0
0010011011 0.00376892 -3.14159
0010011100 0.0283051 -3.14159
0010011101 0.0200653 0
0010011110 0.020462 -3.14159
0010011111 0.0140762 0
0010100000 0.0193024 0
0010100001 0.0370789 0
0010100010 0.0308075 -3.14159
0010100011 0.0203094 -3.14159
0010100100 0.00260353 -3.14159
0010100101 0.0224609 -3.14159
0010100110 0.00709915 -3.14159
0010100111 0.00205421 0
0010101000 0.00353813 0
0010101001 0.0109634 0
0010101010 0.00875854 0
0010101011 0.0365295 0
0010101100 0.0209656 0
0010101101 0.040863 0
0010101110 0.0202179 0
0010101111 0.00191879 0
0010110000 0.00309181 0
0010110001 0.056488 -3.14159
0010110010 0.0432739 -3.14159
0010110011 0.0441284 0
0010110100 0.0326843 0
0010110101 0.0289917 -3.14159
0010110110 0.00114822 -3.14159
0010110111 0.0585938 -3.14159
0010111000 0.00761795 -3.14159
0010111001 0.0298767 -3.14159
0010111010 0.00203896 0
0010111011 0.00315094 -3.14159
0010111100 0.0514526 0
0010111101 0.0485229 -3.14159
0010111110 0.0117569 0
0010111111 0.0500488 -3.14159
0011000000 0.0369263 0
0011000001 0.0230865 0
0011000010 0.0265656 0
0011000011 0.0252533 0
0011000100 0.00994873 0
0011000101 0.0124435 -3.14159
0011000110 0.0399475 0
0011000111 0.00608826 0
0011001000 0.000176311 -3.14159
0011001001 0.0140915 -3.14159
0011001010 0.0370789 0
0011001011 0.0137939 -3.14159
0011001100 0.0255127 -3.14159
0011001101 0.019165 -3.14159
0011001110 0.00802612 -3.14159
0011001111 0.00257683 0
0011010000 0.00268745 0
0011010001 0.00787354 0
0011010010 0.0278015 0
0011010011 0.00843811 -3.14159
0011010100 0.0185852 0
0011010101 0.036377 -3.14159
0011010110 0.0308685 -3.14159
0011010111 0.0751953 0
0011011000 0.0172882 -3.14159
0011011001 0.0125656 0
0011011010 0.00521088 0
0011011011 0.0135574 -3.14159
0011011100 0.0125351 0
0011011101 0.0686035 -3.14159
0011011110 0.0578613 -3.14159
0011011111 0.0010891 0
0011100000 0.0256195 0
0011100001 0.0128937 0
0011100010 0.0120087 -3.14159
0011100011 0.019165 -3.14159
0011100100 0.0130005 0
0011100101 0.0511169 0
0011100110 0.0134659 -3.14159
0011100111 0.0200043 -3.14159
0011101000 0.028656 -3.14159
0011101001 0.0117874 0
0011101010 0.0706177 -3.14159
0011101011 0.00343704 -3.14159
0011101100 0.0140686 -3.14159
0011101101 0.00144958 0
0011101110 0.00152779 0
0011101111 0.0596619 0
0011110000 0.0133896 0
0011110001 0.0092392 -3.14159
0011110010 0.0382385 0
0011110011 0.0779419 -3.14159
0011110100 0.00497437 -3.14159
0011110101 0.00833893 -3.14159
0011110110 0.0220795 0
0011110111 0.0247498 -3.14159
0011111000 0.0901489 0
0011111001 0.00743103 -3.14159
0011111010 0.0226593 0
0011111011 0.00377464 0
0011111100 0.00741196 0
0011111101 0.0415955 -3.14159
0011111110 0.019516 0
0011111111 0.0158081 0
0100000000 0.0650024 0
0100000001 0.0110626 0
0100000010 0.00170612 0
0100000011 0.0145111 0
0100000100 0.0328369 -3.14159
0100000101 0.00305367 -3.14159
0100000110 0.0432129 0
0100000111 0.0404053 0
0100001000 0.0072403 -3.14159
0100001001 0.0159149 -3.14159
0100001010 0.0296936 0
0100001011 0.0593872 -3.14159
0100001100 0.00276184 -3.14159
0100001101 0.0129776 -3.14159
0100001110 0.0101624 0
0100001111 0.0239105 -3.14159
0100010000 0.033844 0
0100010001 0.0600586 -3.14159
0100010010 0.0123138 0
0100010011 0.000812054 0
0100010100 0.0326538 0
0100010101 0.0133438 -3.14159
0100010110 0.0198975 0
0100010111 0.00149632 0
0100011000 0.00169373 -3.14159
0100011001 0.0235443 0
0100011010 0.00631714 -3.14159
0100011011 0.0709229 -3.14159
0100011100 0.00327492 0
0100011101 0.0218201 0
0100011110 0.0329895 -3.14159
0100011111 0.0345764 0
0100100000 0.0268097 -3.14159
0100100001 0.00647354 0
0100100010 0.0242462 -3.14159
0100100011 0.0158081 0
0100100100 0.0321045 -3.14159
0100100101 0.040741 0
0100100110 0.0365906 -3.14159
0100100111 0.0515747 -3.14159
0100101000 0.0567932 0
0100101001 0.079834 -3.14159
0100101010 0.0383301 0
0100101011 0.00516891 -3.14159
0100101100 0.0499268 0
0100101101 0.0561218 -3.14159
0100101110 0.0281067 0
0100101111 0.00642395 0
0100110000 0.0187073 0
0100110001 0.0247955 -3.14159
0100110010 0.00288582 0
0100110011 0.0297089 -3.14159
0100110100 0.00385475 -3.14159
0100110101 0.0495911 0
0100110110 0.00735474 -3.14159
0100110111 0.00106525 0
0100111000 0.0284424 -3.14159
0100111001 0.0541992 -3.14159
0100111010 0.0456543 -3.14159
0100111011 0.0377502 -3.14159
0100111100 0.0427551 -3.14159
0100111101 0.0273285 -3.14159
0100111110 0.0541687 0
0100111111 0.00212669 0
0101000000 0.0156708 -3.14159
0101000001 0.00157928 0
0101000010 0.0213623 -3.14159
0101000011 0.0240021 0
0101000100 0.00544739 0
0101000101 0.0301971 0
0101000110 0.0595398 -3.14159
0101000111 0.0249481 -3.14159
0101001000 0.0160522 0
0101001001 0.00294876 0
0101001010 0.0146255 0
0101001011 0.015625 0
0101001100 0.00385094 -3.14159
0101001101 0.0157166 0
0101001110 0.000332117 0
0101001111 0.0122986 -3.14159
0101010000 0.0372925 0
0101010001 0.0110779 -3.14159
0101010010 0.0361633 0
0101010011 0.0428162 -3.14159
0101010100 0.0147705 0
0101010101 0.0292664 0
0101010110 0.0267181 0
0101010111 0.000550747 0
0101011000 0.0444336 0
0101011001 0.024765 0
0101011010 0.0115662 -3.14159
0101011011 0.071228 -3.14159
0101011100 0.00614166 -3.14159
0101011101 0.0723877 0
0101011110 0.00776291 0
0101011111 0.0318298 0
0101100000 0.0333557 0
0101100001 0.0498352 -3.14159
0101100010 0.00558472 0
0101100011 0.0371704 -3.14159
0101100100 0.00624847 -3.14159
0101100101 0.0146255 0
0101100110 0.0319824 -3.14159
0101100111 0.0281372 -3.14159
0101101000 0.04776 -3.14159
0101101001 0.010437 -3.14159
0101101010 0.0421143 0
0101101011 0.0149841 0
0101101100 0.00881195 -3.14159
0101101101 0.0469055 -3.14159
0101101110 0.0170898 -3.14159
0101101111 0.0147171 0
0101110000 0.0106888 -3.14159
0101110001 0.0087738 -3.14159
0101110010 0.026947 -3.14159
0101110011 0.0086441 0
0101110100 0.0563965 0
0101110101 0.00380898 0
0101110110 0.0074234 0
0101110111 0.00256348 0
0101111000 0.00796509 0
0101111001 0.0359497 0
0101111010 0.0309601 0
0101111011 0.0226288 -3.14159
0101111100 0.0284119 -3.14159
0101111101 0.00627518 -3.14159
0101111110 0.0265961 0
0101111111 0.0567322 0
0110000000 0.0336914 0
0110000001 0.0405273 0
0110000010 0.0541992 -3.14159
0110000011 0.0532532 0
0110000100 0.0844727 -3.14159
0110000101 0.0407104 0
0110000110 0.0519714 0
0110000111 0.0182343 0
0110001000 0.0153351 -3.14159
0110001001 0.0249023 -3.14159
0110001010 0.0198364 -3.14159
0110001011 0.0144424 -3.14159
0110001100 0.0238647 0
0110001101 0.0386353 -3.14159
0110001110 0.0140305 0
0110001111 0.0189209 -3.14159
0110010000 0.040863 0
0110010001 0.0121231 -3.14159
0110010010 0.00439835 0
0110010011 0.0203552 0
0110010100 0.0759277 -3.14159
0110010101 0.0557556 -3.14159
0110010110 0.000724316 0
0110010111 0.0002985 0
0110011000 0.0143127 -3.14159
0110011001 0.0402527 -3.14159
0110011010 0.013649 -3.14159
0110011011 0.0684204 0
0110011100 0.0146332 -3.14159
0110011101 0.0122299 -3.14159
0110011110 0.0276337 0
0110011111 0.0223083 0
0110100000 0.0651245 0
0110100001 0.0243835 0
0110100010 0.0115662 0
0110100011 0.0484619 -3.14159
0110100100 0.0567932 0
0110100101 0.0298615 0
0110100110 0.019455 0
0110100111 0.00132751 -3.14159
0110101000 0.0344238 -3.14159
0110101001 0.0109787 -3.14159
0110101010 0.0224762 0
0110101011 0.0302887 -3.14159
0110101100 0.0159454 -3.14159
0110101101 0.0218048 0
0110101110 0.0379944 0
0110101111 0.000426292 0
0110110000 0.0055542 -3.14159
0110110001 0.0872192 -3.14159
0110110010 0.0306702 0
0110110011 0.0151596 -3.14159
0110110100 0.00118351 -3.14159
0110110101 0.0262451 0
0110110110 0.046814 0
0110110111 0.0117416 0
0110111000 0.041748 -3.14159
0110111001 0.0157776 -3.14159
0110111010 0.0228729 0
0110111011 0.0698853 0
0110111100 0.0339966 -3.14159
0110111101 0.00959778 -3.14159
0110111110 0.0214691 -3.14159
0110111111 0.0264893 -3.14159
0111000000 0.00066185 -3.14159
0111000001 0.0350952 -3.14159
0111000010 0.00752258 0
0111000011 0.00354195 -3.14159
0111000100 0.00557327 -3.14159
0111000101 0.00961304 0
0111000110 0.0263519 -3.14159
0111000111 0.00544357 -3.14159
0111001000 0.019455 0
0111001001 0.00399017 -3.14159
0111001010 0.00563049 -3.14159
0111001011 0.00291443 -3.14159
0111001100 0.028595 0
0111001101 0.031311 -3.14159
0111001110 0.0252991 0
0111001111 0.0586853 0
0111010000 0.043335 0
0111010001 0.0395203 0
0111010010 0.0088501 0
0111010011 0.0419617 0
0111010100 0.0368652 0
0111010101 0.0178223 -3.14159
0111010110 0.00140572 -3.14159
0111010111 0.00585175 -3.14159
0111011000 0.027832 0
0111011001 0.00540161 0
0111011010 0.0155792 0
0111011011 0.0107346 0
0111011100 0.0103912 0
0111011101 0.0387878 0
0111011110 0.0364075 0
0111011111 7.43866e-05 0
0111100000 0.00120068 -3.14159
0111100001 0.0169067 0
0111100010 0.0154953 0
0111100011 0.0195312 0
0111100100 0.0323486 0
0111100101 0.042572 -3.14159
0111100110 0.0249786 -3.14159
0111100111 0.000419378 0
0111101000 0.0517883 -3.14159
0111101001 0.00576019 0
0111101010 0.0396729 -3.14159
0111101011 0.0175781 -3.14159
0111101100 0.00963593 -3.14159
0111101101 0.00659943 -3.14159
0111101110 0.0460815 0
0111101111 0.0161285 -3.14159
0111110000 0.00904083 -3.14159
0111110001 0.0522156 -3.14159
0111110010 0.0389099 0
0111110011 0.076416 -3.14159
0111110100 0.00922394 0
0111110101 0.00638199 -3.14159
0111110110 0.00681686 0
0111110111 0.0136795 -3.14159
0111111000 0.0471497 -3.14159
0111111001 0.0395203 0
0111111010 0.0144958 -3.14159
0111111011 0.0215912 0
0111111100 0.00402832 -3.14159
0111111101 0.00975037 0
0111111110 0.0165405 -3.14159
0111111111 0.0507507 0
1000000000 0.0143585 0
1000000001 0.0262909 -3.14159
1000000010 0.0144806 0
1000000011 0.0139236 -3.14159
1000000100 0.0343018 0
1000000101 0.05896 0
1000000110 0.0296631 0
1000000111 0.010498 0
1000001000 0.00176907 -3.14159
1000001001 0.0255737 0
1000001010 0.0142212 -3.14159
1000001011 0.0294647 -3.14159
1000001100 0.010643 -3.14159
1000001101 0.0575562 -3.14159
1000001110 0.047699 -3.14159
1000001111 0.0233459 -3.14159
1000010000 0.00647354 0
1000010001 0.0597534 -3.14159
1000010010 0.0129242 -3.14159
1000010011 0.0195923 0
1000010100 0.032074 0
1000010101 0.0222321 0
1000010110 0.00184917 -3.14159
1000010111 0.0059433 -3.14159
1000011000 0.0161285 0
1000011001 0.0215454 0
1000011010 0.00174141 0
1000011011 0.036377 0
1000011100 0.00218201 0
1000011101 0.00990295 -3.14159
1000011110 0.0069313 -3.14159
1000011111 0.0134201 0
1000100000 0.0249023 -3.14159
1000100001 0.0439148 -3.14159
1000100010 0.0375671 0
1000100011 0.00317192 -3.14159
1000100100 0.0170898 -3.14159
1000100101 0.0632324 -3.14159
1000100110 0.04599 -3.14159
1000100111 0.0629883 0
1000101000 0.0206451 0
1000101001 0.0132217 -3.14159
1000101010 0.0142975 -3.14159
1000101011 0.0155792 -3.14159
1000101100 0.0195618 -3.14159
1000101101 0.04776 0
1000101110 0.0215912 0
1000101111 0.0074234 0
1000110000 0.00939178 0
1000110001 0.00356293 0
1000110010 0.020752 0
1000110011 0.0280304 -3.14159
1000110100 0.0282288 -3.14159
1000110101 0.00802612 0
1000110110 0.0383606 -3.14159
1000110111 0.00264931 0
1000111000 0.0363464 -3.14159
1000111001 0.0404968 -3.14159
1000111010 0.0338745 0
1000111011 0.00414658 -3.14159
1000111100 0.0156708 0
1000111101 0.0125351 0
1000111110 0.00879669 -3.14159
1000111111 0.00549316 -3.14159
1001000000 0.0144424 0
1001000001 0.0229492 -3.14159
1001000010 0.00818634 0
1001000011 0.0152435 0
1001000100 0.0145645 -3.14159
1001000101 0.0104904 0
1001000110 0.052948 -3.14159
1001000111 0.0671997 -3.14159
1001001000 0.0327759 0
1001001001 0.0203247 -3.14159
1001001010 0.0237427 -3.14159
1001001011 0.0225983 0
1001001100 0.00402451 0
1001001101 0.0667725 -3.14159
1001001110 0.0413513 -3.14159
1001001111 0.0226135 -3.14159
1001010000 0.0228424 0
1001010001 0.0325928 -3.14159
1001010010 0.00185585 -3.14159
1001010011 0.0329285 -3.14159
1001010100 0.0286713 -3.14159
1001010101 0.0354004 -3.14159
1001010110 0.0052948 0
1001010111 0.0389099 -3.14159
1001011000 0.0129242 0
1001011001 0.000276327 -3.14159
1001011010 0.0154953 0
1001011011 0.00159645 0
1001011100 0.00639343 -3.14159
1001011101 0.0185089 -3.14159
1001011110 0.0207214 0
1001011111 0.0120239 -3.14159
1001100000 0.0366211 0
1001100001 0.0245514 0
1001100010 0.0339661 -3.14159
1001100011 0.0360107 0
1001100100 0.010582 -3.14159
1001100101 0.0191345 0
1001100110 0.0458374 0
1001100111 0.0776978 0
1001101000 0.000840187 0
1001101001 0.0212402 -3.14159
1001101010 0.0430298 0
1001101011 0.037323 0
1001101100 0.0376282 0
1001101101 0.0106583 -3.14159
1001101110 0.0539551 -3.14159
1001101111 0.00613403 -3.14159
1001110000 0.0431519 0
1001110001 0.0834351 -3.14159
1001110010 0.0230255 -3.14159
1001110011 0.0158081 0
1001110100 0.0157318 -3.14159
1001110101 0.0149689 -3.14159
1001110110 0.0198975 0
1001110111 0.00645828 -3.14159
1001111000 0.0342407 0
1001111001 0.00434113 -3.14159
1001111010 0.00420761 0
1001111011 0.0499268 0
1001111100 0.000448942 -3.14159
1001111101 0.0120621 -3.14159
1001111110 0.0101624 -3.14159
1001111111 0.00211334 -3.14159
1010000000 0.00503922 0
1010000001 0.00791168 0
1010000010 0.0101395 -3.14159
1010000011 0.0203247 -3.14159
1010000100 0.00753021 0
1010000101 0.0110245 -3.14159
1010000110 0.034668 -3.14159
1010000111 0.0295715 -3.14159
1010001000 0.0290527 -3.14159
1010001001 0.024353 0
1010001010 0.00597 -3.14159
1010001011 0.0400696 0
1010001100 0.0139313 -3.14159
1010001101 0.0209808 -3.14159
1010001110 0.0080719 0
1010001111 0.0667725 0
1010010000 0.0593262 0
1010010001 0.0028801 0
1010010010 0.0435791 -3.14159
1010010011 0.0174103 0
1010010100 0.0336304 0
1010010101 0.026123 0
1010010110 0.0262909 0
1010010111 0.0340881 -3.14159
1010011000 0.103943 0
1010011001 0.00886536 0
1010011010 0.00261307 0
1010011011 0.0408325 -3.14159
1010011100 0.00296211 -3.14159
1010011101 0.00989532 0
1010011110 0.00577164 0
1010011111 0.0140305 -3.14159
1010100000 0.0373535 -3.14159
1010100001 0.0172424 -3.14159
1010100010 0.0182953 -3.14159
1010100011 0.00810242 -3.14159
1010100100 0.00414658 0
1010100101 0.0156403 0
1010100110 0.0241547 -3.14159
1010100111 0.0230255 -3.14159
1010101000 0.00624847 0
1010101001 0.00403595 0
1010101010 0.0111389 -3.14159
1010101011 0.0190125 0
1010101100 0.0375061 0
1010101101 0.00725937 -3.14159
1010101110 0.00524521 -3.14159
1010101111 0.0198517 0
1010110000 0.0667725 0
1010110001 0.00214005 -3.14159
1010110010 0.0109558 -3.14159
1010110011 0.0113297 -3.14159
1010110100 0.0400391 -3.14159
1010110101 0.0109406 0
1010110110 0.00425339 -3.14159
1010110111 0.0173035 -3.14159
1010111000 0.0139236 -3.14159
1010111001 0.0105515 0
1010111010 0.0286865 -3.14159
1010111011 0.00517654 -3.14159
1010111100 0.00426102 0
1010111101 0.0449219 0
1010111110 0.0397644 -3.14159
1010111111 0.012764 0
1011000000 0.0360413 -3.14159
1011000001 0.0267334 0
1011000010 0.0158691 0
1011000011 0.0393372 -3.14159
1011000100 0.00263786 -3.14159
1011000101 0.00714874 0
1011000110 0.00387383 -3.14159
1011000111 0.0114059 0
1011001000 0.00817108 -3.14159
1011001001 0.0327454 -3.14159
1011001010 0.0324097 -3.14159
1011001011 0.0372009 -3.14159
1011001100 0.0190125 -3.14159
1011001101 0.0110779 -3.14159
1011001110 0.0304718 0
1011001111 0.0318909 -3.14159
1011010000 0.00529099 -3.14159
1011010001 0.0593872 -3.14159
1011010010 0.00090313 0
1011010011 0.0236816 0
1011010100 0.0388794 -3.14159
1011010101 0.0105286 0
1011010110 0.0510864 0
1011010111 0.0142059 0
1011011000 0.0119171 0
1011011001 0.0392761 0
1011011010 0.00414658 0
1011011011 0.0357056 -3.14159
1011011100 0.0133133 -3.14159
1011011101 0.0490723 0
1011011110 0.00168991 0
1011011111 0.0190887 0
1011100000 0.00957489 -3.14159
1011100001 0.0401306 -3.14159
1011100010 0.0310974 0
1011100011 0.0118179 0
1011100100 0.0288849 0
1011100101 0.0546265 0
1011100110 0.000391722 0
1011100111 0.00536728 -3.14159
1011101000 0.0483398 -3.14159
1011101001 0.00752258 -3.14159
1011101010 0.0517883 -3.14159
1011101011 0.0271301 0
1011101100 0.0112305 0
1011101101 0.0307007 0
1011101110 0.00443649 -3.14159
1011101111 0.0655518 0
1011110000 0.0446167 -3.14159
1011110001 0.00500488 -3.14159
1011110010 0.00140667 -3.14159
1011110011 0.0129089 0
1011110100 0.00785065 -3.14159
1011110101 0.0295563 0
1011110110 0.0491638 -3.14159
1011110111 0.0280762 0
1011111000 0.000261545 -3.14159
1011111001 0.00717163 -3.14159
1011111010 0.01651 -3.14159
1011111011 0.0612183 0
1011111100 0.0177155 -3.14159
1011111101 0.00201988 0
1011111110 0.0639648 0
1011111111 0.00615311 -3.14159
1100000000 0.00856018 0
1100000001 0.0150452 0
1100000010 0.000733376 0
1100000011 0.0544128 -3.14159
1100000100 0.0377808 -3.14159
1100000101 0.0603638 0
1100000110 0.00174713 -3.14159
1100000111 0.0139008 0
1100001000 0.0585022 -3.14159
1100001001 0.0466614 -3.14159
1100001010 0.0292816 -3.14159
1100001011 0.021698 0
1100001100 0.0092392 -3.14159
1100001101 0.0119247 -3.14159
1100001110 0.0448303 -3.14159
1100001111 0.0646362 0
1100010000 0.0273895 -3.14159
1100010001 0.0185089 0
1100010010 0.04599 0
1100010011 0.0144272 -3.14159
1100010100 0.0258789 -3.14159
1100010101 0.0256195 -3.14159
1100010110 0.0332031 0
1100010111 0.0917358 0
1100011000 0.0906982 -3.14159
1100011001 0.0141373 0
1100011010 0.0411377 -3.14159
1100011011 0.0422363 0
1100011100 0.0457764 0
1100011101 0.0131989 0
1100011110 0.00036025 0
1100011111 0.0381775 -3.14159
1100100000 0.027832 0
1100100001 0.0499573 0
1100100010 0.00948334 -3.14159
1100100011 0.0253754 0
1100100100 0.00285339 0
1100100101 0.0490112 -3.14159
1100100110 0.0289764 0
1100100111 0.0387878 -3.14159
1100101000 0.0327454 0
1100101001 0.0158844 0
1100101010 0.0042038 0
1100101011 0.014679 -3.14159
1100101100 0.00888824 0
1100101101 0.0137711 -3.14159
1100101110 0.0545349 0
1100101111 0.00457764 -3.14159
1100110000 0.0234985 0
1100110001 0.0748291 -3.14159
1100110010 0.00118828 0
1100110011 0.0222168 0
1100110100 0.0101776 0
1100110101 0.0145721 0
1100110110 0.0402832 0
1100110111 0.0432129 -3.14159
1100111000 0.0173035 -3.14159
1100111001 0.0908203 -3.14159
1100111010 0.0224304 0
1100111011 0.0200653 -3.14159
1100111100 0.026001 -3.14159
1100111101 0.00850677 -3.14159
1100111110 0.053833 -3.14159
1100111111 0.0055542 -3.14159
1101000000 0.0644531 -3.14159
1101000001 0.0255737 0
1101000010 0.0112534 -3.14159
1101000011 0.00732422 -3.14159
1101000100 0.0402222 0
1101000101 0.0218506 0
1101000110 0.0185394 -3.14159
1101000111 0.0635376 0
1101001000 0.0171814 0
1101001001 0.0582275 0
1101001010 0.0157013 0
1101001011 0.0426025 0
1101001100 0.0107193 0
1101001101 0.016922 0
1101001110 0.042511 0
1101001111 0.0372009 0
1101010000 0.0185394 -3.14159
1101010001 0.00240135 0
1101010010 0.0339966 -3.14159
1101010011 0.0611572 -3.14159
1101010100 0.0459595 0
1101010101 0.0171967 -3.14159
1101010110 0.0334473 -3.14159
1101010111 0.0300903 0
1101011000 0.027771 -3.14159
1101011001 0.0147247 0
1101011010 0.0112381 0
1101011011 0.0308075 -3.14159
1101011100 0.00991821 0
1101011101 0.0257568 -3.14159
1101011110 0.00564575 -3.14159
1101011111 0.0178375 -3.14159
1101100000 0.092041 0
1101100001 0.0371704 0
1101100010 0.0120544 -3.14159
1101100011 0.00460815 -3.14159
1101100100 0.0059967 -3.14159
1101100101 0.0355835 -3.14159
1101100110 0.0265503 0
1101100111 0.0493469 -3.14159
1101101000 0.0157318 -3.14159
1101101001 0.0105362 0
1101101010 0.0534363 0
1101101011 0.00258255 0
1101101100 0.0228577 -3.14159
1101101101 0.0246887 -3.14159
1101101110 0.0288391 -3.14159
1101101111 0.0140457 0
1101110000 0.0167236 -3.14159
1101110001 0.0749512 0
1101110010 0.0216217 0
1101110011 0.0461121 -3.14159
1101110100 0.00211906 0
1101110101 0.0355225 -3.14159
1101110110 0.0366821 -3.14159
1101110111 0.0043869 0
1101111000 0.0174408 0
1101111001 0.00927734 0
1101111010 0.00113106 -3.14159
1101111011 0.00262833 -3.14159
1101111100 0.0211639 0
1101111101 0.0403137 -3.14159
1101111110 0.0148087 -3.14159
1101111111 0.0732422 0
1110000000 0.0464172 -3.14159
1110000001 0.00176811 -3.14159
1110000010 0.0608826 0
1110000011 0.0326233 0
1110000100 0.0595093 0
1110000101 0.0643311 0
1110000110 0.0466003 -3.14159
1110000111 0.00733948 0
1110001000 0.00868225 0
1110001001 0.0283356 0
1110001010 0.0396118 0
1110001011 0.0161743 -3.14159
1110001100 0.00302696 0
1110001101 0.0311584 0
1110001110 0.00483704 0
1110001111 0.000501633 0
1110010000 0.0351257 0
1110010001 0.0470276 -3.14159
1110010010 0.00718307 -3.14159
1110010011 0.00585938 0
1110010100 0.06604 -3.14159
1110010101 0.0377502 -3.14159
1110010110 0.0311584 0
1110010111 0.071228 -3.14159
1110011000 0.0185089 0
1110011001 0.0133896 0
1110011010 0.036377 -3.14159
1110011011 0.014473 -3.14159
1110011100 0.0261383 0
1110011101 0.0180969 -3.14159
1110011110 0.015625 0
1110011111 0.0209808 0
1110100000 0.0139313 -3.14159
1110100001 0.0133209 0
1110100010 0.0492859 0
1110100011 0.0161896 -3.14159
1110100100 0.0630493 0
1110100101 0.042572 0
1110100110 0.0571289 -3.14159
1110100111 0.00656128 0
1110101000 0.0260162 -3.14159
1110101001 0.0176849 0
1110101010 0.0279236 0
1110101011 0.0140915 0
1110101100 0.0132904 -3.14159
1110101101 0.0123367 0
1110101110 0.030838 -3.14159
1110101111 0.0104675 -3.14159
1110110000 0.00460434 -3.14159
1110110001 0.0178375 0
1110110010 0.0726929 -3.14159
1110110011 0.0458374 -3.14159
1110110100 0.0208893 -3.14159
1110110101 0.0562744 0
1110110110 0.0281372 -3.14159
1110110111 0.0162506 -3.14159
1110111000 0.0109558 -3.14159
1110111001 0.0393982 0
1110111010 0.0241852 0
1110111011 0.0256195 0
1110111100 0.0118484 -3.14159
1110111101 0.0169983 -3.14159
1110111110 0.00210571 -3.14159
1110111111 0.0123367 0
1111000000 0.00823212 0
1111000001 0.056366 0
1111000010 0.015686 0
1111000011 0.00988007 -3.14159
1111000100 0.0119629 0
1111000101 0.0310211 -3.14159
1111000110 0.0116959 0
1111000111 0.00697708 0
1111001000 0.0377808 0
1111001001 0.0339966 0
1111001010 0.0195312 -3.14159
1111001011 0.0302582 -3.14159
1111001100 0.0310974 0
1111001101 0.101929 0
1111001110 0.0138245 -3.14159
1111001111 0.0334473 0
1111010000 0.00930023 -3.14159
1111010001 0.00965881 0
1111010010 0.00542831 -3.14159
1111010011 0.0105362 -3.14159
1111010100 0.00913239 0
1111010101 0.00522232 -3.14159
1111010110 0.0386963 0
1111010111 0.02948 0
1111011000 0.0561523 0
1111011001 0.0160675 -3.14159
1111011010 0.0019331 -3.14159
1111011011 0.0116577 0
1111011100 0.0167999 0
1111011101 0.0239868 0
1111011110 0.0150452 0
1111011111 0.00776291 -3.14159
1111100000 0.0887451 0
1111100001 0.0252991 -3.14159
1111100010 0.0276337 -3.14159
1111100011 0.0484009 0
1111100100 0.0706177 -3.14159
1111100101 0.00242996 0
1111100110 0.0578918 -3.14159
1111100111 0.0249176 -3.14159
1111101000 0.00049448 -3.14159
1111101001 0.0412598 -3.14159
1111101010 0.0359192 -3.14159
1111101011 0.0911865 0
1111101100 0.0690308 0
1111101101 0.000502586 0
1111101110 0.0278778 0
1111101111 0.00551987 0
1111110000 0.00922394 0
1111110001 0.0196991 0
1111110010 0.0349121 -3.14159
1111110011 0.00396347 0
1111110100 0.0066452 0
1111110101 0.0239105 0
1111110110 0.0401306 0
1111110111 0.014389 0
1111111000 0.0011282 0
1111111001 0.0537109 -3.14159
1111111010 0.0144501 0
1111111011 0.0318909 -3.14159
1111111100 0.0154495 0
1111111101 0.0383911 0
1111111110 0.0209198 -3.14159
1111111111 0.00123596 -3.14159
