0000000000 0.0317383 0
0000000001 0.0600281 0
0000000010 0.00965881 0
0000000011 0.0139542 -3.14159
0000000100 0.00535965 -3.14159
0000000101 0.021759 0
0000000110 0.0240021 -3.14159
0000000111 0.0219269 -3.14159
0000001000 0.0265808 0
0000001001 0.0113525 0
0000001010 0.0110855 -3.14159
0000001011 0.0224457 0
0000001100 0.0254669 -3.14159
0000001101 0.00732803 0
0000001110 0.00235939 0
0000001111 0.0287323 0
0000010000 0.00289917 -3.14159
0000010001 0.0126724 -3.14159
0000010010 0.00135422 -3.14159
0000010011 0.0483093 -3.14159
0000010100 0.0303345 -3.14159
0000010101 0.0212708 0
0000010110 0.0176239 -3.14159
0000010111 0.0428162 0
0000011000 0.0542603 0
0000011001 7.98702e-05 -3.14159
0000011010 0.0345459 -3.14159
0000011011 0.0535583 -3.14159
0000011100 0.0312042 -3.14159
0000011101 0.0318909 -3.14159
0000011110 0.0217285 0
0000011111 0.0165405 -3.14159
0000100000 0.071106 -3.14159
0000100001 0.0058403 -3.14159
0000100010 0.0564575 -3.14159
0000100011 0.0205841 -3.14159
0000100100 0.0200958 0
0000100101 0.00210762 0
0000100110 0.0125809 -3.14159
0000100111 0.0305481 0
0000101000 0.0269623 -3.14159
0000101001 0.015152 -3.14159
0000101010 0.0278625 -3.14159
0000101011 0.00924683 0
0000101100 0.0906982 -3.14159
0000101101 0.00922394 0
0000101110 0.00201797 -3.14159
0000101111 0.0112305 0
0000110000 0.00524521 -3.14159
0000110001 0.0396423 -3.14159
0000110010 0.0494385 -3.14159
0000110011 0.0340271 0
0000110100 0.01017 -3.14159
0000110101 0.01371 -3.14159
0000110110 0.00656891 0
0000110111 0.0425415 0
0000111000 0.0239563 -3.14159
0000111001 0.00267601 -3.14159
0000111010 0.00361443 0
0000111011 0.0160522 -3.14159
0000111100 0.017395 0
0000111101 0.026062 0
0000111110 0.0184326 0
0000111111 0.0191345 -3.14159
0001000000 0.0460815 0
0001000001 0.0430298 0
0001000010 0.0417175 -3.14159
0001000011 0.00140381 0
0001000100 0.00655746 -3.14159
0001000101 0.0469666 -3.14159
0001000110 0.0260925 -3.14159
0001000111 0.0120163 -3.14159
0001001000 0.0419006 -3.14159
0001001001 0.000704288 0
0001001010 0.0128708 0
0001001011 0.0140991 -3.14159
0001001100 0.0132751 -3.14159
0001001101 0.0135345 0
0001001110 0.0046463 0
0001001111 0.00852966 0
0001010000 0.0152435 0
0001010001 0.0056839 -3.14159
0001010010 0.0528259 -3.14159
0001010011 0.0147324 0
0001010100 0.0255127 0
0001010101 0.00980377 0
0001010110 0.0372314 0
0001010111 0.00703049 -3.14159
0001011000 0.00312424 0
0001011001 0.0473328 0
0001011010 0.0426331 0
0001011011 0.00811005 0
0001011100 0.00711823 0
0001011101 0.0254669 -3.14159
0001011110 0.0541382 -3.14159
0001011111 0.0507202 0
0001100000 0.0157928 -3.14159
0001100001 0.00883484 -3.14159
0001100010 0.0742188 -3.14159
0001100011 0.0349121 -3.14159
0001100100 0.0566711 -3.14159
0001100101 0.00912476 -3.14159
0001100110 0.0152969 -3.14159
0001100111 0.00256538 0
0001101000 0.0344849 0
0001101001 0.0724487 0
0001101010 0.00476456 -3.14159
0001101011 0.0116806 0
0001101100 0.00674057 -3.14159
0001101101 0.0244751 -3.14159
0001101110 0.0183868 -3.14159
0001101111 0.00487137 -3.14159
0001110000 0.0555115 -3.14159
0001110001 0.0170898 -3.14159
0001110010 0.0602417 -3.14159
0001110011 0.0219421 0
0001110100 0.0239716 -3.14159
0001110101 0.00104809 0
0001110110 0.00746536 0
0001110111 0.0118179 -3.14159
0001111000 0.0638428 -3.14159
0001111001 0.0212708 0
0001111010 0.0266876 -3.14159
0001111011 0.00111198 0
0001111100 0.0173035 -3.14159
0001111101 0.0255585 0
0001111110 0.00638199 -3.14159
0001111111 0.00875854 0
0010000000 0.0395508 0
0010000001 0.0326538 -3.14159
0010000010 0.00928497 0
0010000011 0.0690308 -3.14159
0010000100 0.00465012 0
0010000101 0.0361328 -3.14159
0010000110 0.0294342 0
0010000111 0.0151672 -3.14159
0010001000 0.0124741 0
0010001001 0.0354614 0
0010001010 0.0248566 0
0010001011 0.0138626 -3.14159
0010001100 0.0296021 0
0010001101 0.0187988 0
0010001110 0.0241852 0
0010001111 0.00529099 -3.14159
0010010000 0.0325012 -3.14159
0010010001 0.034729 -3.14159
0010010010 0.00724792 0
0010010011 0.0284729 -3.14159
0010010100 0.0210419 0
0010010101 0.0187225 0
0010010110 0.0154114 0
0010010111 0.0600891 0
0010011000 0.0330505 -3.14159
0010011001 0.009758 -3.14159
0010011010 0.000123501 0
0010011011 0.0200958 -3.14159
0010011100 0.00561142 -3.14159
0010011101 0.00280952 0
0010011110 0.0117569 -3.14159
0010011111 0.0216064 -3.14159
0010100000 0.0177155 0
0010100001 0.00478745 0
0010100010 0.0118179 -3.14159
0010100011 0.000819206 -3.14159
0010100100 0.011795 0
0010100101 0.0123291 -3.14159
0010100110 0.000875473 0
0010100111 0.0224457 0
0010101000 0.0166779 -3.14159
0010101001 0.0274658 0
0010101010 0.0210419 0
0010101011 0.019104 0
0010101100 0.0115204 0
0010101101 0.0258636 0
0010101110 0.0292816 -3.14159
0010101111 0.0130539 -3.14159
0010110000 0.0053215 0
0010110001 0.0513 -3.14159
0010110010 0.0278931 -3.14159
0010110011 0.0405579 0
0010110100 0.0494385 0
0010110101 0.0189362 -3.14159
0010110110 0.00995636 0
0010110111 0.0135803 -3.14159
0010111000 0.0144424 0
0010111001 0.00645828 -3.14159
0010111010 0.00417709 0
0010111011 0.0295715 0
0010111100 0.0380859 0
0010111101 0.0285492 -3.14159
0010111110 0.0120316 -3.14159
0010111111 0.0545044 -3.14159
0011000000 0.0360107 0
0011000001 0.00980377 0
0011000010 0.0254974 0
0011000011 0.000112236 -3.14159
0011000100 0.00874329 0
0011000101 0.0169678 -3.14159
0011000110 0.054718 0
0011000111 0.0197296 0
0011001000 0.00894928 0
0011001001 0.0158539 -3.14159
0011001010 0.0258026 0
0011001011 0.0168457 -3.14159
0011001100 0.0187988 -3.14159
0011001101 0.0280457 -3.14159
0011001110 0.010376 -3.14159
0011001111 0.00136757 -3.14159
0011010000 0.0240479 0
0011010001 0.0217896 -3.14159
0011010010 0.0569763 0
0011010011 0.00294495 0
0011010100 0.0219574 0
0011010101 0.036499 -3.14159
0011010110 0.0243988 -3.14159
0011010111 0.0596619 0
0011011000 0.00108147 -3.14159
0011011001 0.0367432 0
0011011010 0.00304222 -3.14159
0011011011 0.00385094 0
0011011100 0.0104828 0
0011011101 0.0420227 -3.14159
0011011110 0.0629272 -3.14159
0011011111 0.00441742 -3.14159
0011100000 0.0296478 0
0011100001 0.000686646 0
0011100010 0.0315857 -3.14159
0011100011 0.0384827 -3.14159
0011100100 0.0564575 0
0011100101 0.0360413 0
0011100110 0.000483751 0
0011100111 0.026947 -3.14159
0011101000 0.0453796 -3.14159
0011101001 0.00437164 -3.14159
0011101010 0.0558777 -3.14159
0011101011 0.00367355 0
0011101100 0.0357361 -3.14159
0011101101 0.00199127 -3.14159
0011101110 0.014679 -3.14159
0011101111 0.0613403 0
0011110000 0.0174713 0
0011110001 0.00179386 -3.14159
0011110010 0.0720825 0
0011110011 0.0620422 -3.14159
0011110100 0.0030632 -3.14159
0011110101 0.0107422 0
0011110110 0.0126572 -3.14159
0011110111 0.00206757 0
0011111000 0.0856934 0
0011111001 0.0247955 0
0011111010 0.00286484 0
0011111011 0.00765991 -3.14159
0011111100 0.0271301 -3.14159
0011111101 0.00301743 0
0011111110 0.0300751 0
0011111111 0.0452881 0
0100000000 0.0646973 0
0100000001 0.0306244 0
0100000010 0.0149918 -3.14159
0100000011 0.0387268 0
0100000100 0.0343018 -3.14159
0100000101 0.019104 -3.14159
0100000110 0.050354 0
0100000111 0.0610352 0
0100001000 0.00421524 0
0100001001 0.024231 -3.14159
0100001010 0.0109406 -3.14159
0100001011 0.0371094 -3.14159
0100001100 0.032196 -3.14159
0100001101 0.00718307 0
0100001110 0.0108719 0
0100001111 0.0112228 -3.14159
0100010000 0.0447083 0
0100010001 0.0526123 -3.14159
0100010010 0.00234222 -3.14159
0100010011 0.0289612 0
0100010100 0.00948334 0
0100010101 0.00278091 0
0100010110 0.0307007 0
0100010111 0.00195503 0
0100011000 0.03125 0
0100011001 0.0280151 0
0100011010 0.00389671 -3.14159
0100011011 0.067749 -3.14159
0100011100 0.0133743 -3.14159
0100011101 0.028595 0
0100011110 0.0391235 -3.14159
0100011111 0.0473022 0
0100100000 0.0152817 -3.14159
0100100001 0.0131912 -3.14159
0100100010 0.0282898 -3.14159
0100100011 0.0096283 0
0100100100 0.0268402 -3.14159
0100100101 0.0241394 0
0100100110 0.0306702 -3.14159
0100100111 0.0576172 -3.14159
0100101000 0.0407715 0
0100101001 0.0814819 -3.14159
0100101010 0.0645752 0
0100101011 0.0144577 -3.14159
0100101100 0.0374146 0
0100101101 0.02771 -3.14159
0100101110 0.0550842 0
0100101111 0.01371 0
0100110000 0.0514832 0
0100110001 0.0285187 -3.14159
0100110010 0.0183563 0
0100110011 0.0260162 -3.14159
0100110100 0.00497818 0
0100110101 0.0222321 0
0100110110 0.0241394 -3.14159
0100110111 0.00321388 0
0100111000 0.0327148 -3.14159
0100111001 0.0440063 -3.14159
0100111010 0.0295105 -3.14159
0100111011 0.0440674 -3.14159
0100111100 0.0236053 -3.14159
0100111101 0.0107803 -3.14159
0100111110 0.0510254 0
0100111111 0.00505066 -3.14159
0101000000 0.00356865 0
0101000001 0.0149307 0
0101000010 0.0191956 -3.14159
0101000011 0.021225 0
0101000100 0.0173035 -3.14159
0101000101 0.0388794 0
0101000110 0.0376282 -3.14159
0101000111 0.0542603 -3.14159
0101001000 0.0356445 -3.14159
0101001001 0.0446472 -3.14159
0101001010 0.00219917 0
0101001011 0.0402832 0
0101001100 0.000516415 -3.14159
0101001101 0.0183868 0
0101001110 0.0236664 0
0101001111 0.0196381 0
0101010000 0.052887 0
0101010001 0.00720215 -3.14159
0101010010 0.0304565 0
0101010011 0.0492249 -3.14159
0101010100 0.0227051 0
0101010101 0.0421753 0
0101010110 0.0163574 0
0101010111 0.0218658 -3.14159
0101011000 0.0270538 0
0101011001 0.0293579 0
0101011010 0.0129852 0
0101011011 0.0558167 -3.14159
0101011100 0.0260773 -3.14159
0101011101 0.0529785 0
0101011110 0.00391769 0
0101011111 0.0416565 0
0101100000 0.00518036 0
0101100001 0.0751343 -3.14159
0101100010 0.0182495 -3.14159
0101100011 0.0282593 -3.14159
0101100100 0.0140228 0
0101100101 0.00931549 0
0101100110 0.0371704 -3.14159
0101100111 0.0349121 -3.14159
0101101000 0.0626831 -3.14159
0101101001 0.00402451 -3.14159
0101101010 0.0212097 0
0101101011 0.046936 0
0101101100 0.0276489 -3.14159
0101101101 0.0310974 -3.14159
0101101110 0.0170441 -3.14159
0101101111 0.0154648 0
0101110000 0.00488663 -3.14159
0101110001 0.0335999 -3.14159
0101110010 0.0435181 -3.14159
0101110011 0.00798035 0
0101110100 0.0304565 0
0101110101 0.00919342 -3.14159
0101110110 0.0290222 0
0101110111 0.0297241 -3.14159
0101111000 0.0377808 0
0101111001 0.0469666 0
0101111010 0.038147 0
0101111011 0.0297546 -3.14159
0101111100 0.0443726 -3.14159
0101111101 0.00806427 -3.14159
0101111110 0.00887299 0
0101111111 0.0457153 0
0110000000 0.0154572 0
0110000001 0.0314331 0
0110000010 0.0155716 -3.14159
0110000011 0.0411377 0
0110000100 0.0638428 -3.14159
0110000101 0.0200958 0
0110000110 0.0175934 0
0110000111 0.00694656 0
0110001000 0.0250854 -3.14159
0110001001 0.0311127 -3.14159
0110001010 0.00357437 0
0110001011 0.018692 -3.14159
0110001100 0.0183563 -3.14159
0110001101 0.0100632 -3.14159
0110001110 0.0379944 0
0110001111 0.0330505 -3.14159
0110010000 0.0139313 0
0110010001 0.0082016 -3.14159
0110010010 0.0181122 -3.14159
0110010011 0.00775528 0
0110010100 0.0753174 -3.14159
0110010101 0.0664673 -3.14159
0110010110 0.00525284 0
0110010111 8.13007e-05 -3.14159
0110011000 0.0120468 -3.14159
0110011001 0.0457458 -3.14159
0110011010 0.00920105 0
0110011011 0.041687 0
0110011100 0.0280457 0
0110011101 0.0124207 -3.14159
0110011110 0.0575256 0
0110011111 0.0262299 0
0110100000 0.0235596 0
0110100001 0.0361328 0
0110100010 0.0152588 0
0110100011 0.0407715 -3.14159
0110100100 0.0328064 0
0110100101 0.0178223 0
0110100110 0.0157166 0
0110100111 0.00887299 -3.14159
0110101000 0.00168705 0
0110101001 0.0586243 -3.14159
0110101010 0.0178833 0
0110101011 0.035553 -3.14159
0110101100 0.02211 -3.14159
0110101101 0.039093 0
0110101110 0.000942707 0
0110101111 0.0018959 -3.14159
0110110000 0.00200272 0
0110110001 0.067627 -3.14159
0110110010 0.00908661 0
0110110011 0.0171967 -3.14159
0110110100 0.000669479 -3.14159
0110110101 0.0379333 0
0110110110 0.0430298 0
0110110111 0.00817108 0
0110111000 0.044342 -3.14159
0110111001 0.0127792 -3.14159
0110111010 0.0364685 0
0110111011 0.0600281 0
0110111100 0.00835419 0
0110111101 0.00278664 -3.14159
0110111110 0.0494995 -3.14159
0110111111 0.0220184 -3.14159
0111000000 0.0060997 0
0111000001 0.0812378 -3.14159
0111000010 0.0212402 0
0111000011 0.0117874 -3.14159
0111000100 0.00934601 0
0111000101 0.0134583 -3.14159
0111000110 0.00133801 0
0111000111 0.0158844 -3.14159
0111001000 0.0539856 0
0111001001 0.029129 0
0111001010 0.00429153 0
0111001011 0.00686646 0
0111001100 0.0385437 0
0111001101 0.0206909 -3.14159
0111001110 0.0391541 0
0111001111 0.0563965 0
0111010000 0.0334778 0
0111010001 0.0307465 0
0111010010 0.000232697 -3.14159
0111010011 0.0536804 0
0111010100 0.00475311 -3.14159
0111010101 0.00534821 -3.14159
0111010110 0.00948334 -3.14159
0111010111 0.0213165 -3.14159
0111011000 0.0221863 0
0111011001 0.00495529 -3.14159
0111011010 0.0191498 0
0111011011 0.00577545 -3.14159
0111011100 0.0322876 0
0111011101 0.042572 0
0111011110 0.0390625 0
0111011111 0.0243378 0
0111100000 0.00279427 -3.14159
0111100001 0.018631 -3.14159
0111100010 0.0190887 0
0111100011 0.0301971 0
0111100100 0.0110245 0
0111100101 0.0238647 -3.14159
0111100110 0.0254517 -3.14159
0111100111 0.010437 -3.14159
0111101000 0.0568237 -3.14159
0111101001 0.00466919 -3.14159
0111101010 0.0379333 -3.14159
0111101011 0.0229645 -3.14159
0111101100 0.0233459 -3.14159
0111101101 0.0238342 -3.14159
0111101110 0.0168915 0
0111101111 0.0107651 0
0111110000 0.0046463 -3.14159
0111110001 0.0296478 -3.14159
0111110010 0.0403748 0
0111110011 0.0696411 -3.14159
0111110100 0.0153656 0
0111110101 0.0183411 -3.14159
0111110110 0.00443649 0
0111110111 0.0185852 0
0111111000 0.0640259 -3.14159
0111111001 0.012558 0
0111111010 0.0159454 0
0111111011 0.0158234 0
0111111100 0.00523758 0
0111111101 0.000322342 -3.14159
0111111110 0.00483322 -3.14159
0111111111 0.0289459 0
1000000000 0.0172577 -3.14159
1000000001 0.00242996 0
1000000010 0.0377502 -3.14159
1000000011 0.00514221 -3.14159
1000000100 0.0137482 0
1000000101 0.0434265 0
1000000110 0.0482483 0
1000000111 0.0300751 0
1000001000 0.00390053 0
1000001001 0.00030756 -3.14159
1000001010 0.00435257 -3.14159
1000001011 0.0822754 -3.14159
1000001100 0.00239372 -3.14159
1000001101 0.0523987 -3.14159
1000001110 0.0752563 -3.14159
1000001111 0.0158691 -3.14159
1000010000 0.00722122 0
1000010001 0.0571899 -3.14159
1000010010 0.00279236 0
1000010011 0.0184174 0
1000010100 0.00347328 0
1000010101 0.00368881 -3.14159
1000010110 0.0050087 0
1000010111 0.0154266 0
1000011000 0.0288849 0
1000011001 0.0251312 0
1000011010 0.00461197 -3.14159
1000011011 0.0231628 0
1000011100 0.0121384 -3.14159
1000011101 0.0120087 -3.14159
1000011110 0.011261 -3.14159
1000011111 0.0176239 -3.14159
1000100000 0.0617676 -3.14159
1000100001 0.0415649 -3.14159
1000100010 0.0071907 0
1000100011 0.0126877 -3.14159
1000100100 0.00431061 0
1000100101 0.0704956 -3.14159
1000100110 0.0101089 -3.14159
1000100111 0.0571289 0
1000101000 0.0563049 0
1000101001 0.021698 -3.14159
1000101010 0.0297546 -3.14159
1000101011 0.00965118 -3.14159
1000101100 0.00697708 -3.14159
1000101101 0.00317574 0
1000101110 0.027359 0
1000101111 0.0172577 0
1000110000 0.00136757 0
1000110001 0.0151901 0
1000110010 0.0322266 0
1000110011 0.0397034 -3.14159
1000110100 0.0176544 -3.14159
1000110101 0.0409851 0
1000110110 0.0444641 -3.14159
1000110111 0.003582 0
1000111000 0.00232124 -3.14159
1000111001 0.00666046 -3.14159
1000111010 0.0175171 0
1000111011 0.036499 -3.14159
1000111100 0.0232544 0
1000111101 0.0412903 0
1000111110 0.0120087 -3.14159
1000111111 0.00631714 -3.14159
1001000000 0.0178986 0
1001000001 0.0283356 -3.14159
1001000010 0.00584793 0
1001000011 0.00106812 -3.14159
1001000100 0.0204773 -3.14159
1001000101 0.0234222 0
1001000110 0.0401001 -3.14159
1001000111 0.0537415 -3.14159
1001001000 0.0089798 0
1001001001 0.0218353 -3.14159
1001001010 0.0159607 -3.14159
1001001011 0.00612259 -3.14159
1001001100 0.010025 0
1001001101 0.0118942 -3.14159
1001001110 0.0332947 -3.14159
1001001111 0.0162506 0
1001010000 0.0149536 0
1001010001 0.0269165 -3.14159
1001010010 0.00662994 -3.14159
1001010011 0.00797272 -3.14159
1001010100 0.023407 -3.14159
1001010101 0.0367126 -3.14159
1001010110 0.00403595 0
1001010111 0.0191498 -3.14159
1001011000 0.0122681 0
1001011001 0.0030899 -3.14159
1001011010 0.0244904 0
1001011011 0.0437927 0
1001011100 0.012207 -3.14159
1001011101 0.0262299 -3.14159
1001011110 0.025589 -3.14159
1001011111 0.0365906 -3.14159
1001100000 0.0407715 0
1001100001 0.0215149 0
1001100010 0.0189514 -3.14159
1001100011 0.0168915 0
1001100100 0.0151672 -3.14159
1001100101 0.000179648 0
1001100110 0.0446472 0
1001100111 0.0656738 0
1001101000 0.000443459 0
1001101001 0.00227547 -3.14159
1001101010 0.0451355 0
1001101011 0.0407715 0
1001101100 0.0395813 0
1001101101 0.0235901 -3.14159
1001101110 0.0247192 -3.14159
1001101111 0.0125427 -3.14159
1001110000 0.0646362 0
1001110001 0.0622253 -3.14159
1001110010 0.00926208 0
1001110011 0.0318298 0
1001110100 0.0117416 -3.14159
1001110101 0.00216675 0
1001110110 0.0258484 -3.14159
1001110111 0.00118542 0
1001111000 0.0521851 0
1001111001 0.00893402 0
1001111010 0.030304 0
1001111011 0.0469666 0
1001111100 0.00854492 -3.14159
1001111101 0.00139046 -3.14159
1001111110 0.00148678 -3.14159
1001111111 0.0249481 0
1010000000 0.00387383 -3.14159
1010000001 0.0156403 0
1010000010 0.00157356 0
1010000011 0.0248718 -3.14159
1010000100 0.00478745 0
1010000101 0.0361633 -3.14159
1010000110 0.0309143 -3.14159
1010000111 0.0216064 -3.14159
1010001000 0.0199127 -3.14159
1010001001 0.0279999 0
1010001010 0.0367737 0
1010001011 0.0564575 0
1010001100 0.0118866 0
1010001101 0.00101185 -3.14159
1010001110 0.00306511 0
1010001111 0.0446777 0
1010010000 0.0548401 0
1010010001 0.00570679 -3.14159
1010010010 0.0350342 -3.14159
1010010011 0.0079422 0
1010010100 0.0126801 0
1010010101 0.0466309 0
1010010110 0.0101013 0
1010010111 0.0131531 -3.14159
1010011000 0.095459 0
1010011001 0.0248718 -3.14159
1010011010 0.00860596 0
1010011011 0.0148773 -3.14159
1010011100 0.027832 0
1010011101 0.0194702 -3.14159
1010011110 0.0155563 0
1010011111 0.0170593 0
1010100000 0.00925446 -3.14159
1010100001 0.00294685 0
1010100010 0.0259247 -3.14159
1010100011 0.0320129 -3.14159
1010100100 0.00772095 -3.14159
1010100101 0.0121384 -3.14159
1010100110 0.00911713 0
1010100111 0.0089035 -3.14159
1010101000 0.0256805 0
1010101001 0.0243378 0
1010101010 0.018692 -3.14159
1010101011 0.0111771 0
1010101100 0.0469666 0
1010101101 0.00755692 0
1010101110 0.00504303 0
1010101111 0.0333252 0
1010110000 0.0184021 0
1010110001 0.0280914 -3.14159
1010110010 0.0330505 0
1010110011 0.00556946 -3.14159
1010110100 0.0329895 -3.14159
1010110101 0.0198822 0
1010110110 0.00192547 0
1010110111 0.00533295 0
1010111000 0.0227203 0
1010111001 0.00108528 0
1010111010 0.0175476 -3.14159
1010111011 0.0267792 -3.14159
1010111100 0.0575562 0
1010111101 0.0280151 0
1010111110 0.02388 -3.14159
1010111111 0.0153503 0
1011000000 0.0400085 -3.14159
1011000001 0.0375366 0
1011000010 0.0120392 0
1011000011 0.0350647 -3.14159
1011000100 0.0228577 0
1011000101 0.00218773 -3.14159
1011000110 0.0216827 0
1011000111 0.0136185 0
1011001000 0.00706482 0
1011001001 0.0496521 -3.14159
1011001010 0.0461121 -3.14159
1011001011 0.0116425 -3.14159
1011001100 0.0184174 -3.14159
1011001101 0.0111465 -3.14159
1011001110 0.0240936 0
1011001111 0.017868 -3.14159
1011010000 0.00500107 0
1011010001 0.0282288 -3.14159
1011010010 0.00987244 -3.14159
1011010011 0.0702515 0
1011010100 0.0321655 -3.14159
1011010101 0.0194244 0
1011010110 0.0730591 0
1011010111 0.0233307 -3.14159
1011011000 0.00320053 0
1011011001 0.0154953 0
1011011010 0.0255585 0
1011011011 0.0283813 -3.14159
1011011100 0.0457458 0
1011011101 0.0206604 0
1011011110 0.00483704 0
1011011111 0.015152 0
1011100000 0.00106335 -3.14159
1011100001 0.0341797 -3.14159
1011100010 0.0415344 0
1011100011 0.0196991 0
1011100100 0.00420761 0
1011100101 0.040863 0
1011100110 0.00722885 0
1011100111 0.053894 -3.14159
1011101000 0.0520935 -3.14159
1011101001 0.0120316 -3.14159
1011101010 0.0796509 -3.14159
1011101011 0.0438843 0
1011101100 0.0125656 0
1011101101 0.00492096 0
1011101110 0.0141907 -3.14159
1011101111 0.0788574 0
1011110000 0.0225372 -3.14159
1011110001 0.0277863 -3.14159
1011110010 0.000739574 0
1011110011 0.00529861 0
1011110100 0.0230713 -3.14159
1011110101 0.00669479 0
1011110110 0.0306244 -3.14159
1011110111 0.0268097 0
1011111000 0.0233917 0
1011111001 0.0091629 0
1011111010 0.0410156 -3.14159
1011111011 0.0586243 0
1011111100 0.00563812 0
1011111101 0.00280571 0
1011111110 0.00936127 0
1011111111 0.043335 -3.14159
1100000000 0.0309296 0
1100000001 0.0148239 -3.14159
1100000010 0.0389404 -3.14159
1100000011 0.0350952 -3.14159
1100000100 0.00879669 -3.14159
1100000101 0.0678711 0
1100000110 0.0148621 0
1100000111 0.021225 -3.14159
1100001000 0.0477295 -3.14159
1100001001 0.025116 -3.14159
1100001010 0.00961304 -3.14159
1100001011 0.0039978 0
1100001100 0.00402832 0
1100001101 0.00843811 -3.14159
1100001110 0.0476074 -3.14159
1100001111 0.0332336 0
1100010000 0.0288086 -3.14159
1100010001 0.00286293 -3.14159
1100010010 0.0284119 0
1100010011 0.0283051 -3.14159
1100010100 0.0202026 -3.14159
1100010101 0.0338745 -3.14159
1100010110 0.036499 0
1100010111 0.0550842 0
1100011000 0.0839844 -3.14159
1100011001 0.00279236 -3.14159
1100011010 0.0207977 -3.14159
1100011011 0.0271759 0
1100011100 0.01651 0
1100011101 0.0170593 0
1100011110 0.0183868 0
1100011111 0.0264435 -3.14159
1100100000 0.0516663 0
1100100001 0.0401917 0
1100100010 0.00268936 0
1100100011 0.00995636 0
1100100100 0.00417328 -3.14159
1100100101 0.0254059 -3.14159
1100100110 0.0503845 0
1100100111 0.052948 -3.14159
1100101000 0.0412292 0
1100101001 0.0428162 0
1100101010 0.00833893 0
1100101011 0.0110703 0
1100101100 0.00811768 0
1100101101 0.0127335 0
1100101110 0.0526428 0
1100101111 0.0254211 0
1100110000 0.00637054 0
1100110001 0.074585 -3.14159
1100110010 0.0129242 -3.14159
1100110011 0.0330811 0
1100110100 0.0409851 0
1100110101 0.00335121 0
1100110110 0.00346565 0
1100110111 0.0118408 0
1100111000 0.0144196 0
1100111001 0.0697021 -3.14159
1100111010 0.00302696 -3.14159
1100111011 0.039856 -3.14159
1100111100 0.028656 -3.14159
1100111101 0.0177002 0
1100111110 0.053833 -3.14159
1100111111 0.0568237 -3.14159
1101000000 0.0345459 -3.14159
1101000001 0.00666428 -3.14159
1101000010 0.0175629 -3.14159
1101000011 0.0126724 -3.14159
1101000100 0.0603943 0
1101000101 0.00921631 0
1101000110 0.0464783 -3.14159
1101000111 0.0448608 0
1101001000 0.00772095 0
1101001001 0.0523071 0
1101001010 0.0246735 0
1101001011 0.0189667 0
1101001100 0.0278931 -3.14159
1101001101 0.0142441 0
1101001110 0.0262909 0
1101001111 0.0273895 0
1101010000 0.0241394 -3.14159
1101010001 0.000654697 0
1101010010 0.039917 -3.14159
1101010011 0.0805054 -3.14159
1101010100 0.0450745 0
1101010101 0.0213013 -3.14159
1101010110 0.0350952 -3.14159
1101010111 0.0250092 0
1101011000 0.0161743 -3.14159
1101011001 0.00105667 0
1101011010 0.0245209 0
1101011011 0.0336609 -3.14159
1101011100 0.00330353 -3.14159
1101011101 0.04245 -3.14159
1101011110 0.0163269 0
1101011111 0.0264893 -3.14159
1101100000 0.0924683 0
1101100001 0.0400391 0
1101100010 0.0085907 -3.14159
1101100011 0.00423813 -3.14159
1101100100 0.00772095 -3.14159
1101100101 0.0166321 -3.14159
1101100110 0.000928879 -3.14159
1101100111 0.0228577 -3.14159
1101101000 0.0168762 -3.14159
1101101001 0.0146561 0
1101101010 0.026123 0
1101101011 0.00256729 -3.14159
1101101100 0.0108795 -3.14159
1101101101 0.00464249 0
1101101110 0.0434265 -3.14159
1101101111 0.00123215 0
1101110000 0.00353241 -3.14159
1101110001 0.0351562 0
1101110010 0.0117798 0
1101110011 0.0306396 -3.14159
1101110100 0.028656 -3.14159
1101110101 0.0370483 -3.14159
1101110110 0.0175781 -3.14159
1101110111 0.00596619 0
1101111000 0.0119171 0
1101111001 0.00204468 -3.14159
1101111010 0.000757217 -3.14159
1101111011 0.00245285 0
1101111100 0.0200958 0
1101111101 0.0257568 -3.14159
1101111110 0.0237579 -3.14159
1101111111 0.0635376 0
1110000000 0.0638428 -3.14159
1110000001 0.0395508 -3.14159
1110000010 0.0512085 0
1110000011 0.0337524 0
1110000100 0.0211334 0
1110000101 0.0440063 0
1110000110 0.0334167 -3.14159
1110000111 0.0157013 0
1110001000 0.0146408 0
1110001001 0.0178223 0
1110001010 0.0578308 0
1110001011 0.0245972 -3.14159
1110001100 0.0260773 0
1110001101 0.0260925 -3.14159
1110001110 0.00946808 0
1110001111 0.0231323 -3.14159
1110010000 0.0360718 0
1110010001 0.0492554 -3.14159
1110010010 0.0193939 -3.14159
1110010011 0.0161285 -3.14159
1110010100 0.0233917 -3.14159
1110010101 0.0610962 -3.14159
1110010110 0.0505981 0
1110010111 0.0406189 -3.14159
1110011000 0.00263023 -3.14159
1110011001 0.00168037 0
1110011010 0.0639648 -3.14159
1110011011 0.0283813 -3.14159
1110011100 0.041687 0
1110011101 0.0123138 -3.14159
1110011110 0.0298309 0
1110011111 0.00263977 0
1110100000 0.0322571 -3.14159
1110100001 0.0109863 0
1110100010 0.0505371 0
1110100011 0.0309906 -3.14159
1110100100 0.0560303 0
1110100101 0.0400391 0
1110100110 0.0303345 -3.14159
1110100111 0.0226288 -3.14159
1110101000 0.0188751 -3.14159
1110101001 0.0238037 0
1110101010 0.0208893 0
1110101011 0.00348282 0
1110101100 0.041687 -3.14159
1110101101 0.0410767 0
1110101110 0.0619202 -3.14159
1110101111 0.0401917 -3.14159
1110110000 0.00287628 0
1110110001 0.00830078 0
1110110010 0.0610352 -3.14159
1110110011 0.0434265 -3.14159
1110110100 0.040741 -3.14159
1110110101 0.0858765 0
1110110110 0.0276794 -3.14159
1110110111 0.0283356 -3.14159
1110111000 0.017746 0
1110111001 0.0181122 0
1110111010 0.0367737 0
1110111011 0.00148106 -3.14159
1110111100 0.0140991 -3.14159
1110111101 0.0310974 -3.14159
1110111110 0.0046463 0
1110111111 0.00758362 -3.14159
1111000000 0.00552368 0
1111000001 0.0739746 0
1111000010 0.0358887 0
1111000011 0.00580978 -3.14159
1111000100 0.0177917 0
1111000101 0.0148392 -3.14159
1111000110 0.0408325 -3.14159
1111000111 0.0499878 0
1111001000 0.0379333 0
1111001001 0.0105591 -3.14159
1111001010 0.00834656 -3.14159
1111001011 0.0119171 -3.14159
1111001100 0.0316467 0
1111001101 0.0765991 0
1111001110 0.032959 -3.14159
1111001111 0.00482178 -3.14159
1111010000 0.0232086 -3.14159
1111010001 0.0258026 -3.14159
1111010010 0.00743103 -3.14159
1111010011 0.0322876 -3.14159
1111010100 0.00766754 -3.14159
1111010101 0.0167847 0
1111010110 0.0552063 0
1111010111 0.0161285 0
1111011000 0.0305481 0
1111011001 0.00668335 -3.14159
1111011010 0.0205688 -3.14159
1111011011 0.00748444 0
1111011100 0.00618362 -3.14159
1111011101 0.0175476 0
1111011110 0.0175629 0
1111011111 0.0076561 -3.14159
1111100000 0.0612793 0
1111100001 0.0102997 0
1111100010 0.0309906 -3.14159
1111100011 0.0119324 0
1111100100 0.0594482 -3.14159
1111100101 0.00831604 0
1111100110 0.10321 -3.14159
1111100111 0.0413513 -3.14159
1111101000 0.00958252 0
1111101001 0.0284882 -3.14159
1111101010 0.0497437 -3.14159
1111101011 0.0671997 0
1111101100 0.0597839 0
1111101101 0.00653076 -3.14159
1111101110 0.0489502 0
1111101111 0.0181122 -3.14159
1111110000 0.0209351 0
1111110001 0.0489197 0
1111110010 0.0363159 -3.14159
1111110011 0.00200272 0
1111110100 0.0147858 0
1111110101 0.0203705 0
1111110110 0.0310974 0
1111110111 0.00447083 0
1111111000 0.000941277 0
1111111001 0.0688477 -3.14159
1111111010 0.0132904 0
1111111011 0.0285187 -3.14159
1111111100 0.0202942 -3.14159
1111111101 0.0122681 0
1111111110 0.00630188 0
1111111111 0.00724792 0
