0000000000 0.0129547 0
0000000001 0.0363464 0
0000000010 0.00276375 -3.14159
0000000011 0.004776 0
0000000100 0.0141449 -3.14159
0000000101 0.0178223 0
0000000110 0.0180054 0
0000000111 0.0566711 -3.14159
0000001000 0.00908661 -3.14159
0000001001 0.0178375 0
0000001010 0.00958252 -3.14159
0000001011 0.00847626 -3.14159
0000001100 0.0583801 -3.14159
0000001101 0.0275574 0
0000001110 0.0146561 0
0000001111 0.0160828 0
0000010000 0.00991821 0
0000010001 0.0239563 -3.14159
0000010010 0.00836945 0
0000010011 0.0296631 -3.14159
0000010100 0.0180054 -3.14159
0000010101 0.0067482 -3.14159
0000010110 0.017746 -3.14159
0000010111 0.0226288 0
0000011000 0.0585022 0
0000011001 0.00635529 0
0000011010 0.00231743 -3.14159
0000011011 0.0174103 -3.14159
0000011100 0.0178833 0
0000011101 0.0230255 -3.14159
0000011110 0.0193024 0
0000011111 0.00179863 -3.14159
0000100000 0.0745239 -3.14159
0000100001 0.0539246 -3.14159
0000100010 0.0612183 -3.14159
0000100011 0.0318604 -3.14159
0000100100 0.00211716 0
0000100101 0.00340652 -3.14159
0000100110 0.0142365 0
0000100111 0.00374222 0
0000101000 0.0290527 -3.14159
0000101001 0.0536499 -3.14159
0000101010 0.024231 -3.14159
0000101011 0.00578308 -3.14159
0000101100 0.105042 -3.14159
0000101101 0.0224152 0
0000101110 0.000550747 0
0000101111 0.00874329 -3.14159
0000110000 0.00582123 -3.14159
0000110001 0.0344238 -3.14159
0000110010 0.0227051 -3.14159
0000110011 0.00905609 0
0000110100 0.00814819 -3.14159
0000110101 0.0150299 -3.14159
0000110110 0.00575638 -3.14159
0000110111 0.0254974 0
0000111000 0.0351257 -3.14159
0000111001 0.0515747 -3.14159
0000111010 0.0142136 -3.14159
0000111011 0.0148621 -3.14159
0000111100 0.0357056 0
0000111101 0.0294647 0
0000111110 0.00659561 0
0000111111 0.00231171 0
0001000000 0.0662231 0
0001000001 0.0200958 0
0001000010 0.0317993 -3.14159
0001000011 0.0163422 0
0001000100 0.0119324 0
0001000101 0.025238 -3.14159
0001000110 0.000889778 0
0001000111 0.00246811 0
0001001000 0.0388489 -3.14159
0001001001 0.011795 -3.14159
0001001010 0.0152206 0
0001001011 0.023941 -3.14159
0001001100 0.00913239 -3.14159
0001001101 0.00482941 -3.14159
0001001110 0.0332642 0
0001001111 0.00688553 -3.14159
0001010000 0.00295448 -3.14159
0001010001 0.00682068 -3.14159
0001010010 0.0251923 -3.14159
0001010011 0.023407 0
0001010100 0.086853 0
0001010101 0.00301552 -3.14159
0001010110 0.0285797 0
0001010111 0.0228577 0
0001011000 0.00619507 -3.14159
0001011001 0.0112305 0
0001011010 0.0155716 0
0001011011 0.0388794 -3.14159
0001011100 0.0191498 0
0001011101 0.0474854 -3.14159
0001011110 0.0170288 -3.14159
0001011111 0.0591125 0
0001100000 0.00844574 -3.14159
0001100001 0.0056839 0
0001100010 0.0818481 -3.14159
0001100011 0.00806427 -3.14159
0001100100 0.056427 -3.14159
0001100101 0.000881672 -3.14159
0001100110 0.0245209 -3.14159
0001100111 0.0614929 0
0001101000 0.00952148 0
0001101001 0.105957 0
0001101010 0.00013423 0
0001101011 0.0132599 0
0001101100 0.00791168 0
0001101101 0.0219269 -3.14159
0001101110 0.0119476 0
0001101111 0.00901794 0
0001110000 0.0379639 -3.14159
0001110001 0.0372009 -3.14159
0001110010 0.0650635 -3.14159
0001110011 0.0205994 0
0001110100 0.0367126 -3.14159
0001110101 0.0091629 0
0001110110 0.0153885 -3.14159
0001110111 0.029892 0
0001111000 0.0577698 -3.14159
0001111001 0.0115433 0
0001111010 0.0217438 -3.14159
0001111011 0.00148869 0
0001111100 0.0324097 -3.14159
0001111101 0.0295258 0
0001111110 0.00101662 -3.14159
0001111111 0.0357056 -3.14159
0010000000 0.0856934 0
0010000001 0.0375671 -3.14159
0010000010 0.0448303 0
0010000011 0.0604553 -3.14159
0010000100 0.0235291 0
0010000101 0.019577 -3.14159
0010000110 0.00165558 0
0010000111 0.00247192 -3.14159
0010001000 0.0113602 0
0010001001 0.0408936 0
0010001010 0.0325928 0
0010001011 0.0267181 -3.14159
0010001100 0.0273132 0
0010001101 0.0336914 0
0010001110 0.0302734 0
0010001111 0.0209656 -3.14159
0010010000 0.0237274 -3.14159
0010010001 0.0171204 0
0010010010 0.00122738 0
0010010011 0.00230598 0
0010010100 0.0275269 -3.14159
0010010101 0.000555038 0
0010010110 0.0016737 -3.14159
0010010111 0.0240173 0
0010011000 0.0129242 -3.14159
0010011001 0.0352173 -3.14159
0010011010 0.0126495 0
0010011011 0.0133743 0
0010011100 0.0244446 -3.14159
0010011101 0.0234375 0
0010011110 0.025589 0
0010011111 0.0245209 0
0010100000 0.0232849 0
0010100001 0.0149612 0
0010100010 0.0445862 -3.14159
0010100011 0.00643539 -3.14159
0010100100 0.00680542 0
0010100101 0.00990295 -3.14159
0010100110 0.043457 0
0010100111 0.0109787 0
0010101000 0.0110092 0
0010101001 0.0324097 0
0010101010 0.00471497 0
0010101011 0.0108643 0
0010101100 0.000247955 0
0010101101 0.052124 0
0010101110 0.0129776 -3.14159
0010101111 0.0314026 0
0010110000 0.0302277 0
0010110001 0.065918 -3.14159
0010110010 0.0296936 -3.14159
0010110011 0.0331726 0
0010110100 0.0513306 0
0010110101 0.00551224 -3.14159
0010110110 0.0164337 0
0010110111 0.0437927 -3.14159
0010111000 0.00723648 -3.14159
0010111001 0.0183411 -3.14159
0010111010 0.0179291 -3.14159
0010111011 0.0344849 0
0010111100 0.0397644 0
0010111101 0.0469055 -3.14159
0010111110 0.0595703 0
0010111111 0.020813 -3.14159
0011000000 0.0306702 0
0011000001 0.0148087 0
0011000010 0.00692368 -3.14159
0011000011 0.0156555 0
0011000100 0.0314026 -3.14159
0011000101 0.0155563 -3.14159
0011000110 0.0355835 0
0011000111 0.00743866 -3.14159
0011001000 0.00896454 0
0011001001 0.0130692 -3.14159
0011001010 0.0118561 0
0011001011 0.00299835 -3.14159
0011001100 0.0102539 -3.14159
0011001101 0.0229492 -3.14159
0011001110 0.0361328 -3.14159
0011001111 0.00993347 -3.14159
0011010000 0.0050354 0
0011010001 0.00688171 -3.14159
0011010010 0.0419006 0
0011010011 0.0191498 0
0011010100 0.0175629 0
0011010101 0.0393372 -3.14159
0011010110 0.00224304 -3.14159
0011010111 0.0199738 0
0011011000 0.0173798 0
0011011001 0.019104 -3.14159
0011011010 0.0305481 0
0011011011 0.0148087 -3.14159
0011011100 0.0133362 0
0011011101 0.0440063 -3.14159
0011011110 0.0535583 -3.14159
0011011111 0.00149345 -3.14159
0011100000 0.00308418 0
0011100001 0.0109329 0
0011100010 0.00527954 -3.14159
0011100011 0.048584 -3.14159
0011100100 0.00676346 0
0011100101 0.067627 0
0011100110 0.00459671 -3.14159
0011100111 0.0326233 -3.14159
0011101000 0.0289154 -3.14159
0011101001 0.0254059 0
0011101010 0.0285034 -3.14159
0011101011 0.0163727 -3.14159
0011101100 0.0263519 -3.14159
0011101101 0.0480347 -3.14159
0011101110 0.0111847 -3.14159
0011101111 0.0452881 0
0011110000 0.0206604 -3.14159
0011110001 0.025177 -3.14159
0011110010 0.0309448 -3.14159
0011110011 0.0568848 -3.14159
0011110100 0.00598907 -3.14159
0011110101 0.0196991 -3.14159
0011110110 0.0102081 0
0011110111 0.0150681 -3.14159
0011111000 0.0689087 0
0011111001 0.00242424 -3.14159
0011111010 0.00665283 0
0011111011 0.00201797 0
0011111100 0.00915527 0
0011111101 0.0553894 -3.14159
0011111110 0.0258636 0
0011111111 0.0505981 0
0100000000 0.0462952 0
0100000001 0.0101089 0
0100000010 0.0277863 -3.14159
0100000011 0.0280304 0
0100000100 0.0223694 -3.14159
0100000101 0.00538635 0
0100000110 0.0470886 0
0100000111 0.00329971 0
0100001000 0.0169373 -3.14159
0100001001 0.0219574 -3.14159
0100001010 0.00505066 0
0100001011 0.0578918 -3.14159
0100001100 0.0101624 -3.14159
0100001101 0.0283813 -3.14159
0100001110 0.0119019 0
0100001111 0.0201569 -3.14159
0100010000 0.0313416 0
0100010001 0.0536194 -3.14159
0100010010 0.00947571 0
0100010011 0.00675583 -3.14159
0100010100 0.0155411 0
0100010101 0.0236359 -3.14159
0100010110 0.0263062 -3.14159
0100010111 0.00354767 0
0100011000 0.0088501 0
0100011001 0.0311127 0
0100011010 0.0256653 -3.14159
0100011011 0.0813599 -3.14159
0100011100 0.00188351 -3.14159
0100011101 0.00862122 0
0100011110 0.0359802 -3.14159
0100011111 0.0493469 0
0100100000 0.0158844 -3.14159
0100100001 0.0125809 0
0100100010 0.0318909 -3.14159
0100100011 0.0168915 -3.14159
0100100100 0.0183563 0
0100100101 0.0362549 0
0100100110 0.00991058 -3.14159
0100100111 0.0244751 -3.14159
0100101000 0.0475769 0
0100101001 0.112549 -3.14159
0100101010 0.0293884 0
0100101011 0.0159607 -3.14159
0100101100 0.0080719 0
0100101101 0.0335388 -3.14159
0100101110 0.0649414 0
0100101111 0.00300789 0
0100110000 0.0313721 0
0100110001 0.0261688 -3.14159
0100110010 0.0278015 0
0100110011 0.0247192 -3.14159
0100110100 0.0260468 0
0100110101 0.0175629 0
0100110110 0.0422668 -3.14159
0100110111 0.00779343 -3.14159
0100111000 0.0217743 0
0100111001 0.0469666 -3.14159
0100111010 0.0333557 -3.14159
0100111011 0.0244293 -3.14159
0100111100 0.0216522 -3.14159
0100111101 0.000491619 0
0100111110 0.0471802 0
0100111111 0.010643 0
0101000000 0.0138702 -3.14159
0101000001 0.0343933 0
0101000010 0.0393677 0
0101000011 0.019516 0
0101000100 0.00784302 -3.14159
0101000101 0.0064621 -3.14159
0101000110 0.0108795 0
0101000111 0.00791168 -3.14159
0101001000 0.0125427 0
0101001001 0.0432129 -3.14159
0101001010 0.00075531 0
0101001011 0.00466156 -3.14159
0101001100 0.0152359 0
0101001101 0.0183868 0
0101001110 0.0109024 0
0101001111 0.0121841 0
0101010000 0.0385742 0
0101010001 0.0217285 0
0101010010 0.028244 0
0101010011 0.0593872 -3.14159
0101010100 0.0136414 0
0101010101 0.0388794 0
0101010110 0.0281219 0
0101010111 0.00735474 0
0101011000 0.0499573 0
0101011001 0.0858154 0
0101011010 0.0448608 -3.14159
0101011011 0.0322876 -3.14159
0101011100 0.0357361 -3.14159
0101011101 0.0411987 0
0101011110 0.00115681 0
0101011111 0.0456238 0
0101100000 0.0131912 0
0101100001 0.0518188 -3.14159
0101100010 0.0285492 -3.14159
0101100011 0.00921631 -3.14159
0101100100 0.00682831 0
0101100101 0.0203552 0
0101100110 0.00368118 0
0101100111 0.0356445 -3.14159
0101101000 0.0317688 -3.14159
0101101001 0.0104141 -3.14159
0101101010 0.0762329 0
0101101011 0.0257416 0
0101101100 0.00448227 -3.14159
0101101101 0.0219574 -3.14159
0101101110 0.00102711 -3.14159
0101101111 0.0194092 0
0101110000 0.00331306 0
0101110001 0.0146408 -3.14159
0101110010 0.0296173 -3.14159
0101110011 0.0115128 0
0101110100 0.0167236 0
0101110101 0.0318298 0
0101110110 0.00705719 0
0101110111 0.0233154 0
0101111000 0.0258942 0
0101111001 0.0261688 0
0101111010 0.0177155 0
0101111011 0.0418091 -3.14159
0101111100 0.016571 -3.14159
0101111101 0.0495605 -3.14159
0101111110 0.0107346 0
0101111111 0.0450134 0
0110000000 0.00205803 0
0110000001 0.0449219 0
0110000010 0.0434265 -3.14159
0110000011 0.0543823 0
0110000100 0.0723267 -3.14159
0110000101 0.0154343 0
0110000110 0.00336456 0
0110000111 0.00807953 0
0110001000 0.0214844 -3.14159
0110001001 0.0335388 -3.14159
0110001010 0.0159454 -3.14159
0110001011 0.00600433 -3.14159
0110001100 0.00630569 0
0110001101 0.00387573 0
0110001110 0.0102768 -3.14159
0110001111 0.00204086 0
0110010000 0.0191193 0
0110010001 0.00668716 0
0110010010 0.00458908 0
0110010011 0.00804901 -3.14159
0110010100 0.0784912 -3.14159
0110010101 0.0536804 -3.14159
0110010110 0.0075264 -3.14159
0110010111 0.061615 0
0110011000 0.00407028 -3.14159
0110011001 0.0429688 -3.14159
0110011010 0.021347 0
0110011011 0.0310822 0
0110011100 0.0235291 -3.14159
0110011101 0.0196991 -3.14159
0110011110 0.0113373 0
0110011111 0.012558 -3.14159
0110100000 0.0247955 0
0110100001 0.0237732 -3.14159
0110100010 0.000283003 0
0110100011 0.0317383 -3.14159
0110100100 0.0368652 0
0110100101 0.0407104 0
0110100110 0.0218353 -3.14159
0110100111 0.0016861 -3.14159
0110101000 0.033905 -3.14159
0110101001 0.00646973 -3.14159
0110101010 0.0203552 -3.14159
0110101011 0.00911713 -3.14159
0110101100 0.0246735 -3.14159
0110101101 0.0309143 0
0110101110 0.00982666 0
0110101111 0.00749207 0
0110110000 0.0174408 0
0110110001 0.037323 -3.14159
0110110010 0.0343933 0
0110110011 0.0105057 0
0110110100 0.0240631 0
0110110101 0.0393372 0
0110110110 0.0387878 0
0110110111 0.00115776 0
0110111000 0.0075264 -3.14159
0110111001 0.046875 -3.14159
0110111010 0.0437012 0
0110111011 0.0706787 0
0110111100 0.030365 -3.14159
0110111101 0.0172424 -3.14159
0110111110 0.0252228 -3.14159
0110111111 0.00931549 -3.14159
0111000000 0.0123367 -3.14159
0111000001 0.00286484 -3.14159
0111000010 0.0320435 -3.14159
0111000011 0.0167847 0
0111000100 0.0269775 0
0111000101 0.00628662 -3.14159
0111000110 0.0287018 -3.14159
0111000111 0.0104904 -3.14159
0111001000 0.0401611 0
0111001001 0.0234985 0
0111001010 0.0420532 0
0111001011 0.00817108 0
0111001100 0.0138321 0
0111001101 0.0222473 -3.14159
0111001110 0.0144196 0
0111001111 0.0461426 0
0111010000 0.0168457 0
0111010001 0.00347519 0
0111010010 0.0166321 0
0111010011 0.0531311 0
0111010100 0.0193024 0
0111010101 0.00664902 -3.14159
0111010110 0.00368118 -3.14159
0111010111 0.0190735 0
0111011000 0.009552 0
0111011001 0.0274658 -3.14159
0111011010 0.00564957 -3.14159
0111011011 0.000309944 0
0111011100 0.00576019 -3.14159
0111011101 0.0192566 0
0111011110 0.00932312 0
0111011111 0.0582886 0
0111100000 0.0405273 -3.14159
0111100001 0.0117874 -3.14159
0111100010 0.00905609 -3.14159
0111100011 0.0428467 0
0111100100 0.0147781 0
0111100101 0.0412903 -3.14159
0111100110 0.00994873 0
0111100111 0.0140762 -3.14159
0111101000 0.010582 -3.14159
0111101001 0.00555038 0
0111101010 0.0456543 -3.14159
0111101011 0.00471497 -3.14159
0111101100 0.0474854 -3.14159
0111101101 0.0198669 -3.14159
0111101110 0.010376 0
0111101111 0.00210381 -3.14159
0111110000 0.019577 0
0111110001 0.0526733 -3.14159
0111110010 0.0568237 0
0111110011 0.0481873 -3.14159
0111110100 0.0144577 0
0111110101 0.0205231 -3.14159
0111110110 0.00412369 0
0111110111 0.0124893 0
0111111000 0.0584412 -3.14159
0111111001 0.037262 0
0111111010 0.0136414 0
0111111011 0.0357971 -3.14159
0111111100 0.00721359 -3.14159
0111111101 0.0261078 -3.14159
0111111110 0.0102692 0
0111111111 0.0115814 0
1000000000 0.0131073 0
1000000001 0.0188293 0
1000000010 0.0236816 -3.14159
1000000011 0.0255127 -3.14159
1000000100 0.0491943 0
1000000101 0.0279694 0
1000000110 0.0635376 0
1000000111 0.00155163 -3.14159
1000001000 0.000419855 0
1000001001 0.000942707 -3.14159
1000001010 0.00410461 -3.14159
1000001011 0.0586243 -3.14159
1000001100 0.0148773 0
1000001101 0.0466309 -3.14159
1000001110 0.0329285 -3.14159
1000001111 0.0141754 -3.14159
1000010000 0.0166931 -3.14159
1000010001 0.0565796 -3.14159
1000010010 0.030777 0
1000010011 0.0161591 0
1000010100 0.0326538 0
1000010101 0.0273895 0
1000010110 0.0466309 0
1000010111 0.000386953 -3.14159
1000011000 0.00682068 0
1000011001 0.0197449 0
1000011010 0.0233459 0
1000011011 0.0462952 0
1000011100 0.0157013 -3.14159
1000011101 0.0255585 -3.14159
1000011110 0.0212708 -3.14159
1000011111 0.0146561 0
1000100000 0.00749207 -3.14159
1000100001 0.00871277 0
1000100010 0.0111313 -3.14159
1000100011 0.0224457 -3.14159
1000100100 0.00293922 0
1000100101 0.0769043 -3.14159
1000100110 0.0369873 -3.14159
1000100111 0.0794678 0
1000101000 0.0271149 0
1000101001 0.0132904 -3.14159
1000101010 0.0231628 0
1000101011 0.030777 -3.14159
1000101100 0.0181122 -3.14159
1000101101 0.0109711 0
1000101110 0.0403748 0
1000101111 0.0566406 0
1000110000 0.0412598 0
1000110001 0.00407028 0
1000110010 0.0279236 0
1000110011 0.0121994 0
1000110100 0.0211182 -3.14159
1000110101 0.00640106 0
1000110110 0.0114594 -3.14159
1000110111 0.00785065 -3.14159
1000111000 0.0214233 0
1000111001 0.00635147 0
1000111010 0.0412598 0
1000111011 0.0200958 0
1000111100 0.0208588 0
1000111101 0.0257111 0
1000111110 0.0261688 -3.14159
1000111111 0.0252533 0
1001000000 0.0293274 0
1001000001 0.0162659 -3.14159
1001000010 0.0355225 0
1001000011 0.0385437 0
1001000100 0.00713348 -3.14159
1001000101 0.00639725 0
1001000110 0.0602722 -3.14159
1001000111 0.0193176 -3.14159
1001001000 0.021759 0
1001001001 0.0214081 0
1001001010 0.0341492 -3.14159
1001001011 0.00466156 0
1001001100 0.0462952 0
1001001101 0.00810242 -3.14159
1001001110 0.0391541 -3.14159
1001001111 0.00587845 0
1001010000 0.00678635 -3.14159
1001010001 0.00701141 -3.14159
1001010010 0.0214844 -3.14159
1001010011 0.038208 -3.14159
1001010100 0.0296326 -3.14159
1001010101 0.00649261 -3.14159
1001010110 0.0316162 0
1001010111 0.0188141 -3.14159
1001011000 0.0314331 0
1001011001 0.00424576 0
1001011010 0.0134811 -3.14159
1001011011 0.022049 0
1001011100 0.0240936 -3.14159
1001011101 0.00471497 0
1001011110 0.000783443 -3.14159
1001011111 0.032959 -3.14159
1001100000 0.0169983 0
1001100001 0.0296326 0
1001100010 0.0220032 0
1001100011 0.0305328 0
1001100100 0.0323486 -3.14159
1001100101 0.00468445 0
1001100110 0.0406799 0
1001100111 0.071228 0
1001101000 0.0197906 0
1001101001 0.0198364 -3.14159
1001101010 0.069397 0
1001101011 0.0420837 0
1001101100 0.021759 0
1001101101 0.00946045 -3.14159
1001101110 0.0358582 -3.14159
1001101111 0.0113068 -3.14159
1001110000 0.0599365 0
1001110001 0.0710449 -3.14159
1001110010 0.0428162 -3.14159
1001110011 0.00408554 -3.14159
1001110100 0.0202789 0
1001110101 0.0219727 -3.14159
1001110110 0.00337219 -3.14159
1001110111 0.0132523 -3.14159
1001111000 0.0333252 0
1001111001 0.00384712 0
1001111010 0.0241852 0
1001111011 0.054657 0
1001111100 0.00224876 0
1001111101 0.0138702 -3.14159
1001111110 0.0016489 0
1001111111 0.00725555 0
1010000000 0.0133133 -3.14159
1010000001 0.0390015 0
1010000010 0.0178375 -3.14159
1010000011 0.00455856 -3.14159
1010000100 0.00819397 0
1010000101 0.0559998 -3.14159
1010000110 0.0283051 -3.14159
1010000111 0.0272522 -3.14159
1010001000 0.000947952 0
1010001001 0.0179443 0
1010001010 0.0191956 0
1010001011 0.0759888 0
1010001100 0.00205612 -3.14159
1010001101 0.0197144 -3.14159
1010001110 0.000968933 -3.14159
1010001111 0.0344849 0
1010010000 0.0778198 0
1010010001 0.0134125 0
1010010010 0.0502319 -3.14159
1010010011 0.0433044 0
1010010100 5.27501e-05 -3.14159
1010010101 0.00993347 0
1010010110 0.000852585 -3.14159
1010010111 0.0215302 -3.14159
1010011000 0.0417786 0
1010011001 0.0310822 0
1010011010 0.00653458 -3.14159
1010011011 0.0278778 -3.14159
1010011100 0.00769424 0
1010011101 0.0289459 0
1010011110 0.00222588 -3.14159
1010011111 0.0117416 0
1010100000 0.0431824 -3.14159
1010100001 0.00717926 -3.14159
1010100010 0.0299988 -3.14159
1010100011 0.0322266 -3.14159
1010100100 0.0214386 0
1010100101 0.0135498 0
1010100110 0.0302277 0
1010100111 0.0455322 -3.14159
1010101000 0.0432129 0
1010101001 0.0217743 0
1010101010 0.0334167 -3.14159
1010101011 0.0102997 0
1010101100 0.0664062 0
1010101101 0.0149612 -3.14159
1010101110 0.00109482 -3.14159
1010101111 0.00172806 0
1010110000 0.072937 0
1010110001 0.0045166 -3.14159
1010110010 0.0145569 0
1010110011 0.0431824 -3.14159
1010110100 0.00764465 0
1010110101 0.00705719 0
1010110110 0.0141907 -3.14159
1010110111 0.00855255 -3.14159
1010111000 0.0153351 0
1010111001 0.00362206 -3.14159
1010111010 0.0362549 -3.14159
1010111011 0.00628281 -3.14159
1010111100 0.0231476 0
1010111101 0.0341492 0
1010111110 0.0374756 -3.14159
1010111111 0.00807953 0
1011000000 0.0101547 -3.14159
1011000001 0.00672913 0
1011000010 0.0608215 0
1011000011 0.0115128 0
1011000100 0.00550842 -3.14159
1011000101 0.00126171 -3.14159
1011000110 0.0234375 0
1011000111 0.0032196 0
1011001000 0.00973511 0
1011001001 0.0575562 -3.14159
1011001010 0.0276031 -3.14159
1011001011 0.0121689 -3.14159
1011001100 0.0129318 -3.14159
1011001101 0.0589294 -3.14159
1011001110 0.00326157 -3.14159
1011001111 0.0102997 -3.14159
1011010000 0.0025959 0
1011010001 0.0155411 0
1011010010 0.000553608 0
1011010011 0.0236206 0
1011010100 0.00159359 0
1011010101 0.0539856 0
1011010110 0.0403442 0
1011010111 0.0508423 -3.14159
1011011000 0.019104 -3.14159
1011011001 0.0316467 0
1011011010 0.00422668 0
1011011011 0.0383911 -3.14159
1011011100 0.0452576 0
1011011101 0.0255737 0
1011011110 0.0339966 0
1011011111 0.0213623 0
1011100000 0.00662994 0
1011100001 0.0292816 -3.14159
1011100010 0.046875 0
1011100011 0.0127869 0
1011100100 0.0220032 0
1011100101 0.0595093 0
1011100110 0.0281525 0
1011100111 0.00722122 -3.14159
1011101000 0.0718994 -3.14159
1011101001 0.02742 -3.14159
1011101010 0.0472717 -3.14159
1011101011 0.00978851 0
1011101100 0.0189362 0
1011101101 0.0281982 0
1011101110 0.00620651 0
1011101111 0.0424805 0
1011110000 0.047821 -3.14159
1011110001 0.0430908 -3.14159
1011110010 0.0309448 -3.14159
1011110011 0.00637054 0
1011110100 0.00254059 0
1011110101 0.000808716 0
1011110110 0.0075264 0
1011110111 0.00367737 -3.14159
1011111000 0.0155869 0
1011111001 0.0204315 0
1011111010 0.00165081 -3.14159
1011111011 0.0249176 0
1011111100 0.0134277 0
1011111101 0.0218658 -3.14159
1011111110 0.0235901 0
1011111111 0.00140095 0
1100000000 0.00729752 0
1100000001 0.0234222 0
1100000010 0.0227661 -3.14159
1100000011 0.0307465 -3.14159
1100000100 0.0327759 -3.14159
1100000101 0.04599 0
1100000110 0.0171204 0
1100000111 0.0148163 -3.14159
1100001000 0.0161743 -3.14159
1100001001 0.026413 -3.14159
1100001010 0.0150681 0
1100001011 0.0194244 0
1100001100 0.0111542 0
1100001101 0.0306091 -3.14159
1100001110 0.0328369 -3.14159
1100001111 0.0424805 0
1100010000 0.0188293 -3.14159
1100010001 0.00815582 0
1100010010 0.0582886 0
1100010011 0.0595703 -3.14159
1100010100 0.0315857 -3.14159
1100010101 0.00257492 -3.14159
1100010110 0.0131683 -3.14159
1100010111 0.0844116 0
1100011000 0.0726318 -3.14159
1100011001 0.027771 0
1100011010 0.00461197 -3.14159
1100011011 0.0138168 0
1100011100 0.0533752 0
1100011101 0.0575562 0
1100011110 0.00346756 -3.14159
1100011111 0.0466614 -3.14159
1100100000 0.0222168 0
1100100001 0.0351257 0
1100100010 0.00844574 -3.14159
1100100011 0.0250854 0
1100100100 0.00396347 0
1100100101 0.0625 -3.14159
1100100110 0.0420227 0
1100100111 0.0419006 -3.14159
1100101000 0.0100403 0
1100101001 0.00475311 -3.14159
1100101010 0.0113525 0
1100101011 0.030777 0
1100101100 0.00338554 -3.14159
1100101101 0.00550842 0
1100101110 0.0536194 0
1100101111 0.0339661 0
1100110000 0.00113297 -3.14159
1100110001 0.0751953 -3.14159
1100110010 0.0112762 -3.14159
1100110011 0.0421143 0
1100110100 0.00780487 0
1100110101 0.0093689 0
1100110110 0.0344849 0
1100110111 0.0140457 0
1100111000 0.034729 -3.14159
1100111001 0.100708 -3.14159
1100111010 0.0153503 0
1100111011 0.0502014 -3.14159
1100111100 0.00186634 0
1100111101 0.0210419 0
1100111110 0.015358 -3.14159
1100111111 0.0369568 0
1101000000 0.0304413 -3.14159
1101000001 0.00940704 -3.14159
1101000010 0.0207367 -3.14159
1101000011 0.0233459 -3.14159
1101000100 0.0310211 0
1101000101 0.0377502 0
1101000110 0.0599365 -3.14159
1101000111 0.074585 0
1101001000 0.00384331 0
1101001001 0.0475769 0
1101001010 0.0325317 0
1101001011 0.0422363 0
1101001100 0.00118065 0
1101001101 0.0173035 0
1101001110 0.00390625 0
1101001111 0.00089407 0
1101010000 0.0471497 -3.14159
1101010001 0.0135574 0
1101010010 0.0148087 -3.14159
1101010011 0.079834 -3.14159
1101010100 0.0142517 0
1101010101 0.0175323 0
1101010110 0.0348511 -3.14159
1101010111 0.00931549 0
1101011000 0.0361938 -3.14159
1101011001 0.0419922 0
1101011010 0.0283051 0
1101011011 0.039856 -3.14159
1101011100 0.0198669 -3.14159
1101011101 0.0576172 -3.14159
1101011110 0.000465631 0
1101011111 0.0509949 -3.14159
1101100000 0.0365906 0
1101100001 0.0431213 0
1101100010 0.0236511 -3.14159
1101100011 0.0307007 0
1101100100 0.0198822 -3.14159
1101100101 0.00227356 0
1101100110 0.0361938 0
1101100111 0.056427 -3.14159
1101101000 0.00831604 0
1101101001 0.0208435 -3.14159
1101101010 0.016449 0
1101101011 0.00592804 0
1101101100 0.0334473 -3.14159
1101101101 0.0188446 -3.14159
1101101110 0.0286407 -3.14159
1101101111 0.00229454 0
1101110000 0.00484085 -3.14159
1101110001 0.0398865 0
1101110010 0.0178528 -3.14159
1101110011 0.0155869 -3.14159
1101110100 0.0124283 -3.14159
1101110101 0.0220032 -3.14159
1101110110 0.00110245 0
1101110111 0.00719452 -3.14159
1101111000 0.0348816 0
1101111001 0.0310059 -3.14159
1101111010 0.00762558 -3.14159
1101111011 0.0297852 -3.14159
1101111100 0.0219116 0
1101111101 0.033905 -3.14159
1101111110 0.00148392 0
1101111111 0.0959473 0
1110000000 0.0654297 -3.14159
1110000001 0.00458145 -3.14159
1110000010 0.0561218 0
1110000011 0.0265961 0
1110000100 0.0183411 0
1110000101 0.0712891 0
1110000110 0.0225525 -3.14159
1110000111 0.00941467 -3.14159
1110001000 0.00236702 -3.14159
1110001001 0.0546265 0
1110001010 0.0131836 0
1110001011 0.0106125 0
1110001100 0.0391541 0
1110001101 0.019989 -3.14159
1110001110 0.0391846 0
1110001111 0.0200348 -3.14159
1110010000 0.054657 0
1110010001 0.0332642 -3.14159
1110010010 0.0390015 -3.14159
1110010011 0.00933075 0
1110010100 0.0526733 -3.14159
1110010101 0.0371399 -3.14159
1110010110 0.0139008 0
1110010111 0.0408325 -3.14159
1110011000 0.0155411 0
1110011001 0.0267792 0
1110011010 0.0282288 -3.14159
1110011011 0.034729 -3.14159
1110011100 0.0360107 0
1110011101 0.0314026 -3.14159
1110011110 0.00901031 0
1110011111 0.0386658 0
1110100000 0.0185547 -3.14159
1110100001 0.0366211 -3.14159
1110100010 0.00751495 0
1110100011 0.0014143 0
1110100100 0.0453796 0
1110100101 0.0450439 0
1110100110 0.0392456 -3.14159
1110100111 0.00347137 0
1110101000 0.0578308 -3.14159
1110101001 0.0600586 0
1110101010 0.00452042 -3.14159
1110101011 0.0046463 0
1110101100 0.0119629 -3.14159
1110101101 0.0279999 -3.14159
1110101110 0.0195312 -3.14159
1110101111 0.0181274 0
1110110000 0.0169373 0
1110110001 0.00852966 0
1110110010 0.0507507 -3.14159
1110110011 0.0472412 -3.14159
1110110100 0.0372925 -3.14159
1110110101 0.0302277 0
1110110110 0.0376282 -3.14159
1110110111 0.00617218 0
1110111000 0.00624847 0
1110111001 0.0350952 0
1110111010 0.0175018 0
1110111011 0.0126648 -3.14159
1110111100 0.00185776 -3.14159
1110111101 0.00888824 -3.14159
1110111110 0.0103912 0
1110111111 0.0224304 0
1111000000 0.0298309 0
1111000001 0.0740967 0
1111000010 0.0226593 0
1111000011 0.0170593 -3.14159
1111000100 0.00200653 0
1111000101 0.0576782 -3.14159
1111000110 0.00158024 0
1111000111 0.0132904 0
1111001000 0.0141144 0
1111001001 0.0254822 -3.14159
1111001010 0.0302429 -3.14159
1111001011 0.0220032 -3.14159
1111001100 0.0188293 0
1111001101 0.0689697 0
1111001110 0.037384 -3.14159
1111001111 0.0233307 0
1111010000 0.00970459 -3.14159
1111010001 0.000902653 -3.14159
1111010010 0.0021019 -3.14159
1111010011 0.0330811 -3.14159
1111010100 0.0112686 0
1111010101 0.0556946 -3.14159
1111010110 0.0194702 0
1111010111 0.0409851 0
1111011000 0.00303459 0
1111011001 0.0179749 0
1111011010 0.00904846 -3.14159
1111011011 0.0305023 0
1111011100 0.00771713 0
1111011101 0.032959 0
1111011110 0.030838 0
1111011111 0.00792694 0
1111100000 0.0516357 0
1111100001 0.000231147 -3.14159
1111100010 0.0182343 -3.14159
1111100011 0.0361633 0
1111100100 0.0610046 -3.14159
1111100101 0.055542 0
1111100110 0.0576782 -3.14159
1111100111 0.0172424 -3.14159
1111101000 0.0045433 0
1111101001 0.0276031 -3.14159
1111101010 0.0629883 -3.14159
1111101011 0.0382996 0
1111101100 0.0622864 0
1111101101 0.0187531 -3.14159
1111101110 0.0525513 0
1111101111 0.00748062 0
1111110000 0.0236511 -3.14159
1111110001 0.04776 0
1111110010 0.0164948 -3.14159
1111110011 0.00588608 -3.14159
1111110100 0.0371094 0
1111110101 0.039856 0
1111110110 0.0113144 0
1111110111 0.0102692 0
1111111000 0.02388 -3.14159
1111111001 0.0823975 -3.14159
1111111010 0.0202484 -3.14159
1111111011 0.0225677 -3.14159
1111111100 0.0330505 -3.14159
1111111101 0.0135727 0
1111111110 1.15037e-05 0
1111111111 0.0259552 0
