0000000000 0.01828 0
0000000001 0.0245667 0
0000000010 0.0137024 0
0000000011 0.0238342 0
0000000100 0.00323296 0
0000000101 0.0361938 0
0000000110 0.0207825 -3.14159
0000000111 0.0496521 -3.14159
0000001000 0.0308228 -3.14159
0000001001 0.0177307 0
0000001010 0.0132828 -3.14159
0000001011 0.019455 -3.14159
0000001100 0.0357971 -3.14159
0000001101 0.00119019 0
0000001110 0.00282669 0
0000001111 0.0734863 0
0000010000 0.0112457 -3.14159
0000010001 0.0483093 -3.14159
0000010010 0.041626 -3.14159
0000010011 0.00543594 -3.14159
0000010100 0.0403137 -3.14159
0000010101 0.0185852 -3.14159
0000010110 0.0109482 -3.14159
0000010111 0.0111313 -3.14159
0000011000 0.0830688 0
0000011001 0.0354919 0
0000011010 0.0146866 -3.14159
0000011011 0.0583191 -3.14159
0000011100 0.0265656 -3.14159
0000011101 0.0122375 -3.14159
0000011110 0.0051384 0
0000011111 0.00815582 -3.14159
0000100000 0.0825195 -3.14159
0000100001 0.0178375 -3.14159
0000100010 0.0605774 -3.14159
0000100011 0.0351562 -3.14159
0000100100 0.00132465 -3.14159
0000100101 0.0178986 0
0000100110 0.0154648 -3.14159
0000100111 0.00822449 -3.14159
0000101000 0.00271416 0
0000101001 0.0435791 -3.14159
0000101010 0.0086441 -3.14159
0000101011 0.00302696 -3.14159
0000101100 0.039032 -3.14159
0000101101 0.0168457 -3.14159
0000101110 0.00702667 -3.14159
0000101111 0.00625992 0
0000110000 0.0218811 0
0000110001 0.00408554 -3.14159
0000110010 0.0135574 -3.14159
0000110011 0.0350952 0
0000110100 0.0232239 -3.14159
0000110101 0.0241241 0
0000110110 0.0338135 0
0000110111 0.0181427 0
0000111000 0.0168762 -3.14159
0000111001 0.0500183 -3.14159
0000111010 0.0205841 -3.14159
0000111011 0.0289001 -3.14159
0000111100 0.00251007 0
0000111101 0.0100327 -3.14159
0000111110 0.0196991 0
0000111111 0.00428009 0
0001000000 0.0379944 0
0001000001 0.0123215 0
0001000010 0.0758667 -3.14159
0001000011 0.0305023 0
0001000100 0.019455 0
0001000101 0.0632935 -3.14159
0001000110 0.0108871 -3.14159
0001000111 0.0126343 0
0001001000 0.0337524 -3.14159
0001001001 0.00628662 -3.14159
0001001010 0.0283356 0
0001001011 0.0282745 0
0001001100 0.0431213 0
0001001101 0.0465698 0
0001001110 0.00906372 -3.14159
0001001111 0.00372124 -3.14159
0001010000 0.0103455 -3.14159
0001010001 0.00822449 -3.14159
0001010010 0.0388184 -3.14159
0001010011 0.0121307 -3.14159
0001010100 0.03302 0
0001010101 0.00619125 0
0001010110 0.0027771 -3.14159
0001010111 0.0296936 -3.14159
0001011000 0.00177288 -3.14159
0001011001 0.00150394 0
0001011010 0.0117416 -3.14159
0001011011 0.0111847 0
0001011100 0.0269623 0
0001011101 0.00125504 -3.14159
0001011110 0.00804138 0
0001011111 0.0148315 0
0001100000 0.0162811 -3.14159
0001100001 0.00813293 0
0001100010 0.0201721 -3.14159
0001100011 0.0211029 -3.14159
0001100100 0.027832 -3.14159
0001100101 0.00624084 0
0001100110 0.0369568 -3.14159
0001100111 0.0149155 -3.14159
0001101000 0.020462 0
0001101001 0.0859985 0
0001101010 0.0215607 0
0001101011 0.0233002 0
0001101100 0.00335884 0
0001101101 0.0610657 -3.14159
0001101110 0.0131226 0
0001101111 0.00688934 -3.14159
0001110000 0.0224915 -3.14159
0001110001 0.0451355 -3.14159
0001110010 0.0327759 -3.14159
0001110011 0.0342102 0
0001110100 0.0172272 -3.14159
0001110101 0.0254669 0
0001110110 0.0197449 -3.14159
0001110111 0.0547485 -3.14159
0001111000 0.0406799 -3.14159
0001111001 0.00276184 0
0001111010 0.0109634 0
0001111011 0.0121078 -3.14159
0001111100 0.00747299 -3.14159
0001111101 0.0534058 0
0001111110 0.016098 -3.14159
0001111111 0.0438232 -3.14159
0010000000 0.013443 0
0010000001 0.00341034 0
0010000010 0.00219727 -3.14159
0010000011 0.0025425 -3.14159
0010000100 0.00856018 -3.14159
0010000101 0.0196381 -3.14159
0010000110 0.0408325 0
0010000111 0.0302429 -3.14159
0010001000 0.00845337 -3.14159
0010001001 0.0195923 0
0010001010 0.00670624 -3.14159
0010001011 0.0114059 -3.14159
0010001100 0.0322571 0
0010001101 0.0231628 0
0010001110 0.00195122 0
0010001111 0.0250702 -3.14159
0010010000 0.0153961 -3.14159
0010010001 0.00117111 -3.14159
0010010010 0.0033226 -3.14159
0010010011 0.0138245 -3.14159
0010010100 0.0588074 -3.14159
0010010101 0.0146866 0
0010010110 0.0287323 -3.14159
0010010111 0.0294342 0
0010011000 0.00333214 -3.14159
0010011001 0.00941467 -3.14159
0010011010 0.0241241 0
0010011011 0.01371 0
0010011100 0.0170135 -3.14159
0010011101 0.00769043 0
0010011110 0.0064621 0
0010011111 0.0531311 0
0010100000 0.0101013 0
0010100001 0.0138931 0
0010100010 0.029068 -3.14159
0010100011 0.00598526 0
0010100100 0.00465012 -3.14159
0010100101 0.012764 0
0010100110 0.0217438 -3.14159
0010100111 0.0192261 0
0010101000 0.0292206 -3.14159
0010101001 0.014183 0
0010101010 0.0197296 0
0010101011 0.0201111 0
0010101100 0.0183258 -3.14159
0010101101 0.0237427 0
0010101110 0.0114899 0
0010101111 0.01651 0
0010110000 0.0112228 0
0010110001 0.0741577 -3.14159
0010110010 0.00354958 -3.14159
0010110011 0.0549622 0
0010110100 0.0191498 0
0010110101 0.0142441 0
0010110110 0.0056076 0
0010110111 0.0365295 -3.14159
0010111000 0.00479507 0
0010111001 0.00519943 0
0010111010 0.0337524 -3.14159
0010111011 0.088562 0
0010111100 0.0149155 0
0010111101 0.033905 -3.14159
0010111110 0.000130653 0
0010111111 0.0326233 -3.14159
0011000000 0.0171204 0
0011000001 0.00751495 0
0011000010 0.0323181 0
0011000011 0.00335312 0
0011000100 0.0385132 -3.14159
0011000101 0.0244751 -3.14159
0011000110 0.000883579 -3.14159
0011000111 0.0333252 0
0011001000 0.0352783 0
0011001001 0.0633545 -3.14159
0011001010 0.0554504 0
0011001011 0.0279846 -3.14159
0011001100 0.0448608 -3.14159
0011001101 0.012001 0
0011001110 0.000551224 -3.14159
0011001111 0.0242462 -3.14159
0011010000 0.032074 0
0011010001 0.0119171 -3.14159
0011010010 0.0593262 0
0011010011 0.0350037 -3.14159
0011010100 0.00369644 -3.14159
0011010101 0.0094223 0
0011010110 0.0232849 -3.14159
0011010111 0.0608215 0
0011011000 0.0216827 -3.14159
0011011001 0.00639725 0
0011011010 0.014473 0
0011011011 0.0285645 0
0011011100 0.00613785 -3.14159
0011011101 0.023941 -3.14159
0011011110 0.0372009 -3.14159
0011011111 0.0404358 0
0011100000 0.0133667 0
0011100001 0.0305023 0
0011100010 8.25524e-05 0
0011100011 0.0384827 -3.14159
0011100100 0.00845337 0
0011100101 0.0330505 0
0011100110 0.00648499 -3.14159
0011100111 0.0566711 -3.14159
0011101000 0.023941 -3.14159
0011101001 0.0375366 0
0011101010 0.0160675 -3.14159
0011101011 0.0131378 -3.14159
0011101100 0.0570984 -3.14159
0011101101 0.0236664 -3.14159
0011101110 0.0244446 -3.14159
0011101111 0.061676 0
0011110000 0.00359535 -3.14159
0011110001 0.0541992 -3.14159
0011110010 0.0483093 0
0011110011 0.0565491 -3.14159
0011110100 0.00116158 0
0011110101 0.00692368 -3.14159
0011110110 0.0170288 -3.14159
0011110111 0.00153446 -3.14159
0011111000 0.0838013 0
0011111001 0.0241089 0
0011111010 0.00878906 -3.14159
0011111011 0.0240479 0
0011111100 0.00546646 -3.14159
0011111101 0.0405884 -3.14159
0011111110 0.0192719 0
0011111111 0.0273285 0
0100000000 0.0725708 0
0100000001 0.00957489 0
0100000010 0.0193024 -3.14159
0100000011 0.0409851 0
0100000100 0.0223846 -3.14159
0100000101 0.027832 -3.14159
0100000110 0.00362396 0
0100000111 0.0957642 0
0100001000 0.00860596 -3.14159
0100001001 0.0346985 -3.14159
0100001010 0.00486374 -3.14159
0100001011 0.0626221 -3.14159
0100001100 0.00144958 0
0100001101 0.00315094 0
0100001110 0.0326843 -3.14159
0100001111 0.00556183 -3.14159
0100010000 0.0272675 0
0100010001 0.0515442 -3.14159
0100010010 0.0224915 0
0100010011 0.0161896 -3.14159
0100010100 0.0314636 -3.14159
0100010101 0.0205688 -3.14159
0100010110 0.0280609 0
0100010111 0.00176811 0
0100011000 0.00652313 -3.14159
0100011001 0.0245361 0
0100011010 0.001544 -3.14159
0100011011 0.0706177 -3.14159
0100011100 0.00390625 -3.14159
0100011101 0.00188446 0
0100011110 0.0054512 -3.14159
0100011111 0.00183582 -3.14159
0100100000 0.00632477 -3.14159
0100100001 0.034668 -3.14159
0100100010 0.0161438 -3.14159
0100100011 0.0370178 0
0100100100 0.027359 -3.14159
0100100101 0.0925293 0
0100100110 0.0150299 0
0100100111 0.0335693 -3.14159
0100101000 0.0209961 0
0100101001 0.0734253 -3.14159
0100101010 0.0210419 0
0100101011 0.00948334 -3.14159
0100101100 0.0415955 0
0100101101 0.0792847 -3.14159
0100101110 0.0128479 0
0100101111 0.00701141 -3.14159
0100110000 0.0127563 0
0100110001 0.0389404 -3.14159
0100110010 0.0210876 -3.14159
0100110011 0.00508499 -3.14159
0100110100 0.00328064 0
0100110101 0.0491333 0
0100110110 0.0233459 -3.14159
0100110111 0.000264883 0
0100111000 0.0120087 0
0100111001 0.0410461 -3.14159
0100111010 0.0179596 -3.14159
0100111011 0.0148849 -3.14159
0100111100 0.0326538 -3.14159
0100111101 0.035553 0
0100111110 0.029953 0
0100111111 0.0251617 -3.14159
0101000000 0.0155563 0
0101000001 0.0105133 -3.14159
0101000010 4.63128e-05 0
0101000011 0.0241547 0
0101000100 0.00956726 -3.14159
0101000101 0.0104446 0
0101000110 0.0135803 -3.14159
0101000111 0.0050621 -3.14159
0101001000 0.00728989 -3.14159
0101001001 0.0448608 -3.14159
0101001010 0.0139618 -3.14159
0101001011 0.0148697 0
0101001100 0.014801 -3.14159
0101001101 0.0126877 -3.14159
0101001110 0.0128555 0
0101001111 0.0118713 -3.14159
0101010000 0.0211334 0
0101010001 0.00930786 0
0101010010 0.0288239 0
0101010011 0.0111465 -3.14159
0101010100 0.0295258 0
0101010101 0.0158386 0
0101010110 0.0121765 0
0101010111 0.0322876 0
0101011000 0.0536804 0
0101011001 0.00300598 0
0101011010 0.0158081 -3.14159
0101011011 0.00790405 -3.14159
0101011100 0.0124893 0
0101011101 0.0265045 0
0101011110 0.0319824 0
0101011111 0.03302 0
0101100000 0.0283203 0
0101100001 0.0726318 -3.14159
0101100010 0.00334358 0
0101100011 0.00790405 -3.14159
0101100100 0.0265503 -3.14159
0101100101 0.0147781 0
0101100110 0.00660324 -3.14159
0101100111 0.0453491 -3.14159
0101101000 0.0631714 -3.14159
0101101001 0.0292664 -3.14159
0101101010 0.0330505 0
0101101011 0.0119476 0
0101101100 0.0224609 -3.14159
0101101101 0.050293 -3.14159
0101101110 0.00276947 0
0101101111 0.0250397 -3.14159
0101110000 0.027832 -3.14159
0101110001 0.00260925 0
0101110010 0.0716553 -3.14159
0101110011 0.0131531 -3.14159
0101110100 0.0167389 0
0101110101 0.00319481 0
0101110110 0.0151291 -3.14159
0101110111 0.0211945 -3.14159
0101111000 0.00816345 0
0101111001 0.0040741 0
0101111010 0.00204277 -3.14159
0101111011 0.0282288 -3.14159
0101111100 0.0144348 -3.14159
0101111101 0.023941 -3.14159
0101111110 0.00246429 0
0101111111 0.0335388 0
0110000000 0.0157013 0
0110000001 0.00661087 -3.14159
0110000010 0.000214219 -3.14159
0110000011 0.00144291 0
0110000100 0.0537109 -3.14159
0110000101 0.00395966 -3.14159
0110000110 0.0388489 0
0110000111 0.0216522 -3.14159
0110001000 0.00946808 -3.14159
0110001001 0.0245972 -3.14159
0110001010 0.0214539 -3.14159
0110001011 0.0527039 0
0110001100 0.00761032 0
0110001101 0.0563049 -3.14159
0110001110 0.00161552 -3.14159
0110001111 0.0282593 0
0110010000 0.000476599 -3.14159
0110010001 0.0134583 -3.14159
0110010010 0.0338135 0
0110010011 0.0544434 0
0110010100 0.0668945 -3.14159
0110010101 0.0512695 -3.14159
0110010110 0.0430908 -3.14159
0110010111 0.0314331 0
0110011000 0.0138092 0
0110011001 0.0381165 -3.14159
0110011010 0.0150604 -3.14159
0110011011 0.0540771 0
0110011100 0.0319214 0
0110011101 0.00428391 0
0110011110 0.0968628 0
0110011111 0.0594177 0
0110100000 0.0231628 0
0110100001 0.0268402 0
0110100010 0.0233002 0
0110100011 0.0107193 0
0110100100 0.0302887 0
0110100101 0.00728607 0
0110100110 0.0116806 0
0110100111 0.0108261 -3.14159
0110101000 0.0612183 -3.14159
0110101001 0.00795746 -3.14159
0110101010 0.00484467 -3.14159
0110101011 0.0205994 -3.14159
0110101100 0.0158844 -3.14159
0110101101 0.00317383 0
0110101110 0.0211182 0
0110101111 0.00572586 0
0110110000 0.0269623 0
0110110001 0.0634766 -3.14159
0110110010 0.0211029 0
0110110011 0.00764465 -3.14159
0110110100 0.0427551 0
0110110101 0.0396423 0
0110110110 0.000385523 -3.14159
0110110111 0.0103989 0
0110111000 0.0500488 -3.14159
0110111001 0.0314331 -3.14159
0110111010 0.0168457 0
0110111011 0.0783691 0
0110111100 0.00552368 -3.14159
0110111101 0.0193176 -3.14159
0110111110 0.0106201 -3.14159
0110111111 0.0487061 -3.14159
0111000000 0.00296593 -3.14159
0111000001 0.0490112 -3.14159
0111000010 0.00320053 0
0111000011 0.0203857 0
0111000100 0.0042305 -3.14159
0111000101 0.0135193 -3.14159
0111000110 0.0138931 -3.14159
0111000111 0.0109634 -3.14159
0111001000 0.0359497 0
0111001001 0.0118103 0
0111001010 0.019989 0
0111001011 0.0385132 -3.14159
0111001100 0.0354614 0
0111001101 0.00624466 0
0111001110 0.0317383 0
0111001111 0.0090332 0
0111010000 0.0198822 0
0111010001 0.0257111 0
0111010010 0.0192261 0
0111010011 0.0445557 0
0111010100 0.0242615 -3.14159
0111010101 0.0295105 -3.14159
0111010110 0.0360413 0
0111010111 0.0163574 0
0111011000 0.0253143 0
0111011001 0.0203705 -3.14159
0111011010 0.0423889 0
0111011011 0.00751495 0
0111011100 0.0176086 0
0111011101 0.0305023 0
0111011110 0.016571 -3.14159
0111011111 0.000906467 0
0111100000 0.0108719 -3.14159
0111100001 0.0423889 -3.14159
0111100010 0.00788879 -3.14159
0111100011 0.0168304 0
0111100100 0.0101242 -3.14159
0111100101 0.0138626 -3.14159
0111100110 0.0397034 -3.14159
0111100111 0.0032959 -3.14159
0111101000 0.0438538 -3.14159
0111101001 0.0199585 -3.14159
0111101010 0.0145264 -3.14159
0111101011 0.0302887 -3.14159
0111101100 0.0309296 0
0111101101 0.0278625 -3.14159
0111101110 0.00584412 0
0111101111 0.0036869 -3.14159
0111110000 0.0039444 0
0111110001 0.050293 -3.14159
0111110010 0.0365295 0
0111110011 0.0873413 -3.14159
0111110100 0.0115128 -3.14159
0111110101 0.00794983 -3.14159
0111110110 0.0231323 -3.14159
0111110111 0.00771713 0
0111111000 0.0528259 -3.14159
0111111001 0.0456543 0
0111111010 0.00757217 -3.14159
0111111011 0.0409546 -3.14159
0111111100 0.0507507 -3.14159
0111111101 0.00216866 -3.14159
0111111110 0.0394897 -3.14159
0111111111 0.0305023 0
1000000000 0.0478516 -3.14159
1000000001 0.0176086 -3.14159
1000000010 0.0157471 0
1000000011 0.0294647 -3.14159
1000000100 0.0138855 0
1000000101 0.0567322 0
1000000110 0.0211792 0
1000000111 0.00814056 0
1000001000 0.0156708 -3.14159
1000001001 0.0234833 -3.14159
1000001010 0.0151215 -3.14159
1000001011 0.0618591 -3.14159
1000001100 0.00537109 -3.14159
1000001101 0.0325012 -3.14159
1000001110 0.0314331 -3.14159
1000001111 0.00549316 0
1000010000 0.0250702 -3.14159
1000010001 0.0910645 -3.14159
1000010010 0.0064621 0
1000010011 0.00138283 -3.14159
1000010100 0.00952148 0
1000010101 0.010849 0
1000010110 0.0233612 -3.14159
1000010111 0.00471878 -3.14159
1000011000 0.0324707 0
1000011001 0.0127106 0
1000011010 0.00587082 0
1000011011 0.0210724 0
1000011100 0.00450516 0
1000011101 0.0359497 -3.14159
1000011110 0.0157776 -3.14159
1000011111 0.0286407 0
1000100000 0.0858154 -3.14159
1000100001 0.0325317 -3.14159
1000100010 0.0386963 0
1000100011 0.0113449 -3.14159
1000100100 0.00752258 0
1000100101 0.0369263 -3.14159
1000100110 0.00321388 0
1000100111 0.0589905 0
1000101000 0.0222626 0
1000101001 0.00738525 -3.14159
1000101010 0.00207138 -3.14159
1000101011 0.00925446 -3.14159
1000101100 0.00410843 0
1000101101 0.00099659 -3.14159
1000101110 0.00489426 0
1000101111 0.0232544 0
1000110000 0.0123825 -3.14159
1000110001 0.00729752 0
1000110010 0.0249634 0
1000110011 0.0266876 0
1000110100 0.00842285 -3.14159
1000110101 0.0504761 0
1000110110 0.0467224 -3.14159
1000110111 0.0272675 0
1000111000 0.0370178 -3.14159
1000111001 0.0175018 -3.14159
1000111010 0.0301208 0
1000111011 0.00783539 -3.14159
1000111100 0.0195618 0
1000111101 0.00456619 0
1000111110 0.0168457 -3.14159
1000111111 0.0275879 0
1001000000 0.0102768 -3.14159
1001000001 0.0240326 0
1001000010 0.0421448 0
1001000011 0.00256538 -3.14159
1001000100 0.0123978 -3.14159
1001000101 0.0382996 0
1001000110 0.0609436 -3.14159
1001000111 0.0542603 -3.14159
1001001000 0.00138187 -3.14159
1001001001 0.0140839 -3.14159
1001001010 0.0237274 -3.14159
1001001011 0.0247192 0
1001001100 0.00632095 -3.14159
1001001101 0.019043 -3.14159
1001001110 0.00316429 0
1001001111 0.00454712 -3.14159
1001010000 0.0330505 0
1001010001 0.0219727 -3.14159
1001010010 0.0093689 -3.14159
1001010011 0.0403748 -3.14159
1001010100 0.0301208 -3.14159
1001010101 0.056366 -3.14159
1001010110 0.0180511 0
1001010111 0.0326843 -3.14159
1001011000 0.0340576 -3.14159
1001011001 0.00980377 0
1001011010 0.0199585 0
1001011011 0.00105762 0
1001011100 0.0194855 -3.14159
1001011101 0.0262604 -3.14159
1001011110 0.0475769 -3.14159
1001011111 0.0527954 -3.14159
1001100000 0.0290985 0
1001100001 0.012352 -3.14159
1001100010 0.000231743 0
1001100011 0.0426331 0
1001100100 0.00979614 -3.14159
1001100101 0.0262299 0
1001100110 0.0780029 0
1001100111 0.0733032 0
1001101000 0.00193119 0
1001101001 0.00764465 -3.14159
1001101010 0.0317688 0
1001101011 0.0441589 0
1001101100 0.0519714 0
1001101101 0.00832367 -3.14159
1001101110 0.0372009 -3.14159
1001101111 0.0111923 -3.14159
1001110000 0.0559692 0
1001110001 0.0178223 -3.14159
1001110010 0.0515137 0
1001110011 0.00965118 -3.14159
1001110100 0.00473022 0
1001110101 0.0211639 0
1001110110 0.0535583 -3.14159
1001110111 0.00714493 0
1001111000 0.0574036 0
1001111001 0.0282288 0
1001111010 0.0158997 0
1001111011 0.0400391 0
1001111100 0.0228729 -3.14159
1001111101 0.00787354 0
1001111110 0.029953 -3.14159
1001111111 0.0359802 0
1010000000 0.0335999 -3.14159
1010000001 0.0147247 0
1010000010 0.00104141 -3.14159
1010000011 0.0112915 -3.14159
1010000100 0.0317383 0
1010000101 0.00513458 -3.14159
1010000110 0.0325928 -3.14159
1010000111 0.00976562 -3.14159
1010001000 0.0237732 -3.14159
1010001001 0.00146198 -3.14159
1010001010 0.00464249 0
1010001011 0.0457458 0
1010001100 0.00546646 0
1010001101 0.0125732 -3.14159
1010001110 0.00999451 0
1010001111 0.0388489 0
1010010000 0.0518494 0
1010010001 0.0158691 0
1010010010 0.0300598 -3.14159
1010010011 0.0116882 -3.14159
1010010100 0.0293427 0
1010010101 0.0293274 0
1010010110 0.0514832 0
1010010111 0.0196075 0
1010011000 0.0734253 0
1010011001 0.0326843 0
1010011010 0.00625992 0
1010011011 0.0162048 0
1010011100 0.00909424 -3.14159
1010011101 0.00816345 0
1010011110 0.00631714 0
1010011111 0.0441895 -3.14159
1010100000 0.00448227 -3.14159
1010100001 0.0140839 0
1010100010 0.043396 -3.14159
1010100011 0.00227356 0
1010100100 0.0645752 0
1010100101 0.0152054 -3.14159
1010100110 0.0101471 0
1010100111 0.0212555 -3.14159
1010101000 0.0203094 0
1010101001 0.0016346 -3.14159
1010101010 0.0109558 0
1010101011 0.0131683 0
1010101100 0.0374756 0
1010101101 0.0106125 -3.14159
1010101110 0.00367546 -3.14159
1010101111 0.0114822 -3.14159
1010110000 0.00316811 0
1010110001 0.0384216 -3.14159
1010110010 0.0186615 0
1010110011 0.00614166 0
1010110100 0.0268402 -3.14159
1010110101 0.0112228 0
1010110110 0.00680923 -3.14159
1010110111 0.0114365 -3.14159
1010111000 0.0019207 0
1010111001 0.00685501 0
1010111010 0.0046463 0
1010111011 0.040741 -3.14159
1010111100 0.0209351 -3.14159
1010111101 0.0369568 0
1010111110 0.00242233 -3.14159
1010111111 0.0108719 -3.14159
1011000000 0.071228 -3.14159
1011000001 0.0240784 0
1011000010 0.0314331 0
1011000011 0.0114288 -3.14159
1011000100 0.0132828 0
1011000101 0.00589752 0
1011000110 0.0460205 0
1011000111 0.0281067 0
1011001000 0.00438309 0
1011001001 0.0578613 -3.14159
1011001010 0.0323792 -3.14159
1011001011 0.00398636 -3.14159
1011001100 0.0262756 -3.14159
1011001101 0.0426331 -3.14159
1011001110 0.0221558 0
1011001111 0.0102844 -3.14159
1011010000 0.0193024 -3.14159
1011010001 0.0588684 -3.14159
1011010010 0.0182343 0
1011010011 0.0430908 0
1011010100 0.0424805 -3.14159
1011010101 0.0169067 0
1011010110 0.0761108 0
1011010111 0.0262909 0
1011011000 0.0544739 0
1011011001 0.0346375 -3.14159
1011011010 0.0310822 0
1011011011 0.0433655 -3.14159
1011011100 0.0255737 -3.14159
1011011101 0.0198212 0
1011011110 0.0240173 0
1011011111 0.0181885 -3.14159
1011100000 0.00265121 -3.14159
1011100001 0.0116425 -3.14159
1011100010 0.00107002 -3.14159
1011100011 0.00690079 0
1011100100 0.00120163 -3.14159
1011100101 0.0378113 0
1011100110 0.0107574 0
1011100111 0.00939941 0
1011101000 0.0446167 -3.14159
1011101001 0.013916 -3.14159
1011101010 0.06604 -3.14159
1011101011 0.0521851 0
1011101100 0.0111542 -3.14159
1011101101 0.0253296 0
1011101110 0.0090332 -3.14159
1011101111 0.092041 0
1011110000 0.004673 0
1011110001 0.0152359 -3.14159
1011110010 0.00228882 0
1011110011 0.0447998 0
1011110100 0.020752 -3.14159
1011110101 0.0162048 0
1011110110 0.0267181 -3.14159
1011110111 0.0126343 -3.14159
1011111000 0.00789642 0
1011111001 0.0656738 0
1011111010 0.0100174 0
1011111011 0.00873566 -3.14159
1011111100 0.013855 -3.14159
1011111101 0.0087738 0
1011111110 0.0248566 0
1011111111 0.0267487 0
1100000000 0.0140533 0
1100000001 0.00445557 -3.14159
1100000010 0.0158386 0
1100000011 0.0734253 -3.14159
1100000100 0.00774002 -3.14159
1100000101 0.0440674 0
1100000110 0.00873566 0
1100000111 0.0346375 -3.14159
1100001000 0.0508118 -3.14159
1100001001 0.0404358 -3.14159
1100001010 0.0266724 -3.14159
1100001011 0.044342 0
1100001100 0.00719452 -3.14159
1100001101 0.00811768 -3.14159
1100001110 0.0595398 -3.14159
1100001111 0.0680542 0
1100010000 0.00543594 0
1100010001 0.00669098 0
1100010010 0.000911713 -3.14159
1100010011 0.022171 0
1100010100 0.0228271 0
1100010101 0.0448303 -3.14159
1100010110 0.0597839 0
1100010111 0.0541992 0
1100011000 0.0457458 -3.14159
1100011001 0.00682449 -3.14159
1100011010 0.00965118 -3.14159
1100011011 0.0229645 0
1100011100 0.00226784 0
1100011101 0.0174713 -3.14159
1100011110 0.00127792 0
1100011111 0.0301208 -3.14159
1100100000 0.011116 -3.14159
1100100001 0.0458984 0
1100100010 0.00196838 -3.14159
1100100011 0.00321579 0
1100100100 0.0294037 -3.14159
1100100101 0.062561 -3.14159
1100100110 0.069458 0
1100100111 0.0140991 -3.14159
1100101000 0.0431824 0
1100101001 0.00167751 0
1100101010 0.00358963 -3.14159
1100101011 0.00669861 0
1100101100 0.0237579 0
1100101101 0.016037 0
1100101110 0.056427 0
1100101111 0.000624657 0
1100110000 0.00357628 -3.14159
1100110001 0.0924072 -3.14159
1100110010 0.0269623 -3.14159
1100110011 0.0262604 0
1100110100 0.00849152 0
1100110101 0.00946808 -3.14159
1100110110 0.0110474 0
1100110111 0.0392151 0
1100111000 0.0172577 0
1100111001 0.0698853 -3.14159
1100111010 0.0198822 0
1100111011 0.00813293 -3.14159
1100111100 0.0227509 -3.14159
1100111101 0.0220032 -3.14159
1100111110 0.0152359 -3.14159
1100111111 0.00453568 0
1101000000 0.00799561 -3.14159
1101000001 0.0271454 0
1101000010 0.0317383 -3.14159
1101000011 0.00130939 -3.14159
1101000100 0.00503159 0
1101000101 0.0293121 0
1101000110 0.0115814 -3.14159
1101000111 0.0336609 0
1101001000 0.00817108 0
1101001001 0.0195312 0
1101001010 0.0356445 0
1101001011 0.00873566 -3.14159
1101001100 0.0279083 0
1101001101 0.0378113 0
1101001110 0.0171814 0
1101001111 0.00894165 0
1101010000 0.0220947 0
1101010001 0.0168457 -3.14159
1101010010 0.0178223 -3.14159
1101010011 0.0480652 -3.14159
1101010100 0.0208282 0
1101010101 0.051178 -3.14159
1101010110 0.00870514 -3.14159
1101010111 0.0240021 0
1101011000 0.0118408 -3.14159
1101011001 0.0354309 0
1101011010 0.0429993 0
1101011011 0.00646973 -3.14159
1101011100 0.000113726 -3.14159
1101011101 0.0269012 0
1101011110 0.00820923 0
1101011111 0.0292816 -3.14159
1101100000 0.0874023 0
1101100001 0.030899 0
1101100010 0.0343933 -3.14159
1101100011 0.00597382 0
1101100100 0.0143433 -3.14159
1101100101 0.00131035 -3.14159
1101100110 0.0282593 0
1101100111 0.00761032 -3.14159
1101101000 0.00763321 0
1101101001 0.0219879 -3.14159
1101101010 0.017746 0
1101101011 0.0251465 0
1101101100 0.0250092 -3.14159
1101101101 0.0203552 -3.14159
1101101110 0.0244751 -3.14159
1101101111 0.0167694 -3.14159
1101110000 0.00367355 0
1101110001 0.0635986 0
1101110010 0.0025692 -3.14159
1101110011 0.0351868 -3.14159
1101110100 0.0124359 -3.14159
1101110101 0.0289459 -3.14159
1101110110 0.0282135 -3.14159
1101110111 0.0191193 0
1101111000 0.0101624 -3.14159
1101111001 0.0143051 0
1101111010 0.0337524 -3.14159
1101111011 0.0568237 -3.14159
1101111100 0.0013485 0
1101111101 0.00945282 -3.14159
1101111110 0.00229454 0
1101111111 0.0740967 0
1110000000 0.0165405 -3.14159
1110000001 0.0377502 -3.14159
1110000010 0.0569458 0
1110000011 0.0555725 0
1110000100 0.0233459 -3.14159
1110000101 0.00122166 0
1110000110 0.023407 -3.14159
1110000111 0.0141144 0
1110001000 0.0298004 0
1110001001 0.0463257 0
1110001010 0.0345459 0
1110001011 0.0739136 -3.14159
1110001100 0.0346069 0
1110001101 0.02388 0
1110001110 0.0429077 -3.14159
1110001111 0.0160217 -3.14159
1110010000 0.0250092 0
1110010001 0.00104141 0
1110010010 0.0161285 -3.14159
1110010011 0.00587845 0
1110010100 0.00826263 -3.14159
1110010101 0.0265045 -3.14159
1110010110 0.0210724 0
1110010111 0.0123901 -3.14159
1110011000 0.0192719 0
1110011001 0.031311 0
1110011010 0.0248718 -3.14159
1110011011 0.0454102 -3.14159
1110011100 0.00283241 0
1110011101 0.00635529 -3.14159
1110011110 0.0155411 -3.14159
1110011111 0.0568848 0
1110100000 0.0121307 0
1110100001 0.00518417 0
1110100010 0.0360718 0
1110100011 0.0223694 -3.14159
1110100100 0.0137405 0
1110100101 0.0151062 0
1110100110 0.0639648 -3.14159
1110100111 0.0207825 -3.14159
1110101000 0.0045433 -3.14159
1110101001 0.0337219 0
1110101010 0.0191803 -3.14159
1110101011 0.00296593 0
1110101100 0.0161896 0
1110101101 0.0681152 0
1110101110 0.0430298 -3.14159
1110101111 0.0205383 -3.14159
1110110000 0.0175629 -3.14159
1110110001 0.064209 0
1110110010 0.00936127 -3.14159
1110110011 0.0532227 -3.14159
1110110100 0.0527649 -3.14159
1110110101 0.0163269 0
1110110110 0.0494995 -3.14159
1110110111 0.0306091 -3.14159
1110111000 0.0149155 -3.14159
1110111001 0.052063 0
1110111010 0.00845337 0
1110111011 0.0502625 0
1110111100 0.0142136 -3.14159
1110111101 0.0242462 0
1110111110 0.0167847 0
1110111111 0.0211639 0
1111000000 0.0104218 0
1111000001 0.032959 0
1111000010 0.0118713 0
1111000011 0.0115814 -3.14159
1111000100 0.0235443 0
1111000101 0.00434113 0
1111000110 0.00460434 0
1111000111 0.0231476 0
1111001000 0.0302887 0
1111001001 0.00892639 -3.14159
1111001010 0.000308752 0
1111001011 0.0292206 -3.14159
1111001100 0.0617981 0
1111001101 0.0747681 0
1111001110 0.0160522 -3.14159
1111001111 0.0164337 0
1111010000 0.0235748 -3.14159
1111010001 0.0326843 0
1111010010 0.00221443 -3.14159
1111010011 0.0198212 -3.14159
1111010100 0.0173645 -3.14159
1111010101 0.0138779 -3.14159
1111010110 0.0549011 0
1111010111 0.0189819 -3.14159
1111011000 0.0420532 0
1111011001 0.0257111 0
1111011010 0.0308228 -3.14159
1111011011 0.0326843 -3.14159
1111011100 0.0128326 0
1111011101 0.0184631 0
1111011110 0.0114746 0
1111011111 0.0347595 -3.14159
1111100000 0.0792847 0
1111100001 0.0297699 -3.14159
1111100010 0.0304108 -3.14159
1111100011 0.0382385 0
1111100100 0.0402832 -3.14159
1111100101 0.00161648 0
1111100110 0.137939 -3.14159
1111100111 0.0376587 -3.14159
1111101000 0.026535 -3.14159
1111101001 0.0429077 -3.14159
1111101010 0.048584 -3.14159
1111101011 0.0496216 0
1111101100 0.062439 0
1111101101 0.0422058 0
1111101110 0.00164127 0
1111101111 0.0346375 0
1111110000 0.00930023 0
1111110001 0.00883484 0
1111110010 0.0476074 -3.14159
1111110011 0.0111694 0
1111110100 0.00497818 -3.14159
1111110101 0.00853729 0
1111110110 0.0127945 -3.14159
1111110111 0.0224457 -3.14159
1111111000 0.000795841 -3.14159
1111111001 0.0791016 -3.14159
1111111010 0.00292587 0
1111111011 0.0302887 -3.14159
1111111100 0.00396347 0
1111111101 0.0317993 0
1111111110 0.0482178 -3.14159
1111111111 0.0227356 0
