0000000000 0.00484848 0
0000000001 0.0454407 0
0000000010 0.0379028 0
0000000011 0.0222015 -3.14159
0000000100 0.0378723 -3.14159
0000000101 0.013176 0
0000000110 0.0204468 -3.14159
0000000111 0.038147 -3.14159
0000001000 0.020401 0
0000001001 0.0114594 0
0000001010 0.0115051 -3.14159
0000001011 0.0245667 -3.14159
0000001100 0.00925446 0
0000001101 0.0142822 -3.14159
0000001110 0.0235596 0
0000001111 0.00154209 -3.14159
0000010000 0.0259247 0
0000010001 0.00361824 -3.14159
0000010010 0.0358582 -3.14159
0000010011 0.0192566 -3.14159
0000010100 0.0253296 -3.14159
0000010101 0.0476074 -3.14159
0000010110 0.0285797 -3.14159
0000010111 0.0277863 -3.14159
0000011000 0.0453491 -3.14159
0000011001 0.0113144 0
0000011010 0.0206299 0
0000011011 0.0301666 0
0000011100 0.000984192 -3.14159
0000011101 0.0169067 0
0000011110 0.0518799 -3.14159
0000011111 0.0679321 0
0000100000 0.0704346 -3.14159
0000100001 0.0178223 -3.14159
0000100010 0.0645752 -3.14159
0000100011 0.0415649 0
0000100100 0.0264893 -3.14159
0000100101 0.0327759 0
0000100110 0.0157013 0
0000100111 0.00343513 0
0000101000 0.00115395 -3.14159
0000101001 0.0252991 0
0000101010 0.0323792 -3.14159
0000101011 0.0928955 0
0000101100 0.0103073 0
0000101101 0.0192413 0
0000101110 0.0153809 -3.14159
0000101111 0.0264282 0
0000110000 0.00508499 0
0000110001 0.018692 -3.14159
0000110010 0.017868 0
0000110011 0.00524139 0
0000110100 0.0528564 -3.14159
0000110101 0.00588226 0
0000110110 0.0350037 0
0000110111 0.0042572 0
0000111000 0.00295448 0
0000111001 0.0289764 -3.14159
0000111010 0.0146179 -3.14159
0000111011 0.0115433 -3.14159
0000111100 0.00670242 -3.14159
0000111101 0.0466309 0
0000111110 0.0254517 -3.14159
0000111111 0.0154495 -3.14159
0001000000 0.0260773 0
0001000001 0.033844 -3.14159
0001000010 0.0286407 -3.14159
0001000011 0.00746536 -3.14159
0001000100 0.0355835 -3.14159
0001000101 0.00478363 0
0001000110 0.00689316 0
0001000111 0.0243835 -3.14159
0001001000 0.102722 -3.14159
0001001001 0.0058136 -3.14159
0001001010 0.0254974 -3.14159
0001001011 0.0250397 -3.14159
0001001100 0.00145531 -3.14159
0001001101 0.0425415 -3.14159
0001001110 0.0394897 0
0001001111 0.0258789 0
0001010000 0.0064621 0
0001010001 0.00224876 0
0001010010 0.0794067 0
0001010011 0.00320244 -3.14159
0001010100 0.00437164 0
0001010101 0.00639343 0
0001010110 0.00964355 -3.14159
0001010111 0.026001 -3.14159
0001011000 0.0210876 0
0001011001 0.0203552 0
0001011010 0.00777054 0
0001011011 0.0810547 -3.14159
0001011100 0.0387268 0
0001011101 0.0169525 -3.14159
0001011110 0.0297546 -3.14159
0001011111 0.0224152 -3.14159
0001100000 0.0795898 -3.14159
0001100001 0.00849915 0
0001100010 0.0223389 -3.14159
0001100011 0.00809479 -3.14159
0001100100 0.00934601 0
0001100101 0.00926971 -3.14159
0001100110 0.00824738 -3.14159
0001100111 0.0919189 0
0001101000 0.0542908 0
0001101001 0.00921631 -3.14159
0001101010 0.00439835 0
0001101011 0.0315552 -3.14159
0001101100 0.0302124 -3.14159
0001101101 0.035675 -3.14159
0001101110 0.0575562 0
0001101111 0.0146713 0
0001110000 0.0415039 -3.14159
0001110001 0.0239716 0
0001110010 0.0484314 -3.14159
0001110011 0.0262604 0
0001110100 0.00189114 -3.14159
0001110101 0.013916 -3.14159
0001110110 0.0401001 -3.14159
0001110111 0.0178223 -3.14159
0001111000 0.00343323 -3.14159
0001111001 0.0183868 -3.14159
0001111010 0.0257416 0
0001111011 0.0216675 0
0001111100 0.0250549 -3.14159
0001111101 0.0342712 0
0001111110 0.00316238 -3.14159
0001111111 0.0259094 0
0010000000 0.00551987 0
0010000001 0.0113678 0
0010000010 0.00796509 -3.14159
0010000011 0.0292969 -3.14159
0010000100 0.0250244 -3.14159
0010000101 0.0362854 -3.14159
0010000110 0.0128098 -3.14159
0010000111 0.0698242 -3.14159
0010001000 0.0274963 -3.14159
0010001001 0.0162811 0
0010001010 0.00411606 0
0010001011 0.0145645 -3.14159
0010001100 0.00397491 -3.14159
0010001101 0.0362854 -3.14159
0010001110 0.0268555 0
0010001111 0.0128784 -3.14159
0010010000 0.0707397 -3.14159
0010010001 0.0296021 -3.14159
0010010010 0.010994 -3.14159
0010010011 0.0202332 -3.14159
0010010100 0.0381775 -3.14159
0010010101 0.0336914 -3.14159
0010010110 0.00860596 0
0010010111 0.00980377 0
0010011000 0.0167236 0
0010011001 0.0388794 -3.14159
0010011010 0.0373535 0
0010011011 0.0364685 0
0010011100 0.0286407 0
0010011101 0.0459595 0
0010011110 0.000632286 -3.14159
0010011111 0.0251923 0
0010100000 0.0192261 -3.14159
0010100001 0.0136566 0
0010100010 0.0893555 -3.14159
0010100011 0.0175323 -3.14159
0010100100 0.00813293 -3.14159
0010100101 0.0090332 -3.14159
0010100110 0.0473328 0
0010100111 0.039093 0
0010101000 0.0289001 0
0010101001 0.00429535 -3.14159
0010101010 0.0225067 -3.14159
0010101011 0.0337219 -3.14159
0010101100 0.0590515 -3.14159
0010101101 0.0717163 0
0010101110 0.0251465 -3.14159
0010101111 0.0108261 0
0010110000 0.0146713 -3.14159
0010110001 0.00344849 -3.14159
0010110010 0.0238647 0
0010110011 0.00304031 0
0010110100 0.0276184 0
0010110101 0.0184174 0
0010110110 0.0185547 0
0010110111 0.00259781 -3.14159
0010111000 0.0172577 0
0010111001 0.00244522 0
0010111010 0.0198975 -3.14159
0010111011 0.0417175 0
0010111100 0.00121117 -3.14159
0010111101 0.0314941 -3.14159
0010111110 0.0265198 0
0010111111 0.0101852 -3.14159
0011000000 0.0307465 -3.14159
0011000001 0.0208893 0
0011000010 0.039917 0
0011000011 0.0278168 0
0011000100 0.0043602 0
0011000101 0.00819397 -3.14159
0011000110 0.00780487 0
0011000111 0.0172729 -3.14159
0011001000 0.0619507 0
0011001001 0.00354576 0
0011001010 0.0317688 0
0011001011 0.0580444 -3.14159
0011001100 0.00121021 0
0011001101 0.0413818 -3.14159
0011001110 0.0939331 0
0011001111 0.00189304 -3.14159
0011010000 0.00820923 -3.14159
0011010001 0.00532532 -3.14159
0011010010 4.81606e-05 -3.14159
0011010011 0.0295105 -3.14159
0011010100 0.0104828 -3.14159
0011010101 0.0344238 -3.14159
0011010110 0.0114136 0
0011010111 0.0279236 0
0011011000 0.0223541 0
0011011001 0.00113392 -3.14159
0011011010 0.0240631 0
0011011011 0.0131149 -3.14159
0011011100 0.00199509 -3.14159
0011011101 0.0262299 -3.14159
0011011110 0.00494385 0
0011011111 0.0678101 0
0011100000 0.0137024 0
0011100001 0.011467 -3.14159
0011100010 0.0105515 0
0011100011 0.0290222 -3.14159
0011100100 0.0375366 -3.14159
0011100101 0.00428009 -3.14159
0011100110 0.0115662 0
0011100111 0.0429077 0
0011101000 0.0456848 -3.14159
0011101001 0.00840759 0
0011101010 0.0280914 0
0011101011 0.0154953 0
0011101100 0.0105972 -3.14159
0011101101 0.0141907 0
0011101110 0.053894 -3.14159
0011101111 0.0174866 -3.14159
0011110000 0.0268402 -3.14159
0011110001 0.0415955 0
0011110010 0.0260315 0
0011110011 0.031189 0
0011110100 0.0279694 -3.14159
0011110101 0.0365906 0
0011110110 0.0202637 -3.14159
0011110111 0.0248566 0
0011111000 0.0011549 -3.14159
0011111001 0.0437317 -3.14159
0011111010 0.0106201 0
0011111011 0.0553589 -3.14159
0011111100 0.0233002 -3.14159
0011111101 0.0178223 -3.14159
0011111110 0.0291901 0
0011111111 0.00792694 0
0100000000 0.00774384 -3.14159
0100000001 0.0125046 -3.14159
0100000010 0.0238953 -3.14159
0100000011 0.00269699 -3.14159
0100000100 0.0678101 -3.14159
0100000101 0.0238342 0
0100000110 0.0326843 0
0100000111 0.0353699 -3.14159
0100001000 0.0391235 0
0100001001 0.00820923 -3.14159
0100001010 0.0133591 0
0100001011 0.0307617 -3.14159
0100001100 0.00915527 -3.14159
0100001101 0.0548401 -3.14159
0100001110 0.0123367 0
0100001111 0.00886536 -3.14159
0100010000 0.033844 0
0100010001 0.0704346 -3.14159
0100010010 0.00196075 -3.14159
0100010011 0.0269012 -3.14159
0100010100 0.0913086 -3.14159
0100010101 0.0352173 -3.14159
0100010110 0.00895691 0
0100010111 0.0469971 -3.14159
0100011000 0.0508423 -3.14159
0100011001 0.0309448 0
0100011010 0.0137711 -3.14159
0100011011 0.01297 0
0100011100 0.00459671 0
0100011101 0.0167084 -3.14159
0100011110 0.0271759 0
0100011111 0.0107117 0
0100100000 0.017395 0
0100100001 0.0623474 0
0100100010 0.0147552 -3.14159
0100100011 0.0328369 0
0100100100 0.00658035 -3.14159
0100100101 0.0370178 -3.14159
0100100110 0.0847778 0
0100100111 0.0100784 -3.14159
0100101000 0.0325928 0
0100101001 0.0447693 -3.14159
0100101010 0.00627899 -3.14159
0100101011 0.0563049 0
0100101100 0.0263214 -3.14159
0100101101 0.00453186 0
0100101110 0.0387878 -3.14159
0100101111 0.0319519 0
0100110000 0.0361938 0
0100110001 0.00752258 0
0100110010 0.0156403 0
0100110011 0.0613403 -3.14159
0100110100 0.0274353 0
0100110101 0.0192566 0
0100110110 0.01474 -3.14159
0100110111 0.0079422 0
0100111000 0.0279083 0
0100111001 0.0185242 0
0100111010 0.010437 -3.14159
0100111011 0.000774384 0
0100111100 0.00747299 -3.14159
0100111101 0.0322876 0
0100111110 0.0135498 0
0100111111 0.00274658 0
0101000000 0.00797272 0
0101000001 0.0210114 -3.14159
0101000010 0.053009 -3.14159
0101000011 0.0316467 -3.14159
0101000100 0.00558853 0
0101000101 0.0461426 0
0101000110 0.0207825 -3.14159
0101000111 0.0348206 0
0101001000 0.0348206 -3.14159
0101001001 0.0454407 -3.14159
0101001010 0.0101013 0
0101001011 0.00507736 0
0101001100 0.0123062 -3.14159
0101001101 0.00680923 -3.14159
0101001110 0.000705719 0
0101001111 0.0239716 0
0101010000 0.00923157 0
0101010001 0.00879669 0
0101010010 0.0207062 -3.14159
0101010011 0.0244904 -3.14159
0101010100 0.0281372 -3.14159
0101010101 0.0201569 0
0101010110 0.0132675 -3.14159
0101010111 0.0222626 0
0101011000 0.0203094 0
0101011001 0.0157166 0
0101011010 0.0317078 -3.14159
0101011011 0.0124741 -3.14159
0101011100 0.00909424 0
0101011101 0.000175595 0
0101011110 0.0300446 -3.14159
0101011111 0.00448608 0
0101100000 0.0374756 -3.14159
0101100001 0.0174408 -3.14159
0101100010 0.0305939 0
0101100011 0.037323 -3.14159
0101100100 0.0246887 -3.14159
0101100101 0.00537491 0
0101100110 0.0400696 -3.14159
0101100111 0.0163574 0
0101101000 0.0344849 0
0101101001 0.00389481 -3.14159
0101101010 0.0592041 -3.14159
0101101011 0.00509644 -3.14159
0101101100 0.023941 0
0101101101 0.0353699 0
0101101110 0.0409546 -3.14159
0101101111 0.0379333 -3.14159
0101110000 0.0390625 0
0101110001 0.0263519 -3.14159
0101110010 0.0444641 -3.14159
0101110011 0.0041008 0
0101110100 0.00210381 -3.14159
0101110101 0.00203896 -3.14159
0101110110 0.0298615 -3.14159
0101110111 0.0236511 0
0101111000 0.00360107 0
0101111001 0.0157013 0
0101111010 0.0228271 -3.14159
0101111011 0.0075264 0
0101111100 0.026001 0
0101111101 0.0202789 -3.14159
0101111110 0.0137024 0
0101111111 0.0446777 0
0110000000 0.0204315 -3.14159
0110000001 0.0498047 -3.14159
0110000010 0.00166035 -3.14159
0110000011 0.0330811 0
0110000100 0.0187073 -3.14159
0110000101 0.000871658 0
0110000110 0.0162048 0
0110000111 0.0412903 -3.14159
0110001000 0.00366783 -3.14159
0110001001 0.0301666 0
0110001010 0.0397949 0
0110001011 0.0390625 -3.14159
0110001100 0.0276489 0
0110001101 0.0254211 -3.14159
0110001110 0.0339661 0
0110001111 0.0101471 0
0110010000 0.0477295 0
0110010001 0.0309448 -3.14159
0110010010 0.0518188 0
0110010011 0.0291138 0
0110010100 0.0233154 0
0110010101 0.0601501 -3.14159
0110010110 0.0502625 0
0110010111 0.00900269 0
0110011000 0.0231628 -3.14159
0110011001 0.0900269 -3.14159
0110011010 0.00779724 0
0110011011 0.00854492 -3.14159
0110011100 0.00817871 0
0110011101 0.0344543 -3.14159
0110011110 0.00564194 0
0110011111 0.0397034 0
0110100000 0.0261536 0
0110100001 0.00808716 0
0110100010 0.00931549 0
0110100011 0.014473 0
0110100100 0.00684357 -3.14159
0110100101 0.0553589 0
0110100110 0.00953674 -3.14159
0110100111 0.045929 0
0110101000 0.0260773 -3.14159
0110101001 0.0247345 0
0110101010 0.0139542 0
0110101011 0.0301208 0
0110101100 0.0552673 -3.14159
0110101101 0.00913239 0
0110101110 0.0240021 0
0110101111 0.0160522 -3.14159
0110110000 0.00810242 -3.14159
0110110001 0.0369873 0
0110110010 0.0173645 0
0110110011 0.0223083 0
0110110100 0.00699615 0
0110110101 0.0415039 0
0110110110 0.0252686 0
0110110111 0.0324402 -3.14159
0110111000 0.0392151 -3.14159
0110111001 0.0229187 0
0110111010 0.0105286 -3.14159
0110111011 0.0847168 0
0110111100 0.015976 -3.14159
0110111101 0.0460815 -3.14159
0110111110 0.0112 0
0110111111 0.0102997 -3.14159
0111000000 0.000416279 -3.14159
0111000001 0.00157166 0
0111000010 0.0135498 0
0111000011 0.0222321 -3.14159
0111000100 0.0231476 -3.14159
0111000101 0.0621948 -3.14159
0111000110 0.00813293 -3.14159
0111000111 0.0605774 -3.14159
0111001000 0.0233917 0
0111001001 0.0275421 -3.14159
0111001010 0.0211639 0
0111001011 0.0112839 0
0111001100 0.0117645 -3.14159
0111001101 0.0441284 -3.14159
0111001110 0.0347595 0
0111001111 0.017807 -3.14159
0111010000 0.00262833 0
0111010001 0.00031662 -3.14159
0111010010 0.0492249 0
0111010011 0.0457764 0
0111010100 0.0070076 -3.14159
0111010101 0.000279665 -3.14159
0111010110 0.0563354 0
0111010111 0.00775146 0
0111011000 0.0116425 -3.14159
0111011001 0.0145721 -3.14159
0111011010 0.00599289 0
0111011011 0.0167084 -3.14159
0111011100 0.0151443 0
0111011101 0.00672913 -3.14159
0111011110 0.0559082 -3.14159
0111011111 0.0062561 -3.14159
0111100000 0.0241089 0
0111100001 0.0131683 0
0111100010 0.00578308 0
0111100011 0.0239105 -3.14159
0111100100 0.00341225 -3.14159
0111100101 0.000610352 -3.14159
0111100110 0.0285645 -3.14159
0111100111 0.000757217 0
0111101000 0.0536804 -3.14159
0111101001 0.0118179 0
0111101010 0.00531769 0
0111101011 0.00598907 -3.14159
0111101100 0.0308533 -3.14159
0111101101 0.0532837 -3.14159
0111101110 0.0250244 0
0111101111 0.016098 0
0111110000 0.0218201 0
0111110001 0.00766373 0
0111110010 0.0447083 -3.14159
0111110011 0.0141525 -3.14159
0111110100 0.0559082 -3.14159
0111110101 0.0462036 -3.14159
0111110110 0.00920868 0
0111110111 0.0130157 -3.14159
0111111000 0.000570297 -3.14159
0111111001 0.0365601 0
0111111010 0.056488 -3.14159
0111111011 0.0435791 -3.14159
0111111100 0.0157776 -3.14159
0111111101 0.0107117 0
0111111110 0.0252533 -3.14159
0111111111 0.0247803 0
1000000000 0.00783539 -3.14159
1000000001 0.0255127 -3.14159
1000000010 0.000415564 0
1000000011 0.0225067 0
1000000100 0.0199432 0
1000000101 0.0209351 -3.14159
1000000110 0.0138626 -3.14159
1000000111 0.00956726 0
1000001000 0.031311 -3.14159
1000001001 0.0462646 0
1000001010 0.0147324 -3.14159
1000001011 0.00252914 0
1000001100 0.0396423 -3.14159
1000001101 0.0140686 -3.14159
1000001110 0.0331116 0
1000001111 0.00170326 -3.14159
1000010000 0.00485229 -3.14159
1000010001 0.000629902 -3.14159
1000010010 0.0319519 -3.14159
1000010011 0.0226593 -3.14159
1000010100 0.0332336 0
1000010101 0.0296936 -3.14159
1000010110 0.0284729 0
1000010111 0.0265198 0
1000011000 0.0491943 0
1000011001 0.0541687 -3.14159
1000011010 0.0252991 0
1000011011 0.0138397 0
1000011100 0.0192413 0
1000011101 0.0449829 0
1000011110 0.00517273 -3.14159
1000011111 0.0131454 -3.14159
1000100000 0.0117264 -3.14159
1000100001 0.0371704 0
1000100010 0.0050354 -3.14159
1000100011 0.0370789 0
1000100100 0.0311737 -3.14159
1000100101 0.0326233 -3.14159
1000100110 0.027298 -3.14159
1000100111 0.0160828 -3.14159
1000101000 0.00707245 0
1000101001 0.00279808 -3.14159
1000101010 0.0260468 0
1000101011 0.0376282 0
1000101100 0.0196991 -3.14159
1000101101 0.054657 -3.14159
1000101110 0.0252686 -3.14159
1000101111 0.000145078 0
1000110000 0.0117264 -3.14159
1000110001 0.00253677 -3.14159
1000110010 0.0122833 0
1000110011 0.00815582 -3.14159
1000110100 0.0183868 -3.14159
1000110101 0.0234528 0
1000110110 0.0223846 0
1000110111 0.0205536 0
1000111000 0.0631104 -3.14159
1000111001 0.00813293 0
1000111010 0.00891876 0
1000111011 0.0193787 0
1000111100 0.0233459 0
1000111101 0.0123596 0
1000111110 0.0198517 0
1000111111 0.0046463 0
1001000000 0.00678635 -3.14159
1001000001 0.0140152 -3.14159
1001000010 0.00907898 -3.14159
1001000011 0.014183 0
1001000100 0.0198822 -3.14159
1001000101 0.00602722 0
1001000110 0.0172729 -3.14159
1001000111 0.0352478 -3.14159
1001001000 0.029892 0
1001001001 0.0164948 -3.14159
1001001010 0.0266571 -3.14159
1001001011 0.000943661 0
1001001100 0.0249329 0
1001001101 0.0156174 -3.14159
1001001110 0.0189819 0
1001001111 0.0376892 -3.14159
1001010000 0.058075 0
1001010001 0.0261841 0
1001010010 0.0613098 -3.14159
1001010011 0.0505676 -3.14159
1001010100 0.0121841 0
1001010101 0.0102539 -3.14159
1001010110 0.00385857 0
1001010111 0.0458679 0
1001011000 0.0418701 -3.14159
1001011001 0.0248413 0
1001011010 0.00738907 0
1001011011 0.000258923 -3.14159
1001011100 0.0182648 -3.14159
1001011101 0.0279083 0
1001011110 0.032959 0
1001011111 0.00179005 0
1001100000 0.00972748 -3.14159
1001100001 0.0117493 0
1001100010 0.0161591 0
1001100011 0.00112057 0
1001100100 0.0405579 -3.14159
1001100101 0.00277519 0
1001100110 0.00234795 0
1001100111 0.0861206 0
1001101000 0.0382385 0
1001101001 0.0279236 -3.14159
1001101010 0.0172882 0
1001101011 0.00460434 -3.14159
1001101100 0.00298882 -3.14159
1001101101 0.0599365 0
1001101110 0.0166168 0
1001101111 0.0600586 0
1001110000 0.0353088 0
1001110001 0.0444946 -3.14159
1001110010 0.000461817 0
1001110011 0.00108719 0
1001110100 0.026413 -3.14159
1001110101 0.00870514 0
1001110110 0.0490723 0
1001110111 0.00278282 -3.14159
1001111000 0.019989 0
1001111001 0.00650787 -3.14159
1001111010 0.0198212 0
1001111011 0.0386353 -3.14159
1001111100 0.00984955 -3.14159
1001111101 0.00166798 0
1001111110 0.0357056 -3.14159
1001111111 0.0159149 -3.14159
1010000000 0.000242472 -3.14159
1010000001 0.014946 -3.14159
1010000010 0.0228271 -3.14159
1010000011 0.0294647 -3.14159
1010000100 0.00210953 -3.14159
1010000101 0.044342 0
1010000110 0.0480042 0
1010000111 0.0366821 -3.14159
1010001000 0.0135803 -3.14159
1010001001 0.0891113 0
1010001010 0.0524597 -3.14159
1010001011 0.0256805 0
1010001100 0.0122757 0
1010001101 0.022522 0
1010001110 0.0236511 -3.14159
1010001111 0.00550842 0
1010010000 0.0314026 0
1010010001 0.044281 -3.14159
1010010010 0.0193176 -3.14159
1010010011 0.00544739 -3.14159
1010010100 0.0198975 -3.14159
1010010101 0.000680923 0
1010010110 0.036438 -3.14159
1010010111 0.0309906 0
1010011000 0.0092926 0
1010011001 0.0709229 0
1010011010 0.00107002 0
1010011011 0.00533295 0
1010011100 0.0092926 -3.14159
1010011101 0.0327148 0
1010011110 0.0204468 0
1010011111 0.0106049 -3.14159
1010100000 0.0244751 -3.14159
1010100001 0.000916958 0
1010100010 0.0045433 -3.14159
1010100011 0.0232391 -3.14159
1010100100 0.0309906 -3.14159
1010100101 0.0378723 0
1010100110 0.0172424 0
1010100111 0.013588 0
1010101000 0.0287018 -3.14159
1010101001 0.00633621 0
1010101010 0.0193787 0
1010101011 0.109558 0
1010101100 0.0117645 0
1010101101 0.0165253 0
1010101110 0.00841522 -3.14159
1010101111 0.0314941 -3.14159
1010110000 0.0523987 0
1010110001 0.0686035 -3.14159
1010110010 0.0152588 -3.14159
1010110011 0.017868 0
1010110100 0.0033989 -3.14159
1010110101 0.0270691 0
1010110110 0.00544739 -3.14159
1010110111 0.0165405 -3.14159
1010111000 0.00871277 -3.14159
1010111001 0.0279999 0
1010111010 0.0407104 -3.14159
1010111011 0.015625 0
1010111100 0.0272522 -3.14159
1010111101 0.026947 0
1010111110 0.0440063 -3.14159
1010111111 0.0283966 -3.14159
1011000000 0.00362968 -3.14159
1011000001 0.00798035 -3.14159
1011000010 0.0283661 0
1011000011 0.0113373 -3.14159
1011000100 0.0379333 0
1011000101 0.0563049 0
1011000110 0.0227966 -3.14159
1011000111 0.0112228 -3.14159
1011001000 0.0765991 -3.14159
1011001001 0.00719833 0
1011001010 0.00124168 0
1011001011 0.00669098 0
1011001100 0.00533676 -3.14159
1011001101 0.0343933 0
1011001110 0.00720596 -3.14159
1011001111 0.0239716 -3.14159
1011010000 0.00256538 0
1011010001 0.0430298 -3.14159
1011010010 0.00580978 0
1011010011 0.0158386 -3.14159
1011010100 0.00240517 -3.14159
1011010101 0.0644531 -3.14159
1011010110 0.00562668 -3.14159
1011010111 0.0469055 -3.14159
1011011000 0.0141144 -3.14159
1011011001 0.0317078 0
1011011010 0.000516891 0
1011011011 0.00121784 -3.14159
1011011100 0.0208893 -3.14159
1011011101 0.022522 0
1011011110 0.036377 -3.14159
1011011111 0.0250244 -3.14159
1011100000 0.0150604 0
1011100001 0.00813293 0
1011100010 0.000308275 0
1011100011 0.0577087 0
1011100100 0.0571289 0
1011100101 0.00531769 -3.14159
1011100110 0.00419998 0
1011100111 0.0343323 0
1011101000 0.0506897 0
1011101001 0.0319214 -3.14159
1011101010 0.00487137 0
1011101011 0.0102997 -3.14159
1011101100 0.0305939 0
1011101101 0.00837708 -3.14159
1011101110 0.0425415 0
1011101111 0.113586 0
1011110000 0.0163269 0
1011110001 0.00882721 -3.14159
1011110010 0.000905037 0
1011110011 0.0137177 -3.14159
1011110100 0.0137939 -3.14159
1011110101 0.0258484 0
1011110110 0.0643921 -3.14159
1011110111 0.0318298 -3.14159
1011111000 0.0230713 0
1011111001 0.0343933 -3.14159
1011111010 0.00621414 -3.14159
1011111011 0.0137329 -3.14159
1011111100 0.0605164 0
1011111101 0.0310974 0
1011111110 0.0543213 0
1011111111 0.0216522 0
1100000000 0.0218353 -3.14159
1100000001 0.038147 0
1100000010 0.0138702 -3.14159
1100000011 0.00370979 -3.14159
1100000100 0.0251465 -3.14159
1100000101 0.0239105 0
1100000110 0.00248528 -3.14159
1100000111 0.0341492 0
1100001000 0.00117207 -3.14159
1100001001 0.0122223 -3.14159
1100001010 0.00773239 0
1100001011 0.00517273 0
1100001100 0.00442505 -3.14159
1100001101 0.00032115 -3.14159
1100001110 0.0235901 0
1100001111 0.0121002 0
1100010000 0.0605774 0
1100010001 0.0129623 0
1100010010 0.00519943 -3.14159
1100010011 0.0646973 -3.14159
1100010100 0.0069313 -3.14159
1100010101 0.0396423 -3.14159
1100010110 0.0199585 -3.14159
1100010111 0.0712891 0
1100011000 0.0371704 -3.14159
1100011001 0.0033741 -3.14159
1100011010 0.0101776 0
1100011011 0.0135117 0
1100011100 0.0146332 -3.14159
1100011101 0.0174103 0
1100011110 0.0104828 -3.14159
1100011111 0.0100555 -3.14159
1100100000 0.0113144 0
1100100001 0.0421143 -3.14159
1100100010 0.0345154 0
1100100011 0.0121918 0
1100100100 0.0224152 0
1100100101 0.0429688 -3.14159
1100100110 0.00912476 0
1100100111 0.00127125 -3.14159
1100101000 0.02771 -3.14159
1100101001 0.0317078 0
1100101010 0.0270691 0
1100101011 0.0533447 0
1100101100 0.0440674 -3.14159
1100101101 0.0355835 -3.14159
1100101110 0.0789185 0
1100101111 0.0091095 -3.14159
1100110000 0.0158997 0
1100110001 0.0160522 -3.14159
1100110010 0.0538635 0
1100110011 0.0271759 -3.14159
1100110100 0.00328445 0
1100110101 0.00480652 -3.14159
1100110110 0.0533142 0
1100110111 0.00639725 -3.14159
1100111000 0.0124893 -3.14159
1100111001 0.00762177 0
1100111010 0.0227966 -3.14159
1100111011 0.0415344 -3.14159
1100111100 0.0306702 -3.14159
1100111101 0.0258484 -3.14159
1100111110 0.0255432 -3.14159
1100111111 0.0415039 -3.14159
1101000000 0.0717773 0
1101000001 0.0123825 -3.14159
1101000010 0.00746536 -3.14159
1101000011 0.03125 -3.14159
1101000100 0.0529785 0
1101000101 0.0535583 0
1101000110 0.0278015 0
1101000111 0.010788 -3.14159
1101001000 0.0666504 0
1101001001 0.0159912 0
1101001010 0.0144882 0
1101001011 0.00476837 0
1101001100 0.0147934 -3.14159
1101001101 0.0166321 0
1101001110 0.00638199 -3.14159
1101001111 0.0174561 0
1101010000 0.000667095 0
1101010001 0.000725746 -3.14159
1101010010 0.0115662 0
1101010011 0.0569763 0
1101010100 0.0124359 0
1101010101 0.0094986 0
1101010110 0.012558 0
1101010111 0.0454712 0
1101011000 0.00602722 -3.14159
1101011001 0.023941 0
1101011010 0.0290527 0
1101011011 0.0059166 -3.14159
1101011100 0.021347 0
1101011101 0.026947 0
1101011110 0.0248108 -3.14159
1101011111 0.0451355 -3.14159
1101100000 0.0155411 0
1101100001 0.0182648 -3.14159
1101100010 0.020752 -3.14159
1101100011 0.0384827 0
1101100100 0.0412292 -3.14159
1101100101 0.0464172 -3.14159
1101100110 0.0171661 -3.14159
1101100111 0.0222778 0
1101101000 0.0358582 0
1101101001 0.0189362 0
1101101010 0.0189056 0
1101101011 0.00751114 0
1101101100 0.030777 -3.14159
1101101101 0.019165 0
1101101110 0.0209503 0
1101101111 0.0397644 -3.14159
1101110000 0.0139008 -3.14159
1101110001 0.0437012 0
1101110010 0.0102997 -3.14159
1101110011 0.0598755 -3.14159
1101110100 0.0136642 -3.14159
1101110101 0.0216827 0
1101110110 0.0121536 -3.14159
1101110111 0.038147 -3.14159
1101111000 0.0593872 -3.14159
1101111001 0.00958252 0
1101111010 0.00712967 0
1101111011 0.016861 -3.14159
1101111100 0.0411987 0
1101111101 0.0319214 -3.14159
1101111110 0.0220337 0
1101111111 0.0349426 -3.14159
1110000000 0.0134659 -3.14159
1110000001 0.0118561 0
1110000010 0.0692749 0
1110000011 0.0384827 -3.14159
1110000100 0.0145111 -3.14159
1110000101 0.020874 0
1110000110 0.0151367 -3.14159
1110000111 0.0422363 0
1110001000 0.00469589 -3.14159
1110001001 0.0195618 0
1110001010 0.0108032 0
1110001011 0.0119705 0
1110001100 0.0271606 -3.14159
1110001101 0.067749 0
1110001110 0.0270081 0
1110001111 0.0334473 0
1110010000 0.0292053 -3.14159
1110010001 0.0156555 0
1110010010 0.00225449 0
1110010011 0.038269 0
1110010100 0.039917 -3.14159
1110010101 0.0389099 -3.14159
1110010110 0.0296936 0
1110010111 0.0256958 -3.14159
1110011000 0.0101013 0
1110011001 0.0160217 -3.14159
1110011010 0.0218506 0
1110011011 0.0266113 -3.14159
1110011100 0.0281982 0
1110011101 0.00104713 -3.14159
1110011110 0.0218201 -3.14159
1110011111 0.0744019 0
1110100000 0.0313416 0
1110100001 0.0167542 -3.14159
1110100010 0.0610352 -3.14159
1110100011 0.00854492 -3.14159
1110100100 0.00824738 0
1110100101 0.0386353 0
1110100110 0.0441589 -3.14159
1110100111 0.0166626 0
1110101000 0.0271606 -3.14159
1110101001 0.0332642 0
1110101010 0.0340271 0
1110101011 0.0122452 0
1110101100 0.0318909 0
1110101101 0.00493622 -3.14159
1110101110 0.00810242 0
1110101111 0.010994 0
1110110000 0.0319214 0
1110110001 0.0139008 -3.14159
1110110010 0.0272522 -3.14159
1110110011 0.0692749 -3.14159
1110110100 0.0100937 0
1110110101 0.0690918 -3.14159
1110110110 0.0373535 0
1110110111 0.00511169 -3.14159
1110111000 0.0202026 -3.14159
1110111001 0.11615 -3.14159
1110111010 0.0420532 -3.14159
1110111011 0.0245667 0
1110111100 0.0331726 -3.14159
1110111101 0.0231476 0
1110111110 0.019043 -3.14159
1110111111 0.0248413 -3.14159
1111000000 0.0375366 0
1111000001 0.0429688 -3.14159
1111000010 0.0608521 0
1111000011 0.0307312 -3.14159
1111000100 0.0400696 -3.14159
1111000101 0.00814819 -3.14159
1111000110 0.039917 0
1111000111 0.0147629 -3.14159
1111001000 0.0354004 -3.14159
1111001001 0.0326233 -3.14159
1111001010 0.0112839 0
1111001011 0.0288849 0
1111001100 0.0118561 -3.14159
1111001101 0.0117264 -3.14159
1111001110 0.00179577 -3.14159
1111001111 0.100342 0
1111010000 0.00434113 -3.14159
1111010001 0.0367432 -3.14159
1111010010 0.00286102 0
1111010011 0.0107574 0
1111010100 0.0111313 0
1111010101 0.0067749 -3.14159
1111010110 0.00905609 0
1111010111 0.0056839 0
1111011000 0.0263214 0
1111011001 0.00894928 -3.14159
1111011010 0.0367737 -3.14159
1111011011 0.0355835 0
1111011100 0.00709152 0
1111011101 0.0208588 -3.14159
1111011110 0.0129166 -3.14159
1111011111 0.0180969 -3.14159
1111100000 0.0271454 0
1111100001 0.0134735 -3.14159
1111100010 0.00261116 -3.14159
1111100011 0.0597534 -3.14159
1111100100 0.0179749 0
1111100101 0.0149841 -3.14159
1111100110 0.04599 0
1111100111 0.000110626 0
1111101000 0.016922 0
1111101001 0.00719452 0
1111101010 0.0458069 -3.14159
1111101011 0.0411072 -3.14159
1111101100 0.0776367 0
1111101101 0.0511475 -3.14159
1111101110 0.0578613 0
1111101111 0.0536804 0
1111110000 0.0334778 -3.14159
1111110001 0.0577087 0
1111110010 0.0126877 -3.14159
1111110011 0.0417175 -3.14159
1111110100 0.0460205 -3.14159
1111110101 0.0429077 0
1111110110 0.0527954 -3.14159
1111110111 0.0397949 0
1111111000 0.0668335 -3.14159
1111111001 0.0263519 -3.14159
1111111010 0.022995 -3.14159
1111111011 0.00429153 0
1111111100 0.0269775 0
1111111101 0.020874 0
1111111110 0.0369263 0
1111111111 0.00175476 -3.14159
