0000000000 0.000967979 -3.14159
0000000001 0.0135956 0
0000000010 0.0222321 0
0000000011 0.00431824 0
0000000100 0.0276794 -3.14159
0000000101 0.0276794 0
0000000110 0.0115814 -3.14159
0000000111 0.0296783 -3.14159
0000001000 0.0390015 0
0000001001 0.0352478 0
0000001010 0.000104666 0
0000001011 0.0250397 -3.14159
0000001100 0.00791168 0
0000001101 0.00434875 -3.14159
0000001110 0.00525284 0
0000001111 0.00277901 -3.14159
0000010000 0.0196228 0
0000010001 0.0315247 0
0000010010 0.0513611 -3.14159
0000010011 0.0325928 -3.14159
0000010100 0.028595 -3.14159
0000010101 0.0496826 -3.14159
0000010110 0.0472717 -3.14159
0000010111 0.00738525 -3.14159
0000011000 0.0224152 -3.14159
0000011001 0.0195618 0
0000011010 0.0129318 0
0000011011 0.0539856 0
0000011100 0.00618362 0
0000011101 0.00952148 0
0000011110 0.0499878 -3.14159
0000011111 0.0674438 0
0000100000 0.0802612 -3.14159
0000100001 0.0102005 -3.14159
0000100010 0.0740967 -3.14159
0000100011 0.036377 0
0000100100 0.0105515 -3.14159
0000100101 0.0293732 0
0000100110 0.0431824 0
0000100111 0.0121078 -3.14159
0000101000 0.0185242 0
0000101001 0.0535889 0
0000101010 0.0291748 -3.14159
0000101011 0.0777588 0
0000101100 0.00689697 0
0000101101 0.00564194 0
0000101110 0.0228577 -3.14159
0000101111 0.0128937 0
0000110000 0.0312347 0
0000110001 0.00423813 -3.14159
0000110010 0.0278778 0
0000110011 0.0232697 0
0000110100 0.0609741 -3.14159
0000110101 0.00525284 0
0000110110 0.0409851 0
0000110111 0.00227737 0
0000111000 0.0161133 0
0000111001 0.0489197 -3.14159
0000111010 0.00627136 0
0000111011 0.00545502 0
0000111100 0.00346756 -3.14159
0000111101 0.0525513 0
0000111110 0.00284958 -3.14159
0000111111 0.00118732 -3.14159
0001000000 0.021286 0
0001000001 0.0327148 -3.14159
0001000010 0.0325317 -3.14159
0001000011 0.0043602 -3.14159
0001000100 0.0230255 -3.14159
0001000101 0.0312042 0
0001000110 0.0079422 0
0001000111 0.0111465 -3.14159
0001001000 0.078125 -3.14159
0001001001 0.0196533 -3.14159
0001001010 0.0162659 -3.14159
0001001011 0.0264587 -3.14159
0001001100 0.0251465 0
0001001101 0.0359497 -3.14159
0001001110 0.0490417 0
0001001111 0.00907135 0
0001010000 0.0200043 0
0001010001 0.00544357 0
0001010010 0.0583191 0
0001010011 0.0085907 -3.14159
0001010100 0.0135803 -3.14159
0001010101 0.0134506 0
0001010110 0.0138474 -3.14159
0001010111 0.0325928 -3.14159
0001011000 0.0783691 0
0001011001 0.0657349 0
0001011010 0.0130463 -3.14159
0001011011 0.0792236 -3.14159
0001011100 0.0297394 0
0001011101 0.0185852 0
0001011110 0.0431519 -3.14159
0001011111 0.0011034 -3.14159
0001100000 0.0634155 -3.14159
0001100001 0.00572586 0
0001100010 0.0344238 -3.14159
0001100011 0.0104141 0
0001100100 0.051239 0
0001100101 0.0322876 -3.14159
0001100110 0.0116425 0
0001100111 0.100586 0
0001101000 0.0513 0
0001101001 0.0078125 -3.14159
0001101010 0.00560379 0
0001101011 0.0132294 -3.14159
0001101100 0.0419006 -3.14159
0001101101 0.0129776 -3.14159
0001101110 0.0350342 0
0001101111 0.0122375 0
0001110000 0.0314026 -3.14159
0001110001 0.0165253 0
0001110010 0.0446777 -3.14159
0001110011 0.0246124 0
0001110100 0.0391541 0
0001110101 0.0142975 -3.14159
0001110110 0.0336914 -3.14159
0001110111 0.0303497 -3.14159
0001111000 0.0130005 -3.14159
0001111001 0.0234222 -3.14159
0001111010 0.0174408 0
0001111011 0.0397034 0
0001111100 0.0131454 -3.14159
0001111101 0.0220184 0
0001111110 0.00707626 0
0001111111 0.0332947 0
0010000000 0.00827026 -3.14159
0010000001 0.025589 0
0010000010 0.0284119 -3.14159
0010000011 0.0273438 -3.14159
0010000100 0.0158081 -3.14159
0010000101 0.00142765 -3.14159
0010000110 0.0027771 -3.14159
0010000111 0.055481 -3.14159
0010001000 0.00938416 0
0010001001 0.026062 0
0010001010 0.0148087 0
0010001011 0.0266876 -3.14159
0010001100 0.0101166 -3.14159
0010001101 0.0275879 -3.14159
0010001110 0.028656 0
0010001111 0.00328827 -3.14159
0010010000 0.0888672 -3.14159
0010010001 0.0155334 -3.14159
0010010010 0.00964355 -3.14159
0010010011 0.026062 -3.14159
0010010100 0.0410767 -3.14159
0010010101 0.0285339 -3.14159
0010010110 0.0116653 0
0010010111 0.0167542 0
0010011000 0.0102615 0
0010011001 0.0270538 -3.14159
0010011010 0.0249786 0
0010011011 0.0296173 0
0010011100 0.0292511 0
0010011101 0.0395203 0
0010011110 0.00350571 0
0010011111 0.00588608 -3.14159
0010100000 0.0313721 -3.14159
0010100001 0.0158844 0
0010100010 0.0632324 -3.14159
0010100011 0.0200195 -3.14159
0010100100 0.015152 -3.14159
0010100101 0.00924683 -3.14159
0010100110 0.0492249 0
0010100111 0.0602722 0
0010101000 0.00882721 0
0010101001 0.00547409 -3.14159
0010101010 0.0106125 -3.14159
0010101011 0.0155945 -3.14159
0010101100 0.0485535 -3.14159
0010101101 0.0772095 0
0010101110 0.000488758 -3.14159
0010101111 0.000689983 0
0010110000 0.0185699 -3.14159
0010110001 0.012825 -3.14159
0010110010 0.0263062 0
0010110011 0.0183411 -3.14159
0010110100 0.0266724 0
0010110101 0.0106125 0
0010110110 0.00682449 -3.14159
0010110111 0.0062561 -3.14159
0010111000 0.0337524 0
0010111001 0.0106354 -3.14159
0010111010 0.0121307 -3.14159
0010111011 0.0159912 0
0010111100 0.00354385 -3.14159
0010111101 0.0247192 -3.14159
0010111110 0.0169678 0
0010111111 0.00972748 0
0011000000 0.00400543 -3.14159
0011000001 0.0276337 0
0011000010 0.0566101 0
0011000011 0.0166473 0
0011000100 0.00387192 -3.14159
0011000101 0.0205994 0
0011000110 0.0174255 0
0011000111 0.0030098 0
0011001000 0.0304871 0
0011001001 0.00500107 0
0011001010 0.0482788 0
0011001011 0.0374451 -3.14159
0011001100 0.0159912 0
0011001101 0.0316162 -3.14159
0011001110 0.0834961 0
0011001111 0.00918579 0
0011010000 0.0119324 -3.14159
0011010001 0.00536728 -3.14159
0011010010 0.00812531 -3.14159
0011010011 0.0276794 -3.14159
0011010100 0.0304108 -3.14159
0011010101 0.0312805 -3.14159
0011010110 0.00816345 -3.14159
0011010111 0.0124359 0
0011011000 0.000133276 0
0011011001 0.000506401 -3.14159
0011011010 0.00463104 -3.14159
0011011011 0.0259552 -3.14159
0011011100 0.0206299 0
0011011101 0.0282288 -3.14159
0011011110 0.0253601 0
0011011111 0.0407715 0
0011100000 0.0425415 0
0011100001 0.0022316 0
0011100010 0.0068512 0
0011100011 0.00399017 -3.14159
0011100100 0.0092392 -3.14159
0011100101 0.00842285 0
0011100110 0.0216064 0
0011100111 0.0335083 0
0011101000 0.00780106 -3.14159
0011101001 0.00443649 -3.14159
0011101010 0.0100632 0
0011101011 0.0328674 0
0011101100 0.0100784 0
0011101101 0.0175934 -3.14159
0011101110 0.0471802 -3.14159
0011101111 0.0262909 -3.14159
0011110000 0.00988007 -3.14159
0011110001 0.0613708 0
0011110010 0.00487518 -3.14159
0011110011 0.0394287 0
0011110100 0.000231504 -3.14159
0011110101 0.0328369 0
0011110110 0.0634766 -3.14159
0011110111 0.040802 0
0011111000 0.0153351 0
0011111001 0.0545959 -3.14159
0011111010 0.0210266 0
0011111011 0.0370789 -3.14159
0011111100 0.0224457 -3.14159
0011111101 0.00580978 -3.14159
0011111110 0.037384 0
0011111111 0.0123291 -3.14159
0100000000 0.0223846 0
0100000001 0.0146103 -3.14159
0100000010 0.0024395 -3.14159
0100000011 0.00341415 -3.14159
0100000100 0.0783691 -3.14159
0100000101 0.0233307 0
0100000110 0.0578308 0
0100000111 0.0379333 -3.14159
0100001000 0.0158386 0
0100001001 0.00559616 0
0100001010 0.00127602 0
0100001011 0.0187378 -3.14159
0100001100 0.00801849 -3.14159
0100001101 0.0114899 -3.14159
0100001110 0.0043869 0
0100001111 0.0152435 0
0100010000 0.0238037 0
0100010001 0.0750122 -3.14159
0100010010 0.016571 0
0100010011 0.00566101 0
0100010100 0.0725708 -3.14159
0100010101 0.0435791 -3.14159
0100010110 0.0293732 0
0100010111 0.036438 -3.14159
0100011000 0.0120773 -3.14159
0100011001 0.0315247 0
0100011010 0.0308075 -3.14159
0100011011 0.013092 0
0100011100 0.0242157 -3.14159
0100011101 0.0216675 -3.14159
0100011110 0.0455933 0
0100011111 0.0127335 -3.14159
0100100000 0.0197754 -3.14159
0100100001 0.0286102 0
0100100010 0.00658417 -3.14159
0100100011 0.0309143 0
0100100100 0.0163269 0
0100100101 0.0519409 -3.14159
0100100110 0.0880127 0
0100100111 0.0274658 -3.14159
0100101000 0.0456543 0
0100101001 0.0802612 -3.14159
0100101010 0.00537109 -3.14159
0100101011 0.052124 0
0100101100 0.0453186 -3.14159
0100101101 0.0142975 0
0100101110 0.0472107 -3.14159
0100101111 0.0250549 0
0100110000 0.0361633 0
0100110001 0.00662231 0
0100110010 0.00192833 0
0100110011 0.0498352 -3.14159
0100110100 0.0369263 0
0100110101 0.0175629 0
0100110110 0.00178528 0
0100110111 0.0176849 0
0100111000 0.0123825 -3.14159
0100111001 0.0366821 0
0100111010 0.00720215 0
0100111011 0.00316238 0
0100111100 0.00432968 -3.14159
0100111101 0.0218353 0
0100111110 0.00527573 -3.14159
0100111111 0.0265503 -3.14159
0101000000 0.00724411 0
0101000001 0.0338745 -3.14159
0101000010 0.0549927 -3.14159
0101000011 0.0219727 -3.14159
0101000100 0.00402451 0
0101000101 0.0528564 0
0101000110 0.0164185 0
0101000111 0.0262299 0
0101001000 0.0173798 -3.14159
0101001001 0.0492859 -3.14159
0101001010 0.0174103 0
0101001011 0.0143356 0
0101001100 0.0225067 -3.14159
0101001101 0.00965118 -3.14159
0101001110 0.00197411 -3.14159
0101001111 0.0476685 0
0101010000 0.0148315 -3.14159
0101010001 0.00383568 0
0101010010 0.0108566 -3.14159
0101010011 0.0107651 0
0101010100 0.0266266 -3.14159
0101010101 0.0224457 0
0101010110 0.0436707 -3.14159
0101010111 0.0209808 0
0101011000 0.0292358 0
0101011001 0.0129166 0
0101011010 0.0187988 0
0101011011 0.000234842 -3.14159
0101011100 0.0397644 0
0101011101 0.0052681 -3.14159
0101011110 0.0262146 -3.14159
0101011111 1.50204e-05 0
0101100000 0.0401917 -3.14159
0101100001 0.028656 -3.14159
0101100010 0.00952911 0
0101100011 0.0238495 -3.14159
0101100100 0.0445557 -3.14159
0101100101 0.01091 0
0101100110 0.0396118 -3.14159
0101100111 0.0393677 0
0101101000 0.0203857 -3.14159
0101101001 0.0144424 -3.14159
0101101010 0.0513306 -3.14159
0101101011 0.01828 -3.14159
0101101100 0.0117874 0
0101101101 0.0297241 0
0101101110 0.0267181 -3.14159
0101101111 0.0289917 -3.14159
0101110000 0.0648804 0
0101110001 0.0454102 -3.14159
0101110010 0.0576477 -3.14159
0101110011 0.0329895 0
0101110100 0.0102234 0
0101110101 0.019455 -3.14159
0101110110 0.0307007 -3.14159
0101110111 0.00245857 0
0101111000 0.0249176 -3.14159
0101111001 0.000334501 0
0101111010 0.00739288 0
0101111011 0.0108871 0
0101111100 0.012619 0
0101111101 0.0139618 -3.14159
0101111110 0.0254364 0
0101111111 0.0231476 0
0110000000 0.0326538 -3.14159
0110000001 0.0238342 -3.14159
0110000010 0.0059166 0
0110000011 0.0262909 0
0110000100 0.0183868 -3.14159
0110000101 0.00918579 -3.14159
0110000110 0.000946999 -3.14159
0110000111 0.0308533 -3.14159
0110001000 0.00862885 0
0110001001 0.000457048 -3.14159
0110001010 0.0480347 0
0110001011 0.0689697 -3.14159
0110001100 0.0377502 0
0110001101 0.0758667 -3.14159
0110001110 0.0245972 0
0110001111 0.0138702 0
0110010000 0.0326233 0
0110010001 0.0176544 -3.14159
0110010010 0.0226135 0
0110010011 0.0112228 0
0110010100 0.0210419 -3.14159
0110010101 0.0637207 -3.14159
0110010110 0.0371704 0
0110010111 0.0100021 -3.14159
0110011000 0.0169983 -3.14159
0110011001 0.111633 -3.14159
0110011010 0.0193787 0
0110011011 0.00397873 -3.14159
0110011100 0.00785065 -3.14159
0110011101 0.0209656 -3.14159
0110011110 0.0263367 -3.14159
0110011111 0.0180511 0
0110100000 0.0174561 0
0110100001 0.0293121 -3.14159
0110100010 0.0125198 0
0110100011 0.00820923 0
0110100100 0.0059967 -3.14159
0110100101 0.0823975 0
0110100110 0.0115051 -3.14159
0110100111 0.0600281 0
0110101000 0.0127106 -3.14159
0110101001 0.0171509 0
0110101010 0.0380554 0
0110101011 0.0624084 0
0110101100 0.0614014 -3.14159
0110101101 0.0172119 0
0110101110 0.0311432 0
0110101111 0.00914001 -3.14159
0110110000 0.00330925 0
0110110001 0.0543823 0
0110110010 0.0168152 0
0110110011 0.0248718 0
0110110100 0.000730038 0
0110110101 0.04953 0
0110110110 0.0282593 0
0110110111 0.0633545 -3.14159
0110111000 0.0403137 -3.14159
0110111001 0.0229492 0
0110111010 0.0141144 -3.14159
0110111011 0.0985718 0
0110111100 0.0386047 -3.14159
0110111101 0.0382385 -3.14159
0110111110 0.000861168 -3.14159
0110111111 0.0141525 0
0111000000 0.00131798 0
0111000001 0.0231628 -3.14159
0111000010 0.0452881 0
0111000011 0.0309753 -3.14159
0111000100 0.00352097 0
0111000101 0.0454407 -3.14159
0111000110 0.00888824 0
0111000111 0.0348511 -3.14159
0111001000 0.0133438 0
0111001001 0.0147705 -3.14159
0111001010 0.0264282 0
0111001011 0.0421753 0
0111001100 0.0248718 -3.14159
0111001101 0.0477905 -3.14159
0111001110 0.0202484 0
0111001111 0.0114136 -3.14159
0111010000 0.0242157 -3.14159
0111010001 0.0171204 -3.14159
0111010010 0.0514221 0
0111010011 0.0372925 0
0111010100 0.0259705 -3.14159
0111010101 0.0166321 0
0111010110 0.0859375 0
0111010111 0.021637 0
0111011000 0.0066185 -3.14159
0111011001 0.0079422 -3.14159
0111011010 0.0276031 0
0111011011 0.00167942 -3.14159
0111011100 0.0310822 0
0111011101 0.00290871 0
0111011110 0.0587769 -3.14159
0111011111 0.0098877 -3.14159
0111100000 0.0126953 0
0111100001 0.0152588 -3.14159
0111100010 0.00320053 -3.14159
0111100011 0.0158997 -3.14159
0111100100 0.00569916 -3.14159
0111100101 0.042572 0
0111100110 0.0365601 -3.14159
0111100111 0.000412464 0
0111101000 0.0468445 -3.14159
0111101001 0.00405121 0
0111101010 0.0172577 0
0111101011 0.00615311 0
0111101100 0.00823212 -3.14159
0111101101 0.0388489 -3.14159
0111101110 0.0233307 0
0111101111 0.0327759 0
0111110000 0.00716782 0
0111110001 0.0133057 0
0111110010 0.0207214 -3.14159
0111110011 0.00692368 0
0111110100 0.0162048 -3.14159
0111110101 0.0180359 -3.14159
0111110110 0.0237122 -3.14159
0111110111 0.0131531 -3.14159
0111111000 0.0110474 -3.14159
0111111001 0.0537109 0
0111111010 0.0588684 -3.14159
0111111011 0.0422974 -3.14159
0111111100 0.00102234 0
0111111101 0.0276794 0
0111111110 0.00667191 -3.14159
0111111111 0.0148315 -3.14159
1000000000 0.00630569 -3.14159
1000000001 0.0161896 -3.14159
1000000010 0.0155106 0
1000000011 0.00352097 0
1000000100 0.0305481 0
1000000101 0.0195312 -3.14159
1000000110 0.0333557 -3.14159
1000000111 0.0144882 -3.14159
1000001000 0.0182343 -3.14159
1000001001 0.00805664 0
1000001010 0.0229492 -3.14159
1000001011 0.0157623 -3.14159
1000001100 0.0412598 -3.14159
1000001101 0.0261688 -3.14159
1000001110 0.00893402 0
1000001111 0.00799561 -3.14159
1000010000 0.0208893 -3.14159
1000010001 0.0178375 0
1000010010 0.0051651 -3.14159
1000010011 0.0186768 -3.14159
1000010100 0.0371399 0
1000010101 0.0142059 -3.14159
1000010110 0.0378418 0
1000010111 0.0231018 0
1000011000 0.0238037 0
1000011001 0.0675659 -3.14159
1000011010 0.050354 0
1000011011 0.013237 -3.14159
1000011100 0.0231323 0
1000011101 0.0432739 0
1000011110 9.87053e-05 -3.14159
1000011111 0.0126648 -3.14159
1000100000 0.0266724 -3.14159
1000100001 0.0304413 0
1000100010 0.0020256 -3.14159
1000100011 0.0257874 0
1000100100 0.0362244 -3.14159
1000100101 0.0191498 -3.14159
1000100110 0.0527344 -3.14159
1000100111 0.000407934 -3.14159
1000101000 0.00418854 0
1000101001 0.0332947 0
1000101010 0.010376 0
1000101011 0.00195885 -3.14159
1000101100 0.0174561 -3.14159
1000101101 0.0604553 -3.14159
1000101110 0.0522156 -3.14159
1000101111 0.00696945 -3.14159
1000110000 0.0137634 -3.14159
1000110001 0.00132084 0
1000110010 0.0158844 0
1000110011 0.0153122 0
1000110100 0.0162811 -3.14159
1000110101 0.023468 0
1000110110 0.0195618 0
1000110111 0.0246582 0
1000111000 0.0532532 -3.14159
1000111001 0.00128555 0
1000111010 0.0101242 0
1000111011 0.0065918 -3.14159
1000111100 0.00122452 0
1000111101 0.0202484 0
1000111110 0.00116539 0
1000111111 0.00911713 -3.14159
1001000000 0.0415344 -3.14159
1001000001 0.0372925 -3.14159
1001000010 0.0151749 0
1001000011 0.00226784 0
1001000100 0.00309181 -3.14159
1001000101 0.00723267 0
1001000110 3.70741e-05 -3.14159
1001000111 0.0174255 -3.14159
1001001000 0.0505676 0
1001001001 0.0107193 -3.14159
1001001010 0.00548935 -3.14159
1001001011 0.0346069 0
1001001100 0.0474854 0
1001001101 0.0192108 -3.14159
1001001110 0.00357437 0
1001001111 0.012291 -3.14159
1001010000 0.0498352 0
1001010001 0.0391541 0
1001010010 0.0413818 -3.14159
1001010011 0.0310516 -3.14159
1001010100 0.0199585 -3.14159
1001010101 0.00210953 0
1001010110 0.0121155 0
1001010111 0.0313416 0
1001011000 0.0267944 -3.14159
1001011001 0.00231361 0
1001011010 0.00363731 0
1001011011 0.0103149 -3.14159
1001011100 0.0105972 -3.14159
1001011101 0.00482559 -3.14159
1001011110 0.0176544 0
1001011111 0.0089798 0
1001100000 0.0034256 -3.14159
1001100001 0.0281982 0
1001100010 0.00881958 -3.14159
1001100011 0.0248413 0
1001100100 0.0262756 -3.14159
1001100101 0.0149612 0
1001100110 0.0078125 0
1001100111 0.0946045 0
1001101000 0.00195503 0
1001101001 0.0463257 -3.14159
1001101010 0.0339355 0
1001101011 0.0113373 0
1001101100 0.00149536 0
1001101101 0.069519 0
1001101110 0.000298262 -3.14159
1001101111 0.0400085 0
1001110000 0.0231476 0
1001110001 0.0316772 -3.14159
1001110010 0.00748062 -3.14159
1001110011 0.0275269 0
1001110100 0.032074 -3.14159
1001110101 0.0505981 0
1001110110 0.0303497 0
1001110111 0.00525665 -3.14159
1001111000 0.0303802 0
1001111001 0.00184631 -3.14159
1001111010 0.0106888 0
1001111011 0.017868 -3.14159
1001111100 0.00494766 -3.14159
1001111101 0.00881195 -3.14159
1001111110 0.0147476 -3.14159
1001111111 0.0269623 -3.14159
1010000000 0.0031662 -3.14159
1010000001 0.0205536 -3.14159
1010000010 0.0410156 -3.14159
1010000011 0.0349731 -3.14159
1010000100 0.0102844 0
1010000101 0.0384827 0
1010000110 0.0487061 0
1010000111 0.0455933 -3.14159
1010001000 0.0333557 -3.14159
1010001001 0.0577393 0
1010001010 0.0504761 -3.14159
1010001011 0.0352173 0
1010001100 0.0216064 0
1010001101 0.0320435 0
1010001110 0.0253296 -3.14159
1010001111 0.00161076 -3.14159
1010010000 0.0265045 0
1010010001 0.0103455 -3.14159
1010010010 0.0292358 -3.14159
1010010011 0.0382385 -3.14159
1010010100 0.0379333 -3.14159
1010010101 0.0133896 -3.14159
1010010110 0.0201569 -3.14159
1010010111 0.0359192 0
1010011000 0.00272369 -3.14159
1010011001 0.0479736 0
1010011010 0.00761032 -3.14159
1010011011 0.00215149 -3.14159
1010011100 0.01828 -3.14159
1010011101 0.0239258 0
1010011110 0.0474548 0
1010011111 0.00912476 -3.14159
1010100000 0.012146 0
1010100001 0.0112 0
1010100010 0.0209045 -3.14159
1010100011 0.00475693 -3.14159
1010100100 0.028595 -3.14159
1010100101 0.030365 0
1010100110 0.00253677 0
1010100111 0.0238647 0
1010101000 0.0246582 -3.14159
1010101001 0.0263367 0
1010101010 0.00590134 0
1010101011 0.127441 0
1010101100 0.0129471 0
1010101101 0.0127106 0
1010101110 0.00290108 0
1010101111 0.00788116 -3.14159
1010110000 0.0531311 0
1010110001 0.0483398 -3.14159
1010110010 0.0185547 -3.14159
1010110011 0.0298615 0
1010110100 0.0179901 0
1010110101 0.020813 0
1010110110 0.0231781 -3.14159
1010110111 0.0177307 -3.14159
1010111000 0.00525665 0
1010111001 0.0286102 0
1010111010 0.0358887 -3.14159
1010111011 0.00674057 -3.14159
1010111100 0.0336609 -3.14159
1010111101 0.0464172 0
1010111110 0.0174408 -3.14159
1010111111 0.027298 -3.14159
1011000000 0.0266876 0
1011000001 0.00709152 -3.14159
1011000010 0.0359192 0
1011000011 0.0091095 -3.14159
1011000100 0.0353088 0
1011000101 0.0325012 0
1011000110 0.00455856 0
1011000111 0.00592804 0
1011001000 0.0834961 -3.14159
1011001001 0.0152054 0
1011001010 0.0116043 -3.14159
1011001011 0.0163269 0
1011001100 0.04422 0
1011001101 0.0288239 0
1011001110 0.0261536 -3.14159
1011001111 0.010643 0
1011010000 0.0154648 -3.14159
1011010001 0.0396118 -3.14159
1011010010 0.000134468 -3.14159
1011010011 0.00140667 0
1011010100 0.0163574 0
1011010101 0.0480347 -3.14159
1011010110 0.0159302 -3.14159
1011010111 0.0342407 -3.14159
1011011000 0.00273895 -3.14159
1011011001 0.0329895 0
1011011010 0.0211029 0
1011011011 0.0028801 0
1011011100 0.0136871 -3.14159
1011011101 0.0252228 0
1011011110 0.0276337 -3.14159
1011011111 0.0593567 -3.14159
1011100000 0.0229645 0
1011100001 0.00453568 0
1011100010 0.021698 -3.14159
1011100011 0.0733643 0
1011100100 0.020874 0
1011100101 0.0122986 0
1011100110 0.0232391 0
1011100111 0.0274658 0
1011101000 0.0344849 0
1011101001 0.0317688 -3.14159
1011101010 0.00717926 -3.14159
1011101011 0.00247574 0
1011101100 0.0274353 0
1011101101 0.00505829 0
1011101110 0.0446777 0
1011101111 0.115906 0
1011110000 0.0217896 0
1011110001 0.00350571 0
1011110010 0.0279846 0
1011110011 0.000741005 -3.14159
1011110100 0.0279388 -3.14159
1011110101 0.00650024 0
1011110110 0.0541077 -3.14159
1011110111 0.0130005 -3.14159
1011111000 0.0190887 0
1011111001 0.0441589 -3.14159
1011111010 0.0127106 -3.14159
1011111011 0.00413895 0
1011111100 0.0512085 0
1011111101 0.0457764 0
1011111110 0.071167 0
1011111111 0.0263977 0
1100000000 0.0517273 -3.14159
1100000001 0.0402222 0
1100000010 0.0138626 -3.14159
1100000011 0.00178051 -3.14159
1100000100 0.0406189 -3.14159
1100000101 0.0164337 0
1100000110 0.00979614 0
1100000111 0.0162964 0
1100001000 0.00126553 -3.14159
1100001001 0.0278778 0
1100001010 0.0213776 0
1100001011 0.0289917 0
1100001100 0.00417709 -3.14159
1100001101 0.00455475 0
1100001110 0.0234833 0
1100001111 0.0271301 0
1100010000 0.0622559 0
1100010001 0.00174046 0
1100010010 0.0119171 -3.14159
1100010011 0.0266266 -3.14159
1100010100 0.00374222 -3.14159
1100010101 0.0240479 -3.14159
1100010110 0.00439835 0
1100010111 0.0561218 0
1100011000 0.0286713 -3.14159
1100011001 0.0198517 -3.14159
1100011010 0.000352144 -3.14159
1100011011 0.0286102 0
1100011100 0.00868225 -3.14159
1100011101 0.0264893 0
1100011110 0.00627136 -3.14159
1100011111 0.0173492 -3.14159
1100100000 0.0420532 0
1100100001 0.0169525 -3.14159
1100100010 0.0142136 0
1100100011 0.0127792 0
1100100100 0.0157776 0
1100100101 0.0361023 -3.14159
1100100110 0.0206909 0
1100100111 0.00921631 -3.14159
1100101000 0.029068 -3.14159
1100101001 0.0325317 0
1100101010 0.00789642 0
1100101011 0.0650635 0
1100101100 0.0230255 -3.14159
1100101101 0.0314636 -3.14159
1100101110 0.0870361 0
1100101111 0.0203705 0
1100110000 0.0129776 -3.14159
1100110001 0.0195312 -3.14159
1100110010 0.0379028 0
1100110011 0.0162659 -3.14159
1100110100 0.00555038 0
1100110101 0.0381775 -3.14159
1100110110 0.0349731 0
1100110111 0.0011034 0
1100111000 0.00547791 -3.14159
1100111001 0.0176544 0
1100111010 0.000227451 -3.14159
1100111011 0.0427856 -3.14159
1100111100 0.0349121 -3.14159
1100111101 0.0215302 -3.14159
1100111110 0.0362244 -3.14159
1100111111 0.0346985 -3.14159
1101000000 0.0553894 0
1101000001 0.0226746 -3.14159
1101000010 0.0146103 -3.14159
1101000011 0.021347 -3.14159
1101000100 0.061615 0
1101000101 0.0606995 0
1101000110 0.0259247 0
1101000111 0.00860596 0
1101001000 0.0398254 0
1101001001 0.0118637 0
1101001010 0.00645065 -3.14159
1101001011 0.0175781 0
1101001100 0.000386 -3.14159
1101001101 0.0166931 0
1101001110 0.00487518 -3.14159
1101001111 0.0138626 -3.14159
1101010000 0.0021534 -3.14159
1101010001 0.00525665 -3.14159
1101010010 0.018158 0
1101010011 0.0661011 0
1101010100 0.0165253 0
1101010101 0.00605774 -3.14159
1101010110 0.00332832 0
1101010111 0.0230865 0
1101011000 0.0181427 0
1101011001 0.0155258 0
1101011010 0.0436401 0
1101011011 0.00791931 -3.14159
1101011100 0.00962067 0
1101011101 0.0155411 0
1101011110 0.0206146 -3.14159
1101011111 0.0445251 -3.14159
1101100000 0.0158386 0
1101100001 0.0112686 -3.14159
1101100010 0.0119934 -3.14159
1101100011 0.0470886 0
1101100100 0.0344849 -3.14159
1101100101 0.0471497 -3.14159
1101100110 0.0469666 -3.14159
1101100111 0.0229034 0
1101101000 0.0519104 0
1101101001 0.0205688 0
1101101010 0.0380859 0
1101101011 0.00773239 0
1101101100 0.0155334 -3.14159
1101101101 0.0145569 0
1101101110 0.040802 0
1101101111 0.0539551 -3.14159
1101110000 0.034729 -3.14159
1101110001 0.0526123 0
1101110010 1.69873e-05 0
1101110011 0.0460815 -3.14159
1101110100 0.0125885 -3.14159
1101110101 0.00793457 0
1101110110 0.0120163 -3.14159
1101110111 0.0402832 -3.14159
1101111000 0.0261841 -3.14159
1101111001 0.0014782 0
1101111010 0.00920105 -3.14159
1101111011 0.0264282 -3.14159
1101111100 0.0552063 0
1101111101 0.0186157 -3.14159
1101111110 0.00891113 0
1101111111 0.0240326 -3.14159
1110000000 0.0155945 -3.14159
1110000001 0.01017 0
1110000010 0.0789185 0
1110000011 0.0112 -3.14159
1110000100 0.0145035 -3.14159
1110000101 0.00242424 -3.14159
1110000110 0.0369873 -3.14159
1110000111 0.059082 0
1110001000 0.00310516 -3.14159
1110001001 0.00373268 -3.14159
1110001010 0.0112686 0
1110001011 0.00707245 0
1110001100 0.00527191 0
1110001101 0.0687866 0
1110001110 0.029953 0
1110001111 0.0138779 0
1110010000 0.0409546 -3.14159
1110010001 0.0104752 0
1110010010 0.000858307 0
1110010011 0.0315247 0
1110010100 0.0332031 -3.14159
1110010101 0.0369568 -3.14159
1110010110 0.0505371 0
1110010111 0.0144958 -3.14159
1110011000 0.00155449 -3.14159
1110011001 0.036438 -3.14159
1110011010 0.0349731 0
1110011011 0.0308075 -3.14159
1110011100 0.0267181 0
1110011101 0.0160217 -3.14159
1110011110 0.00821686 -3.14159
1110011111 0.0527039 0
1110100000 0.024353 0
1110100001 0.0132523 0
1110100010 0.0545044 -3.14159
1110100011 0.00869751 0
1110100100 0.0196533 0
1110100101 0.0375671 0
1110100110 0.0171509 -3.14159
1110100111 0.016983 0
1110101000 0.00282288 -3.14159
1110101001 0.0177002 0
1110101010 0.00785065 0
1110101011 0.0128403 0
1110101100 0.0153198 0
1110101101 0.0283661 0
1110101110 0.0303497 0
1110101111 0.00517654 0
1110110000 0.0214691 0
1110110001 0.0390625 -3.14159
1110110010 0.0164642 -3.14159
1110110011 0.0706177 -3.14159
1110110100 0.0210114 0
1110110101 0.0397034 -3.14159
1110110110 0.0339966 0
1110110111 0.00740051 -3.14159
1110111000 0.0122604 -3.14159
1110111001 0.0870972 -3.14159
1110111010 0.00521088 -3.14159
1110111011 0.00746155 0
1110111100 0.0339661 -3.14159
1110111101 0.0258636 0
1110111110 0.0100937 -3.14159
1110111111 0.0302582 -3.14159
1111000000 0.0256805 0
1111000001 0.0400085 -3.14159
1111000010 0.0214081 0
1111000011 0.012413 -3.14159
1111000100 0.0385132 -3.14159
1111000101 0.0314636 -3.14159
1111000110 0.02742 0
1111000111 0.00434875 -3.14159
1111001000 0.0291138 -3.14159
1111001001 0.00918579 0
1111001010 0.00183105 -3.14159
1111001011 0.0239563 0
1111001100 0.0039711 -3.14159
1111001101 0.0299225 -3.14159
1111001110 0.00876617 -3.14159
1111001111 0.0906372 0
1111010000 0.00965118 -3.14159
1111010001 0.0335693 -3.14159
1111010010 0.00262833 0
1111010011 0.00651169 0
1111010100 0.00754929 0
1111010101 0.0309906 0
1111010110 0.0229645 0
1111010111 0.00391388 -3.14159
1111011000 0.0413208 0
1111011001 0.0325928 -3.14159
1111011010 0.0491028 -3.14159
1111011011 0.0114288 0
1111011100 0.0094223 0
1111011101 0.0249939 -3.14159
1111011110 0.00800323 -3.14159
1111011111 0.0244751 -3.14159
1111100000 0.0187836 0
1111100001 0.0114822 -3.14159
1111100010 0.00863647 0
1111100011 0.0606384 -3.14159
1111100100 0.0350342 0
1111100101 0.0106125 -3.14159
1111100110 0.0444031 0
1111100111 0.00378799 0
1111101000 0.0136566 0
1111101001 0.00824738 0
1111101010 0.0366211 -3.14159
1111101011 0.0558472 -3.14159
1111101100 0.085083 0
1111101101 0.0270233 -3.14159
1111101110 0.0531921 0
1111101111 0.0424194 0
1111110000 0.032135 -3.14159
1111110001 0.0698853 0
1111110010 0.0064621 0
1111110011 0.0279694 -3.14159
1111110100 0.0447693 -3.14159
1111110101 0.0233612 0
1111110110 0.0344238 -3.14159
1111110111 0.00263786 0
1111111000 0.0202942 -3.14159
1111111001 0.0644531 -3.14159
1111111010 0.00067234 -3.14159
1111111011 0.0069046 -3.14159
1111111100 0.00774765 0
1111111101 0.028183 0
1111111110 0.0536194 0
1111111111 0.0236664 0
