0000000000 0.00719452 0
0000000001 0.0202942 0
0000000010 0.0207367 0
0000000011 0.0356445 -3.14159
0000000100 0.0130997 -3.14159
0000000101 0.0172577 0
0000000110 0.00904846 -3.14159
0000000111 0.0540161 -3.14159
0000001000 0.00774384 0
0000001001 0.00606918 0
0000001010 0.0103531 -3.14159
0000001011 0.0151749 -3.14159
0000001100 0.0151978 0
0000001101 0.00588226 0
0000001110 0.0621643 0
0000001111 0.0211945 0
0000010000 0.0307312 0
0000010001 0.00984955 0
0000010010 0.0210876 -3.14159
0000010011 0.001688 -3.14159
0000010100 0.0319214 -3.14159
0000010101 0.00601578 0
0000010110 0.0174713 -3.14159
0000010111 0.00624466 -3.14159
0000011000 0.0526123 -3.14159
0000011001 0.0297852 -3.14159
0000011010 0.0313721 -3.14159
0000011011 0.0393066 -3.14159
0000011100 0.000912189 0
0000011101 0.0102005 -3.14159
0000011110 0.0274048 -3.14159
0000011111 0.0249176 0
0000100000 0.0772095 -3.14159
0000100001 0.0243988 -3.14159
0000100010 0.0687866 -3.14159
0000100011 0.014473 0
0000100100 0.0129395 -3.14159
0000100101 0.00779343 -3.14159
0000100110 0.0209351 -3.14159
0000100111 0.0383301 -3.14159
0000101000 0.038269 -3.14159
0000101001 0.00224113 -3.14159
0000101010 0.0333862 -3.14159
0000101011 0.00594711 0
0000101100 0.0167389 -3.14159
0000101101 0.0570068 0
0000101110 0.00464249 0
0000101111 0.0170288 0
0000110000 0.0129395 0
0000110001 0.0293427 0
0000110010 0.0608521 0
0000110011 0.00991821 0
0000110100 0.0480652 -3.14159
0000110101 0.0309143 -3.14159
0000110110 0.000766277 0
0000110111 0.00157356 0
0000111000 0.00563431 -3.14159
0000111001 0.035614 -3.14159
0000111010 0.0102844 0
0000111011 0.0141907 -3.14159
0000111100 0.0301971 -3.14159
0000111101 0.0258789 -3.14159
0000111110 0.0131302 0
0000111111 0.00993347 -3.14159
0001000000 0.0261993 0
0001000001 0.00359535 -3.14159
0001000010 0.0446777 -3.14159
0001000011 0.0447998 0
0001000100 0.0316162 -3.14159
0001000101 0.0269012 -3.14159
0001000110 0.0261078 -3.14159
0001000111 0.0045166 0
0001001000 0.0547791 -3.14159
0001001001 0.0618286 -3.14159
0001001010 0.011322 -3.14159
0001001011 0.0635986 0
0001001100 0.0180969 -3.14159
0001001101 0.00361061 -3.14159
0001001110 0.0253143 -3.14159
0001001111 0.0491333 0
0001010000 0.00696945 0
0001010001 0.0274506 -3.14159
0001010010 0.0540466 -3.14159
0001010011 0.0372925 0
0001010100 0.0687256 -3.14159
0001010101 0.0423889 -3.14159
0001010110 0.0437927 0
0001010111 0.0112762 0
0001011000 0.0194092 0
0001011001 0.0666504 0
0001011010 0.0100327 0
0001011011 0.0129471 -3.14159
0001011100 0.00544739 0
0001011101 0.0254059 -3.14159
0001011110 0.0303497 -3.14159
0001011111 0.0220184 -3.14159
0001100000 0.0240479 -3.14159
0001100001 0.0298309 0
0001100010 0.0152588 0
0001100011 0.0122757 0
0001100100 0.0110855 0
0001100101 0.0184326 0
0001100110 0.00309753 -3.14159
0001100111 0.0519714 0
0001101000 0.000892639 0
0001101001 0.00850677 0
0001101010 0.0368958 0
0001101011 0.0287476 0
0001101100 0.053833 -3.14159
0001101101 0.0408936 -3.14159
0001101110 0.0373535 -3.14159
0001101111 0.0232239 -3.14159
0001110000 0.0411072 -3.14159
0001110001 0.0188599 -3.14159
0001110010 0.0209045 0
0001110011 0.0473938 0
0001110100 0.0130692 -3.14159
0001110101 0.0118942 0
0001110110 0.0365601 0
0001110111 0.0797729 -3.14159
0001111000 0.00333023 -3.14159
0001111001 0.0190735 0
0001111010 0.0513916 0
0001111011 0.00132847 0
0001111100 0.0134277 0
0001111101 0.00300026 0
0001111110 0.0333557 0
0001111111 0.0768433 -3.14159
0010000000 0.001791 0
0010000001 0.0547791 -3.14159
0010000010 0.0180359 -3.14159
0010000011 0.0479736 0
0010000100 0.0133514 -3.14159
0010000101 0.0123367 0
0010000110 0.0280457 -3.14159
0010000111 0.00418472 -3.14159
0010001000 0.0306702 0
0010001001 0.0488892 0
0010001010 0.0199127 0
0010001011 0.0168304 -3.14159
0010001100 0.00234985 -3.14159
0010001101 0.0291138 0
0010001110 0.0348816 -3.14159
0010001111 0.0490723 0
0010010000 0.0389099 -3.14159
0010010001 0.017334 -3.14159
0010010010 0.00457764 0
0010010011 0.0285034 -3.14159
0010010100 0.0656738 -3.14159
0010010101 0.0114365 0
0010010110 0.0113297 0
0010010111 0.00658417 0
0010011000 0.0178833 -3.14159
0010011001 0.0158539 0
0010011010 0.0133972 -3.14159
0010011011 0.0232391 0
0010011100 0.0469666 0
0010011101 0.0131302 -3.14159
0010011110 0.00351524 -3.14159
0010011111 0.026001 -3.14159
0010100000 0.00563431 0
0010100001 0.0386658 -3.14159
0010100010 0.00209808 -3.14159
0010100011 0.0154572 -3.14159
0010100100 0.00310898 0
0010100101 0.0591125 -3.14159
0010100110 0.00163651 0
0010100111 0.0160065 -3.14159
0010101000 0.0223846 0
0010101001 0.0125885 -3.14159
0010101010 0.0155182 -3.14159
0010101011 0.0108871 0
0010101100 0.026947 0
0010101101 0.0220032 -3.14159
0010101110 0.0101852 -3.14159
0010101111 0.0318909 -3.14159
0010110000 0.0434875 0
0010110001 0.00756836 0
0010110010 0.0309296 -3.14159
0010110011 0.0280151 0
0010110100 0.00438309 -3.14159
0010110101 0.0546265 0
0010110110 0.000647545 -3.14159
0010110111 0.0418701 -3.14159
0010111000 0.0325317 0
0010111001 0.00878143 0
0010111010 0.00214005 0
0010111011 0.0119934 0
0010111100 0.0139465 -3.14159
0010111101 0.0214539 -3.14159
0010111110 0.0228882 0
0010111111 0.0235443 0
0011000000 0.00619507 0
0011000001 0.0548401 0
0011000010 0.0176086 0
0011000011 0.0304413 0
0011000100 0.0325623 0
0011000101 0.0244904 0
0011000110 0.0216675 0
0011000111 0.00894165 -3.14159
0011001000 0.0211182 -3.14159
0011001001 0.0446167 -3.14159
0011001010 0.00355911 0
0011001011 0.0295563 -3.14159
0011001100 0.0303345 0
0011001101 0.0368958 -3.14159
0011001110 0.0439453 0
0011001111 0.00173473 0
0011010000 0.0127411 0
0011010001 0.00724411 -3.14159
0011010010 0.0538635 0
0011010011 0.0399475 -3.14159
0011010100 0.0180054 -3.14159
0011010101 0.0478516 0
0011010110 0.00963593 -3.14159
0011010111 0.032074 0
0011011000 0.00977325 0
0011011001 8.69632e-05 0
0011011010 0.0403137 -3.14159
0011011011 0.0278625 0
0011011100 0.00243187 0
0011011101 0.0162811 0
0011011110 0.0168304 0
0011011111 0.0280457 0
0011100000 0.00461578 0
0011100001 0.00196266 0
0011100010 0.00420761 0
0011100011 0.00642014 -3.14159
0011100100 0.0218811 0
0011100101 0.00510025 0
0011100110 0.0288544 -3.14159
0011100111 0.035614 0
0011101000 0.0462952 -3.14159
0011101001 0.0046463 0
0011101010 0.0122833 -3.14159
0011101011 0.017395 -3.14159
0011101100 0.0284119 -3.14159
0011101101 0.0236816 0
0011101110 0.0730591 0
0011101111 0.0437927 0
0011110000 0.00447464 -3.14159
0011110001 0.0435486 -3.14159
0011110010 0.0297241 0
0011110011 0.0113754 -3.14159
0011110100 0.0216827 0
0011110101 0.00244904 0
0011110110 0.033783 0
0011110111 0.016983 -3.14159
0011111000 0.0203094 0
0011111001 0.0245819 -3.14159
0011111010 0.0214691 -3.14159
0011111011 0.0508118 -3.14159
0011111100 0.0482483 -3.14159
0011111101 0.0192261 -3.14159
0011111110 0.00784302 -3.14159
0011111111 0.0848999 0
0100000000 0.0235443 -3.14159
0100000001 0.0018692 0
0100000010 0.00510025 0
0100000011 0.00561905 0
0100000100 0.00264168 0
0100000101 0.00130749 -3.14159
0100000110 0.0301208 0
0100000111 0.097229 0
0100001000 0.00192356 -3.14159
0100001001 0.0200806 -3.14159
0100001010 0.0137253 -3.14159
0100001011 0.0148163 0
0100001100 0.0552979 -3.14159
0100001101 0.0417175 -3.14159
0100001110 0.0418091 -3.14159
0100001111 0.0448914 0
0100010000 0.0143814 -3.14159
0100010001 0.0686035 -3.14159
0100010010 0.052063 0
0100010011 0.053772 -3.14159
0100010100 0.0177765 -3.14159
0100010101 0.0322266 -3.14159
0100010110 0.0313416 -3.14159
0100010111 0.0942993 -3.14159
0100011000 0.00535202 -3.14159
0100011001 0.0393066 0
0100011010 0.00310707 -3.14159
0100011011 0.0271301 -3.14159
0100011100 0.0326233 -3.14159
0100011101 0.00134373 0
0100011110 0.0252686 0
0100011111 0.0140457 -3.14159
0100100000 0.0213318 0
0100100001 0.0312195 0
0100100010 0.0356445 0
0100100011 0.0395203 0
0100100100 0.0105896 0
0100100101 0.0678101 -3.14159
0100100110 0.0221558 -3.14159
0100100111 0.0334778 -3.14159
0100101000 0.0305786 -3.14159
0100101001 0.0393372 -3.14159
0100101010 0.0516663 0
0100101011 0.00811768 0
0100101100 0.0236053 -3.14159
0100101101 0.0439453 0
0100101110 0.0397949 -3.14159
0100101111 0.024826 0
0100110000 0.00570297 0
0100110001 0.0196838 -3.14159
0100110010 0.0134125 0
0100110011 0.00205421 0
0100110100 0.00239563 -3.14159
0100110101 0.00801086 -3.14159
0100110110 0.0011797 -3.14159
0100110111 0.0120773 0
0100111000 0.0362549 -3.14159
0100111001 0.0531616 0
0100111010 0.00209808 -3.14159
0100111011 0.0881348 -3.14159
0100111100 0.0453491 -3.14159
0100111101 0.0314636 -3.14159
0100111110 0.0292358 -3.14159
0100111111 0.00023675 -3.14159
0101000000 0.0175476 0
0101000001 0.0654297 -3.14159
0101000010 0.0154877 -3.14159
0101000011 0.0102386 -3.14159
0101000100 0.00598907 0
0101000101 0.0279388 0
0101000110 0.000512123 0
0101000111 0.00508118 -3.14159
0101001000 0.0264282 -3.14159
0101001001 0.0124359 -3.14159
0101001010 0.0422668 0
0101001011 0.0753784 0
0101001100 0.0179749 -3.14159
0101001101 0.00811768 -3.14159
0101001110 0.0299988 -3.14159
0101001111 0.021759 -3.14159
0101010000 0.0366821 -3.14159
0101010001 0.0171356 0
0101010010 0.0474243 -3.14159
0101010011 0.0182648 0
0101010100 0.0195923 0
0101010101 0.0429077 0
0101010110 0.0304108 0
0101010111 0.02005 0
0101011000 0.00793457 -3.14159
0101011001 0.00888824 -3.14159
0101011010 0.0376587 -3.14159
0101011011 0.00315285 0
0101011100 0.01651 0
0101011101 0.0822144 0
0101011110 0.0499268 -3.14159
0101011111 0.0106659 -3.14159
0101100000 0.0380859 -3.14159
0101100001 0.0784912 -3.14159
0101100010 0.0185852 0
0101100011 0.0102844 0
0101100100 0.00510025 0
0101100101 0.0210571 0
0101100110 0.0225983 0
0101100111 0.0175629 -3.14159
0101101000 0.0272522 0
0101101001 0.00399017 0
0101101010 0.000449181 -3.14159
0101101011 0.0534973 0
0101101100 0.0150452 -3.14159
0101101101 0.00133419 0
0101101110 0.0324707 -3.14159
0101101111 0.017746 0
0101110000 0.0134811 -3.14159
0101110001 0.0280762 0
0101110010 0.00606918 -3.14159
0101110011 0.0426025 0
0101110100 0.00600433 0
0101110101 0.000282764 -3.14159
0101110110 0.0196686 0
0101110111 0.0059967 0
0101111000 0.0693359 0
0101111001 0.00325966 -3.14159
0101111010 0.0102158 -3.14159
0101111011 0.0100632 0
0101111100 0.00660706 -3.14159
0101111101 0.0162201 0
0101111110 0.00625229 -3.14159
0101111111 0.0243988 -3.14159
0110000000 0.0056076 -3.14159
0110000001 0.0175018 -3.14159
0110000010 0.0124664 0
0110000011 0.0576477 -3.14159
0110000100 0.0521545 -3.14159
0110000101 0.0192566 0
0110000110 0.0204773 -3.14159
0110000111 0.0319519 0
0110001000 0.0376587 0
0110001001 0.000416756 -3.14159
0110001010 0.0126572 -3.14159
0110001011 0.0173187 0
0110001100 0.0285187 -3.14159
0110001101 0.031311 -3.14159
0110001110 0.0327759 -3.14159
0110001111 0.0334473 -3.14159
0110010000 0.0245514 -3.14159
0110010001 0.0138779 0
0110010010 0.0412903 0
0110010011 0.047821 -3.14159
0110010100 0.00456619 0
0110010101 0.0600891 -3.14159
0110010110 0.0359497 0
0110010111 0.0235138 -3.14159
0110011000 0.0273132 -3.14159
0110011001 0.0295868 -3.14159
0110011010 0.0492859 -3.14159
0110011011 0.044342 0
0110011100 0.06427 0
0110011101 0.0148239 -3.14159
0110011110 0.0205536 0
0110011111 0.0382996 -3.14159
0110100000 0.040802 -3.14159
0110100001 0.0211334 0
0110100010 0.0443726 -3.14159
0110100011 0.000364542 -3.14159
0110100100 0.0392456 0
0110100101 0.0401306 0
0110100110 0.000325918 -3.14159
0110100111 0.0452881 -3.14159
0110101000 0.0130386 -3.14159
0110101001 0.0211639 0
0110101010 0.0108719 -3.14159
0110101011 0.0240784 0
0110101100 0.030304 -3.14159
0110101101 0.0214996 0
0110101110 0.00511551 -3.14159
0110101111 0.0725098 -3.14159
0110110000 0.00580978 0
0110110001 0.0049057 0
0110110010 0.0186005 -3.14159
0110110011 0.028183 0
0110110100 0.00665283 0
0110110101 0.0283813 0
0110110110 0.042572 -3.14159
0110110111 0.0343018 -3.14159
0110111000 0.0547791 -3.14159
0110111001 0.00283241 -3.14159
0110111010 0.00129318 0
0110111011 0.0733032 0
0110111100 0.0141678 0
0110111101 0.0191345 0
0110111110 0.00946045 -3.14159
0110111111 0.0262146 -3.14159
0111000000 0.0131531 -3.14159
0111000001 0.0242615 -3.14159
0111000010 0.0267639 0
0111000011 0.0222626 -3.14159
0111000100 0.00642395 -3.14159
0111000101 0.0149384 -3.14159
0111000110 0.0167236 0
0111000111 0.0249023 -3.14159
0111001000 0.00467682 -3.14159
0111001001 0.00357437 0
0111001010 0.000784397 -3.14159
0111001011 0.0494995 -3.14159
0111001100 0.0194702 0
0111001101 0.0287476 -3.14159
0111001110 0.0311279 0
0111001111 0.0255585 0
0111010000 0.0113373 0
0111010001 0.0371399 -3.14159
0111010010 0.00920105 0
0111010011 0.0174561 -3.14159
0111010100 0.035675 -3.14159
0111010101 0.0358582 -3.14159
0111010110 0.0146103 0
0111010111 0.0190277 -3.14159
0111011000 0.00640488 0
0111011001 0.0496521 0
0111011010 0.0129471 0
0111011011 0.04245 0
0111011100 0.0094986 -3.14159
0111011101 0.0297852 -3.14159
0111011110 0.0536499 0
0111011111 0.0206757 -3.14159
0111100000 0.0094223 -3.14159
0111100001 0.0285645 -3.14159
0111100010 0.00888824 -3.14159
0111100011 0.00460434 0
0111100100 0.0106659 0
0111100101 0.000950813 0
0111100110 0.0200653 -3.14159
0111100111 0.0038147 0
0111101000 0.0137024 0
0111101001 0.00608063 -3.14159
0111101010 0.0266418 -3.14159
0111101011 0.0286407 0
0111101100 0.0225677 0
0111101101 0.0219116 -3.14159
0111101110 0.021347 -3.14159
0111101111 0.0643311 -3.14159
0111110000 0.0271454 0
0111110001 0.0389404 0
0111110010 0.0137253 -3.14159
0111110011 0.0129013 -3.14159
0111110100 0.0319214 -3.14159
0111110101 0.0113297 -3.14159
0111110110 0.0411377 -3.14159
0111110111 0.0232086 -3.14159
0111111000 0.0207367 -3.14159
0111111001 0.022583 0
0111111010 0.02211 0
0111111011 0.0895996 0
0111111100 0.0073204 -3.14159
0111111101 0.030014 -3.14159
0111111110 0.00459671 0
0111111111 0.0242615 0
1000000000 0.0236359 -3.14159
1000000001 0.0374146 -3.14159
1000000010 0.025238 -3.14159
1000000011 0.0182343 0
1000000100 0.015274 -3.14159
1000000101 0.0186768 -3.14159
1000000110 0.00489807 0
1000000111 0.0358887 -3.14159
1000001000 0.0379639 -3.14159
1000001001 0.0480042 0
1000001010 0.00611877 -3.14159
1000001011 0.0448303 0
1000001100 0.0408325 -3.14159
1000001101 0.0103149 -3.14159
1000001110 0.00589371 0
1000001111 0.00203705 -3.14159
1000010000 0.0313721 -3.14159
1000010001 0.0449829 -3.14159
1000010010 0.0207062 0
1000010011 0.0344238 0
1000010100 0.00450516 -3.14159
1000010101 0.0384827 0
1000010110 0.0120773 -3.14159
1000010111 0.0116348 0
1000011000 0.0348511 -3.14159
1000011001 0.0171661 -3.14159
1000011010 0.0125961 0
1000011011 0.00566483 -3.14159
1000011100 0.0637817 0
1000011101 0.0461121 0
1000011110 0.00371933 -3.14159
1000011111 0.0271301 -3.14159
1000100000 0.0661011 -3.14159
1000100001 0.00547028 0
1000100010 0.0297699 0
1000100011 0.047699 0
1000100100 0.00666809 -3.14159
1000100101 0.0175323 -3.14159
1000100110 0.0107651 0
1000100111 0.0261383 -3.14159
1000101000 0.0191345 0
1000101001 0.022522 0
1000101010 0.0354004 0
1000101011 0.0440369 -3.14159
1000101100 0.0340576 -3.14159
1000101101 0.0174561 -3.14159
1000101110 0.0258331 -3.14159
1000101111 0.0413513 -3.14159
1000110000 0.0193329 -3.14159
1000110001 0.00796509 -3.14159
1000110010 0.032074 0
1000110011 0.0510559 -3.14159
1000110100 0.0592041 0
1000110101 0.00704956 0
1000110110 0.014946 0
1000110111 0.00860596 -3.14159
1000111000 0.00335884 -3.14159
1000111001 0.0375366 -3.14159
1000111010 0.027298 0
1000111011 0.0109024 0
1000111100 0.00549698 -3.14159
1000111101 0.0469666 -3.14159
1000111110 0.030426 -3.14159
1000111111 0.0134964 0
1001000000 0.0140305 -3.14159
1001000001 0.0319519 0
1001000010 0.00148392 0
1001000011 0.0417175 0
1001000100 0.0189056 0
1001000101 0.017395 0
1001000110 0.0283813 -3.14159
1001000111 0.0213013 0
1001001000 0.0158081 0
1001001001 0.0482178 -3.14159
1001001010 0.0180969 0
1001001011 0.00564575 0
1001001100 0.0131912 0
1001001101 0.065918 -3.14159
1001001110 0.02005 0
1001001111 0.0553589 -3.14159
1001010000 0.0359497 0
1001010001 0.0376282 0
1001010010 0.055603 -3.14159
1001010011 0.00843048 0
1001010100 0.0118179 0
1001010101 0.0208588 0
1001010110 0.0401917 0
1001010111 0.023468 -3.14159
1001011000 0.0203857 -3.14159
1001011001 0.0180054 -3.14159
1001011010 0.00801086 -3.14159
1001011011 0.0396423 0
1001011100 0.0536804 -3.14159
1001011101 0.0678711 -3.14159
1001011110 0.034729 -3.14159
1001011111 0.0156708 -3.14159
1001100000 0.0114517 0
1001100001 0.0121994 0
1001100010 0.0274048 -3.14159
1001100011 0.0230103 0
1001100100 0.0079422 0
1001100101 0.021698 0
1001100110 0.00359726 -3.14159
1001100111 0.0896606 0
1001101000 0.034668 -3.14159
1001101001 0.0324402 -3.14159
1001101010 0.0453186 0
1001101011 0.0183105 -3.14159
1001101100 0.00292587 -3.14159
1001101101 0.0137482 0
1001101110 0.074707 -3.14159
1001101111 0.0462646 0
1001110000 0.0130692 0
1001110001 0.0426636 -3.14159
1001110010 0.0379333 0
1001110011 0.0242615 -3.14159
1001110100 0.0013361 0
1001110101 0.0332947 0
1001110110 0.02742 0
1001110111 0.0239716 0
1001111000 0.0615234 0
1001111001 0.00577545 -3.14159
1001111010 0.032074 0
1001111011 0.00418091 -3.14159
1001111100 0.0179901 -3.14159
1001111101 0.0452271 -3.14159
1001111110 0.0654907 -3.14159
1001111111 0.00452423 0
1010000000 0.0211792 -3.14159
1010000001 0.00679016 -3.14159
1010000010 0.027298 -3.14159
1010000011 0.00394058 -3.14159
1010000100 0.00947571 -3.14159
1010000101 0.017868 0
1010000110 0.0221252 -3.14159
1010000111 0.0233002 0
1010001000 0.0748291 -3.14159
1010001001 0.00788116 -3.14159
1010001010 0.0759888 0
1010001011 0.0127182 -3.14159
1010001100 0.0195007 -3.14159
1010001101 0.0202637 -3.14159
1010001110 0.0105743 -3.14159
1010001111 0.0225372 0
1010010000 0.0214844 0
1010010001 0.0314636 -3.14159
1010010010 0.0402527 0
1010010011 0.0734863 -3.14159
1010010100 0.0151138 -3.14159
1010010101 0.0542908 -3.14159
1010010110 0.0401611 -3.14159
1010010111 0.0292053 -3.14159
1010011000 0.0264587 -3.14159
1010011001 0.00506973 -3.14159
1010011010 0.0308838 -3.14159
1010011011 0.0107651 -3.14159
1010011100 0.0164795 0
1010011101 0.00808716 -3.14159
1010011110 0.00798035 0
1010011111 0.024292 -3.14159
1010100000 0.0083313 0
1010100001 0.00833893 0
1010100010 0.000385761 -3.14159
1010100011 0.00690842 0
1010100100 0.0996704 -3.14159
1010100101 0.00212479 0
1010100110 0.0661621 0
1010100111 0.0341797 0
1010101000 0.0538025 0
1010101001 0.00270462 -3.14159
1010101010 0.0258026 -3.14159
1010101011 0.0317993 0
1010101100 0.0359497 -3.14159
1010101101 0.00671387 -3.14159
1010101110 0.0137177 -3.14159
1010101111 0.0134354 0
1010110000 0.0180359 0
1010110001 0.0215149 -3.14159
1010110010 0.0114975 0
1010110011 0.0180511 -3.14159
1010110100 0.0357361 -3.14159
1010110101 0.0132294 0
1010110110 0.0396729 0
1010110111 0.0300446 -3.14159
1010111000 0.0333252 0
1010111001 0.012764 -3.14159
1010111010 0.0257721 -3.14159
1010111011 0.0525818 0
1010111100 0.00559235 0
1010111101 0.0563049 -3.14159
1010111110 0.00667572 0
1010111111 0.0209351 0
1011000000 0.0354309 -3.14159
1011000001 0.0129089 -3.14159
1011000010 0.0172272 -3.14159
1011000011 0.0153503 0
1011000100 0.0150223 -3.14159
1011000101 0.0292358 -3.14159
1011000110 0.0109787 -3.14159
1011000111 0.0169678 -3.14159
1011001000 0.0336914 0
1011001001 0.0144958 -3.14159
1011001010 0.052948 0
1011001011 0.00485992 0
1011001100 0.0285187 -3.14159
1011001101 0.0100098 0
1011001110 0.0342102 -3.14159
1011001111 0.045105 0
1011010000 0.0160675 0
1011010001 0.00673676 -3.14159
1011010010 0.0175476 0
1011010011 0.00764465 -3.14159
1011010100 0.00876617 -3.14159
1011010101 0.000236869 0
1011010110 0.0589294 -3.14159
1011010111 0.017395 0
1011011000 0.0559692 -3.14159
1011011001 0.0255585 -3.14159
1011011010 0.0246124 -3.14159
1011011011 0.0328674 -3.14159
1011011100 0.0315247 -3.14159
1011011101 0.0415955 0
1011011110 0.0392456 -3.14159
1011011111 0.00326729 0
1011100000 0.00302696 -3.14159
1011100001 0.00476074 -3.14159
1011100010 0.0263672 0
1011100011 0.0614624 0
1011100100 0.00583649 -3.14159
1011100101 0.0180511 -3.14159
1011100110 0.00772476 -3.14159
1011100111 0.0143127 -3.14159
1011101000 0.00442123 -3.14159
1011101001 0.0278931 0
1011101010 0.00237083 -3.14159
1011101011 0.0276337 0
1011101100 0.0369568 0
1011101101 0.00308228 0
1011101110 0.0214386 -3.14159
1011101111 0.0318909 0
1011110000 0.0419312 0
1011110001 0.0104141 -3.14159
1011110010 0.00861359 -3.14159
1011110011 0.00764465 -3.14159
1011110100 0.0426941 0
1011110101 0.00633621 -3.14159
1011110110 0.0235596 0
1011110111 0.0653076 0
1011111000 0.00856781 0
1011111001 0.00268555 0
1011111010 0.0219116 0
1011111011 0.0462952 0
1011111100 0.0672607 0
1011111101 0.00350571 -3.14159
1011111110 0.0309296 0
1011111111 0.0399475 -3.14159
1100000000 0.0397644 -3.14159
1100000001 0.0120697 0
1100000010 0.0139999 -3.14159
1100000011 0.0516357 -3.14159
1100000100 0.0169983 -3.14159
1100000101 0.00351143 0
1100000110 0.0232849 -3.14159
1100000111 0.0240784 0
1100001000 0.031311 0
1100001001 0.0124893 0
1100001010 0.00442505 0
1100001011 0.00474167 0
1100001100 0.0368652 0
1100001101 0.0255432 0
1100001110 0.0508728 -3.14159
1100001111 0.0440674 0
1100010000 0.0215912 0
1100010001 0.0098114 -3.14159
1100010010 0.0227814 0
1100010011 0.0030899 -3.14159
1100010100 0.00208473 0
1100010101 0.000708103 0
1100010110 0.00432205 -3.14159
1100010111 0.0110779 0
1100011000 0.0505066 -3.14159
1100011001 0.0145874 0
1100011010 0.0393677 -3.14159
1100011011 0.00136185 0
1100011100 0.0278625 -3.14159
1100011101 0.00841522 0
1100011110 0.0485229 0
1100011111 0.00122833 -3.14159
1100100000 0.0191956 -3.14159
1100100001 0.020401 -3.14159
1100100010 0.0174103 0
1100100011 0.00336456 -3.14159
1100100100 0.0104675 0
1100100101 0.00354767 -3.14159
1100100110 0.0175476 0
1100100111 0.00878143 0
1100101000 0.0178223 -3.14159
1100101001 0.00991058 -3.14159
1100101010 0.0232544 0
1100101011 0.00765228 0
1100101100 0.0224609 -3.14159
1100101101 0.0169525 0
1100101110 0.0686646 0
1100101111 0.000524521 -3.14159
1100110000 0.0516968 0
1100110001 0.0329895 -3.14159
1100110010 0.0350037 0
1100110011 0.000621319 -3.14159
1100110100 0.00683975 0
1100110101 0.00843811 0
1100110110 0.00290871 0
1100110111 0.0223389 -3.14159
1100111000 0.0413818 -3.14159
1100111001 0.0153503 0
1100111010 0.0176544 0
1100111011 0.00387001 -3.14159
1100111100 0.00194359 -3.14159
1100111101 0.0101242 -3.14159
1100111110 0.00412369 -3.14159
1100111111 0.0218811 0
1101000000 0.0380859 0
1101000001 0.072998 0
1101000010 0.0326233 0
1101000011 0.0103226 -3.14159
1101000100 0.0160675 0
1101000101 0.0168152 0
1101000110 0.0214691 -3.14159
1101000111 0.0333252 -3.14159
1101001000 0.0332947 -3.14159
1101001001 0.0130005 0
1101001010 0.0378418 0
1101001011 0.00526047 0
1101001100 0.00174618 0
1101001101 0.04953 0
1101001110 0.0328979 -3.14159
1101001111 0.023468 -3.14159
1101010000 0.037323 -3.14159
1101010001 0.00922394 0
1101010010 0.0304871 0
1101010011 0.0392151 -3.14159
1101010100 0.0443115 0
1101010101 0.0130615 -3.14159
1101010110 0.00705338 -3.14159
1101010111 0.00522995 0
1101011000 0.00442505 -3.14159
1101011001 0.0289307 -3.14159
1101011010 0.00894165 0
1101011011 0.0333557 -3.14159
1101011100 0.030777 -3.14159
1101011101 0.0697021 0
1101011110 0.016037 0
1101011111 0.0139008 -3.14159
1101100000 0.0235291 -3.14159
1101100001 0.042572 -3.14159
1101100010 0.0647583 -3.14159
1101100011 0.0180359 -3.14159
1101100100 0.0435181 -3.14159
1101100101 0.0119019 0
1101100110 0.0227661 -3.14159
1101100111 0.0129852 -3.14159
1101101000 0.0578308 0
1101101001 0.00251198 -3.14159
1101101010 0.0161438 -3.14159
1101101011 0.0250397 -3.14159
1101101100 0.0115814 -3.14159
1101101101 0.00908661 0
1101101110 0.00935364 -3.14159
1101101111 0.0317993 -3.14159
1101110000 0.00482559 0
1101110001 0.0112991 0
1101110010 0.04422 -3.14159
1101110011 0.0223236 0
1101110100 0.0494385 0
1101110101 0.034668 -3.14159
1101110110 0.00534821 -3.14159
1101110111 0.0396729 -3.14159
1101111000 0.00147915 0
1101111001 0.0197601 0
1101111010 0.03125 0
1101111011 0.0484314 -3.14159
1101111100 0.0319824 0
1101111101 0.0206146 -3.14159
1101111110 0.0215149 -3.14159
1101111111 0.011261 -3.14159
1110000000 0.00398254 -3.14159
1110000001 0.0355225 -3.14159
1110000010 0.0661011 0
1110000011 0.0176086 -3.14159
1110000100 0.0210266 -3.14159
1110000101 0.053009 0
1110000110 0.115417 -3.14159
1110000111 0.0326233 0
1110001000 0.00459671 -3.14159
1110001001 0.0151825 0
1110001010 0.0490723 0
1110001011 0.038269 0
1110001100 0.0176239 0
1110001101 0.0218506 0
1110001110 0.0247803 -3.14159
1110001111 0.0141983 -3.14159
1110010000 0.0271912 -3.14159
1110010001 0.0374451 0
1110010010 0.00875092 -3.14159
1110010011 0.0214996 -3.14159
1110010100 0.0315552 0
1110010101 0.0455017 -3.14159
1110010110 0.00726318 -3.14159
1110010111 0.0289764 0
1110011000 0.0207214 0
1110011001 0.00537109 -3.14159
1110011010 0.000738144 0
1110011011 0.0525208 0
1110011100 0.0385742 0
1110011101 0.0342712 -3.14159
1110011110 0.013588 -3.14159
1110011111 0.0330505 0
1110100000 0.030899 -3.14159
1110100001 0.0101166 -3.14159
1110100010 0.0169525 -3.14159
1110100011 0.0104218 0
1110100100 0.0130692 -3.14159
1110100101 0.0022583 -3.14159
1110100110 0.00404739 -3.14159
1110100111 0.00735092 0
1110101000 0.0104523 0
1110101001 0.0986328 -3.14159
1110101010 0.0339661 0
1110101011 0.0280151 -3.14159
1110101100 0.0176697 -3.14159
1110101101 0.0265656 0
1110101110 0.026062 -3.14159
1110101111 0.0472717 -3.14159
1110110000 0.020752 0
1110110001 0.00853729 0
1110110010 0.0760498 0
1110110011 0.0464783 -3.14159
1110110100 0.0243683 0
1110110101 0.00281906 0
1110110110 0.0260773 0
1110110111 0.00516129 -3.14159
1110111000 0.018692 0
1110111001 0.0432129 -3.14159
1110111010 0.0375366 0
1110111011 0.00850677 -3.14159
1110111100 0.00919342 -3.14159
1110111101 0.00443649 0
1110111110 0.0113525 0
1110111111 0.055603 -3.14159
1111000000 0.0391541 0
1111000001 0.0297241 0
1111000010 0.00875854 -3.14159
1111000011 0.0759277 0
1111000100 0.0829468 -3.14159
1111000101 0.0585938 -3.14159
1111000110 0.0532227 0
1111000111 0.0380554 -3.14159
1111001000 0.00255013 -3.14159
1111001001 0.00306892 0
1111001010 0.0449829 0
1111001011 0.013298 -3.14159
1111001100 0.0179443 -3.14159
1111001101 0.00362206 -3.14159
1111001110 0.026001 -3.14159
1111001111 0.0647583 0
1111010000 0.0401001 -3.14159
1111010001 0.00937653 0
1111010010 0.0337524 -3.14159
1111010011 0.00968933 0
1111010100 0.000801563 -3.14159
1111010101 0.0246735 -3.14159
1111010110 0.0120621 -3.14159
1111010111 0.048645 -3.14159
1111011000 0.00501251 -3.14159
1111011001 0.0145035 0
1111011010 0.0457153 -3.14159
1111011011 0.000139594 0
1111011100 0.0339966 -3.14159
1111011101 0.0263977 0
1111011110 0.0285492 0
1111011111 0.0139084 0
1111100000 0.0393372 0
1111100001 0.0251007 0
1111100010 0.0171051 0
1111100011 0.0158234 -3.14159
1111100100 0.00510406 -3.14159
1111100101 0.0174713 0
1111100110 0.0147781 0
1111100111 0.0150833 -3.14159
1111101000 0.0087738 -3.14159
1111101001 0.0161133 -3.14159
1111101010 0.0107727 -3.14159
1111101011 0.0191345 -3.14159
1111101100 0.0741577 0
1111101101 0.061554 0
1111101110 0.0228882 0
1111101111 0.0176697 0
1111110000 0.0797729 0
1111110001 0.0400391 -3.14159
1111110010 0.0168457 -3.14159
1111110011 0.00264168 -3.14159
1111110100 0.0028038 0
1111110101 0.0333252 -3.14159
1111110110 0.00914764 -3.14159
1111110111 0.0107269 -3.14159
1111111000 0.0161438 -3.14159
1111111001 0.0141068 -3.14159
1111111010 0.014061 -3.14159
1111111011 0.00432968 -3.14159
1111111100 0.0112915 -3.14159
1111111101 0.0204163 0
1111111110 0.0474548 0
1111111111 0.0239868 0
