0000000000 0.00455475 -3.14159
0000000001 0.0397034 0
0000000010 0.0132523 0
0000000011 0.00923157 0
0000000100 0.0148926 -3.14159
0000000101 0.00866699 0
0000000110 0.0146942 -3.14159
0000000111 0.0455933 -3.14159
0000001000 0.0394592 0
0000001001 0.016861 0
0000001010 0.0112152 -3.14159
0000001011 0.0291748 -3.14159
0000001100 0.00421143 0
0000001101 0.0151215 0
0000001110 0.0285034 0
0000001111 0.00576401 -3.14159
0000010000 0.00955963 0
0000010001 0.000218391 0
0000010010 0.0311279 -3.14159
0000010011 0.0311279 -3.14159
0000010100 0.0131073 -3.14159
0000010101 0.0588989 -3.14159
0000010110 0.0456848 -3.14159
0000010111 0.0102997 0
0000011000 0.0261078 -3.14159
0000011001 0.00809479 0
0000011010 0.0134125 0
0000011011 0.0371399 0
0000011100 0.0295563 0
0000011101 0.00993347 -3.14159
0000011110 0.0489197 -3.14159
0000011111 0.083313 0
0000100000 0.0794678 -3.14159
0000100001 0.0206909 -3.14159
0000100010 0.0731201 -3.14159
0000100011 0.0396118 0
0000100100 0.00730896 0
0000100101 0.0174255 0
0000100110 0.0311737 0
0000100111 0.00744629 -3.14159
0000101000 0.0116577 0
0000101001 0.0456848 0
0000101010 0.028244 -3.14159
0000101011 0.0667725 0
0000101100 0.00667953 0
0000101101 0.0012455 -3.14159
0000101110 0.0227509 -3.14159
0000101111 0.0175476 0
0000110000 0.0161133 0
0000110001 0.0277405 -3.14159
0000110010 0.0184631 0
0000110011 0.0446167 0
0000110100 0.0714722 -3.14159
0000110101 0.014122 0
0000110110 0.0566101 0
0000110111 0.00421906 -3.14159
0000111000 0.00449753 -3.14159
0000111001 0.0509033 -3.14159
0000111010 0.0211334 -3.14159
0000111011 0.0245819 0
0000111100 0.00177002 0
0000111101 0.0401306 0
0000111110 0.021637 -3.14159
0000111111 0.00297737 -3.14159
0001000000 0.0228729 0
0001000001 0.0308228 -3.14159
0001000010 0.02005 -3.14159
0001000011 0.0169678 -3.14159
0001000100 0.0253906 -3.14159
0001000101 0.0137787 0
0001000110 0.0117264 0
0001000111 0.0149307 0
0001001000 0.0742798 -3.14159
0001001001 0.00465012 0
0001001010 0.00754166 -3.14159
0001001011 0.016983 -3.14159
0001001100 0.0138397 0
0001001101 0.0469055 -3.14159
0001001110 0.0441895 0
0001001111 0.02211 0
0001010000 0.024826 0
0001010001 0.0131073 -3.14159
0001010010 0.0636597 0
0001010011 0.00616074 0
0001010100 0.0222931 -3.14159
0001010101 0.00287247 -3.14159
0001010110 0.0223083 -3.14159
0001010111 0.0449219 -3.14159
0001011000 0.0617371 0
0001011001 0.0334473 0
0001011010 0.0133057 0
0001011011 0.0699463 -3.14159
0001011100 0.0238647 0
0001011101 0.00698853 -3.14159
0001011110 0.0432739 -3.14159
0001011111 0.00114536 0
0001100000 0.0606079 -3.14159
0001100001 0.00132275 -3.14159
0001100010 0.0394897 -3.14159
0001100011 0.013237 0
0001100100 0.0400085 0
0001100101 0.0214081 -3.14159
0001100110 0.00324631 -3.14159
0001100111 0.111816 0
0001101000 0.0444641 0
0001101001 0.00714111 0
0001101010 0.000833988 0
0001101011 0.0200348 -3.14159
0001101100 0.0553894 -3.14159
0001101101 0.0380859 -3.14159
0001101110 0.0582275 0
0001101111 0.0151443 0
0001110000 0.0412903 -3.14159
0001110001 0.0183258 0
0001110010 0.0413818 -3.14159
0001110011 0.00462341 0
0001110100 0.0241241 0
0001110101 0.0181885 -3.14159
0001110110 0.0214081 -3.14159
0001110111 0.0224152 -3.14159
0001111000 0.0380859 -3.14159
0001111001 0.0232697 -3.14159
0001111010 0.0140076 0
0001111011 0.0258636 0
0001111100 0.00933075 -3.14159
0001111101 0.0303192 0
0001111110 0.00101948 0
0001111111 0.0398865 0
0010000000 0.00909424 0
0010000001 0.0303497 0
0010000010 0.00889587 -3.14159
0010000011 0.0249634 -3.14159
0010000100 0.0240631 -3.14159
0010000101 0.0402222 -3.14159
0010000110 0.0360718 -3.14159
0010000111 0.0657349 -3.14159
0010001000 0.00217628 0
0010001001 0.0262909 0
0010001010 0.00189018 -3.14159
0010001011 0.0157928 -3.14159
0010001100 0.0222168 -3.14159
0010001101 0.0325317 -3.14159
0010001110 0.0368958 0
0010001111 0.00769043 0
0010010000 0.0777588 -3.14159
0010010001 0.0284119 -3.14159
0010010010 0.0127106 -3.14159
0010010011 0.0248871 -3.14159
0010010100 0.0598755 -3.14159
0010010101 0.0331421 -3.14159
0010010110 0.0177612 0
0010010111 0.00944519 -3.14159
0010011000 0.0158997 0
0010011001 0.025238 -3.14159
0010011010 0.0178528 0
0010011011 0.0532227 0
0010011100 0.0423279 0
0010011101 0.04245 0
0010011110 0.0121078 -3.14159
0010011111 0.0131683 0
0010100000 0.0109482 -3.14159
0010100001 0.00577927 0
0010100010 0.0482788 -3.14159
0010100011 0.02565 -3.14159
0010100100 0.01017 -3.14159
0010100101 0.0056572 0
0010100110 0.0281372 0
0010100111 0.0171356 0
0010101000 0.0035553 -3.14159
0010101001 0.0121002 -3.14159
0010101010 0.027832 -3.14159
0010101011 0.0140686 -3.14159
0010101100 0.0446167 -3.14159
0010101101 0.0524597 0
0010101110 0.00959778 0
0010101111 0.00426865 0
0010110000 0.0259552 -3.14159
0010110001 0.00509644 0
0010110010 0.0281982 0
0010110011 0.0145493 -3.14159
0010110100 0.0341492 0
0010110101 0.0161285 0
0010110110 0.0161133 -3.14159
0010110111 0.0255432 -3.14159
0010111000 0.0247498 0
0010111001 0.0345764 -3.14159
0010111010 0.014267 -3.14159
0010111011 0.023056 0
0010111100 0.0152817 -3.14159
0010111101 0.0289764 -3.14159
0010111110 0.00983429 0
0010111111 0.0030117 -3.14159
0011000000 0.00776672 -3.14159
0011000001 0.0365601 0
0011000010 0.067627 0
0011000011 0.00958252 0
0011000100 0.00665283 0
0011000101 0.0270691 0
0011000110 0.00372124 0
0011000111 0.00699997 -3.14159
0011001000 0.0225983 0
0011001001 0.0343018 0
0011001010 0.0397644 0
0011001011 0.0502014 -3.14159
0011001100 0.00196648 -3.14159
0011001101 0.0297852 -3.14159
0011001110 0.0738525 0
0011001111 0.0117264 0
0011010000 0.0218506 -3.14159
0011010001 0.00771713 0
0011010010 0.00399399 -3.14159
0011010011 0.0172424 -3.14159
0011010100 0.0354919 -3.14159
0011010101 0.0265045 -3.14159
0011010110 0.017395 -3.14159
0011010111 0.0167084 0
0011011000 0.00677872 0
0011011001 0.0252991 -3.14159
0011011010 0.00384331 0
0011011011 0.0177307 -3.14159
0011011100 0.00107479 -3.14159
0011011101 0.0413208 -3.14159
0011011110 0.0366516 0
0011011111 0.0426025 0
0011100000 0.0486755 0
0011100001 0.000345707 -3.14159
0011100010 0.000360489 -3.14159
0011100011 0.00613403 0
0011100100 0.00456619 0
0011100101 0.00236511 0
0011100110 0.01194 0
0011100111 0.0613098 0
0011101000 0.0217133 -3.14159
0011101001 0.00930023 0
0011101010 0.0360718 0
0011101011 0.016571 0
0011101100 0.00302696 -3.14159
0011101101 0.00319862 0
0011101110 0.0335693 -3.14159
0011101111 0.0104599 -3.14159
0011110000 0.0126724 -3.14159
0011110001 0.0484009 0
0011110010 0.00639725 0
0011110011 0.0455627 0
0011110100 0.0210419 -3.14159
0011110101 0.033844 0
0011110110 0.0617065 -3.14159
0011110111 0.0339355 0
0011111000 0.0138702 0
0011111001 0.0527344 -3.14159
0011111010 0.0143509 0
0011111011 0.0376587 -3.14159
0011111100 0.0233765 -3.14159
0011111101 0.0148392 0
0011111110 0.0472412 0
0011111111 0.000760555 -3.14159
0100000000 0.0313416 0
0100000001 0.0112152 0
0100000010 0.00300217 0
0100000011 0.0067749 -3.14159
0100000100 0.0786743 -3.14159
0100000101 0.0164642 0
0100000110 0.0451355 0
0100000111 0.0480652 -3.14159
0100001000 0.0296783 0
0100001001 0.00474548 0
0100001010 0.0171051 0
0100001011 0.00888062 -3.14159
0100001100 0.00643158 0
0100001101 0.0304718 -3.14159
0100001110 0.0199127 0
0100001111 0.00571823 0
0100010000 0.0171356 0
0100010001 0.0774536 -3.14159
0100010010 0.0115662 0
0100010011 0.00658417 -3.14159
0100010100 0.0525818 -3.14159
0100010101 0.0791016 -3.14159
0100010110 0.0210724 0
0100010111 0.0438538 -3.14159
0100011000 0.0276337 -3.14159
0100011001 0.0487976 0
0100011010 0.0174255 -3.14159
0100011011 0.0161438 0
0100011100 0.0296021 -3.14159
0100011101 0.0343323 -3.14159
0100011110 0.0193176 0
0100011111 0.0122223 -3.14159
0100100000 0.0155334 -3.14159
0100100001 0.035553 0
0100100010 0.0263672 -3.14159
0100100011 0.0255432 0
0100100100 0.0131531 0
0100100101 0.0344543 -3.14159
0100100110 0.0957031 0
0100100111 0.0129623 -3.14159
0100101000 0.0279541 0
0100101001 0.0491943 -3.14159
0100101010 0.010643 0
0100101011 0.0644531 0
0100101100 0.0377502 -3.14159
0100101101 0.0190582 0
0100101110 0.0447083 -3.14159
0100101111 0.0294647 0
0100110000 0.0280609 0
0100110001 0.00629044 0
0100110010 0.00712967 0
0100110011 0.0404968 -3.14159
0100110100 0.0289612 0
0100110101 0.0263672 0
0100110110 0.00242043 -3.14159
0100110111 0.0369568 0
0100111000 0.0127716 -3.14159
0100111001 0.0162354 0
0100111010 0.00965881 0
0100111011 0.0193329 0
0100111100 0.0133057 -3.14159
0100111101 0.023056 0
0100111110 0.0197754 0
0100111111 0.00601578 0
0101000000 0.00116825 -3.14159
0101000001 0.0375061 -3.14159
0101000010 0.0510864 -3.14159
0101000011 0.000256777 0
0101000100 0.00322342 -3.14159
0101000101 0.0465088 0
0101000110 0.0205688 0
0101000111 0.0345764 0
0101001000 0.0177002 -3.14159
0101001001 0.0460815 -3.14159
0101001010 0.00672913 0
0101001011 0.0210266 0
0101001100 0.00926208 -3.14159
0101001101 0.0168152 -3.14159
0101001110 0.00292015 0
0101001111 0.0248108 0
0101010000 0.00437546 -3.14159
0101010001 0.0164948 0
0101010010 0.0157623 -3.14159
0101010011 0.0112839 -3.14159
0101010100 0.0328064 -3.14159
0101010101 0.0283203 0
0101010110 0.0351562 -3.14159
0101010111 0.0499573 0
0101011000 0.018158 0
0101011001 0.0194244 0
0101011010 0.0302887 0
0101011011 0.0106964 -3.14159
0101011100 0.040741 0
0101011101 0.0133057 -3.14159
0101011110 0.0290375 -3.14159
0101011111 0.0248413 0
0101100000 0.0368042 -3.14159
0101100001 0.00405884 -3.14159
0101100010 0.00608063 -3.14159
0101100011 0.039093 -3.14159
0101100100 0.0298462 -3.14159
0101100101 0.00997162 -3.14159
0101100110 0.040741 -3.14159
0101100111 0.0287781 0
0101101000 0.00736618 0
0101101001 0.0192871 -3.14159
0101101010 0.0420227 -3.14159
0101101011 0.0182495 -3.14159
0101101100 0.0392151 0
0101101101 0.0376892 0
0101101110 0.0431519 -3.14159
0101101111 0.0296478 -3.14159
0101110000 0.0321655 0
0101110001 0.0143661 -3.14159
0101110010 0.0523376 -3.14159
0101110011 0.00957489 0
0101110100 0.0101852 -3.14159
0101110101 0.00673676 0
0101110110 0.0238953 -3.14159
0101110111 0.0249481 0
0101111000 0.0391846 -3.14159
0101111001 0.00710297 -3.14159
0101111010 0.00946045 0
0101111011 0.0079422 -3.14159
0101111100 0.0227966 0
0101111101 0.00520706 -3.14159
0101111110 0.0289764 0
0101111111 0.0397949 0
0110000000 0.0228424 -3.14159
0110000001 0.0231628 -3.14159
0110000010 0.0128632 -3.14159
0110000011 0.0344238 0
0110000100 0.0176086 -3.14159
0110000101 0.00930786 0
0110000110 0.0035038 0
0110000111 0.0362854 -3.14159
0110001000 0.00595856 0
0110001001 0.0106659 0
0110001010 0.0517273 0
0110001011 0.0542297 -3.14159
0110001100 0.0522461 0
0110001101 0.0634766 -3.14159
0110001110 0.0238953 0
0110001111 0.0268097 0
0110010000 0.0476685 0
0110010001 0.0231934 -3.14159
0110010010 0.0378418 0
0110010011 0.00175476 0
0110010100 0.0173187 -3.14159
0110010101 0.0627441 -3.14159
0110010110 0.0487976 0
0110010111 0.000973225 -3.14159
0110011000 0.0116348 -3.14159
0110011001 0.0955811 -3.14159
0110011010 0.000220776 -3.14159
0110011011 0.00101757 -3.14159
0110011100 0.019043 -3.14159
0110011101 0.0354004 -3.14159
0110011110 0.00322533 0
0110011111 0.0140762 0
0110100000 0.0177612 0
0110100001 0.0145111 -3.14159
0110100010 0.00910187 0
0110100011 0.0156174 0
0110100100 0.000867844 -3.14159
0110100101 0.0858765 0
0110100110 0.0167084 -3.14159
0110100111 0.0544739 0
0110101000 0.0114746 -3.14159
0110101001 0.0215302 0
0110101010 0.0287781 0
0110101011 0.0331116 0
0110101100 0.0287933 -3.14159
0110101101 0.00104713 0
0110101110 0.0595703 0
0110101111 0.00259781 -3.14159
0110110000 0.0212555 0
0110110001 0.0611877 0
0110110010 0.0162659 0
0110110011 0.0275726 0
0110110100 0.00904083 -3.14159
0110110101 0.0453796 0
0110110110 0.0252838 0
0110110111 0.0353699 -3.14159
0110111000 0.0462341 -3.14159
0110111001 0.00965881 0
0110111010 0.00452805 -3.14159
0110111011 0.0960083 0
0110111100 0.0408936 -3.14159
0110111101 0.0507202 -3.14159
0110111110 0.00653839 0
0110111111 0.0325317 0
0111000000 0.0122681 0
0111000001 0.0047493 -3.14159
0111000010 0.0320435 0
0111000011 0.00834656 -3.14159
0111000100 0.00743103 0
0111000101 0.0397949 -3.14159
0111000110 0.000479221 0
0111000111 0.0331726 -3.14159
0111001000 0.0158386 0
0111001001 0.0220947 -3.14159
0111001010 0.0363464 0
0111001011 0.0193024 0
0111001100 0.000213504 0
0111001101 0.0368652 -3.14159
0111001110 0.00881958 0
0111001111 0.0139694 -3.14159
0111010000 0.00685883 -3.14159
0111010001 0.00780869 -3.14159
0111010010 0.0610962 0
0111010011 0.0460815 0
0111010100 0.00505447 -3.14159
0111010101 0.016449 0
0111010110 0.0570068 0
0111010111 0.00290489 -3.14159
0111011000 0.0032959 -3.14159
0111011001 0.0253906 -3.14159
0111011010 0.00969696 0
0111011011 0.0205078 -3.14159
0111011100 0.0193329 0
0111011101 0.00455856 -3.14159
0111011110 0.051178 -3.14159
0111011111 0.00980377 -3.14159
0111100000 0.0329285 0
0111100001 0.0196991 -3.14159
0111100010 0.0186462 0
0111100011 0.0215302 -3.14159
0111100100 0.000460863 0
0111100101 0.0345154 0
0111100110 0.0192413 -3.14159
0111100111 0.00356674 -3.14159
0111101000 0.0492554 -3.14159
0111101001 0.0195465 0
0111101010 0.0294952 0
0111101011 0.00297928 -3.14159
0111101100 0.0238342 -3.14159
0111101101 0.056427 -3.14159
0111101110 0.0230408 0
0111101111 0.0485229 0
0111110000 0.0134659 -3.14159
0111110001 0.00239372 -3.14159
0111110010 0.0427856 -3.14159
0111110011 0.00798798 0
0111110100 0.0224762 -3.14159
0111110101 0.0141296 -3.14159
0111110110 0.0124283 -3.14159
0111110111 0.0153275 0
0111111000 0.00158024 -3.14159
0111111001 0.0395203 0
0111111010 0.0602112 -3.14159
0111111011 0.0278931 -3.14159
0111111100 0.00284195 -3.14159
0111111101 0.0379639 0
0111111110 0.00937653 -3.14159
0111111111 0.0155411 0
1000000000 0.0284119 -3.14159
1000000001 0.0205078 -3.14159
1000000010 0.0112381 0
1000000011 0.0219116 0
1000000100 0.0176086 0
1000000101 0.0265656 -3.14159
1000000110 0.0166931 -3.14159
1000000111 0.0102463 0
1000001000 0.0142822 -3.14159
1000001001 0.0291443 0
1000001010 0.0103226 -3.14159
1000001011 0.00487137 -3.14159
1000001100 0.0377197 -3.14159
1000001101 0.0226288 -3.14159
1000001110 0.0215149 0
1000001111 0.0259552 -3.14159
1000010000 0.0220947 -3.14159
1000010001 0.00273132 -3.14159
1000010010 0.0100861 -3.14159
1000010011 0.00438309 0
1000010100 0.0428162 0
1000010101 0.0271301 -3.14159
1000010110 0.0291138 0
1000010111 0.0257263 0
1000011000 0.0339661 0
1000011001 0.0879517 -3.14159
1000011010 0.0309448 0
1000011011 0.00445938 -3.14159
1000011100 0.020874 0
1000011101 0.0536194 0
1000011110 0.0180817 0
1000011111 0.00198746 0
1000100000 0.0191956 -3.14159
1000100001 0.0108337 0
1000100010 0.012764 -3.14159
1000100011 0.0176544 0
1000100100 0.0185699 -3.14159
1000100101 0.0231934 -3.14159
1000100110 0.0437317 -3.14159
1000100111 0.0255737 -3.14159
1000101000 0.0119019 0
1000101001 0.0410767 0
1000101010 0.0177002 0
1000101011 0.00510406 -3.14159
1000101100 0.0192871 -3.14159
1000101101 0.0731812 -3.14159
1000101110 0.0383911 -3.14159
1000101111 0.0219574 -3.14159
1000110000 0.0114975 -3.14159
1000110001 0.00865173 0
1000110010 0.0124588 0
1000110011 0.0140152 0
1000110100 0.00744629 -3.14159
1000110101 0.0124207 0
1000110110 0.0156021 0
1000110111 0.0272064 0
1000111000 0.0613708 -3.14159
1000111001 0.0236511 0
1000111010 0.0150528 -3.14159
1000111011 0.00600052 -3.14159
1000111100 0.014389 0
1000111101 0.0358582 0
1000111110 0.0100632 0
1000111111 0.0106354 0
1001000000 0.0181732 -3.14159
1001000001 0.0254517 -3.14159
1001000010 0.0137711 0
1001000011 0.0164795 0
1001000100 0.00804901 0
1001000101 0.00203514 -3.14159
1001000110 0.0122299 0
1001000111 0.0244141 -3.14159
1001001000 0.0690308 0
1001001001 0.0140762 -3.14159
1001001010 0.00719833 0
1001001011 0.0279541 0
1001001100 0.0332642 0
1001001101 0.00103664 -3.14159
1001001110 0.00453568 0
1001001111 0.0360413 -3.14159
1001010000 0.0532532 0
1001010001 0.0221252 0
1001010010 0.0309143 -3.14159
1001010011 0.0368042 -3.14159
1001010100 0.0100632 -3.14159
1001010101 0.00656128 -3.14159
1001010110 0.0092392 0
1001010111 0.0178528 0
1001011000 0.0231171 -3.14159
1001011001 0.0118866 0
1001011010 0.00901794 0
1001011011 0.00393295 0
1001011100 0.00274849 -3.14159
1001011101 0.0281372 0
1001011110 0.0162659 0
1001011111 0.00305939 -3.14159
1001100000 0.0127029 -3.14159
1001100001 0.0258636 0
1001100010 0.00209618 -3.14159
1001100011 0.0201416 0
1001100100 0.035614 -3.14159
1001100101 0.01828 0
1001100110 0.00666809 0
1001100111 0.093689 0
1001101000 0.0111465 0
1001101001 0.0315247 -3.14159
1001101010 0.019165 0
1001101011 0.00742722 0
1001101100 0.00597 0
1001101101 0.0643311 0
1001101110 0.00359917 0
1001101111 0.0502625 0
1001110000 0.0331421 0
1001110001 0.0226288 -3.14159
1001110010 0.0078125 -3.14159
1001110011 0.0250092 0
1001110100 0.0201263 -3.14159
1001110101 0.0487976 0
1001110110 0.0537415 0
1001110111 0.00964355 -3.14159
1001111000 0.0124588 -3.14159
1001111001 0.0169678 0
1001111010 0.0114288 0
1001111011 0.0186005 -3.14159
1001111100 0.00611115 -3.14159
1001111101 0.0123596 0
1001111110 0.00333405 0
1001111111 0.00484467 0
1010000000 0.0164185 -3.14159
1010000001 0.0244141 -3.14159
1010000010 0.0425415 -3.14159
1010000011 0.0403137 -3.14159
1010000100 0.0135498 0
1010000101 0.054718 0
1010000110 0.0591736 0
1010000111 0.0469055 -3.14159
1010001000 0.0296783 -3.14159
1010001001 0.067627 0
1010001010 0.0296478 -3.14159
1010001011 0.0188141 0
1010001100 0.0167084 0
1010001101 0.0210876 0
1010001110 0.0262146 -3.14159
1010001111 0.012413 0
1010010000 0.00969696 0
1010010001 0.02742 -3.14159
1010010010 0.012001 -3.14159
1010010011 0.030426 -3.14159
1010010100 0.0305328 -3.14159
1010010101 0.000343323 0
1010010110 0.0139999 -3.14159
1010010111 0.0130463 0
1010011000 0.00239944 -3.14159
1010011001 0.0497131 0
1010011010 0.0105667 -3.14159
1010011011 0.012764 0
1010011100 0.0289612 -3.14159
1010011101 0.0384521 0
1010011110 0.0328979 0
1010011111 0.00617599 0
1010100000 0.00208282 0
1010100001 0.00279427 0
1010100010 0.0144577 -3.14159
1010100011 0.017868 -3.14159
1010100100 0.0465088 -3.14159
1010100101 0.0351562 0
1010100110 0.00137424 -3.14159
1010100111 0.0131912 0
1010101000 0.0345459 -3.14159
1010101001 0.0192413 0
1010101010 0.0104065 0
1010101011 0.106995 0
1010101100 0.0184326 0
1010101101 0.0094986 -3.14159
1010101110 0.00497055 0
1010101111 0.00135422 0
1010110000 0.0375671 0
1010110001 0.0329895 -3.14159
1010110010 0.0379944 -3.14159
1010110011 0.0172577 0
1010110100 0.0179901 0
1010110101 0.00111103 -3.14159
1010110110 0.0179596 -3.14159
1010110111 0.0075264 0
1010111000 0.0164185 -3.14159
1010111001 0.0310516 0
1010111010 0.0354614 -3.14159
1010111011 0.0110931 -3.14159
1010111100 0.0170441 -3.14159
1010111101 0.0545959 0
1010111110 0.0259705 -3.14159
1010111111 0.00667953 -3.14159
1011000000 0.0488892 0
1011000001 0.0324707 -3.14159
1011000010 0.00455475 0
1011000011 0.00782776 0
1011000100 0.0176697 0
1011000101 0.0141525 0
1011000110 0.00749969 -3.14159
1011000111 0.0122223 -3.14159
1011001000 0.0674438 -3.14159
1011001001 0.0238647 0
1011001010 0.00197029 0
1011001011 0.00643158 0
1011001100 0.0325623 0
1011001101 0.0179901 0
1011001110 0.0463257 -3.14159
1011001111 0.0175171 -3.14159
1011010000 6.50287e-05 -3.14159
1011010001 0.0591736 -3.14159
1011010010 0.00220108 0
1011010011 0.0216522 -3.14159
1011010100 0.0108719 0
1011010101 0.0687866 -3.14159
1011010110 0.0154724 -3.14159
1011010111 0.0328979 -3.14159
1011011000 0.000669479 0
1011011001 0.0308838 0
1011011010 0.00461578 0
1011011011 0.0171051 -3.14159
1011011100 0.0118713 -3.14159
1011011101 0.040802 0
1011011110 0.0480652 -3.14159
1011011111 0.0248871 -3.14159
1011100000 0.0109558 0
1011100001 0.00318909 0
1011100010 0.00280952 0
1011100011 0.0622864 0
1011100100 0.0261078 0
1011100101 0.007267 0
1011100110 0.0327454 0
1011100111 0.0103455 0
1011101000 0.032135 0
1011101001 0.0113449 -3.14159
1011101010 0.012764 0
1011101011 0.00465393 -3.14159
1011101100 0.0306549 0
1011101101 0.00800323 0
1011101110 0.0389099 0
1011101111 0.11377 0
1011110000 0.026123 0
1011110001 0.0252838 -3.14159
1011110010 0.0110626 0
1011110011 0.00980377 -3.14159
1011110100 0.0410767 -3.14159
1011110101 0.0262146 0
1011110110 0.0489502 -3.14159
1011110111 0.0222473 -3.14159
1011111000 0.00223732 0
1011111001 0.053894 -3.14159
1011111010 0.000459194 -3.14159
1011111011 0.00346184 -3.14159
1011111100 0.0652466 0
1011111101 0.0403137 0
1011111110 0.0428467 0
1011111111 0.0474854 0
1100000000 0.0378418 -3.14159
1100000001 0.0392761 0
1100000010 0.00229073 0
1100000011 0.00894928 0
1100000100 0.0259247 -3.14159
1100000101 0.0122299 -3.14159
1100000110 0.00642014 0
1100000111 0.0159607 0
1100001000 0.00339127 0
1100001001 0.0142365 0
1100001010 0.00114441 -3.14159
1100001011 0.0332642 0
1100001100 0.0015955 0
1100001101 0.00580978 0
1100001110 0.0219574 0
1100001111 0.0137787 0
1100010000 0.0532227 0
1100010001 0.0224609 0
1100010010 0.00584412 0
1100010011 0.0565491 -3.14159
1100010100 0.00474548 0
1100010101 0.0386353 -3.14159
1100010110 0.00530243 -3.14159
1100010111 0.0755615 0
1100011000 0.0427246 -3.14159
1100011001 0.0317383 -3.14159
1100011010 0.0034523 -3.14159
1100011011 0.0151901 0
1100011100 0.0100784 -3.14159
1100011101 0.0129547 0
1100011110 0.019577 -3.14159
1100011111 0.015213 -3.14159
1100100000 0.0316467 0
1100100001 0.0245972 -3.14159
1100100010 0.0228119 0
1100100011 0.00519562 0
1100100100 0.0332947 0
1100100101 0.0621033 -3.14159
1100100110 0.0161285 -3.14159
1100100111 0.00093317 -3.14159
1100101000 0.0198212 -3.14159
1100101001 0.0220947 0
1100101010 0.029068 0
1100101011 0.0604553 0
1100101100 0.0355835 -3.14159
1100101101 0.0353394 -3.14159
1100101110 0.088623 0
1100101111 0.000746727 -3.14159
1100110000 0.00723648 0
1100110001 0.00719452 -3.14159
1100110010 0.0531006 0
1100110011 0.0119095 -3.14159
1100110100 0.0133438 0
1100110101 0.0137863 -3.14159
1100110110 0.0426636 0
1100110111 0.00751114 0
1100111000 0.0045929 -3.14159
1100111001 0.0237579 0
1100111010 0.0143585 0
1100111011 0.0561523 -3.14159
1100111100 0.0275421 -3.14159
1100111101 0.0282745 -3.14159
1100111110 0.0266113 -3.14159
1100111111 0.0174866 -3.14159
1101000000 0.0682983 0
1101000001 0.0195312 -3.14159
1101000010 0.000204802 0
1101000011 0.0184326 -3.14159
1101000100 0.0278778 0
1101000101 0.0613098 0
1101000110 0.0392456 0
1101000111 0.0076828 -3.14159
1101001000 0.0446167 0
1101001001 0.0140381 0
1101001010 0.0155182 -3.14159
1101001011 0.0182495 0
1101001100 0.00894928 -3.14159
1101001101 0.00600815 0
1101001110 0.0112991 -3.14159
1101001111 0.00668335 -3.14159
1101010000 0.0249176 0
1101010001 0.0166931 -3.14159
1101010010 0.0229797 0
1101010011 0.0748901 0
1101010100 0.00406265 0
1101010101 0.00643539 0
1101010110 0.0346375 0
1101010111 0.0220642 0
1101011000 0.0071907 -3.14159
1101011001 0.0021286 -3.14159
1101011010 0.0416565 0
1101011011 0.00254631 0
1101011100 0.000643253 0
1101011101 0.00988007 0
1101011110 0.0201874 -3.14159
1101011111 0.0543518 -3.14159
1101100000 0.00217819 0
1101100001 0.0297089 -3.14159
1101100010 0.029068 -3.14159
1101100011 0.037384 0
1101100100 0.028656 -3.14159
1101100101 0.0471497 -3.14159
1101100110 0.0207825 -3.14159
1101100111 0.0409241 0
1101101000 0.038208 0
1101101001 0.0290985 0
1101101010 0.0198059 0
1101101011 0.0127411 0
1101101100 0.0228882 -3.14159
1101101101 0.0265045 0
1101101110 0.0153046 0
1101101111 0.0507202 -3.14159
1101110000 0.0314331 -3.14159
1101110001 0.0397949 0
1101110010 0.0113373 0
1101110011 0.0312805 -3.14159
1101110100 0.0301056 -3.14159
1101110101 0.0310669 0
1101110110 0.0182648 -3.14159
1101110111 0.0444946 -3.14159
1101111000 0.0475464 -3.14159
1101111001 0.00889587 -3.14159
1101111010 0.00110054 0
1101111011 0.038147 -3.14159
1101111100 0.0516052 0
1101111101 0.0178375 -3.14159
1101111110 0.0267487 0
1101111111 0.0244751 -3.14159
1110000000 0.00629044 0
1110000001 0.0493164 0
1110000010 0.0779419 0
1110000011 0.00165558 -3.14159
1110000100 0.0283813 -3.14159
1110000101 0.0129471 0
1110000110 0.025238 -3.14159
1110000111 0.036438 0
1110001000 0.00585556 0
1110001001 0.00536728 0
1110001010 0.0172882 0
1110001011 0.00166416 -3.14159
1110001100 0.0222168 0
1110001101 0.0492859 0
1110001110 0.0306854 0
1110001111 0.0161133 0
1110010000 0.0225372 -3.14159
1110010001 0.0114975 0
1110010010 0.00727081 -3.14159
1110010011 0.0406189 0
1110010100 0.0480652 -3.14159
1110010101 0.04953 -3.14159
1110010110 0.0471497 0
1110010111 0.0137558 -3.14159
1110011000 0.00478363 -3.14159
1110011001 0.0168152 -3.14159
1110011010 0.0270386 0
1110011011 0.0371094 -3.14159
1110011100 0.00932312 0
1110011101 0.0091629 -3.14159
1110011110 0.0365601 -3.14159
1110011111 0.0828247 0
1110100000 0.0456238 0
1110100001 0.00763321 0
1110100010 0.0401001 -3.14159
1110100011 0.00652313 -3.14159
1110100100 0.00670242 0
1110100101 0.0333252 0
1110100110 0.0201111 -3.14159
1110100111 0.0143433 0
1110101000 0.0148239 -3.14159
1110101001 0.0131683 0
1110101010 0.0055542 0
1110101011 0.00668335 0
1110101100 0.0342712 0
1110101101 0.0230103 0
1110101110 0.0142212 0
1110101111 0.0213318 0
1110110000 0.00563431 0
1110110001 0.0259705 -3.14159
1110110010 0.0129776 -3.14159
1110110011 0.071167 -3.14159
1110110100 0.0383911 0
1110110101 0.0473022 -3.14159
1110110110 0.0117722 0
1110110111 0.00318336 -3.14159
1110111000 0.0127029 -3.14159
1110111001 0.105957 -3.14159
1110111010 0.0109024 -3.14159
1110111011 0.00282669 0
1110111100 0.00523758 -3.14159
1110111101 0.0216827 0
1110111110 0.0346985 -3.14159
1110111111 0.0524597 -3.14159
1111000000 0.0353394 0
1111000001 0.0231628 -3.14159
1111000010 0.0473022 0
1111000011 0.0205994 -3.14159
1111000100 0.0365601 -3.14159
1111000101 0.0292053 -3.14159
1111000110 0.0412903 0
1111000111 0.00701904 -3.14159
1111001000 0.00956726 -3.14159
1111001001 0.00557709 -3.14159
1111001010 0.0110779 -3.14159
1111001011 0.0271301 0
1111001100 0.0156555 -3.14159
1111001101 0.0345459 -3.14159
1111001110 0.0103455 0
1111001111 0.0878906 0
1111010000 0.00874329 -3.14159
1111010001 0.0445557 -3.14159
1111010010 0.0117722 -3.14159
1111010011 0.000421524 0
1111010100 0.0298767 0
1111010101 0.0222321 0
1111010110 0.00605392 -3.14159
1111010111 0.0168762 0
1111011000 0.0463867 0
1111011001 0.00846863 -3.14159
1111011010 0.0506897 -3.14159
1111011011 0.00993347 0
1111011100 0.0120087 -3.14159
1111011101 0.0101776 -3.14159
1111011110 0.00710297 -3.14159
1111011111 0.0336914 -3.14159
1111100000 0.0174713 0
1111100001 0.00736237 0
1111100010 0.0142212 0
1111100011 0.0718384 -3.14159
1111100100 0.032074 0
1111100101 0.0385742 -3.14159
1111100110 0.0120697 0
1111100111 0.00319862 0
1111101000 0.0082016 -3.14159
1111101001 0.0046463 0
1111101010 0.0311127 -3.14159
1111101011 0.0473633 -3.14159
1111101100 0.0848999 0
1111101101 0.0331726 -3.14159
1111101110 0.0445557 0
1111101111 0.0733643 0
1111110000 0.0539551 -3.14159
1111110001 0.0556641 0
1111110010 0.00843048 0
1111110011 0.039917 -3.14159
1111110100 0.0528564 -3.14159
1111110101 0.0344238 0
1111110110 0.0388489 -3.14159
1111110111 0.0440979 0
1111111000 0.0178986 -3.14159
1111111001 0.03479 -3.14159
1111111010 0.0222931 -3.14159
1111111011 0.0164337 -3.14159
1111111100 0.0249786 0
1111111101 0.0314026 0
1111111110 0.0370483 0
1111111111 0.0168304 0
