0000000000 0.0372925 0
0000000001 0.0450745 0
0000000010 0.0127411 -3.14159
0000000011 0.00073719 0
0000000100 0.00684357 0
0000000101 0.0277252 0
0000000110 0.0199585 -3.14159
0000000111 0.00156021 -3.14159
0000001000 0.00683212 0
0000001001 0.0116119 0
0000001010 0.00200081 -3.14159
0000001011 0.0172577 0
0000001100 0.0332642 -3.14159
0000001101 0.0212555 0
0000001110 0.00353432 0
0000001111 0.00366592 -3.14159
0000010000 0.0180359 -3.14159
0000010001 0.0233765 -3.14159
0000010010 0.0301056 -3.14159
0000010011 0.0268402 -3.14159
0000010100 0.0576782 -3.14159
0000010101 0.0204468 0
0000010110 0.00271797 -3.14159
0000010111 0.0198975 0
0000011000 0.0429382 0
0000011001 0.0282593 -3.14159
0000011010 0.00253677 -3.14159
0000011011 0.0274811 -3.14159
0000011100 0.0224152 -3.14159
0000011101 0.00337029 -3.14159
0000011110 0.0140762 0
0000011111 0.02034 -3.14159
0000100000 0.0758667 -3.14159
0000100001 0.0192871 -3.14159
0000100010 0.059082 -3.14159
0000100011 0.0440674 -3.14159
0000100100 0.033783 0
0000100101 0.00139332 -3.14159
0000100110 0.0102615 -3.14159
0000100111 0.0174561 0
0000101000 0.0309296 -3.14159
0000101001 0.0182037 -3.14159
0000101010 0.0375671 -3.14159
0000101011 0.0155563 -3.14159
0000101100 0.0574646 -3.14159
0000101101 0.0238953 0
0000101110 0.0182343 -3.14159
0000101111 0.0233002 -3.14159
0000110000 0.0246277 0
0000110001 0.0569763 -3.14159
0000110010 0.0439453 -3.14159
0000110011 0.0262756 0
0000110100 0.00382614 -3.14159
0000110101 0.0217133 -3.14159
0000110110 0.0171814 -3.14159
0000110111 0.0424805 0
0000111000 0.0413513 -3.14159
0000111001 0.00859833 -3.14159
0000111010 0.00166798 0
0000111011 0.0283661 -3.14159
0000111100 0.000915527 0
0000111101 0.010643 0
0000111110 0.0222321 0
0000111111 0.000763893 -3.14159
0001000000 0.062561 0
0001000001 0.0113525 0
0001000010 0.00543976 -3.14159
0001000011 0.0197144 0
0001000100 0.022644 -3.14159
0001000101 0.0283661 -3.14159
0001000110 0.0218506 -3.14159
0001000111 0.00804901 0
0001001000 0.0151443 -3.14159
0001001001 0.00546646 -3.14159
0001001010 0.013916 0
0001001011 0.0322571 -3.14159
0001001100 0.047699 -3.14159
0001001101 0.00246429 0
0001001110 0.0157471 0
0001001111 0.00503922 0
0001010000 0.00240326 -3.14159
0001010001 0.0292969 -3.14159
0001010010 0.0212708 -3.14159
0001010011 0.017807 0
0001010100 0.00013411 -3.14159
0001010101 0.00082922 -3.14159
0001010110 0.0212097 0
0001010111 0.000487328 0
0001011000 0.00226974 0
0001011001 0.0413818 0
0001011010 0.0343933 0
0001011011 0.0101547 -3.14159
0001011100 0.0578918 0
0001011101 0.0335083 -3.14159
0001011110 0.0171356 -3.14159
0001011111 0.0396423 0
0001100000 0.0214233 -3.14159
0001100001 0.00589752 -3.14159
0001100010 0.0401306 -3.14159
0001100011 0.0213013 -3.14159
0001100100 0.0279541 -3.14159
0001100101 0.00603867 0
0001100110 0.0343323 -3.14159
0001100111 0.0418396 0
0001101000 0.0279846 0
0001101001 0.105225 0
0001101010 0.0272217 -3.14159
0001101011 0.0142365 0
0001101100 0.0272522 0
0001101101 0.039856 -3.14159
0001101110 0.0389709 -3.14159
0001101111 0.0100632 -3.14159
0001110000 0.0726929 -3.14159
0001110001 0.0162201 -3.14159
0001110010 0.0325928 -3.14159
0001110011 0.00137997 0
0001110100 0.0250244 -3.14159
0001110101 0.00196838 -3.14159
0001110110 0.00738525 0
0001110111 0.0174103 -3.14159
0001111000 0.0686035 -3.14159
0001111001 0.00799561 0
0001111010 0.0455627 -3.14159
0001111011 0.008255 -3.14159
0001111100 0.0170898 -3.14159
0001111101 0.0294647 0
0001111110 0.000851631 -3.14159
0001111111 0.0057373 0
0010000000 0.0378113 0
0010000001 0.0234985 -3.14159
0010000010 0.0257874 0
0010000011 0.0381165 -3.14159
0010000100 0.00166225 0
0010000101 0.0193634 -3.14159
0010000110 0.0622864 0
0010000111 0.0122299 -3.14159
0010001000 0.0212402 0
0010001001 0.00846863 0
0010001010 0.00314522 -3.14159
0010001011 0.0123444 0
0010001100 0.017807 0
0010001101 0.00341034 0
0010001110 0.0118027 0
0010001111 0.00329208 0
0010010000 0.0155334 -3.14159
0010010001 0.0157623 -3.14159
0010010010 0.0222931 0
0010010011 0.022171 -3.14159
0010010100 0.0144577 -3.14159
0010010101 0.0133133 0
0010010110 0.0201416 -3.14159
0010010111 0.0379333 0
0010011000 0.023407 -3.14159
0010011001 0.0166321 -3.14159
0010011010 0.0172882 0
0010011011 0.0112152 -3.14159
0010011100 0.00326347 -3.14159
0010011101 0.0131149 0
0010011110 0.0544128 -3.14159
0010011111 0.00527191 -3.14159
0010100000 0.0112 0
0010100001 0.00620651 -3.14159
0010100010 0.00741196 0
0010100011 0.0100861 0
0010100100 0.00922394 -3.14159
0010100101 0.0295868 -3.14159
0010100110 0.0321655 0
0010100111 0.00753784 0
0010101000 0.000511169 0
0010101001 0.0305023 0
0010101010 0.0136719 0
0010101011 0.00763321 0
0010101100 0.0101776 0
0010101101 0.00179291 -3.14159
0010101110 0.00493622 -3.14159
0010101111 0.016861 0
0010110000 0.00946045 0
0010110001 0.0597229 -3.14159
0010110010 0.0204163 -3.14159
0010110011 0.0502014 0
0010110100 0.0350647 0
0010110101 0.00893402 -3.14159
0010110110 0.0237427 0
0010110111 0.0100632 -3.14159
0010111000 0.00306702 0
0010111001 0.0281677 -3.14159
0010111010 0.0272369 0
0010111011 0.0311737 0
0010111100 0.0487671 0
0010111101 0.0426331 -3.14159
0010111110 0.0139923 -3.14159
0010111111 0.0650635 -3.14159
0011000000 0.0621643 0
0011000001 0.017746 0
0011000010 0.00277138 0
0011000011 0.0302887 0
0011000100 0.00521088 0
0011000101 0.0362854 0
0011000110 0.017395 0
0011000111 0.000498295 -3.14159
0011001000 0.0178375 0
0011001001 0.0240479 -3.14159
0011001010 0.00658417 0
0011001011 0.00257683 0
0011001100 0.0327148 -3.14159
0011001101 0.00790405 -3.14159
0011001110 0.0106964 -3.14159
0011001111 0.00241852 0
0011010000 0.014679 0
0011010001 0.0134506 -3.14159
0011010010 0.0272522 0
0011010011 0.00841522 -3.14159
0011010100 0.0108795 -3.14159
0011010101 0.0561829 -3.14159
0011010110 0.0389404 -3.14159
0011010111 0.0513916 0
0011011000 0.00662231 -3.14159
0011011001 0.0270233 0
0011011010 0.00255013 -3.14159
0011011011 0.00779724 -3.14159
0011011100 0.0218658 -3.14159
0011011101 0.0472107 -3.14159
0011011110 0.0526123 -3.14159
0011011111 0.00967407 0
0011100000 0.0374756 0
0011100001 0.0158386 0
0011100010 0.00782013 -3.14159
0011100011 0.0213928 -3.14159
0011100100 0.00899506 0
0011100101 0.0441589 0
0011100110 0.023819 -3.14159
0011100111 0.00682831 -3.14159
0011101000 0.044281 -3.14159
0011101001 0.0104904 0
0011101010 0.0542297 -3.14159
0011101011 0.00486755 0
0011101100 0.00348854 0
0011101101 0.0257568 -3.14159
0011101110 0.0168152 0
0011101111 0.0631104 0
0011110000 0.0281525 -3.14159
0011110001 0.0147018 0
0011110010 0.00647736 0
0011110011 0.0705566 -3.14159
0011110100 0.00489044 0
0011110101 0.0061264 0
0011110110 0.0246124 0
0011110111 0.00735855 0
0011111000 0.0835571 0
0011111001 0.00870514 0
0011111010 0.0054512 0
0011111011 0.0134201 -3.14159
0011111100 0.015686 -3.14159
0011111101 0.0226746 -3.14159
0011111110 0.00454712 -3.14159
0011111111 0.0155716 0
0100000000 0.0786743 0
0100000001 0.0452271 0
0100000010 0.0324402 -3.14159
0100000011 0.0419922 0
0100000100 0.0510254 -3.14159
0100000101 0.00938416 -3.14159
0100000110 0.00934601 -3.14159
0100000111 0.0114899 0
0100001000 0.0113373 0
0100001001 0.000516891 -3.14159
0100001010 0.00615311 0
0100001011 0.0312195 -3.14159
0100001100 0.0142899 -3.14159
0100001101 0.00658798 -3.14159
0100001110 0.00582504 0
0100001111 0.0159607 -3.14159
0100010000 0.0202942 0
0100010001 0.0560303 -3.14159
0100010010 0.0214691 -3.14159
0100010011 0.00187302 0
0100010100 0.0475464 0
0100010101 0.00892639 -3.14159
0100010110 0.0177612 0
0100010111 0.0157928 -3.14159
0100011000 0.00138664 0
0100011001 0.0206757 0
0100011010 0.00627136 -3.14159
0100011011 0.0617065 -3.14159
0100011100 0.00411987 -3.14159
0100011101 0.000732422 0
0100011110 0.01548 -3.14159
0100011111 0.0481262 0
0100100000 0.0171967 -3.14159
0100100001 6.68764e-05 -3.14159
0100100010 0.00162315 -3.14159
0100100011 0.0227814 0
0100100100 0.0316467 -3.14159
0100100101 0.0203247 0
0100100110 0.0552368 -3.14159
0100100111 0.0435181 -3.14159
0100101000 0.0464783 0
0100101001 0.0792847 -3.14159
0100101010 0.0582581 0
0100101011 0.016449 -3.14159
0100101100 0.0270538 0
0100101101 0.0538025 -3.14159
0100101110 0.0243988 0
0100101111 0.00508499 0
0100110000 0.0267487 0
0100110001 0.0202026 -3.14159
0100110010 0.0107574 0
0100110011 0.0213165 -3.14159
0100110100 0.00286674 0
0100110101 0.0295715 0
0100110110 0.0236053 -3.14159
0100110111 0.00327682 -3.14159
0100111000 0.030899 -3.14159
0100111001 0.079834 -3.14159
0100111010 0.0550537 -3.14159
0100111011 0.021698 -3.14159
0100111100 0.0358276 -3.14159
0100111101 0.0311737 -3.14159
0100111110 0.0376892 0
0100111111 0.00392914 -3.14159
0101000000 0.0108871 -3.14159
0101000001 0.00123024 0
0101000010 0.0181274 -3.14159
0101000011 0.021698 0
0101000100 0.00629044 -3.14159
0101000101 0.00689697 0
0101000110 0.00588608 0
0101000111 0.00631332 -3.14159
0101001000 0.00482559 -3.14159
0101001001 0.039093 -3.14159
0101001010 0.016098 0
0101001011 0.0442505 0
0101001100 0.0037384 0
0101001101 0.0145416 0
0101001110 0.0203247 0
0101001111 0.0144882 0
0101010000 0.039032 0
0101010001 0.017334 0
0101010010 0.0306091 0
0101010011 0.0628662 -3.14159
0101010100 0.0156403 0
0101010101 0.0265961 0
0101010110 0.0265808 0
0101010111 0.00542068 0
0101011000 0.0262909 0
0101011001 0.00703812 0
0101011010 0.00900269 -3.14159
0101011011 0.0504761 -3.14159
0101011100 0.0560303 -3.14159
0101011101 0.0540771 0
0101011110 0.0183411 0
0101011111 0.0140839 0
0101100000 0.0106583 0
0101100001 0.0453796 -3.14159
0101100010 0.0120697 -3.14159
0101100011 0.0331726 -3.14159
0101100100 0.00261307 0
0101100101 0.00654984 0
0101100110 0.0244446 -3.14159
0101100111 0.0261536 -3.14159
0101101000 0.0828247 -3.14159
0101101001 0.00630951 0
0101101010 0.0369873 0
0101101011 0.0281525 0
0101101100 0.00447464 -3.14159
0101101101 0.0190277 -3.14159
0101101110 0.0062027 -3.14159
0101101111 0.0302582 0
0101110000 0.0339355 -3.14159
0101110001 0.0128708 -3.14159
0101110010 0.0169983 -3.14159
0101110011 0.0265503 0
0101110100 0.043396 0
0101110101 0.0151825 0
0101110110 0.0309753 0
0101110111 0.00323486 0
0101111000 0.0483093 0
0101111001 0.0389709 0
0101111010 0.0299683 0
0101111011 0.030426 -3.14159
0101111100 0.0471497 -3.14159
0101111101 0.00207138 -3.14159
0101111110 0.0369873 0
0101111111 0.0702515 0
0110000000 0.012558 0
0110000001 0.0432739 0
0110000010 0.0622864 -3.14159
0110000011 0.0744629 0
0110000100 0.0817871 -3.14159
0110000101 0.0158997 -3.14159
0110000110 0.00428009 0
0110000111 0.0422974 0
0110001000 0.00816345 -3.14159
0110001001 0.00779343 -3.14159
0110001010 0.00652313 -3.14159
0110001011 0.0241394 -3.14159
0110001100 0.000846386 -3.14159
0110001101 0.0353088 -3.14159
0110001110 0.0281677 0
0110001111 0.0178528 -3.14159
0110010000 0.0453186 0
0110010001 0.00785828 -3.14159
0110010010 0.0198059 -3.14159
0110010011 0.0116577 0
0110010100 0.06604 -3.14159
0110010101 0.0634766 -3.14159
0110010110 0.0113144 0
0110010111 0.00785065 0
0110011000 0.00554657 0
0110011001 0.026474 -3.14159
0110011010 0.00879669 0
0110011011 0.0621338 0
0110011100 0.00800323 -3.14159
0110011101 0.00368309 -3.14159
0110011110 0.0198059 0
0110011111 0.0163574 0
0110100000 0.0558167 0
0110100001 0.00498581 0
0110100010 0.0258179 0
0110100011 0.0177765 -3.14159
0110100100 0.0575867 0
0110100101 0.00462341 0
0110100110 0.0101242 0
0110100111 0.00634384 -3.14159
0110101000 0.0270233 -3.14159
0110101001 0.0339661 -3.14159
0110101010 0.0179291 0
0110101011 0.0197144 -3.14159
0110101100 0.0300446 -3.14159
0110101101 0.00687027 0
0110101110 0.00547028 -3.14159
0110101111 0.0099411 -3.14159
0110110000 0.00603104 -3.14159
0110110001 0.0684204 -3.14159
0110110010 0.0536804 0
0110110011 0.00972748 -3.14159
0110110100 0.0139694 0
0110110101 0.0244141 0
0110110110 0.032196 0
0110110111 0.0282745 0
0110111000 0.0392151 -3.14159
0110111001 0.0115128 -3.14159
0110111010 0.00186634 0
0110111011 0.0613708 0
0110111100 0.0125732 -3.14159
0110111101 0.00823975 0
0110111110 0.0315247 -3.14159
0110111111 0.000842094 0
0111000000 0.00923157 0
0111000001 0.0551758 -3.14159
0111000010 0.0130386 0
0111000011 0.0238953 -3.14159
0111000100 0.0383606 -3.14159
0111000101 0.0124435 -3.14159
0111000110 0.0324402 -3.14159
0111000111 0.039032 -3.14159
0111001000 0.0266113 0
0111001001 0.0282288 0
0111001010 0.0130997 -3.14159
0111001011 0.00166988 -3.14159
0111001100 0.00947571 0
0111001101 0.049469 -3.14159
0111001110 0.0379639 0
0111001111 0.0747681 0
0111010000 0.0160065 0
0111010001 0.0354919 0
0111010010 0.0200958 -3.14159
0111010011 0.0458984 0
0111010100 0.00741196 0
0111010101 0.0298004 -3.14159
0111010110 0.0176086 -3.14159
0111010111 0.0370178 -3.14159
0111011000 0.0167694 0
0111011001 0.00259209 -3.14159
0111011010 0.0218506 0
0111011011 0.0144043 0
0111011100 0.0294037 0
0111011101 0.037323 0
0111011110 0.0242157 0
0111011111 0.00254631 -3.14159
0111100000 0.00216293 0
0111100001 0.0132675 0
0111100010 0.00990295 0
0111100011 0.0265045 0
0111100100 0.03125 0
0111100101 0.00524902 -3.14159
0111100110 0.0471802 -3.14159
0111100111 0.032196 -3.14159
0111101000 0.0267334 -3.14159
0111101001 0.0100174 0
0111101010 0.0525208 -3.14159
0111101011 0.0161896 -3.14159
0111101100 0.00774002 -3.14159
0111101101 0.00233078 0
0111101110 0.0307617 0
0111101111 0.01371 -3.14159
0111110000 0.0101089 -3.14159
0111110001 0.0147552 -3.14159
0111110010 0.0426331 0
0111110011 0.0587463 -3.14159
0111110100 0.0226593 0
0111110101 0.0133286 -3.14159
0111110110 0.00358772 0
0111110111 0.0142059 -3.14159
0111111000 0.0535278 -3.14159
0111111001 0.0397339 0
0111111010 0.012558 -3.14159
0111111011 0.0275269 0
0111111100 0.017746 -3.14159
0111111101 0.00534058 -3.14159
0111111110 0.0187378 0
0111111111 0.0634155 0
1000000000 0.0184937 -3.14159
1000000001 0.0153809 -3.14159
1000000010 0.0318909 -3.14159
1000000011 0.00208282 -3.14159
1000000100 0.00827026 0
1000000101 0.0355225 0
1000000110 0.0110092 0
1000000111 0.0303192 0
1000001000 0.00822449 0
1000001001 0.0197144 0
1000001010 0.0140305 -3.14159
1000001011 0.0593567 -3.14159
1000001100 0.0106506 0
1000001101 0.050354 -3.14159
1000001110 0.0451355 -3.14159
1000001111 0.0175476 -3.14159
1000010000 0.0121078 0
1000010001 0.0447998 -3.14159
1000010010 0.00342178 -3.14159
1000010011 0.012558 0
1000010100 0.0171051 0
1000010101 0.00585175 0
1000010110 0.00406265 0
1000010111 0.00623322 0
1000011000 0.0188599 0
1000011001 0.0330811 0
1000011010 0.033905 -3.14159
1000011011 0.0343933 0
1000011100 0.00378227 0
1000011101 0.0191498 0
1000011110 0.000134945 -3.14159
1000011111 0.0119858 0
1000100000 0.0168457 -3.14159
1000100001 0.0392761 -3.14159
1000100010 0.0270844 0
1000100011 0.00302124 -3.14159
1000100100 0.00142956 0
1000100101 0.0712891 -3.14159
1000100110 0.0220795 -3.14159
1000100111 0.0412903 0
1000101000 0.0104294 0
1000101001 0.01828 -3.14159
1000101010 0.0164185 -3.14159
1000101011 0.0226135 -3.14159
1000101100 0.0298004 -3.14159
1000101101 0.0234375 0
1000101110 0.0558777 0
1000101111 0.0391541 0
1000110000 0.0135727 -3.14159
1000110001 0.0164185 0
1000110010 0.00534821 0
1000110011 0.0462341 -3.14159
1000110100 0.0257568 -3.14159
1000110101 0.0259705 0
1000110110 0.0445862 -3.14159
1000110111 0.00503922 -3.14159
1000111000 0.00314331 0
1000111001 0.0396423 -3.14159
1000111010 0.0652466 0
1000111011 0.000253201 -3.14159
1000111100 0.00646591 0
1000111101 0.0285492 0
1000111110 0.0037117 -3.14159
1000111111 0.00749207 0
1001000000 0.0131836 0
1001000001 0.0187073 -3.14159
1001000010 0.012291 0
1001000011 0.0038929 0
1001000100 0.0408936 -3.14159
1001000101 0.0227661 -3.14159
1001000110 0.0202637 -3.14159
1001000111 0.0387268 -3.14159
1001001000 0.010849 0
1001001001 0.00932312 0
1001001010 0.0112915 -3.14159
1001001011 0.00285339 -3.14159
1001001100 0.0194397 0
1001001101 0.0188751 -3.14159
1001001110 0.0305786 -3.14159
1001001111 0.0463257 0
1001010000 0.00741196 -3.14159
1001010001 0.000619888 -3.14159
1001010010 0.00484085 0
1001010011 0.00743103 -3.14159
1001010100 0.00244522 -3.14159
1001010101 0.0345459 -3.14159
1001010110 0.0311737 0
1001010111 0.0122299 -3.14159
1001011000 0.0140228 0
1001011001 0.021286 0
1001011010 0.0108337 0
1001011011 0.0516052 0
1001011100 0.00926208 -3.14159
1001011101 0.0571899 -3.14159
1001011110 0.0509644 -3.14159
1001011111 0.0100861 -3.14159
1001100000 0.031311 0
1001100001 0.0067482 0
1001100010 0.00697708 -3.14159
1001100011 0.0334167 0
1001100100 0.0335388 -3.14159
1001100101 0.0167542 -3.14159
1001100110 0.0571899 0
1001100111 0.0723267 0
1001101000 0.0045166 -3.14159
1001101001 0.0196533 -3.14159
1001101010 0.0274048 0
1001101011 0.0438538 0
1001101100 0.0444031 0
1001101101 0.00311089 0
1001101110 0.0354919 -3.14159
1001101111 0.0140762 0
1001110000 0.0628662 0
1001110001 0.0726929 -3.14159
1001110010 0.00960541 -3.14159
1001110011 0.00785065 0
1001110100 0.0369263 -3.14159
1001110101 0.0162201 -3.14159
1001110110 0.00630188 -3.14159
1001110111 0.00979614 -3.14159
1001111000 0.0507202 0
1001111001 0.00448608 0
1001111010 0.0384827 0
1001111011 0.0443726 0
1001111100 0.0293274 0
1001111101 0.015686 -3.14159
1001111110 0.0224762 -3.14159
1001111111 0.0100327 -3.14159
1010000000 0.0217743 0
1010000001 0.01548 0
1010000010 0.000626564 -3.14159
1010000011 0.00744629 0
1010000100 0.0166931 0
1010000101 0.0426636 -3.14159
1010000110 0.00956726 -3.14159
1010000111 0.0438538 -3.14159
1010001000 0.0368958 -3.14159
1010001001 0.0267792 0
1010001010 0.00466537 0
1010001011 0.0649414 0
1010001100 0.0122681 -3.14159
1010001101 0.000103056 -3.14159
1010001110 0.0141907 0
1010001111 0.0393372 0
1010010000 0.0597229 0
1010010001 0.00369644 -3.14159
1010010010 0.0401001 -3.14159
1010010011 0.0571899 0
1010010100 0.0250397 -3.14159
1010010101 6.1512e-05 0
1010010110 0.0143967 0
1010010111 0.0331421 -3.14159
1010011000 0.0805054 0
1010011001 0.00500107 -3.14159
1010011010 0.00651932 0
1010011011 0.0287018 -3.14159
1010011100 0.0360107 0
1010011101 0.0334778 -3.14159
1010011110 0.0202179 0
1010011111 0.00551987 0
1010100000 0.0382996 -3.14159
1010100001 0.024292 -3.14159
1010100010 0.0246735 -3.14159
1010100011 0.00209999 -3.14159
1010100100 0.00295258 0
1010100101 0.0074501 -3.14159
1010100110 0.00774384 -3.14159
1010100111 0.0566101 -3.14159
1010101000 0.00984955 0
1010101001 0.050415 0
1010101010 0.00469971 -3.14159
1010101011 0.00669098 -3.14159
1010101100 0.0414124 0
1010101101 0.0138855 -3.14159
1010101110 0.00155735 0
1010101111 0.016922 0
1010110000 0.0522766 0
1010110001 0.0315552 -3.14159
1010110010 0.0278015 0
1010110011 0.0289764 -3.14159
1010110100 0.029007 -3.14159
1010110101 0.0155563 0
1010110110 0.0107574 -3.14159
1010110111 0.00197792 -3.14159
1010111000 0.0090332 0
1010111001 0.0250092 -3.14159
1010111010 0.033783 -3.14159
1010111011 0.013237 -3.14159
1010111100 0.0496826 0
1010111101 0.0166168 0
1010111110 0.0321655 -3.14159
1010111111 0.0354004 0
1011000000 0.0376282 -3.14159
1011000001 0.0400085 0
1011000010 0.0272064 0
1011000011 0.0173492 -3.14159
1011000100 0.0145111 -3.14159
1011000101 0.0215912 0
1011000110 0.014473 0
1011000111 0.00611877 0
1011001000 0.00527954 -3.14159
1011001001 0.0513 -3.14159
1011001010 0.0395508 -3.14159
1011001011 0.0441589 -3.14159
1011001100 0.0455017 -3.14159
1011001101 0.0315857 -3.14159
1011001110 0.0162964 0
1011001111 0.0233917 -3.14159
1011010000 0.00190926 0
1011010001 0.0402527 -3.14159
1011010010 0.0040741 0
1011010011 0.00990295 0
1011010100 0.0128174 -3.14159
1011010101 0.0285492 0
1011010110 0.039856 0
1011010111 0.0229187 0
1011011000 0.00469208 0
1011011001 0.0184937 0
1011011010 0.0186157 0
1011011011 0.00379181 -3.14159
1011011100 0.00114918 0
1011011101 0.0390625 0
1011011110 0.00931549 0
1011011111 0.00519562 0
1011100000 0.0206146 -3.14159
1011100001 0.0267639 -3.14159
1011100010 0.0478516 0
1011100011 0.000113726 0
1011100100 0.00728226 -3.14159
1011100101 0.053772 0
1011100110 0.000248432 0
1011100111 0.0382996 -3.14159
1011101000 0.10144 -3.14159
1011101001 0.0189056 -3.14159
1011101010 0.0440369 -3.14159
1011101011 0.033844 0
1011101100 0.0190887 0
1011101101 0.00278282 -3.14159
1011101110 0.0154343 -3.14159
1011101111 0.0602112 0
1011110000 0.0853271 -3.14159
1011110001 0.0203094 -3.14159
1011110010 0.0100632 0
1011110011 0.00204086 -3.14159
1011110100 0.00379562 -3.14159
1011110101 0.0022049 0
1011110110 0.0276337 -3.14159
1011110111 0.029129 0
1011111000 0.00996399 -3.14159
1011111001 0.00220108 0
1011111010 0.00733948 0
1011111011 0.0630493 0
1011111100 0.00559998 0
1011111101 0.00497818 0
1011111110 0.038147 0
1011111111 0.0142975 0
1100000000 0.0221405 0
1100000001 0.00988007 0
1100000010 0.0333252 -3.14159
1100000011 0.0483398 -3.14159
1100000100 0.0283356 -3.14159
1100000101 0.0495911 0
1100000110 0.00340271 -3.14159
1100000111 0.0214386 -3.14159
1100001000 0.0322266 -3.14159
1100001001 0.0283813 -3.14159
1100001010 0.0262146 0
1100001011 0.0022049 0
1100001100 0.00821686 0
1100001101 0.00439453 -3.14159
1100001110 0.0553894 -3.14159
1100001111 0.0437317 0
1100010000 0.0437012 -3.14159
1100010001 0.00557327 0
1100010010 0.0500183 0
1100010011 0.0313721 -3.14159
1100010100 0.0121231 -3.14159
1100010101 0.00885773 -3.14159
1100010110 0.00332069 -3.14159
1100010111 0.0672607 0
1100011000 0.0703735 -3.14159
1100011001 0.0317688 0
1100011010 0.00497818 0
1100011011 0.0345154 0
1100011100 0.0595703 0
1100011101 0.01474 0
1100011110 0.0143814 0
1100011111 0.0252228 -3.14159
1100100000 0.0541992 0
1100100001 0.0487061 0
1100100010 0.000205159 -3.14159
1100100011 0.00482559 0
1100100100 0.0148926 0
1100100101 0.0314941 -3.14159
1100100110 0.0365906 0
1100100111 0.017395 -3.14159
1100101000 0.0397339 0
1100101001 0.0352478 0
1100101010 0.0121078 0
1100101011 0.0134811 -3.14159
1100101100 0.00946808 -3.14159
1100101101 0.0190582 -3.14159
1100101110 0.0505981 0
1100101111 0.024353 0
1100110000 0.0269775 0
1100110001 0.060791 -3.14159
1100110010 0.0365601 -3.14159
1100110011 0.0404053 0
1100110100 0.0267487 0
1100110101 0.000912189 0
1100110110 0.0400391 0
1100110111 0.0321655 -3.14159
1100111000 0.0483093 -3.14159
1100111001 0.0944214 -3.14159
1100111010 0.025528 0
1100111011 0.0332336 -3.14159
1100111100 0.0301056 -3.14159
1100111101 0.0178833 0
1100111110 0.0278015 -3.14159
1100111111 0.0648804 -3.14159
1101000000 0.0740356 -3.14159
1101000001 0.00351524 -3.14159
1101000010 0.00300026 0
1101000011 0.00895691 0
1101000100 0.0564575 0
1101000101 0.00200462 0
1101000110 0.0380859 -3.14159
1101000111 0.0499573 0
1101001000 0.0193481 -3.14159
1101001001 0.0626221 0
1101001010 0.0292969 0
1101001011 0.0447998 0
1101001100 0.0513306 -3.14159
1101001101 0.00608063 0
1101001110 0.0383911 0
1101001111 0.0334167 0
1101010000 0.0328674 -3.14159
1101010001 0.0142899 0
1101010010 0.00496674 -3.14159
1101010011 0.0285187 -3.14159
1101010100 0.0323181 0
1101010101 0.00543976 -3.14159
1101010110 0.0629883 -3.14159
1101010111 0.00743866 -3.14159
1101011000 0.0545349 -3.14159
1101011001 0.0161438 0
1101011010 0.0313416 0
1101011011 0.0302124 -3.14159
1101011100 0.0234833 0
1101011101 0.0450439 -3.14159
1101011110 0.00844574 0
1101011111 0.0692749 -3.14159
1101100000 0.0613098 0
1101100001 0.0575256 0
1101100010 0.0115585 0
1101100011 0.00148201 0
1101100100 0.0075798 -3.14159
1101100101 0.0174713 -3.14159
1101100110 0.015007 -3.14159
1101100111 0.0332031 -3.14159
1101101000 0.0258331 -3.14159
1101101001 0.0224304 0
1101101010 0.0134048 -3.14159
1101101011 0.00608826 -3.14159
1101101100 0.0258179 -3.14159
1101101101 0.0334167 -3.14159
1101101110 0.00785828 -3.14159
1101101111 0.00501251 0
1101110000 0.0148239 0
1101110001 0.0409546 0
1101110010 0.00451279 0
1101110011 0.0253448 -3.14159
1101110100 0.0102386 -3.14159
1101110101 0.0290222 -3.14159
1101110110 0.00197411 -3.14159
1101110111 0.0227203 0
1101111000 0.00676346 0
1101111001 0.000122905 -3.14159
1101111010 0.0130005 -3.14159
1101111011 0.000322342 0
1101111100 0.011467 0
1101111101 0.0520325 -3.14159
1101111110 0.0383606 -3.14159
1101111111 0.0794678 0
1110000000 0.0336914 -3.14159
1110000001 0.0089798 -3.14159
1110000010 0.055481 0
1110000011 0.0533752 0
1110000100 0.0159149 0
1110000101 0.0612793 0
1110000110 0.00511932 0
1110000111 0.0183258 -3.14159
1110001000 0.000120699 -3.14159
1110001001 0.0341797 0
1110001010 0.0686646 0
1110001011 0.0500488 -3.14159
1110001100 0.0188599 0
1110001101 0.00980377 -3.14159
1110001110 0.0206451 0
1110001111 0.0177612 -3.14159
1110010000 0.0156555 0
1110010001 0.0518799 -3.14159
1110010010 0.0188904 -3.14159
1110010011 0.00300026 -3.14159
1110010100 0.0402222 -3.14159
1110010101 0.0621338 -3.14159
1110010110 0.00556946 0
1110010111 0.0516968 -3.14159
1110011000 0.0188141 0
1110011001 0.0197449 0
1110011010 0.0357666 -3.14159
1110011011 0.0346375 -3.14159
1110011100 0.0278778 0
1110011101 0.00862885 -3.14159
1110011110 0.00816345 0
1110011111 0.0102921 0
1110100000 0.0177155 -3.14159
1110100001 0.00994873 0
1110100010 0.0551758 0
1110100011 0.0321655 -3.14159
1110100100 0.0666504 0
1110100101 0.00971985 0
1110100110 0.0246277 -3.14159
1110100111 0.00553513 -3.14159
1110101000 0.017746 -3.14159
1110101001 0.000591755 -3.14159
1110101010 0.0333252 0
1110101011 0.00600815 0
1110101100 0.0300751 -3.14159
1110101101 0.0141296 0
1110101110 0.0167084 -3.14159
1110101111 0.0261688 -3.14159
1110110000 0.00896454 -3.14159
1110110001 5.16772e-05 0
1110110010 0.0723267 -3.14159
1110110011 0.0406799 -3.14159
1110110100 0.023407 -3.14159
1110110101 0.057312 0
1110110110 0.0033474 0
1110110111 0.0169373 -3.14159
1110111000 0.00884247 -3.14159
1110111001 0.0407715 0
1110111010 0.0670776 0
1110111011 0.00588989 0
1110111100 0.021759 0
1110111101 0.0309296 -3.14159
1110111110 0.0278473 0
1110111111 0.00127411 -3.14159
1111000000 0.00302696 -3.14159
1111000001 0.0548096 0
1111000010 0.0494385 0
1111000011 0.0418396 -3.14159
1111000100 0.00915527 -3.14159
1111000101 0.0578308 -3.14159
1111000110 0.0179596 -3.14159
1111000111 0.000843048 -3.14159
1111001000 0.0482483 0
1111001001 0.035614 0
1111001010 0.0255432 -3.14159
1111001011 0.0201263 -3.14159
1111001100 0.0465393 0
1111001101 0.0580139 0
1111001110 0.0485535 -3.14159
1111001111 0.0129013 -3.14159
1111010000 0.00360107 -3.14159
1111010001 0.023941 -3.14159
1111010010 6.83665e-05 -3.14159
1111010011 0.00117588 -3.14159
1111010100 0.0169067 0
1111010101 0.0210724 -3.14159
1111010110 0.0714111 0
1111010111 0.0243378 0
1111011000 0.0243073 0
1111011001 0.00673294 0
1111011010 0.000681877 0
1111011011 0.00646973 0
1111011100 0.0328979 -3.14159
1111011101 0.00131702 -3.14159
1111011110 0.00605011 0
1111011111 0.00419998 -3.14159
1111100000 0.0653076 0
1111100001 0.0315247 -3.14159
1111100010 0.00590897 -3.14159
1111100011 0.00405121 0
1111100100 0.0696411 -3.14159
1111100101 0.0160065 -3.14159
1111100110 0.097168 -3.14159
1111100111 0.046814 -3.14159
1111101000 0.00482941 -3.14159
1111101001 0.00196075 -3.14159
1111101010 0.0535278 -3.14159
1111101011 0.10022 0
1111101100 0.0631714 0
1111101101 0.0293732 -3.14159
1111101110 0.0256653 0
1111101111 0.00823212 -3.14159
1111110000 0.00428772 0
1111110001 0.0326233 0
1111110010 0.0618591 -3.14159
1111110011 0.00775909 0
1111110100 0.016983 0
1111110101 0.01828 0
1111110110 0.0101929 0
1111110111 0.0171967 0
1111111000 0.0196075 0
1111111001 0.0502014 -3.14159
1111111010 0.00485992 0
1111111011 0.0309296 -3.14159
1111111100 0.0175934 -3.14159
1111111101 0.0495605 0
1111111110 0.0024929 0
1111111111 0.000823021 0
