0000000000 0.0180817 0
0000000001 0.0346375 0
0000000010 0.00168514 0
0000000011 0.00421906 -3.14159
0000000100 0.0024395 0
0000000101 0.0284882 0
0000000110 0.023941 -3.14159
0000000111 0.0166626 -3.14159
0000001000 0.0108109 0
0000001001 0.00789642 -3.14159
0000001010 0.0175476 -3.14159
0000001011 0.00721359 0
0000001100 0.0357056 -3.14159
0000001101 0.0104141 0
0000001110 0.00933838 0
0000001111 0.0408325 0
0000010000 0.000991821 -3.14159
0000010001 0.0371399 -3.14159
0000010010 0.0290222 -3.14159
0000010011 0.039917 -3.14159
0000010100 0.0241394 -3.14159
0000010101 0.0159912 0
0000010110 0.00209808 0
0000010111 0.0030098 -3.14159
0000011000 0.0611267 0
0000011001 0.0251007 -3.14159
0000011010 0.00440979 0
0000011011 0.0570068 -3.14159
0000011100 0.0262299 -3.14159
0000011101 0.00113869 0
0000011110 0.012291 0
0000011111 0.020462 -3.14159
0000100000 0.0771484 -3.14159
0000100001 0.0033226 -3.14159
0000100010 0.0605774 -3.14159
0000100011 0.0475159 -3.14159
0000100100 0.0103989 0
0000100101 0.0427551 -3.14159
0000100110 0.0206451 -3.14159
0000100111 0.0046463 -3.14159
0000101000 0.0230255 -3.14159
0000101001 0.0319824 -3.14159
0000101010 0.0402527 -3.14159
0000101011 0.0197144 -3.14159
0000101100 0.0653076 -3.14159
0000101101 0.0397034 0
0000101110 0.023819 -3.14159
0000101111 0.0108414 -3.14159
0000110000 0.0463867 0
0000110001 0.0367432 -3.14159
0000110010 0.0306396 -3.14159
0000110011 0.0205536 0
0000110100 0.0283051 -3.14159
0000110101 0.00688934 0
0000110110 0.00973511 -3.14159
0000110111 0.0562134 0
0000111000 0.00135136 0
0000111001 0.0161438 -3.14159
0000111010 0.0131683 -3.14159
0000111011 0.055481 -3.14159
0000111100 0.0137863 0
0000111101 0.0142288 0
0000111110 0.00400925 0
0000111111 0.00421906 -3.14159
0001000000 0.078125 0
0001000001 0.0119934 0
0001000010 0.0137253 -3.14159
0001000011 0.0116959 0
0001000100 0.0328064 -3.14159
0001000101 0.0447388 -3.14159
0001000110 0.0180511 -3.14159
0001000111 0.0153198 0
0001001000 0.0394287 -3.14159
0001001001 0.00577927 0
0001001010 0.0350037 0
0001001011 0.0221405 -3.14159
0001001100 0.0188904 -3.14159
0001001101 0.0194092 0
0001001110 0.00155735 -3.14159
0001001111 0.00189686 -3.14159
0001010000 0.00844574 0
0001010001 0.0462646 -3.14159
0001010010 0.0169067 -3.14159
0001010011 0.000217319 0
0001010100 0.0119019 0
0001010101 0.00279808 0
0001010110 0.0167694 0
0001010111 0.00435257 0
0001011000 0.0307159 -3.14159
0001011001 0.0178528 0
0001011010 0.0263519 0
0001011011 0.008461 0
0001011100 0.0559692 0
0001011101 0.0309601 -3.14159
0001011110 0.0210571 -3.14159
0001011111 0.0390015 0
0001100000 0.0063591 -3.14159
0001100001 0.010231 -3.14159
0001100010 0.0471802 -3.14159
0001100011 0.00926208 -3.14159
0001100100 0.0423279 -3.14159
0001100101 0.0156555 -3.14159
0001100110 0.0448608 -3.14159
0001100111 0.00131035 -3.14159
0001101000 0.0180359 0
0001101001 0.0849609 0
0001101010 0.0273895 -3.14159
0001101011 0.0127945 0
0001101100 0.0117493 0
0001101101 0.0632324 -3.14159
0001101110 0.0164337 -3.14159
0001101111 0.0292816 -3.14159
0001110000 0.0547791 -3.14159
0001110001 0.0452271 -3.14159
0001110010 0.0631104 -3.14159
0001110011 0.0222473 0
0001110100 0.0336609 -3.14159
0001110101 0.0215759 0
0001110110 0.00191307 -3.14159
0001110111 0.0192566 -3.14159
0001111000 0.0499878 -3.14159
0001111001 0.00370026 0
0001111010 0.0262451 -3.14159
0001111011 0.0224304 -3.14159
0001111100 0.0336304 -3.14159
0001111101 0.0299988 0
0001111110 0.0158539 -3.14159
0001111111 0.00438309 -3.14159
0010000000 0.0344543 0
0010000001 0.0296478 -3.14159
0010000010 0.0361023 0
0010000011 0.0400085 -3.14159
0010000100 0.0104446 0
0010000101 0.0209808 -3.14159
0010000110 0.0469666 0
0010000111 0.00109577 0
0010001000 0.0150909 -3.14159
0010001001 0.0062027 0
0010001010 0.0184937 0
0010001011 0.006073 -3.14159
0010001100 0.0514832 0
0010001101 0.0118713 0
0010001110 0.0260315 0
0010001111 0.00287819 0
0010010000 0.00601578 -3.14159
0010010001 0.0262451 -3.14159
0010010010 0.0149841 -3.14159
0010010011 0.035614 -3.14159
0010010100 0.0335083 -3.14159
0010010101 0.0013361 0
0010010110 0.0266266 -3.14159
0010010111 0.035614 0
0010011000 0.0215759 -3.14159
0010011001 0.0145111 -3.14159
0010011010 0.0154495 0
0010011011 0.00232124 -3.14159
0010011100 0.00105858 -3.14159
0010011101 0.0265656 0
0010011110 0.0234375 -3.14159
0010011111 0.00529099 0
0010100000 0.0152664 0
0010100001 0.00411606 -3.14159
0010100010 0.0117798 -3.14159
0010100011 0.00764084 -3.14159
0010100100 0.0028038 -3.14159
0010100101 0.0213623 -3.14159
0010100110 0.00337601 0
0010100111 0.00450897 0
0010101000 0.0055542 0
0010101001 0.0332336 0
0010101010 0.0141525 0
0010101011 0.0346985 0
0010101100 0.00540161 0
0010101101 0.0325928 0
0010101110 0.00964355 -3.14159
0010101111 0.0216827 0
0010110000 0.00342178 -3.14159
0010110001 0.0844116 -3.14159
0010110010 0.0278168 -3.14159
0010110011 0.0484619 0
0010110100 0.0440674 0
0010110101 0.00458145 -3.14159
0010110110 0.0336304 0
0010110111 0.0350342 -3.14159
0010111000 0.00645447 -3.14159
0010111001 0.0316162 -3.14159
0010111010 0.0091629 0
0010111011 0.0233307 0
0010111100 0.0420837 0
0010111101 0.0479736 -3.14159
0010111110 0.0193634 -3.14159
0010111111 0.0540161 -3.14159
0011000000 0.052124 0
0011000001 0.0229034 0
0011000010 0.00696945 -3.14159
0011000011 0.0234375 0
0011000100 0.00136089 0
0011000101 0.0107498 0
0011000110 0.0290222 0
0011000111 0.0175629 -3.14159
0011001000 0.0137253 0
0011001001 0.00823975 -3.14159
0011001010 0.000739098 0
0011001011 0.0233612 -3.14159
0011001100 0.0191193 -3.14159
0011001101 0.0274658 -3.14159
0011001110 0.0135269 -3.14159
0011001111 0.00919342 0
0011010000 0.0276337 0
0011010001 0.0176544 0
0011010010 0.0297852 0
0011010011 0.00436783 -3.14159
0011010100 0.00904083 0
0011010101 0.0289154 -3.14159
0011010110 0.0510559 -3.14159
0011010111 0.0586853 0
0011011000 0.00684738 0
0011011001 0.025116 0
0011011010 0.0125122 0
0011011011 0.00642014 0
0011011100 9.23872e-05 -3.14159
0011011101 0.0314636 -3.14159
0011011110 0.0525208 -3.14159
0011011111 0.0209503 0
0011100000 0.0346069 0
0011100001 0.0235901 0
0011100010 0.00514984 -3.14159
0011100011 0.0479736 -3.14159
0011100100 0.00822449 0
0011100101 0.0687256 0
0011100110 0.023941 -3.14159
0011100111 0.0128555 -3.14159
0011101000 0.0569763 -3.14159
0011101001 0.0111465 0
0011101010 0.072937 -3.14159
0011101011 0.0113068 -3.14159
0011101100 0.0132217 -3.14159
0011101101 0.0211487 -3.14159
0011101110 0.00387573 0
0011101111 0.0789795 0
0011110000 0.000426769 -3.14159
0011110001 0.0162964 -3.14159
0011110010 0.0172272 0
0011110011 0.0690308 -3.14159
0011110100 0.00923157 0
0011110101 0.009758 -3.14159
0011110110 0.00542831 0
0011110111 0.00460434 0
0011111000 0.0845337 0
0011111001 0.0393982 0
0011111010 0.000404596 -3.14159
0011111011 0.0136414 -3.14159
0011111100 0.00718689 -3.14159
0011111101 0.0420837 -3.14159
0011111110 0.0149231 0
0011111111 0.00419235 0
0100000000 0.0664062 0
0100000001 0.0274658 0
0100000010 0.0257721 -3.14159
0100000011 0.0379333 0
0100000100 0.038147 -3.14159
0100000101 0.00757217 -3.14159
0100000110 0.00765991 -3.14159
0100000111 0.0358276 0
0100001000 0.0151367 -3.14159
0100001001 0.0255432 -3.14159
0100001010 0.0192413 0
0100001011 0.0469971 -3.14159
0100001100 0.0198975 -3.14159
0100001101 0.00725555 0
0100001110 0.00727463 -3.14159
0100001111 0.0243073 -3.14159
0100010000 0.0222015 0
0100010001 0.0519714 -3.14159
0100010010 0.0114059 -3.14159
0100010011 0.0044136 0
0100010100 0.0118713 0
0100010101 0.00531006 -3.14159
0100010110 0.0237427 0
0100010111 0.0171356 -3.14159
0100011000 0.00153351 0
0100011001 0.0370789 0
0100011010 0.0118866 -3.14159
0100011011 0.0537109 -3.14159
0100011100 0.00811768 -3.14159
0100011101 0.0021286 -3.14159
0100011110 0.0226593 -3.14159
0100011111 0.0253754 0
0100100000 0.0255127 -3.14159
0100100001 0.00725555 0
0100100010 0.00362968 -3.14159
0100100011 0.0181885 0
0100100100 0.00980377 -3.14159
0100100101 0.0293884 0
0100100110 0.0439453 -3.14159
0100100111 0.0354309 -3.14159
0100101000 0.0373535 0
0100101001 0.0718384 -3.14159
0100101010 0.0368347 0
0100101011 0.00419235 -3.14159
0100101100 0.015358 0
0100101101 0.0750122 -3.14159
0100101110 0.0412903 0
0100101111 0.0147629 -3.14159
0100110000 0.00771332 0
0100110001 0.0342407 -3.14159
0100110010 0.00642014 -3.14159
0100110011 0.0256958 -3.14159
0100110100 0.00457382 -3.14159
0100110101 0.0290375 0
0100110110 0.00437164 -3.14159
0100110111 0.00548172 -3.14159
0100111000 0.0213928 -3.14159
0100111001 0.0524597 -3.14159
0100111010 0.0318604 -3.14159
0100111011 0.0328064 -3.14159
0100111100 0.0446167 -3.14159
0100111101 0.0207062 -3.14159
0100111110 0.0258331 0
0100111111 0.00197601 -3.14159
0101000000 0.00738525 -3.14159
0101000001 0.00799561 -3.14159
0101000010 0.0133209 -3.14159
0101000011 0.0329895 0
0101000100 0.003088 0
0101000101 0.0177002 0
0101000110 0.00978088 -3.14159
0101000111 0.0161591 -3.14159
0101001000 0.00865936 0
0101001001 0.0364685 -3.14159
0101001010 0.0276794 0
0101001011 0.0338745 0
0101001100 0.0359802 0
0101001101 0.00777435 -3.14159
0101001110 0.00748062 0
0101001111 0.00696182 0
0101010000 0.0341187 0
0101010001 0.0237427 -3.14159
0101010010 0.0405579 0
0101010011 0.0640869 -3.14159
0101010100 0.022522 0
0101010101 0.017807 0
0101010110 0.0367432 0
0101010111 0.00168037 0
0101011000 0.0226593 0
0101011001 0.00788879 0
0101011010 0.0149307 -3.14159
0101011011 0.0700684 -3.14159
0101011100 0.0280609 -3.14159
0101011101 0.0520325 0
0101011110 0.0051651 0
0101011111 0.0314636 0
0101100000 0.0153046 0
0101100001 0.0477295 -3.14159
0101100010 0.000900745 -3.14159
0101100011 0.0369568 -3.14159
0101100100 0.00576401 -3.14159
0101100101 0.0176849 0
0101100110 0.0415955 -3.14159
0101100111 0.00676727 -3.14159
0101101000 0.0739746 -3.14159
0101101001 0.00686264 -3.14159
0101101010 0.0342712 0
0101101011 0.0215759 0
0101101100 0.0204468 -3.14159
0101101101 0.0406189 -3.14159
0101101110 0.0027256 0
0101101111 0.0409851 0
0101110000 0.0108261 -3.14159
0101110001 0.000187278 0
0101110010 0.0431519 -3.14159
0101110011 0.0146179 0
0101110100 0.0449524 0
0101110101 0.00958252 -3.14159
0101110110 0.0404358 0
0101110111 0.00272179 -3.14159
0101111000 0.0328064 0
0101111001 0.0636597 0
0101111010 0.0200958 0
0101111011 0.0245209 -3.14159
0101111100 0.0289917 -3.14159
0101111101 0.000586987 0
0101111110 0.0316467 0
0101111111 0.058197 0
0110000000 0.0227203 0
0110000001 0.0296021 0
0110000010 0.0397949 -3.14159
0110000011 0.0423279 0
0110000100 0.0765991 -3.14159
0110000101 0.00818634 0
0110000110 0.0386047 0
0110000111 0.0363159 0
0110001000 0.0228424 -3.14159
0110001001 0.00986481 -3.14159
0110001010 0.0332031 -3.14159
0110001011 0.0265961 0
0110001100 0.0270081 0
0110001101 0.0481262 -3.14159
0110001110 0.0357056 0
0110001111 0.0198364 -3.14159
0110010000 0.0243378 0
0110010001 0.0026474 0
0110010010 0.00659943 -3.14159
0110010011 0.0148697 0
0110010100 0.0845337 -3.14159
0110010101 0.059082 -3.14159
0110010110 0.0188293 -3.14159
0110010111 0.0112381 0
0110011000 0.0124588 0
0110011001 0.0432129 -3.14159
0110011010 0.0174713 0
0110011011 0.0592041 0
0110011100 0.0151367 -3.14159
0110011101 0.000239611 -3.14159
0110011110 0.014946 0
0110011111 0.0350952 0
0110100000 0.0498657 0
0110100001 0.0333252 0
0110100010 0.0212097 0
0110100011 0.0191193 -3.14159
0110100100 0.0440063 0
0110100101 0.00956726 0
0110100110 0.0115662 0
0110100111 0.00970459 -3.14159
0110101000 0.0226288 -3.14159
0110101001 0.0315552 -3.14159
0110101010 0.00196266 0
0110101011 0.0308838 -3.14159
0110101100 0.0313721 -3.14159
0110101101 0.043457 0
0110101110 0.00511551 0
0110101111 0.00582123 -3.14159
0110110000 0.00385284 0
0110110001 0.0636597 -3.14159
0110110010 0.0352783 0
0110110011 0.0137863 -3.14159
0110110100 0.038208 0
0110110101 0.0248718 0
0110110110 0.0377502 0
0110110111 0.03302 0
0110111000 0.0267792 -3.14159
0110111001 0.0317993 -3.14159
0110111010 0.00297737 0
0110111011 0.0629883 0
0110111100 0.0131378 -3.14159
0110111101 0.0121078 -3.14159
0110111110 0.0269623 -3.14159
0110111111 0.0368652 -3.14159
0111000000 0.00933075 -3.14159
0111000001 0.041687 -3.14159
0111000010 0.000314236 0
0111000011 0.0198059 -3.14159
0111000100 0.0432129 -3.14159
0111000101 0.0035038 -3.14159
0111000110 0.00444794 -3.14159
0111000111 0.00305939 -3.14159
0111001000 0.0264893 0
0111001001 0.0220184 0
0111001010 0.0281372 -3.14159
0111001011 0.00496674 0
0111001100 0.00720596 0
0111001101 0.00157738 0
0111001110 0.0386963 0
0111001111 0.0807495 0
0111010000 0.0412903 0
0111010001 0.0396729 0
0111010010 0.0235138 -3.14159
0111010011 0.0424805 0
0111010100 0.00440598 0
0111010101 0.00561523 -3.14159
0111010110 0.00571442 -3.14159
0111010111 0.0259705 -3.14159
0111011000 0.0118103 0
0111011001 0.0289307 -3.14159
0111011010 0.00944519 0
0111011011 0.0104523 0
0111011100 0.0110931 0
0111011101 0.0348816 0
0111011110 0.0432129 0
0111011111 0.015213 -3.14159
0111100000 0.0344849 -3.14159
0111100001 0.0122986 -3.14159
0111100010 0.0162048 0
0111100011 0.0174713 0
0111100100 0.00499344 0
0111100101 0.0439758 -3.14159
0111100110 0.0212555 -3.14159
0111100111 0.0230255 -3.14159
0111101000 0.0537109 -3.14159
0111101001 0.00809479 -3.14159
0111101010 0.042572 -3.14159
0111101011 0.0251923 -3.14159
0111101100 0.00765228 0
0111101101 0.00606155 -3.14159
0111101110 0.0324707 0
0111101111 0.0193939 -3.14159
0111110000 0.00126266 -3.14159
0111110001 0.0339355 -3.14159
0111110010 0.0503845 0
0111110011 0.0647583 -3.14159
0111110100 0.00522995 0
0111110101 0.0231018 -3.14159
0111110110 0.00740051 -3.14159
0111110111 0.0317078 0
0111111000 0.0502319 -3.14159
0111111001 0.0315552 0
0111111010 0.00887299 -3.14159
0111111011 0.0233154 0
0111111100 0.00361061 -3.14159
0111111101 0.022644 -3.14159
0111111110 0.00612259 -3.14159
0111111111 0.0393677 0
1000000000 0.00497818 0
1000000001 0.0146255 -3.14159
1000000010 0.0206451 -3.14159
1000000011 0.00139713 -3.14159
1000000100 0.0420227 0
1000000101 0.0362549 0
1000000110 0.0302124 0
1000000111 0.0187683 0
1000001000 0.0224457 -3.14159
1000001001 0.00772476 0
1000001010 0.0117416 -3.14159
1000001011 0.0534973 -3.14159
1000001100 0.00638199 0
1000001101 0.0443726 -3.14159
1000001110 0.0521545 -3.14159
1000001111 0.0106888 -3.14159
1000010000 0.000775814 0
1000010001 0.0421143 -3.14159
1000010010 0.000591755 0
1000010011 0.00577164 0
1000010100 0.0183716 0
1000010101 0.0310059 0
1000010110 0.0196838 0
1000010111 0.010498 0
1000011000 0.0344543 0
1000011001 0.0319824 0
1000011010 0.00856018 -3.14159
1000011011 0.0464478 0
1000011100 0.00403214 -3.14159
1000011101 0.0213623 -3.14159
1000011110 0.0098114 0
1000011111 0.0092926 -3.14159
1000100000 0.0281067 -3.14159
1000100001 0.0388489 -3.14159
1000100010 0.00917816 0
1000100011 0.0154419 -3.14159
1000100100 0.0123215 0
1000100101 0.0525513 -3.14159
1000100110 0.0200958 -3.14159
1000100111 0.0631714 0
1000101000 0.0338745 0
1000101001 0.041687 -3.14159
1000101010 0.0149231 -3.14159
1000101011 0.0182037 -3.14159
1000101100 0.0533142 -3.14159
1000101101 0.0124435 0
1000101110 0.0353088 0
1000101111 0.0259247 0
1000110000 0.0106049 0
1000110001 0.00444031 0
1000110010 0.0163574 0
1000110011 0.0120316 -3.14159
1000110100 0.0455322 -3.14159
1000110101 0.0464172 0
1000110110 0.0417786 -3.14159
1000110111 0.0108795 0
1000111000 0.0167389 -3.14159
1000111001 0.0272827 -3.14159
1000111010 0.0707397 0
1000111011 0.0044899 0
1000111100 0.0153732 0
1000111101 0.00435638 0
1000111110 0.0272827 -3.14159
1000111111 0.00803375 0
1001000000 0.0267487 0
1001000001 0.013031 -3.14159
1001000010 0.0238953 0
1001000011 0.00813293 0
1001000100 0.0365601 -3.14159
1001000101 0.0094223 0
1001000110 0.0514221 -3.14159
1001000111 0.0361328 -3.14159
1001001000 0.0216522 0
1001001001 0.0146713 0
1001001010 0.0147476 -3.14159
1001001011 0.00321579 0
1001001100 0.000828266 -3.14159
1001001101 0.038269 -3.14159
1001001110 0.0413208 -3.14159
1001001111 0.0256958 0
1001010000 0.00432587 -3.14159
1001010001 0.00456619 -3.14159
1001010010 0.00129128 0
1001010011 0.0270691 -3.14159
1001010100 0.0209808 -3.14159
1001010101 0.0621948 -3.14159
1001010110 0.00829315 0
1001010111 0.021347 -3.14159
1001011000 0.0121078 0
1001011001 0.0340271 0
1001011010 0.00839996 -3.14159
1001011011 0.0139618 0
1001011100 0.00588608 -3.14159
1001011101 0.0514832 -3.14159
1001011110 0.0201874 -3.14159
1001011111 0.0330505 -3.14159
1001100000 0.0395508 0
1001100001 0.024704 0
1001100010 0.0188599 -3.14159
1001100011 0.0242462 0
1001100100 0.0205536 -3.14159
1001100101 0.0242615 0
1001100110 0.0587769 0
1001100111 0.0693359 0
1001101000 0.00344658 0
1001101001 0.0567017 -3.14159
1001101010 0.0440674 0
1001101011 0.0435791 0
1001101100 0.0397034 0
1001101101 0.00382614 -3.14159
1001101110 0.0513916 -3.14159
1001101111 0.000342607 0
1001110000 0.03479 0
1001110001 0.0491333 -3.14159
1001110010 0.000963211 -3.14159
1001110011 0.00020349 -3.14159
1001110100 0.0332031 -3.14159
1001110101 0.0263824 -3.14159
1001110110 0.0144043 -3.14159
1001110111 0.0161896 -3.14159
1001111000 0.0482483 0
1001111001 0.0243683 0
1001111010 0.0184784 0
1001111011 0.0479736 0
1001111100 0.0214996 0
1001111101 0.026947 -3.14159
1001111110 0.0368347 -3.14159
1001111111 0.0348511 0
1010000000 0.00261688 0
1010000001 0.0105515 0
1010000010 0.00490952 -3.14159
1010000011 0.00764465 -3.14159
1010000100 0.00165653 0
1010000101 0.0774536 -3.14159
1010000110 0.00957489 -3.14159
1010000111 0.000101507 -3.14159
1010001000 0.01371 -3.14159
1010001001 0.0292511 0
1010001010 0.0186768 0
1010001011 0.0361633 0
1010001100 0.0255737 -3.14159
1010001101 0.00351143 -3.14159
1010001110 0.026001 0
1010001111 0.0479126 0
1010010000 0.0762329 0
1010010001 0.0149765 -3.14159
1010010010 0.0336304 -3.14159
1010010011 0.0162354 0
1010010100 0.000283003 0
1010010101 0.00717545 0
1010010110 0.0222015 0
1010010111 0.00677872 -3.14159
1010011000 0.0846558 0
1010011001 0.0175018 -3.14159
1010011010 0.0114594 0
1010011011 0.0428162 -3.14159
1010011100 0.0078125 0
1010011101 0.0249939 -3.14159
1010011110 0.00105381 -3.14159
1010011111 0.0173187 -3.14159
1010100000 0.0147324 -3.14159
1010100001 0.0237732 -3.14159
1010100010 0.0155334 -3.14159
1010100011 0.0182343 -3.14159
1010100100 0.027771 0
1010100101 0.00673294 -3.14159
1010100110 0.00424957 0
1010100111 0.0259094 -3.14159
1010101000 0.0249939 0
1010101001 0.0394287 0
1010101010 0.0178528 -3.14159
1010101011 0.00975037 0
1010101100 0.024826 0
1010101101 0.0106506 -3.14159
1010101110 0.0117722 0
1010101111 0.00142574 -3.14159
1010110000 0.0483704 0
1010110001 0.0225983 -3.14159
1010110010 0.00335503 0
1010110011 0.0118637 -3.14159
1010110100 0.0250092 -3.14159
1010110101 0.0239563 0
1010110110 0.00377083 -3.14159
1010110111 0.0143204 -3.14159
1010111000 0.0127029 -3.14159
1010111001 0.00198555 0
1010111010 0.025238 -3.14159
1010111011 0.00407791 0
1010111100 0.0129395 0
1010111101 0.00443649 0
1010111110 0.0234985 -3.14159
1010111111 0.0287781 0
1011000000 0.0532837 -3.14159
1011000001 0.0300751 0
1011000010 0.0652466 0
1011000011 0.0291443 -3.14159
1011000100 0.00348091 0
1011000101 0.000290632 0
1011000110 0.0278168 0
1011000111 0.0231171 0
1011001000 0.0083313 -3.14159
1011001001 0.0430603 -3.14159
1011001010 0.0316162 -3.14159
1011001011 0.0288086 -3.14159
1011001100 0.0476379 -3.14159
1011001101 0.0199738 -3.14159
1011001110 0.028244 0
1011001111 0.0305328 -3.14159
1011010000 0.0180511 -3.14159
1011010001 0.03479 -3.14159
1011010010 0.00248146 0
1011010011 0.0260162 0
1011010100 0.0202332 -3.14159
1011010101 0.00779343 0
1011010110 0.0497742 0
1011010111 0.00657654 0
1011011000 0.0171204 0
1011011001 0.00649261 0
1011011010 0.00901031 0
1011011011 0.0406799 -3.14159
1011011100 0.000714302 0
1011011101 0.0395203 0
1011011110 0.00997925 0
1011011111 0.0107269 0
1011100000 0.0202484 -3.14159
1011100001 0.0368347 -3.14159
1011100010 0.0339355 0
1011100011 0.0114899 0
1011100100 0.0128403 0
1011100101 0.0769043 0
1011100110 0.0122604 -3.14159
1011100111 0.0337219 -3.14159
1011101000 0.0723877 -3.14159
1011101001 0.0172272 -3.14159
1011101010 0.0599365 -3.14159
1011101011 0.043335 0
1011101100 0.0013876 0
1011101101 0.032196 0
1011101110 0.00763321 -3.14159
1011101111 0.0769653 0
1011110000 0.0365906 -3.14159
1011110001 0.00533676 -3.14159
1011110010 0.0135269 -3.14159
1011110011 0.00109482 0
1011110100 0.0043602 0
1011110101 0.0196686 0
1011110110 0.0252686 -3.14159
1011110111 0.0336914 0
1011111000 0.00917816 0
1011111001 0.00866699 0
1011111010 0.024765 -3.14159
1011111011 0.0549316 0
1011111100 0.00336266 0
1011111101 0.0120316 0
1011111110 0.0473938 0
1011111111 0.0116119 0
1100000000 0.0335999 0
1100000001 0.00592422 0
1100000010 0.0366211 -3.14159
1100000011 0.0585632 -3.14159
1100000100 0.0296783 -3.14159
1100000101 0.0612793 0
1100000110 0.0171661 0
1100000111 0.00515747 0
1100001000 0.0383301 -3.14159
1100001001 0.0601196 -3.14159
1100001010 0.00965118 0
1100001011 0.00386238 0
1100001100 0.00540543 0
1100001101 0.0269928 -3.14159
1100001110 0.0643921 -3.14159
1100001111 0.0392761 0
1100010000 0.0143356 -3.14159
1100010001 0.000423431 -3.14159
1100010010 0.0409241 0
1100010011 0.000233769 0
1100010100 0.0243835 -3.14159
1100010101 0.0111542 0
1100010110 0.0352783 0
1100010111 0.0616455 0
1100011000 0.0714722 -3.14159
1100011001 0.0185699 0
1100011010 0.0207825 -3.14159
1100011011 0.0212708 0
1100011100 0.0421753 0
1100011101 0.033783 0
1100011110 0.01017 0
1100011111 0.0357361 -3.14159
1100100000 0.038208 0
1100100001 0.0514832 0
1100100010 0.0148163 -3.14159
1100100011 0.0256195 0
1100100100 0.00638962 0
1100100101 0.0490112 -3.14159
1100100110 0.0272827 0
1100100111 0.0308533 -3.14159
1100101000 0.0455627 0
1100101001 0.0405884 0
1100101010 0.00173569 0
1100101011 0.0175629 -3.14159
1100101100 0.000490189 -3.14159
1100101101 0.00836182 0
1100101110 0.0497742 0
1100101111 0.0087204 0
1100110000 0.0174561 0
1100110001 0.0609131 -3.14159
1100110010 0.0121384 -3.14159
1100110011 0.0371094 0
1100110100 0.0287018 0
1100110101 0.0196075 0
1100110110 0.0468445 0
1100110111 0.00711441 -3.14159
1100111000 0.0164032 -3.14159
1100111001 0.0853271 -3.14159
1100111010 0.0213623 0
1100111011 0.0186462 -3.14159
1100111100 0.0242767 -3.14159
1100111101 0.00585556 -3.14159
1100111110 0.0222015 -3.14159
1100111111 0.044342 -3.14159
1101000000 0.04599 -3.14159
1101000001 0.0306396 0
1101000010 0.00241661 -3.14159
1101000011 0.0110321 -3.14159
1101000100 0.0345154 0
1101000101 0.024704 0
1101000110 0.033905 -3.14159
1101000111 0.0555725 0
1101001000 0.0252228 -3.14159
1101001001 0.0498657 0
1101001010 0.0172424 0
1101001011 0.0161896 0
1101001100 0.0104218 -3.14159
1101001101 0.0118408 0
1101001110 0.0359192 0
1101001111 0.0377197 0
1101010000 0.00833893 -3.14159
1101010001 0.00127125 0
1101010010 0.0204773 -3.14159
1101010011 0.0673828 -3.14159
1101010100 0.0568237 0
1101010101 0.0149078 -3.14159
1101010110 0.0430298 -3.14159
1101010111 0.0256042 0
1101011000 0.0302124 -3.14159
1101011001 0.0190887 0
1101011010 0.0186615 0
1101011011 0.0346375 -3.14159
1101011100 0.00534439 0
1101011101 0.0211029 -3.14159
1101011110 0.00295448 0
1101011111 0.0274963 -3.14159
1101100000 0.061554 0
1101100001 0.0343018 0
1101100010 0.00911713 -3.14159
1101100011 0.0179596 -3.14159
1101100100 0.0131378 -3.14159
1101100101 0.0345459 -3.14159
1101100110 0.00975037 -3.14159
1101100111 0.0381775 -3.14159
1101101000 0.0157318 -3.14159
1101101001 0.0261383 0
1101101010 0.0253754 -3.14159
1101101011 0.0116882 -3.14159
1101101100 0.0392151 -3.14159
1101101101 0.0129776 -3.14159
1101101110 0.00141716 -3.14159
1101101111 0.0253143 -3.14159
1101110000 0.0106812 -3.14159
1101110001 0.0594788 0
1101110010 0.00610733 -3.14159
1101110011 0.0429688 -3.14159
1101110100 0.00742722 0
1101110101 0.0515442 -3.14159
1101110110 0.00361443 -3.14159
1101110111 0.0131912 0
1101111000 0.0362244 0
1101111001 0.0334778 0
1101111010 0.0113754 -3.14159
1101111011 0.0140152 0
1101111100 0.0136871 -3.14159
1101111101 0.0586243 -3.14159
1101111110 0.026474 -3.14159
1101111111 0.0784302 0
1110000000 0.0545654 -3.14159
1110000001 0.0276031 -3.14159
1110000010 0.0549316 0
1110000011 0.0294952 0
1110000100 0.0363464 0
1110000101 0.0651855 0
1110000110 0.0110779 -3.14159
1110000111 0.00561523 0
1110001000 0.0036335 0
1110001001 0.021759 0
1110001010 0.0455017 0
1110001011 0.0419006 -3.14159
1110001100 0.0157471 0
1110001101 0.0247498 0
1110001110 0.0174255 0
1110001111 0.00398254 0
1110010000 0.0270844 0
1110010001 0.0427551 -3.14159
1110010010 0.0267029 -3.14159
1110010011 0.00430679 0
1110010100 0.0590515 -3.14159
1110010101 0.0487366 -3.14159
1110010110 0.0148697 0
1110010111 0.0539246 -3.14159
1110011000 0.0385437 0
1110011001 0.0152893 0
1110011010 0.0342712 -3.14159
1110011011 0.0282745 -3.14159
1110011100 0.0256042 0
1110011101 0.026947 -3.14159
1110011110 0.0132751 -3.14159
1110011111 0.0258484 0
1110100000 0.0146255 -3.14159
1110100001 0.0121078 0
1110100010 0.0522461 0
1110100011 0.00907898 -3.14159
1110100100 0.0289612 0
1110100101 0.0418091 0
1110100110 0.0154419 -3.14159
1110100111 0.0224304 0
1110101000 0.0151596 0
1110101001 0.00125313 0
1110101010 0.0146179 0
1110101011 0.00120163 0
1110101100 0.0169678 -3.14159
1110101101 0.0416565 0
1110101110 0.0274963 -3.14159
1110101111 0.0386047 -3.14159
1110110000 0.0300293 -3.14159
1110110001 0.0246887 0
1110110010 0.0703125 -3.14159
1110110011 0.043335 -3.14159
1110110100 0.0209351 -3.14159
1110110101 0.06073 0
1110110110 0.024292 -3.14159
1110110111 0.000599861 -3.14159
1110111000 0.0209198 -3.14159
1110111001 0.0475159 0
1110111010 0.0648804 0
1110111011 0.0123901 0
1110111100 0.00316048 0
1110111101 0.022644 -3.14159
1110111110 0.0113144 -3.14159
1110111111 0.0281982 0
1111000000 0.0124741 -3.14159
1111000001 0.0629272 0
1111000010 0.0220795 0
1111000011 0.0189667 -3.14159
1111000100 0.00176334 -3.14159
1111000101 0.0356445 -3.14159
1111000110 0.0205231 -3.14159
1111000111 0.0310059 0
1111001000 0.0365295 0
1111001001 0.0151367 0
1111001010 0.0284271 -3.14159
1111001011 0.0343018 -3.14159
1111001100 0.032074 0
1111001101 0.0718384 0
1111001110 0.0398865 -3.14159
1111001111 0.00277328 0
1111010000 0.0310364 -3.14159
1111010001 0.0206757 0
1111010010 0.00237274 -3.14159
1111010011 0.0259705 -3.14159
1111010100 2.89679e-05 0
1111010101 0.0270996 -3.14159
1111010110 0.059845 0
1111010111 0.0155716 0
1111011000 0.0455627 0
1111011001 0.0160522 0
1111011010 0.00136662 0
1111011011 0.00362968 -3.14159
1111011100 0.01017 -3.14159
1111011101 0.0439758 0
1111011110 0.0159912 0
1111011111 0.0197144 -3.14159
1111100000 0.0734253 0
1111100001 0.0120392 -3.14159
1111100010 0.014534 -3.14159
1111100011 0.0302734 0
1111100100 0.0680542 -3.14159
1111100101 0.0044632 -3.14159
1111100110 0.111145 -3.14159
1111100111 0.0390625 -3.14159
1111101000 0.0143356 -3.14159
1111101001 0.0393372 -3.14159
1111101010 0.0547485 -3.14159
1111101011 0.106201 0
1111101100 0.0612183 0
1111101101 0.0235596 -3.14159
1111101110 0.0469971 0
1111101111 0.0141525 0
1111110000 0.0102158 0
1111110001 0.0280609 0
1111110010 0.0539551 -3.14159
1111110011 0.0115433 0
1111110100 0.0219574 0
1111110101 0.0166016 0
1111110110 0.0193024 0
1111110111 0.0134735 0
1111111000 0.0111771 0
1111111001 0.0631714 -3.14159
1111111010 0.0111008 -3.14159
1111111011 0.0157776 -3.14159
1111111100 0.0110855 0
1111111101 0.0323181 0
1111111110 0.0103455 0
1111111111 0.010025 -3.14159
