0000000000 0.0333557 0
0000000001 0.0557556 0
0000000010 0.0223846 -3.14159
0000000011 0.0103912 -3.14159
0000000100 0.00831604 0
0000000101 0.000478745 -3.14159
0000000110 0.0258484 -3.14159
0000000111 0.0360413 -3.14159
0000001000 0.00965881 -3.14159
0000001001 0.0229492 -3.14159
0000001010 0.00416946 -3.14159
0000001011 0.03125 0
0000001100 0.0438232 -3.14159
0000001101 0.0218658 0
0000001110 0.000167966 0
0000001111 0.026474 0
0000010000 0.0250244 0
0000010001 0.014328 -3.14159
0000010010 0.0188293 -3.14159
0000010011 0.0129547 -3.14159
0000010100 0.0477295 -3.14159
0000010101 0.0241394 0
0000010110 0.00679779 -3.14159
0000010111 0.0474243 0
0000011000 0.047699 0
0000011001 0.0302582 -3.14159
0000011010 0.0295258 -3.14159
0000011011 0.032196 -3.14159
0000011100 0.0479736 -3.14159
0000011101 0.01828 -3.14159
0000011110 0.00824738 0
0000011111 0.0138855 -3.14159
0000100000 0.0721436 -3.14159
0000100001 0.010643 -3.14159
0000100010 0.0557556 -3.14159
0000100011 0.0193481 -3.14159
0000100100 0.0166626 0
0000100101 0.0175018 0
0000100110 0.012558 -3.14159
0000100111 0.0067482 0
0000101000 0.00166512 0
0000101001 0.0290833 -3.14159
0000101010 0.0185242 -3.14159
0000101011 0.0148621 0
0000101100 0.0643921 -3.14159
0000101101 0.00257683 0
0000101110 0.00862122 -3.14159
0000101111 0.00268173 -3.14159
0000110000 0.0365601 0
0000110001 0.0751343 -3.14159
0000110010 0.0571289 -3.14159
0000110011 0.0101318 -3.14159
0000110100 0.00256348 0
0000110101 0.00349045 -3.14159
0000110110 0.00991058 0
0000110111 0.0371399 0
0000111000 0.0329285 -3.14159
0000111001 0.0230255 -3.14159
0000111010 0.04776 -3.14159
0000111011 0.024292 -3.14159
0000111100 0.0117645 0
0000111101 0.0166168 0
0000111110 0.00324631 -3.14159
0000111111 0.0159149 0
0001000000 0.0861206 0
0001000001 0.0171967 0
0001000010 0.0125656 -3.14159
0001000011 0.00815582 0
0001000100 0.051178 -3.14159
0001000101 0.025238 -3.14159
0001000110 0.0275574 -3.14159
0001000111 0.0112534 0
0001001000 0.0387268 -3.14159
0001001001 0.0189209 0
0001001010 0.012764 -3.14159
0001001011 0.00765228 0
0001001100 0.0531921 -3.14159
0001001101 0.0310211 0
0001001110 0.0145035 0
0001001111 0.00482559 -3.14159
0001010000 0.00387764 -3.14159
0001010001 0.0507812 -3.14159
0001010010 0.0419312 -3.14159
0001010011 0.0171356 -3.14159
0001010100 0.023941 0
0001010101 0.00103855 -3.14159
0001010110 0.00361633 0
0001010111 0.0171967 0
0001011000 0.0282135 -3.14159
0001011001 0.00597382 0
0001011010 0.022049 0
0001011011 0.0297394 0
0001011100 0.0687256 0
0001011101 0.0310211 -3.14159
0001011110 0.0269165 -3.14159
0001011111 0.045929 0
0001100000 0.0181732 -3.14159
0001100001 0.0271606 -3.14159
0001100010 0.0599365 -3.14159
0001100011 0.0148087 -3.14159
0001100100 0.0568237 -3.14159
0001100101 0.0109177 0
0001100110 0.0290527 -3.14159
0001100111 0.0115738 -3.14159
0001101000 0.0403748 -3.14159
0001101001 0.0786743 0
0001101010 0.013237 -3.14159
0001101011 0.0175781 0
0001101100 0.00113583 0
0001101101 0.0646973 -3.14159
0001101110 0.00506592 -3.14159
0001101111 0.00691223 0
0001110000 0.0292511 -3.14159
0001110001 0.0162811 -3.14159
0001110010 0.0333252 -3.14159
0001110011 0.0291595 0
0001110100 0.000163913 -3.14159
0001110101 0.019043 0
0001110110 0.00946808 -3.14159
0001110111 0.0101166 -3.14159
0001111000 0.0595398 -3.14159
0001111001 0.016983 0
0001111010 0.0143433 -3.14159
0001111011 0.0249023 -3.14159
0001111100 0.045166 -3.14159
0001111101 0.0323486 0
0001111110 0.00634766 0
0001111111 0.0256348 -3.14159
0010000000 0.00801849 0
0010000001 0.00314331 0
0010000010 0.0199432 0
0010000011 0.0175171 -3.14159
0010000100 0.0117569 0
0010000101 0.00266647 0
0010000110 0.0376587 0
0010000111 0.0140228 0
0010001000 0.0197449 -3.14159
0010001001 0.00193787 -3.14159
0010001010 0.0172272 -3.14159
0010001011 0.0206604 0
0010001100 0.0151825 0
0010001101 0.00321007 0
0010001110 0.0358582 0
0010001111 0.0130157 -3.14159
0010010000 0.0327454 -3.14159
0010010001 0.0238342 -3.14159
0010010010 0.00635147 0
0010010011 0.00949097 -3.14159
0010010100 0.0126343 0
0010010101 0.00440979 0
0010010110 0.0400391 -3.14159
0010010111 0.0507812 0
0010011000 0.00541687 0
0010011001 0.0257263 -3.14159
0010011010 0.00580597 -3.14159
0010011011 0.00644302 0
0010011100 0.0325928 -3.14159
0010011101 0.0249329 0
0010011110 0.000823498 0
0010011111 0.0333557 0
0010100000 0.0144577 0
0010100001 0.0365601 0
0010100010 0.000586033 0
0010100011 0.0124588 -3.14159
0010100100 0.00848389 0
0010100101 0.0121841 -3.14159
0010100110 0.0152054 0
0010100111 0.0289307 0
0010101000 0.00553513 -3.14159
0010101001 0.0189819 0
0010101010 0.014679 0
0010101011 0.0312805 0
0010101100 0.00405502 0
0010101101 0.0314636 0
0010101110 0.00395584 -3.14159
0010101111 0.0135803 0
0010110000 0.0135193 -3.14159
0010110001 0.0513 -3.14159
0010110010 0.0128403 -3.14159
0010110011 0.0403442 0
0010110100 0.0103989 0
0010110101 0.000619411 -3.14159
0010110110 0.00637817 0
0010110111 0.0464478 -3.14159
0010111000 0.0198822 0
0010111001 0.0410156 -3.14159
0010111010 0.0210571 -3.14159
0010111011 0.0395813 0
0010111100 0.0446167 0
0010111101 0.0269623 -3.14159
0010111110 0.00247574 -3.14159
0010111111 0.0617676 -3.14159
0011000000 0.0501404 0
0011000001 0.0219574 0
0011000010 0.0319214 0
0011000011 0.0113602 0
0011000100 0.0134354 0
0011000101 0.0115051 -3.14159
0011000110 0.0127258 0
0011000111 0.00731277 -3.14159
0011001000 0.0278168 0
0011001001 0.0164948 -3.14159
0011001010 0.0147629 0
0011001011 0.0121765 -3.14159
0011001100 0.00387573 0
0011001101 0.011116 -3.14159
0011001110 0.01017 0
0011001111 0.0275726 0
0011010000 0.00849152 0
0011010001 0.0184937 -3.14159
0011010010 0.0167236 0
0011010011 0.00650024 0
0011010100 0.0221252 -3.14159
0011010101 0.0310059 -3.14159
0011010110 0.0448914 -3.14159
0011010111 0.0565796 0
0011011000 0.0215607 0
0011011001 0.0395508 0
0011011010 0.0327454 0
0011011011 0.0103302 0
0011011100 0.0185242 -3.14159
0011011101 0.0259094 -3.14159
0011011110 0.0650024 -3.14159
0011011111 0.0232086 0
0011100000 0.0268097 0
0011100001 0.00281143 0
0011100010 0.0263519 -3.14159
0011100011 0.0507812 -3.14159
0011100100 0.0257568 0
0011100101 0.0309753 0
0011100110 0.00748444 0
0011100111 0.0269623 -3.14159
0011101000 0.0427246 -3.14159
0011101001 0.00289726 0
0011101010 0.0574646 -3.14159
0011101011 0.0386963 -3.14159
0011101100 0.0149689 -3.14159
0011101101 0.014267 -3.14159
0011101110 0.0137863 -3.14159
0011101111 0.0455627 0
0011110000 0.0206146 0
0011110001 0.00865173 -3.14159
0011110010 0.0123215 0
0011110011 0.0678101 -3.14159
0011110100 0.00907898 0
0011110101 0.0142441 0
0011110110 0.014328 0
0011110111 0.000867367 -3.14159
0011111000 0.0795288 0
0011111001 0.0513611 0
0011111010 0.0114441 -3.14159
0011111011 0.0148849 -3.14159
0011111100 0.0169678 -3.14159
0011111101 0.0103302 -3.14159
0011111110 0.0296478 0
0011111111 0.0194702 0
0100000000 0.0422058 0
0100000001 0.0281982 0
0100000010 0.0182648 0
0100000011 0.0519409 0
0100000100 0.0338745 -3.14159
0100000101 0.00666046 0
0100000110 0.0248566 0
0100000111 0.0343933 0
0100001000 0.00761414 -3.14159
0100001001 0.0300903 -3.14159
0100001010 0.00237656 0
0100001011 0.0309753 -3.14159
0100001100 0.0198822 -3.14159
0100001101 0.0141983 -3.14159
0100001110 0.0013752 -3.14159
0100001111 0.0327454 -3.14159
0100010000 0.00511551 0
0100010001 0.0490112 -3.14159
0100010010 0.00471497 0
0100010011 0.00484467 0
0100010100 0.0115204 0
0100010101 0.0157318 -3.14159
0100010110 0.00467682 -3.14159
0100010111 0.0102081 0
0100011000 0.000678539 -3.14159
0100011001 0.019928 0
0100011010 0.00987244 -3.14159
0100011011 0.0731201 -3.14159
0100011100 0.0014019 -3.14159
0100011101 0.0123672 0
0100011110 0.0393677 -3.14159
0100011111 0.0426941 0
0100100000 0.0164032 -3.14159
0100100001 0.00386238 -3.14159
0100100010 0.0262451 0
0100100011 0.00675201 -3.14159
0100100100 0.0225067 -3.14159
0100100101 0.0617676 0
0100100110 0.0535278 -3.14159
0100100111 0.0227814 -3.14159
0100101000 0.045929 0
0100101001 0.0602722 -3.14159
0100101010 0.0634155 0
0100101011 0.0317383 -3.14159
0100101100 0.0475159 0
0100101101 0.0428467 -3.14159
0100101110 0.0159149 0
0100101111 0.0103302 -3.14159
0100110000 0.0293579 0
0100110001 0.0437317 -3.14159
0100110010 0.0274506 -3.14159
0100110011 0.0179291 -3.14159
0100110100 0.00335503 0
0100110101 0.00799561 0
0100110110 0.0491943 -3.14159
0100110111 0.0250092 0
0100111000 0.023941 -3.14159
0100111001 0.0427551 -3.14159
0100111010 0.0398865 -3.14159
0100111011 0.0508118 -3.14159
0100111100 0.0650635 -3.14159
0100111101 0.0131989 -3.14159
0100111110 0.0336914 0
0100111111 0.0316162 -3.14159
0101000000 0.00646973 -3.14159
0101000001 0.00638199 0
0101000010 0.0153809 -3.14159
0101000011 0.00865936 0
0101000100 0.00347137 0
0101000101 0.0366211 0
0101000110 0.0257111 -3.14159
0101000111 0.0340271 -3.14159
0101001000 0.0250092 0
0101001001 0.0686646 -3.14159
0101001010 0.024826 0
0101001011 0.0399475 0
0101001100 0.00613403 -3.14159
0101001101 0.0229797 0
0101001110 0.0345154 0
0101001111 0.0183716 0
0101010000 0.0189209 -3.14159
0101010001 0.000453711 0
0101010010 0.0325928 0
0101010011 0.0692139 -3.14159
0101010100 0.0419006 0
0101010101 0.0408936 0
0101010110 0.0203552 0
0101010111 0.0158997 0
0101011000 0.0415649 0
0101011001 0.00184727 0
0101011010 0.0480042 -3.14159
0101011011 0.0623474 -3.14159
0101011100 0.0150223 -3.14159
0101011101 0.0317688 0
0101011110 0.0207825 0
0101011111 0.034729 0
0101100000 0.0310059 0
0101100001 0.0345459 -3.14159
0101100010 0.00454712 -3.14159
0101100011 0.032135 -3.14159
0101100100 0.00328445 -3.14159
0101100101 0.00421906 -3.14159
0101100110 0.0462952 -3.14159
0101100111 0.0268707 -3.14159
0101101000 0.0917358 -3.14159
0101101001 0.0411682 -3.14159
0101101010 0.0548096 0
0101101011 0.019516 0
0101101100 0.00883484 0
0101101101 0.0236359 -3.14159
0101101110 0.0281219 -3.14159
0101101111 0.00885773 -3.14159
0101110000 0.027359 -3.14159
0101110001 0.0317383 -3.14159
0101110010 0.0332947 -3.14159
0101110011 0.00672913 0
0101110100 0.0340271 0
0101110101 0.0364075 0
0101110110 0.0438538 0
0101110111 0.0180359 0
0101111000 0.00937653 0
0101111001 0.0541687 0
0101111010 0.0284424 0
0101111011 0.0125656 -3.14159
0101111100 0.0417786 -3.14159
0101111101 0.0103149 -3.14159
0101111110 0.00497437 0
0101111111 0.0715942 0
0110000000 0.00156212 -3.14159
0110000001 0.013382 -3.14159
0110000010 0.0309753 -3.14159
0110000011 0.0673828 0
0110000100 0.0601807 -3.14159
0110000101 0.00416183 0
0110000110 0.0165558 0
0110000111 0.00307083 0
0110001000 0.0175171 -3.14159
0110001001 0.002285 -3.14159
0110001010 0.015976 -3.14159
0110001011 0.0042038 -3.14159
0110001100 0.0319214 0
0110001101 0.00673294 -3.14159
0110001110 0.0267334 0
0110001111 0.0157471 0
0110010000 0.0464478 0
0110010001 0.0139465 0
0110010010 0.027359 -3.14159
0110010011 1.80006e-05 -3.14159
0110010100 0.0648804 -3.14159
0110010101 0.0572205 -3.14159
0110010110 0.0111847 0
0110010111 0.00587082 -3.14159
0110011000 0.000872612 0
0110011001 0.0421143 -3.14159
0110011010 0.0136566 -3.14159
0110011011 0.0473328 0
0110011100 0.00231552 0
0110011101 0.00255775 0
0110011110 0.0395813 0
0110011111 0.0076828 0
0110100000 0.0482483 0
0110100001 0.0321045 0
0110100010 0.043396 0
0110100011 0.0217438 -3.14159
0110100100 0.00615311 0
0110100101 0.00240326 -3.14159
0110100110 0.00534058 -3.14159
0110100111 0.0253601 -3.14159
0110101000 0.0302582 -3.14159
0110101001 0.0214691 -3.14159
0110101010 0.00199699 0
0110101011 0.0225525 -3.14159
0110101100 0.0130234 -3.14159
0110101101 0.0168152 0
0110101110 0.0306091 -3.14159
0110101111 0.0130844 -3.14159
0110110000 0.0187378 0
0110110001 0.0486145 -3.14159
0110110010 0.0347595 0
0110110011 0.0213928 -3.14159
0110110100 0.0280914 0
0110110101 0.0286407 0
0110110110 0.041748 0
0110110111 0.00474167 0
0110111000 0.0368958 -3.14159
0110111001 0.00704193 -3.14159
0110111010 0.0248108 0
0110111011 0.055603 0
0110111100 0.0321655 -3.14159
0110111101 0.0417175 -3.14159
0110111110 0.0130463 -3.14159
0110111111 0.0158691 -3.14159
0111000000 0.00986481 -3.14159
0111000001 0.039032 -3.14159
0111000010 0.0083847 0
0111000011 0.0134811 -3.14159
0111000100 0.0272522 -3.14159
0111000101 0.00495148 0
0111000110 0.00117874 -3.14159
0111000111 0.00359726 0
0111001000 0.0351562 0
0111001001 0.0310822 0
0111001010 0.0136642 0
0111001011 0.000386477 -3.14159
0111001100 0.0110016 -3.14159
0111001101 0.0296783 -3.14159
0111001110 0.0587463 0
0111001111 0.056427 0
0111010000 0.0361328 0
0111010001 0.0189667 0
0111010010 0.00156784 0
0111010011 0.0444946 0
0111010100 0.0232849 0
0111010101 0.00429916 -3.14159
0111010110 0.00507736 0
0111010111 0.0145416 -3.14159
0111011000 0.0487671 0
0111011001 0.0198059 -3.14159
0111011010 0.0103607 0
0111011011 0.00706863 -3.14159
0111011100 0.021225 0
0111011101 0.0603943 0
0111011110 0.0180206 0
0111011111 0.0184021 -3.14159
0111100000 0.00904846 -3.14159
0111100001 0.0111389 -3.14159
0111100010 0.017746 0
0111100011 0.026001 0
0111100100 0.0108566 -3.14159
0111100101 0.0386658 -3.14159
0111100110 0.0190582 -3.14159
0111100111 0.0196381 -3.14159
0111101000 0.0671997 -3.14159
0111101001 0.0278015 0
0111101010 0.0318909 -3.14159
0111101011 0.0214844 -3.14159
0111101100 0.0181885 -3.14159
0111101101 0.0174561 -3.14159
0111101110 0.0194855 0
0111101111 0.00410461 -3.14159
0111110000 0.0392456 -3.14159
0111110001 0.0230865 -3.14159
0111110010 0.0483398 0
0111110011 0.0589905 -3.14159
0111110100 0.0143433 0
0111110101 0.0291595 -3.14159
0111110110 0.0203857 -3.14159
0111110111 0.00205231 -3.14159
0111111000 0.0533447 -3.14159
0111111001 0.0253601 0
0111111010 0.00214386 -3.14159
0111111011 0.0137253 -3.14159
0111111100 0.00413513 -3.14159
0111111101 0.000358105 0
0111111110 0.0404053 -3.14159
0111111111 0.0214233 0
1000000000 0.0067482 0
1000000001 0.0165558 -3.14159
1000000010 0.0232697 -3.14159
1000000011 0.00322914 -3.14159
1000000100 0.00123215 0
1000000101 0.0628052 0
1000000110 0.0350037 0
1000000111 0.0265656 0
1000001000 0.00727081 0
1000001001 0.00592422 0
1000001010 0.00258636 -3.14159
1000001011 0.0460815 -3.14159
1000001100 0.0058403 -3.14159
1000001101 0.0506287 -3.14159
1000001110 0.0522461 -3.14159
1000001111 0.0462036 -3.14159
1000010000 0.00299072 0
1000010001 0.0620117 -3.14159
1000010010 0.0316772 0
1000010011 0.00144291 -3.14159
1000010100 0.00739288 0
1000010101 0.012001 -3.14159
1000010110 0.015007 0
1000010111 0.014061 0
1000011000 0.0414429 0
1000011001 0.0282745 0
1000011010 0.0193176 -3.14159
1000011011 0.0189514 0
1000011100 0.0265961 -3.14159
1000011101 0.0225067 0
1000011110 0.00902557 0
1000011111 0.0412903 -3.14159
1000100000 0.054657 -3.14159
1000100001 0.0505676 -3.14159
1000100010 0.0109634 0
1000100011 0.0164948 -3.14159
1000100100 0.00211716 -3.14159
1000100101 0.0662842 -3.14159
1000100110 0.0308075 -3.14159
1000100111 0.0424194 0
1000101000 0.00634003 0
1000101001 0.00471497 -3.14159
1000101010 0.0136795 0
1000101011 0.00616837 0
1000101100 0.0245361 -3.14159
1000101101 0.0187531 0
1000101110 0.0154419 0
1000101111 0.0166168 0
1000110000 0.00740051 -3.14159
1000110001 0.0105209 0
1000110010 0.00972748 0
1000110011 0.000373602 -3.14159
1000110100 0.0475769 -3.14159
1000110101 0.0466309 0
1000110110 0.0596008 -3.14159
1000110111 0.0129395 0
1000111000 0.0171814 -3.14159
1000111001 0.0249023 -3.14159
1000111010 0.0669556 0
1000111011 0.0124512 0
1000111100 0.0259705 0
1000111101 0.0239716 0
1000111110 0.0137482 -3.14159
1000111111 0.0303345 -3.14159
1001000000 0.0443726 0
1001000001 0.0172272 -3.14159
1001000010 0.00834656 0
1001000011 0.016983 0
1001000100 0.00933075 -3.14159
1001000101 0.00909424 0
1001000110 0.0626221 -3.14159
1001000111 0.0470581 -3.14159
1001001000 0.00690842 -3.14159
1001001001 0.0175171 0
1001001010 0.0164185 0
1001001011 0.00543594 -3.14159
1001001100 0.0149689 -3.14159
1001001101 0.0366821 -3.14159
1001001110 0.0171356 -3.14159
1001001111 0.0417175 0
1001010000 0.020813 0
1001010001 0.00198174 -3.14159
1001010010 0.00699997 -3.14159
1001010011 0.0209198 -3.14159
1001010100 0.00135326 -3.14159
1001010101 0.0374146 -3.14159
1001010110 0.0322266 0
1001010111 0.0268707 -3.14159
1001011000 0.0135193 0
1001011001 0.0228271 0
1001011010 0.00561142 0
1001011011 0.0218506 0
1001011100 0.023407 -3.14159
1001011101 0.040863 -3.14159
1001011110 0.0446167 -3.14159
1001011111 0.00186062 -3.14159
1001100000 0.0243073 0
1001100001 0.0108261 0
1001100010 0.0480652 -3.14159
1001100011 0.0307007 0
1001100100 0.0207214 -3.14159
1001100101 0.0219269 0
1001100110 0.0592346 0
1001100111 0.0650635 0
1001101000 0.0128555 0
1001101001 0.00663757 -3.14159
1001101010 0.018158 0
1001101011 0.0515137 0
1001101100 0.0344543 0
1001101101 0.0109024 -3.14159
1001101110 0.0290375 -3.14159
1001101111 0.0297699 -3.14159
1001110000 0.0623474 0
1001110001 0.0543823 -3.14159
1001110010 0.00266457 0
1001110011 0.0155792 0
1001110100 0.032074 -3.14159
1001110101 0.012085 -3.14159
1001110110 0.0183868 -3.14159
1001110111 0.00212097 -3.14159
1001111000 0.0233917 0
1001111001 0.00935364 0
1001111010 0.00444794 -3.14159
1001111011 0.030014 0
1001111100 0.0186005 0
1001111101 0.00588608 -3.14159
1001111110 0.02948 -3.14159
1001111111 0.0210876 0
1010000000 0.00137043 0
1010000001 0.00503922 -3.14159
1010000010 0.0261993 0
1010000011 0.0166321 -3.14159
1010000100 0.014679 0
1010000101 0.0290833 -3.14159
1010000110 0.0393982 -3.14159
1010000111 0.00391006 -3.14159
1010001000 0.019516 0
1010001001 0.0188599 0
1010001010 0.000780582 0
1010001011 0.052887 0
1010001100 0.0274048 -3.14159
1010001101 0.00223732 -3.14159
1010001110 0.026474 0
1010001111 0.0522461 0
1010010000 0.064209 0
1010010001 0.020874 -3.14159
1010010010 0.0446167 -3.14159
1010010011 0.0223846 0
1010010100 0.000296831 0
1010010101 0.0131454 0
1010010110 0.0315552 -3.14159
1010010111 0.0187378 -3.14159
1010011000 0.0721436 0
1010011001 0.0038166 -3.14159
1010011010 0.00671768 0
1010011011 0.0281677 -3.14159
1010011100 0.0334167 0
1010011101 0.00295639 -3.14159
1010011110 0.0233917 -3.14159
1010011111 0.024231 -3.14159
1010100000 0.0293274 -3.14159
1010100001 0.0357056 -3.14159
1010100010 0.0438538 -3.14159
1010100011 0.000180483 -3.14159
1010100100 0.0389709 0
1010100101 0.00444412 -3.14159
1010100110 0.0212097 0
1010100111 0.0123901 -3.14159
1010101000 0.000514984 -3.14159
1010101001 0.0473022 0
1010101010 0.00863647 -3.14159
1010101011 0.0221863 0
1010101100 0.0238647 0
1010101101 0.00865936 0
1010101110 0.000235319 -3.14159
1010101111 0.0174713 0
1010110000 0.0559082 0
1010110001 0.0557861 -3.14159
1010110010 0.00971985 0
1010110011 0.0135803 -3.14159
1010110100 0.0345764 -3.14159
1010110101 0.00234985 0
1010110110 0.016861 0
1010110111 0.0219879 0
1010111000 0.0171356 0
1010111001 0.0138016 -3.14159
1010111010 0.0403748 -3.14159
1010111011 0.0319519 -3.14159
1010111100 0.0165405 -3.14159
1010111101 0.0176392 0
1010111110 0.0617065 -3.14159
1010111111 0.0466614 0
1011000000 0.0691528 -3.14159
1011000001 0.0464172 0
1011000010 0.0172729 0
1011000011 0.0189819 -3.14159
1011000100 0.0121384 -3.14159
1011000101 0.0174408 0
1011000110 0.01828 -3.14159
1011000111 0.00816345 -3.14159
1011001000 0.00662994 -3.14159
1011001001 0.0506592 -3.14159
1011001010 0.0197296 -3.14159
1011001011 0.0611572 -3.14159
1011001100 0.0525818 -3.14159
1011001101 0.0269318 -3.14159
1011001110 0.0164185 0
1011001111 0.0342407 -3.14159
1011010000 0.0137634 0
1011010001 0.00654221 -3.14159
1011010010 0.0328369 -3.14159
1011010011 0.0148697 0
1011010100 0.0111694 -3.14159
1011010101 0.026886 0
1011010110 0.0252838 0
1011010111 0.00463486 -3.14159
1011011000 0.0228882 0
1011011001 0.00331879 -3.14159
1011011010 0.00442505 0
1011011011 0.026886 -3.14159
1011011100 0.00605392 0
1011011101 0.0271606 0
1011011110 0.0106354 0
1011011111 0.00651932 0
1011100000 0.0244293 0
1011100001 0.0628662 -3.14159
1011100010 0.0168762 0
1011100011 0.0190582 0
1011100100 0.0448914 0
1011100101 0.0377808 0
1011100110 0.00701904 0
1011100111 0.00911713 -3.14159
1011101000 0.0787354 -3.14159
1011101001 0.03479 -3.14159
1011101010 0.0490112 -3.14159
1011101011 0.030777 0
1011101100 0.00569153 0
1011101101 0.00270653 0
1011101110 0.0203857 -3.14159
1011101111 0.0426941 0
1011110000 0.0525513 -3.14159
1011110001 0.0124741 -3.14159
1011110010 0.00655746 -3.14159
1011110011 0.0195618 0
1011110100 0.0108337 0
1011110101 0.00717926 0
1011110110 0.0113525 -3.14159
1011110111 0.0198059 0
1011111000 0.0325928 0
1011111001 0.00698853 0
1011111010 0.0277557 -3.14159
1011111011 0.0405273 0
1011111100 0.0242157 -3.14159
1011111101 0.0056839 -3.14159
1011111110 0.0292358 0
1011111111 0.0222321 0
1100000000 0.018219 0
1100000001 0.00482559 0
1100000010 0.0173645 -3.14159
1100000011 0.0261536 -3.14159
1100000100 0.0296173 -3.14159
1100000101 0.0776978 0
1100000110 0.0107956 -3.14159
1100000111 0.01828 -3.14159
1100001000 0.00791168 -3.14159
1100001001 0.0476074 -3.14159
1100001010 0.0398865 -3.14159
1100001011 0.00579071 -3.14159
1100001100 0.030899 0
1100001101 0.000901222 -3.14159
1100001110 0.042511 -3.14159
1100001111 0.048584 0
1100010000 0.0181122 -3.14159
1100010001 0.039856 -3.14159
1100010010 0.0358887 0
1100010011 0.0280457 -3.14159
1100010100 0.0260315 -3.14159
1100010101 0.0072937 -3.14159
1100010110 0.00631714 -3.14159
1100010111 0.0828857 0
1100011000 0.0351562 -3.14159
1100011001 0.0106659 0
1100011010 0.0105286 -3.14159
1100011011 0.0142441 0
1100011100 0.0496216 0
1100011101 0.0232391 0
1100011110 0.0144424 -3.14159
1100011111 0.0309601 -3.14159
1100100000 0.0142059 0
1100100001 0.0764771 0
1100100010 0.0176392 -3.14159
1100100011 0.0257263 0
1100100100 0.0113602 -3.14159
1100100101 0.0519104 -3.14159
1100100110 0.0486755 0
1100100111 0.0383301 -3.14159
1100101000 0.0458069 0
1100101001 0.0253143 0
1100101010 0.0247955 0
1100101011 0.00839996 0
1100101100 0.00656891 0
1100101101 0.0124283 -3.14159
1100101110 0.0461426 0
1100101111 0.0362549 0
1100110000 0.00925446 -3.14159
1100110001 0.0594482 -3.14159
1100110010 0.0280762 -3.14159
1100110011 0.0330505 0
1100110100 0.00874329 0
1100110101 0.00415421 0
1100110110 0.00859833 0
1100110111 0.0280457 -3.14159
1100111000 0.0211182 -3.14159
1100111001 0.074707 -3.14159
1100111010 0.0236053 0
1100111011 0.0148392 -3.14159
1100111100 0.0500183 -3.14159
1100111101 0.023407 0
1100111110 0.0422058 -3.14159
1100111111 0.02565 -3.14159
1101000000 0.067627 -3.14159
1101000001 0.0158997 0
1101000010 0.0185852 -3.14159
1101000011 0.0200958 -3.14159
1101000100 0.0370483 0
1101000101 0.00658035 0
1101000110 0.0289612 -3.14159
1101000111 0.0584106 0
1101001000 0.0105972 0
1101001001 0.052063 0
1101001010 0.00769043 0
1101001011 0.026001 0
1101001100 0.0400085 -3.14159
1101001101 0.00233841 -3.14159
1101001110 0.019165 0
1101001111 0.0455017 0
1101010000 0.0141373 -3.14159
1101010001 0.0112915 -3.14159
1101010010 0.0434875 -3.14159
1101010011 0.0417786 -3.14159
1101010100 0.0409241 0
1101010101 0.0147095 -3.14159
1101010110 0.0454712 -3.14159
1101010111 0.0264435 0
1101011000 0.0549011 -3.14159
1101011001 0.000925064 0
1101011010 0.0196381 0
1101011011 0.0357361 -3.14159
1101011100 0.00540543 -3.14159
1101011101 9.95398e-05 0
1101011110 0.00773239 0
1101011111 0.0466919 -3.14159
1101100000 0.0891113 0
1101100001 0.0243378 0
1101100010 0.0150223 -3.14159
1101100011 0.0198517 0
1101100100 0.00601578 0
1101100101 0.0277557 -3.14159
1101100110 0.0184174 0
1101100111 0.0101624 -3.14159
1101101000 0.00283623 -3.14159
1101101001 7.70092e-05 0
1101101010 0.0169525 0
1101101011 0.0021019 0
1101101100 0.0194092 -3.14159
1101101101 0.00498962 -3.14159
1101101110 0.0365295 -3.14159
1101101111 0.0248108 -3.14159
1101110000 0.0281677 -3.14159
1101110001 0.0552063 0
1101110010 0.00315475 0
1101110011 0.0456543 -3.14159
1101110100 0.0134201 -3.14159
1101110101 0.00129986 0
1101110110 0.0098114 0
1101110111 0.0180664 0
1101111000 0.00418472 0
1101111001 0.0150223 0
1101111010 0.00497055 -3.14159
1101111011 0.0104675 -3.14159
1101111100 0.0292358 0
1101111101 0.0100403 -3.14159
1101111110 0.0392456 -3.14159
1101111111 0.098877 0
1110000000 0.0377197 -3.14159
1110000001 0.0175629 -3.14159
1110000010 0.0498352 0
1110000011 0.0332336 0
1110000100 0.0031395 0
1110000101 0.0792847 0
1110000110 0.0186768 -3.14159
1110000111 0.00685883 -3.14159
1110001000 0.00399399 0
1110001001 0.0108719 0
1110001010 0.0326538 0
1110001011 0.0412598 -3.14159
1110001100 0.043335 0
1110001101 0.0337524 0
1110001110 0.0298157 0
1110001111 0.00932312 -3.14159
1110010000 0.0179901 0
1110010001 0.0534668 -3.14159
1110010010 0.030777 -3.14159
1110010011 0.00926971 -3.14159
1110010100 0.0532837 -3.14159
1110010101 0.0599365 -3.14159
1110010110 0.0166016 -3.14159
1110010111 0.0372314 -3.14159
1110011000 0.0206604 0
1110011001 0.0100555 0
1110011010 0.0769043 -3.14159
1110011011 0.0413208 -3.14159
1110011100 0.0258789 0
1110011101 0.00550461 -3.14159
1110011110 0.0234375 0
1110011111 0.0278931 0
1110100000 0.00236702 -3.14159
1110100001 0.0105438 0
1110100010 0.0362854 0
1110100011 0.0272827 -3.14159
1110100100 0.0592346 0
1110100101 0.0487976 0
1110100110 0.0485535 -3.14159
1110100111 0.00411224 -3.14159
1110101000 0.0107422 -3.14159
1110101001 0.014061 0
1110101010 0.0279694 0
1110101011 0.0113831 0
1110101100 0.0276489 -3.14159
1110101101 0.0222626 0
1110101110 0.0348511 -3.14159
1110101111 0.0379639 -3.14159
1110110000 0.00130272 -3.14159
1110110001 0.0242157 0
1110110010 0.0532837 -3.14159
1110110011 0.0380249 -3.14159
1110110100 0.0130463 0
1110110101 0.0525513 0
1110110110 0.0101166 -3.14159
1110110111 0.000451803 0
1110111000 0.00240517 -3.14159
1110111001 0.0503845 0
1110111010 0.0450134 0
1110111011 0.0100937 -3.14159
1110111100 0.0209045 -3.14159
1110111101 0.0172424 -3.14159
1110111110 0.00831604 -3.14159
1110111111 0.0394592 0
1111000000 0.0260468 0
1111000001 0.0756836 0
1111000010 0.0393677 0
1111000011 0.0267334 -3.14159
1111000100 0.026123 0
1111000101 0.0260315 -3.14159
1111000110 0.0170898 -3.14159
1111000111 0.0186615 0
1111001000 0.029892 0
1111001001 0.0116577 0
1111001010 0.00102615 0
1111001011 0.0353394 -3.14159
1111001100 0.0588379 0
1111001101 0.0836792 0
1111001110 0.0267181 -3.14159
1111001111 0.0092392 -3.14159
1111010000 0.0246277 -3.14159
1111010001 0.00932312 0
1111010010 0.00329018 0
1111010011 0.0351868 -3.14159
1111010100 0.0410156 0
1111010101 0.0143204 -3.14159
1111010110 0.0338745 0
1111010111 0.0163574 0
1111011000 0.0651855 0
1111011001 0.00749207 -3.14159
1111011010 0.00495911 -3.14159
1111011011 0.00191593 0
1111011100 0.0106659 0
1111011101 0.00302887 0
1111011110 0.0150223 0
1111011111 0.00958252 0
1111100000 0.0838013 0
1111100001 0.0163727 -3.14159
1111100010 0.00807953 -3.14159
1111100011 0.00946808 0
1111100100 0.0565796 -3.14159
1111100101 0.0134811 -3.14159
1111100110 0.0965576 -3.14159
1111100111 0.0136795 -3.14159
1111101000 0.0116577 -3.14159
1111101001 0.0484924 -3.14159
1111101010 0.0523071 -3.14159
1111101011 0.103882 0
1111101100 0.0563965 0
1111101101 0.0100861 0
1111101110 0.0248718 0
1111101111 0.0317383 0
1111110000 0.000491619 0
1111110001 0.0359192 0
1111110010 0.0538635 -3.14159
1111110011 0.00338554 -3.14159
1111110100 0.0168762 0
1111110101 0.0030098 0
1111110110 0.00275993 0
1111110111 0.027771 0
1111111000 0.0157928 0
1111111001 0.0510559 -3.14159
1111111010 0.000539303 -3.14159
1111111011 0.0441284 -3.14159
1111111100 0.00921631 -3.14159
1111111101 0.0574646 0
1111111110 0.0167694 -3.14159
1111111111 0.0333557 -3.14159
