0000000000 0.0229492 0
0000000001 0.0411072 0
0000000010 0.0160675 -3.14159
0000000011 0.0155029 -3.14159
0000000100 0.00333595 0
0000000101 0.0132599 0
0000000110 0.0386963 -3.14159
0000000111 0.0246124 -3.14159
0000001000 0.0135651 0
0000001001 0.0165405 -3.14159
0000001010 0.0100784 0
0000001011 0.028717 0
0000001100 0.0155716 -3.14159
0000001101 0.00149918 0
0000001110 0.0133362 0
0000001111 0.0435791 0
0000010000 0.00600433 -3.14159
0000010001 0.016922 -3.14159
0000010010 0.0465088 -3.14159
0000010011 0.0552063 -3.14159
0000010100 0.0475464 -3.14159
0000010101 0.0135498 0
0000010110 0.00720596 0
0000010111 0.0306702 0
0000011000 0.0584106 0
0000011001 0.0319214 -3.14159
0000011010 0.016861 -3.14159
0000011011 0.0456543 -3.14159
0000011100 0.009758 0
0000011101 0.00717545 -3.14159
0000011110 0.0037365 0
0000011111 0.0345764 -3.14159
0000100000 0.074646 -3.14159
0000100001 0.0111237 -3.14159
0000100010 0.0620117 -3.14159
0000100011 0.0181427 -3.14159
0000100100 0.0217285 0
0000100101 0.0340576 -3.14159
0000100110 0.021225 -3.14159
0000100111 0.00597763 0
0000101000 0.0163879 -3.14159
0000101001 0.0139847 -3.14159
0000101010 0.0313416 -3.14159
0000101011 0.00432968 0
0000101100 0.0673218 -3.14159
0000101101 0.0444641 0
0000101110 0.0296783 -3.14159
0000101111 0.0151291 0
0000110000 0.0247345 0
0000110001 0.0399475 -3.14159
0000110010 0.0402832 -3.14159
0000110011 0.000542164 -3.14159
0000110100 0.010025 -3.14159
0000110101 0.00747299 0
0000110110 0.012085 0
0000110111 0.0595093 0
0000111000 0.0303192 -3.14159
0000111001 0.0365601 -3.14159
0000111010 0.0085907 -3.14159
0000111011 0.0322571 -3.14159
0000111100 0.0250549 0
0000111101 0.00161743 0
0000111110 0.0144806 0
0000111111 0.00105 0
0001000000 0.0552673 0
0001000001 0.0102005 0
0001000010 0.00165272 0
0001000011 0.0197449 0
0001000100 0.0380859 -3.14159
0001000101 0.0554199 -3.14159
0001000110 0.0286102 -3.14159
0001000111 0.0156555 0
0001001000 0.0275726 -3.14159
0001001001 0.0194397 -3.14159
0001001010 0.00329018 0
0001001011 0.0024128 0
0001001100 0.0450134 -3.14159
0001001101 0.00327492 0
0001001110 0.014389 0
0001001111 0.00785065 0
0001010000 0.0191498 0
0001010001 0.0441895 -3.14159
0001010010 0.0134964 -3.14159
0001010011 0.00644684 0
0001010100 0.0214233 0
0001010101 0.0288239 -3.14159
0001010110 0.00158215 0
0001010111 0.0305023 0
0001011000 0.0173798 -3.14159
0001011001 0.0215607 0
0001011010 0.0222321 -3.14159
0001011011 0.00640869 0
0001011100 0.0370789 0
0001011101 0.0253754 -3.14159
0001011110 0.0268555 -3.14159
0001011111 0.0318298 0
0001100000 0.0178833 -3.14159
0001100001 0.0240326 -3.14159
0001100010 0.0374146 -3.14159
0001100011 0.0243378 -3.14159
0001100100 0.0362549 -3.14159
0001100101 0.00742722 -3.14159
0001100110 0.0441895 -3.14159
0001100111 0.00309181 0
0001101000 0.0180817 -3.14159
0001101001 0.0845337 0
0001101010 0.028183 -3.14159
0001101011 0.026474 0
0001101100 0.00111389 0
0001101101 0.0535278 -3.14159
0001101110 0.00992584 -3.14159
0001101111 0.00739288 -3.14159
0001110000 0.0464172 -3.14159
0001110001 0.00830078 -3.14159
0001110010 0.0511475 -3.14159
0001110011 0.0147171 0
0001110100 0.0225525 -3.14159
0001110101 0.00439072 0
0001110110 0.032196 0
0001110111 0.0668945 -3.14159
0001111000 0.0476074 -3.14159
0001111001 0.00805664 -3.14159
0001111010 0.0244598 -3.14159
0001111011 0.0415955 -3.14159
0001111100 0.0574036 -3.14159
0001111101 0.0341187 0
0001111110 0.0272369 -3.14159
0001111111 0.0135422 -3.14159
0010000000 0.0409851 0
0010000001 0.0521545 -3.14159
0010000010 0.0187988 0
0010000011 0.0335083 -3.14159
0010000100 0.00391769 -3.14159
0010000101 0.000203013 -3.14159
0010000110 0.0345764 0
0010000111 0.00199127 -3.14159
0010001000 0.00304413 0
0010001001 0.00238037 0
0010001010 0.0187073 0
0010001011 0.0104294 -3.14159
0010001100 0.0462036 0
0010001101 0.0147476 0
0010001110 0.0325928 0
0010001111 0.00451279 0
0010010000 0.00682831 -3.14159
0010010001 0.00479889 0
0010010010 0.0119553 -3.14159
0010010011 0.030777 -3.14159
0010010100 0.0266724 -3.14159
0010010101 0.00190449 0
0010010110 0.0109634 0
0010010111 0.0446777 0
0010011000 0.028183 -3.14159
0010011001 0.0206909 -3.14159
0010011010 0.00619125 -3.14159
0010011011 0.00261116 -3.14159
0010011100 0.00618362 -3.14159
0010011101 0.0166931 0
0010011110 0.0209961 -3.14159
0010011111 0.0166473 -3.14159
0010100000 0.0257874 0
0010100001 0.00751114 -3.14159
0010100010 0.010231 0
0010100011 0.00797272 -3.14159
0010100100 0.0187836 0
0010100101 0.0339966 -3.14159
0010100110 0.00675201 0
0010100111 0.00587082 0
0010101000 0.0124512 -3.14159
0010101001 0.0227356 0
0010101010 0.00856781 0
0010101011 0.0444336 0
0010101100 0.0139999 0
0010101101 0.0121918 0
0010101110 0.0190125 0
0010101111 0.00798798 0
0010110000 0.0251007 0
0010110001 0.0592957 -3.14159
0010110010 0.0103989 -3.14159
0010110011 0.039917 0
0010110100 0.0341797 0
0010110101 0.0170746 -3.14159
0010110110 0.0214691 0
0010110111 0.00511169 -3.14159
0010111000 0.0154266 -3.14159
0010111001 0.0406189 -3.14159
0010111010 0.00647736 0
0010111011 0.0023098 0
0010111100 0.0414124 0
0010111101 0.0479736 -3.14159
0010111110 0.0118027 -3.14159
0010111111 0.0795898 -3.14159
0011000000 0.0662231 0
0011000001 0.0400391 0
0011000010 0.00311661 -3.14159
0011000011 0.0409241 0
0011000100 0.02034 -3.14159
0011000101 0.0144272 0
0011000110 0.0283203 0
0011000111 0.00189018 -3.14159
0011001000 0.0176544 0
0011001001 0.0160828 -3.14159
0011001010 0.000509262 -3.14159
0011001011 0.0196381 -3.14159
0011001100 0.0235443 0
0011001101 0.0149307 -3.14159
0011001110 0.0134277 -3.14159
0011001111 0.0150681 0
0011010000 0.023819 0
0011010001 0.000776291 0
0011010010 0.0270233 0
0011010011 0.0288849 0
0011010100 0.0123901 -3.14159
0011010101 0.0154495 -3.14159
0011010110 0.0481567 -3.14159
0011010111 0.0645142 0
0011011000 0.0104446 0
0011011001 0.0197906 0
0011011010 0.00160694 -3.14159
0011011011 0.00315666 0
0011011100 0.00250816 0
0011011101 0.0440063 -3.14159
0011011110 0.0254974 -3.14159
0011011111 0.022049 0
0011100000 0.000839233 -3.14159
0011100001 0.0156555 0
0011100010 0.0096817 0
0011100011 0.0234222 -3.14159
0011100100 0.0291748 0
0011100101 0.0614929 0
0011100110 0.0181732 -3.14159
0011100111 0.00507736 -3.14159
0011101000 0.0286102 -3.14159
0011101001 0.0010128 -3.14159
0011101010 0.0632935 -3.14159
0011101011 0.017395 0
0011101100 0.00687408 -3.14159
0011101101 0.0217743 -3.14159
0011101110 0.0229645 0
0011101111 0.0557861 0
0011110000 0.008255 0
0011110001 0.0114517 -3.14159
0011110010 0.0124054 0
0011110011 0.071106 -3.14159
0011110100 0.00629807 -3.14159
0011110101 0.00771332 0
0011110110 0.052124 0
0011110111 0.0278931 0
0011111000 0.0827637 0
0011111001 0.038269 0
0011111010 0.00888824 0
0011111011 0.0292511 -3.14159
0011111100 0.0322876 0
0011111101 0.0151291 -3.14159
0011111110 0.0400085 0
0011111111 0.0238495 0
0100000000 0.0274506 0
0100000001 0.0169678 0
0100000010 0.00950623 -3.14159
0100000011 0.0161743 0
0100000100 0.069458 -3.14159
0100000101 0.00264359 0
0100000110 0.0224457 0
0100000111 0.0354919 0
0100001000 0.00909424 -3.14159
0100001001 0.00709915 -3.14159
0100001010 0.00376892 0
0100001011 0.0527954 -3.14159
0100001100 0.00945282 -3.14159
0100001101 0.00334358 -3.14159
0100001110 0.0158691 -3.14159
0100001111 0.025528 -3.14159
0100010000 0.0235443 0
0100010001 0.0588379 -3.14159
0100010010 0.00749207 -3.14159
0100010011 0.00664139 -3.14159
0100010100 0.0577087 0
0100010101 0.0168304 -3.14159
0100010110 0.0198364 0
0100010111 0.0110703 -3.14159
0100011000 0.0087204 0
0100011001 0.0319519 0
0100011010 0.0159302 -3.14159
0100011011 0.0785522 -3.14159
0100011100 0.00321007 -3.14159
0100011101 0.0271301 0
0100011110 0.0094223 -3.14159
0100011111 0.0594177 0
0100100000 0.0167236 0
0100100001 0.0065155 0
0100100010 0.0171967 0
0100100011 0.00664902 -3.14159
0100100100 0.00756073 -3.14159
0100100101 0.0112991 -3.14159
0100100110 0.0651855 -3.14159
0100100111 0.034668 -3.14159
0100101000 0.0684204 0
0100101001 0.0697021 -3.14159
0100101010 0.0509338 0
0100101011 0.00264931 0
0100101100 0.0293579 0
0100101101 0.037384 -3.14159
0100101110 0.0325928 0
0100101111 0.00511551 0
0100110000 0.0177612 0
0100110001 0.039032 -3.14159
0100110010 0.0265198 0
0100110011 0.0254211 -3.14159
0100110100 0.0200806 0
0100110101 0.0311127 0
0100110110 0.00699997 -3.14159
0100110111 0.0215149 0
0100111000 0.038147 -3.14159
0100111001 0.0428467 -3.14159
0100111010 0.051239 -3.14159
0100111011 0.0513611 -3.14159
0100111100 0.0516968 -3.14159
0100111101 0.012291 -3.14159
0100111110 0.0244751 0
0100111111 0.00798798 -3.14159
0101000000 0.0177307 -3.14159
0101000001 0.00434113 -3.14159
0101000010 0.0148544 -3.14159
0101000011 0.0219269 0
0101000100 0.0123291 -3.14159
0101000101 0.00236893 0
0101000110 0.0223389 -3.14159
0101000111 0.0307922 -3.14159
0101001000 0.0191803 0
0101001001 0.00720215 -3.14159
0101001010 0.0245361 0
0101001011 0.053894 0
0101001100 0.0452271 0
0101001101 0.00865936 -3.14159
0101001110 0.00330162 -3.14159
0101001111 0.00970459 -3.14159
0101010000 0.0416565 0
0101010001 0.0259552 0
0101010010 0.0185699 0
0101010011 0.0493774 -3.14159
0101010100 0.0298157 0
0101010101 0.0233917 0
0101010110 0.0305786 0
0101010111 0.00782776 0
0101011000 0.029068 0
0101011001 0.0079422 0
0101011010 0.00216484 0
0101011011 0.0418091 -3.14159
0101011100 0.0292053 -3.14159
0101011101 0.0589294 0
0101011110 0.00384331 0
0101011111 0.0267792 0
0101100000 0.0171509 0
0101100001 0.0380554 -3.14159
0101100010 0.0115738 -3.14159
0101100011 0.0368347 -3.14159
0101100100 0.00472641 -3.14159
0101100101 0.0355225 0
0101100110 0.0348816 -3.14159
0101100111 0.0131989 -3.14159
0101101000 0.0783081 -3.14159
0101101001 0.00349998 -3.14159
0101101010 0.0353699 0
0101101011 0.0145569 0
0101101100 0.0154419 -3.14159
0101101101 0.0236053 -3.14159
0101101110 0.0292053 -3.14159
0101101111 0.0389099 0
0101110000 0.00147915 0
0101110001 0.0163727 0
0101110010 0.0504761 -3.14159
0101110011 0.0320129 0
0101110100 0.0406799 0
0101110101 0.000657558 0
0101110110 0.0192719 0
0101110111 0.0233307 0
0101111000 0.0100479 0
0101111001 0.041687 0
0101111010 0.0235748 0
0101111011 0.0376587 -3.14159
0101111100 0.0259399 -3.14159
0101111101 0.00889587 -3.14159
0101111110 0.0311737 0
0101111111 0.0701294 0
0110000000 0.026825 0
0110000001 0.0319214 0
0110000010 0.0322266 -3.14159
0110000011 0.0663452 0
0110000100 0.0738525 -3.14159
0110000101 0.0235901 0
0110000110 0.0132751 0
0110000111 0.0249481 0
0110001000 0.00236702 0
0110001001 0.0127716 0
0110001010 0.0333557 -3.14159
0110001011 0.00303459 0
0110001100 0.00332832 0
0110001101 0.0159302 -3.14159
0110001110 0.0162048 0
0110001111 0.0146637 -3.14159
0110010000 0.0265961 0
0110010001 0.0254211 0
0110010010 0.0155029 -3.14159
0110010011 0.0296326 -3.14159
0110010100 0.0731201 -3.14159
0110010101 0.0559387 -3.14159
0110010110 0.0113983 -3.14159
0110010111 0.00477982 -3.14159
0110011000 0.0129318 0
0110011001 0.00915527 -3.14159
0110011010 0.0304565 0
0110011011 0.0544739 0
0110011100 0.0237732 -3.14159
0110011101 0.0209198 0
0110011110 0.0217285 0
0110011111 0.0182037 0
0110100000 0.0437927 0
0110100001 0.0344849 0
0110100010 0.0170746 0
0110100011 0.0189819 -3.14159
0110100100 0.0404968 0
0110100101 0.00669098 -3.14159
0110100110 0.0174561 0
0110100111 0.0184937 -3.14159
0110101000 0.0479431 -3.14159
0110101001 0.0381775 -3.14159
0110101010 0.0136032 0
0110101011 0.0157776 -3.14159
0110101100 0.00712585 -3.14159
0110101101 0.0181732 0
0110101110 0.0123672 -3.14159
0110101111 0.00645447 -3.14159
0110110000 0.00785828 -3.14159
0110110001 0.0701904 -3.14159
0110110010 0.0249329 0
0110110011 0.0110931 -3.14159
0110110100 0.00885773 -3.14159
0110110101 0.0243073 0
0110110110 0.0321045 0
0110110111 0.0170746 0
0110111000 0.0490112 -3.14159
0110111001 0.0269775 -3.14159
0110111010 0.00317001 -3.14159
0110111011 0.0583496 0
0110111100 0.0259094 -3.14159
0110111101 0.0111313 -3.14159
0110111110 0.0248108 -3.14159
0110111111 0.0415649 -3.14159
0111000000 0.00318146 -3.14159
0111000001 0.039032 -3.14159
0111000010 0.00924683 0
0111000011 0.001544 -3.14159
0111000100 0.0176086 -3.14159
0111000101 0.0296021 -3.14159
0111000110 0.0113373 -3.14159
0111000111 0.00163174 0
0111001000 0.053894 0
0111001001 0.0375671 0
0111001010 0.00266075 0
0111001011 0.0137634 -3.14159
0111001100 0.00341415 -3.14159
0111001101 0.00935364 -3.14159
0111001110 0.0342712 0
0111001111 0.0580139 0
0111010000 0.0256653 0
0111010001 0.0321655 0
0111010010 0.0103683 0
0111010011 0.0710449 0
0111010100 0.00365067 0
0111010101 0.0208893 -3.14159
0111010110 0.000595093 -3.14159
0111010111 0.00550461 0
0111011000 0.0193176 0
0111011001 0.0182343 -3.14159
0111011010 0.00105953 -3.14159
0111011011 0.00277328 0
0111011100 0.00767136 -3.14159
0111011101 0.0250092 0
0111011110 0.0305328 0
0111011111 0.0204926 -3.14159
0111100000 0.008255 0
0111100001 0.00698853 0
0111100010 0.039856 0
0111100011 0.0238037 0
0111100100 0.0146942 -3.14159
0111100101 0.0219116 -3.14159
0111100110 0.0130386 -3.14159
0111100111 0.0188599 -3.14159
0111101000 0.0256042 -3.14159
0111101001 0.0283508 0
0111101010 0.0566406 -3.14159
0111101011 0.000912666 0
0111101100 0.00304031 -3.14159
0111101101 0.00691986 -3.14159
0111101110 0.0260773 0
0111101111 0.0259399 -3.14159
0111110000 0.0151749 -3.14159
0111110001 0.0210876 -3.14159
0111110010 0.0158234 0
0111110011 0.0486145 -3.14159
0111110100 0.000771046 -3.14159
0111110101 0.00951385 -3.14159
0111110110 0.00374413 -3.14159
0111110111 0.00907898 0
0111111000 0.051178 -3.14159
0111111001 0.035675 0
0111111010 0.0172577 -3.14159
0111111011 0.0379028 0
0111111100 0.043396 -3.14159
0111111101 0.00687408 -3.14159
0111111110 0.00290871 -3.14159
0111111111 0.0550537 0
1000000000 0.0165863 0
1000000001 0.00298691 -3.14159
1000000010 0.0208282 -3.14159
1000000011 0.0187073 -3.14159
1000000100 0.0136795 0
1000000101 0.0523071 0
1000000110 0.0504761 0
1000000111 0.0187378 0
1000001000 0.0124054 -3.14159
1000001001 0.0315247 0
1000001010 0.00025034 0
1000001011 0.0396423 -3.14159
1000001100 0.0122681 0
1000001101 0.0487061 -3.14159
1000001110 0.0733643 -3.14159
1000001111 0.0286407 -3.14159
1000010000 0.0035305 -3.14159
1000010001 0.0397339 -3.14159
1000010010 0.0106506 0
1000010011 0.0246277 0
1000010100 0.00587082 0
1000010101 0.00348282 0
1000010110 0.00587082 -3.14159
1000010111 0.0254669 0
1000011000 0.0137253 0
1000011001 0.00266457 0
1000011010 0.0247498 -3.14159
1000011011 0.0392761 0
1000011100 0.013237 -3.14159
1000011101 0.017807 -3.14159
1000011110 0.00043416 0
1000011111 0.0202637 -3.14159
1000100000 0.0449219 -3.14159
1000100001 0.0381165 -3.14159
1000100010 0.00783539 -3.14159
1000100011 0.0017004 0
1000100100 0.00410461 -3.14159
1000100101 0.0750732 -3.14159
1000100110 0.053833 -3.14159
1000100111 0.0797729 0
1000101000 0.0342102 0
1000101001 0.0230408 -3.14159
1000101010 0.00663376 0
1000101011 0.0030117 0
1000101100 0.0612183 -3.14159
1000101101 0.00108814 0
1000101110 0.0133743 0
1000101111 0.0388794 0
1000110000 0.00350952 -3.14159
1000110001 0.0103912 0
1000110010 0.0310974 0
1000110011 0.0284576 -3.14159
1000110100 0.0373535 -3.14159
1000110101 0.000645638 -3.14159
1000110110 0.0266876 -3.14159
1000110111 0.000807285 -3.14159
1000111000 0.018692 -3.14159
1000111001 0.042511 -3.14159
1000111010 0.0929565 0
1000111011 0.0204163 0
1000111100 0.00761795 0
1000111101 0.00547028 0
1000111110 0.00932312 0
1000111111 0.00455093 -3.14159
1001000000 0.00689316 0
1001000001 0.016983 -3.14159
1001000010 0.0383911 0
1001000011 0.0269318 -3.14159
1001000100 0.0480957 -3.14159
1001000101 0.00862122 0
1001000110 0.0639038 -3.14159
1001000111 0.0329895 -3.14159
1001001000 0.0477295 0
1001001001 0.00396729 0
1001001010 0.0154419 -3.14159
1001001011 0.00999451 -3.14159
1001001100 0.0157471 0
1001001101 0.06604 -3.14159
1001001110 0.0514526 -3.14159
1001001111 0.0202789 0
1001010000 0.0271301 -3.14159
1001010001 0.00524139 0
1001010010 0.000363827 0
1001010011 0.017395 -3.14159
1001010100 0.00508881 -3.14159
1001010101 0.0492859 -3.14159
1001010110 0.0371399 0
1001010111 0.0319824 -3.14159
1001011000 0.00680542 0
1001011001 0.0184021 0
1001011010 0.012207 0
1001011011 0.0203705 0
1001011100 0.00908661 -3.14159
1001011101 0.0302582 -3.14159
1001011110 0.0281067 -3.14159
1001011111 0.0131531 -3.14159
1001100000 0.046814 0
1001100001 0.0126419 0
1001100010 0.0239105 -3.14159
1001100011 0.0346985 0
1001100100 0.00108528 -3.14159
1001100101 0.00447083 0
1001100110 0.0483398 0
1001100111 0.0723267 0
1001101000 0.0101013 -3.14159
1001101001 0.0429993 -3.14159
1001101010 0.0572205 0
1001101011 0.00804138 0
1001101100 0.0404968 0
1001101101 0.0122681 0
1001101110 0.0715332 -3.14159
1001101111 0.0023365 -3.14159
1001110000 0.0651855 0
1001110001 0.0645142 -3.14159
1001110010 0.02771 -3.14159
1001110011 0.0131683 0
1001110100 0.0343323 -3.14159
1001110101 0.00914001 0
1001110110 0.00135422 -3.14159
1001110111 0.053009 -3.14159
1001111000 0.00875854 0
1001111001 0.0288086 0
1001111010 0.0040741 0
1001111011 0.0378723 0
1001111100 0.033844 0
1001111101 0.0438232 -3.14159
1001111110 0.0314331 -3.14159
1001111111 0.00842285 0
1010000000 0.0179749 0
1010000001 0.00524902 -3.14159
1010000010 0.00988007 0
1010000011 0.00050354 -3.14159
1010000100 0.014389 -3.14159
1010000101 0.0519409 -3.14159
1010000110 0.0070343 -3.14159
1010000111 0.00587845 -3.14159
1010001000 0.018219 -3.14159
1010001001 0.0419922 0
1010001010 0.0148697 0
1010001011 0.0645752 0
1010001100 0.00892639 -3.14159
1010001101 0.0248413 0
1010001110 0.0447693 0
1010001111 0.0571899 0
1010010000 0.0401001 0
1010010001 0.0033493 0
1010010010 0.0395813 -3.14159
1010010011 0.0311432 0
1010010100 0.0104599 -3.14159
1010010101 0.0144043 -3.14159
1010010110 0.00636673 0
1010010111 0.0113754 -3.14159
1010011000 0.0769043 0
1010011001 0.0253601 -3.14159
1010011010 0.010788 -3.14159
1010011011 0.0480042 -3.14159
1010011100 0.0526428 0
1010011101 0.00528717 0
1010011110 0.0175323 0
1010011111 0.0302429 -3.14159
1010100000 0.0267181 -3.14159
1010100001 0.045929 -3.14159
1010100010 0.0197601 -3.14159
1010100011 0.0203094 -3.14159
1010100100 0.0252838 0
1010100101 0.00733948 -3.14159
1010100110 0.00472641 0
1010100111 0.0193787 -3.14159
1010101000 0.0217743 0
1010101001 0.0403442 0
1010101010 0.0161743 -3.14159
1010101011 0.0100174 -3.14159
1010101100 0.0260162 0
1010101101 0.00878906 -3.14159
1010101110 0.0286407 -3.14159
1010101111 0.0143356 -3.14159
1010110000 0.0733643 0
1010110001 0.00163937 0
1010110010 0.00545883 -3.14159
1010110011 0.0193939 -3.14159
1010110100 0.0208893 -3.14159
1010110101 0.0269318 0
1010110110 0.00879669 0
1010110111 0.0140152 -3.14159
1010111000 0.00506592 0
1010111001 0.00580597 -3.14159
1010111010 0.0383911 -3.14159
1010111011 0.00149059 0
1010111100 0.0223389 0
1010111101 0.0146103 0
1010111110 0.0315247 -3.14159
1010111111 0.0386353 0
1011000000 0.0367126 -3.14159
1011000001 0.0393677 0
1011000010 0.0279999 0
1011000011 0.0426025 -3.14159
1011000100 0.00311089 -3.14159
1011000101 0.0193481 -3.14159
1011000110 0.0283813 0
1011000111 0.0061264 -3.14159
1011001000 0.00329971 -3.14159
1011001001 0.0552673 -3.14159
1011001010 0.0348206 -3.14159
1011001011 0.0120392 -3.14159
1011001100 0.0586548 -3.14159
1011001101 0.000712872 -3.14159
1011001110 0.0149612 0
1011001111 0.0187531 -3.14159
1011010000 0.00244713 -3.14159
1011010001 0.0111618 -3.14159
1011010010 0.00437546 -3.14159
1011010011 0.00180054 0
1011010100 0.03125 -3.14159
1011010101 0.0268402 0
1011010110 0.0332336 0
1011010111 0.00537872 0
1011011000 0.016922 0
1011011001 0.0351868 0
1011011010 0.00233841 -3.14159
1011011011 0.0334473 -3.14159
1011011100 0.018158 0
1011011101 0.0392151 0
1011011110 0.00725937 -3.14159
1011011111 0.00271034 0
1011100000 0.0187988 -3.14159
1011100001 0.050354 -3.14159
1011100010 0.0519104 0
1011100011 0.00685501 -3.14159
1011100100 0.0168304 0
1011100101 0.0493774 0
1011100110 0.00852966 0
1011100111 0.0515747 -3.14159
1011101000 0.0562744 -3.14159
1011101001 0.0126495 -3.14159
1011101010 0.0218658 -3.14159
1011101011 0.0313416 0
1011101100 0.0143585 0
1011101101 0.0413513 0
1011101110 0.0121765 0
1011101111 0.0534973 0
1011110000 0.0550537 -3.14159
1011110001 0.00329208 0
1011110010 0.00421143 -3.14159
1011110011 0.0123672 0
1011110100 0.0155716 -3.14159
1011110101 0.00125122 0
1011110110 0.0263672 -3.14159
1011110111 0.0240784 0
1011111000 0.00471878 0
1011111001 0.012291 -3.14159
1011111010 0.034668 -3.14159
1011111011 0.100586 0
1011111100 0.0143204 0
1011111101 0.0233612 0
1011111110 0.0852661 0
1011111111 0.00353432 0
1100000000 0.0353699 0
1100000001 0.00174999 -3.14159
1100000010 0.0252228 -3.14159
1100000011 0.0218201 -3.14159
1100000100 0.0257568 -3.14159
1100000101 0.0448914 0
1100000110 0.0195923 0
1100000111 0.0314026 -3.14159
1100001000 0.0314636 -3.14159
1100001001 0.0610046 -3.14159
1100001010 0.00176811 0
1100001011 0.0235748 0
1100001100 0.0104446 0
1100001101 0.021225 -3.14159
1100001110 0.028717 -3.14159
1100001111 0.0295715 0
1100010000 0.0467834 -3.14159
1100010001 0.00978088 -3.14159
1100010010 0.0472412 0
1100010011 0.0128479 -3.14159
1100010100 0.0540466 -3.14159
1100010101 0.0213623 -3.14159
1100010110 0.0108337 0
1100010111 0.0540771 0
1100011000 0.093689 -3.14159
1100011001 0.0498047 0
1100011010 0.0424194 -3.14159
1100011011 0.0350952 0
1100011100 0.0251617 0
1100011101 0.0123444 0
1100011110 0.01651 0
1100011111 0.0457153 -3.14159
1100100000 0.0296021 0
1100100001 0.0673218 0
1100100010 0.0249329 -3.14159
1100100011 0.0109634 0
1100100100 0.0334778 0
1100100101 0.0432434 -3.14159
1100100110 0.0289917 0
1100100111 0.0280609 -3.14159
1100101000 0.0172272 0
1100101001 0.0292816 0
1100101010 0.00187302 -3.14159
1100101011 0.0108032 -3.14159
1100101100 0.00306511 -3.14159
1100101101 0.00633621 0
1100101110 0.0532837 0
1100101111 0.0293579 0
1100110000 0.0121613 0
1100110001 0.0621948 -3.14159
1100110010 0.0129623 -3.14159
1100110011 0.0357056 0
1100110100 0.0257416 0
1100110101 0.0120544 0
1100110110 0.0629272 0
1100110111 0.0190735 -3.14159
1100111000 0.0247192 -3.14159
1100111001 0.0723877 -3.14159
1100111010 0.040863 0
1100111011 0.002285 -3.14159
1100111100 0.0521851 -3.14159
1100111101 0.00867462 -3.14159
1100111110 0.0357056 -3.14159
1100111111 0.0465698 -3.14159
1101000000 0.083374 -3.14159
1101000001 0.0184937 0
1101000010 0.0158539 -3.14159
1101000011 0.0020256 -3.14159
1101000100 0.0183258 0
1101000101 0.00671387 0
1101000110 0.0465698 -3.14159
1101000111 0.0670776 0
1101001000 0.00839233 0
1101001001 0.058136 0
1101001010 0.00997925 0
1101001011 0.0287781 0
1101001100 0.0022831 -3.14159
1101001101 0.00246811 -3.14159
1101001110 0.0247498 0
1101001111 0.021637 0
1101010000 0.0317078 -3.14159
1101010001 0.0111389 0
1101010010 0.0123138 -3.14159
1101010011 0.0574036 -3.14159
1101010100 0.029892 0
1101010101 0.00265503 -3.14159
1101010110 0.0396729 -3.14159
1101010111 0.00881195 0
1101011000 0.0333862 -3.14159
1101011001 0.000850677 0
1101011010 7.7188e-05 0
1101011011 0.0480347 -3.14159
1101011100 0.00563431 -3.14159
1101011101 0.031311 -3.14159
1101011110 0.0229645 0
1101011111 0.0521851 -3.14159
1101100000 0.0668335 0
1101100001 0.0423889 0
1101100010 0.0283508 -3.14159
1101100011 0.0202942 -3.14159
1101100100 0.0284882 -3.14159
1101100101 0.012085 -3.14159
1101100110 0.0105133 -3.14159
1101100111 0.0428162 -3.14159
1101101000 0.0186005 -3.14159
1101101001 0.0198822 0
1101101010 0.007267 0
1101101011 0.0211792 -3.14159
1101101100 0.0242004 -3.14159
1101101101 0.0286407 -3.14159
1101101110 0.0016613 0
1101101111 0.0107269 0
1101110000 0.00998688 -3.14159
1101110001 0.056427 0
1101110010 0.00320244 0
1101110011 0.048645 -3.14159
1101110100 0.0196381 0
1101110101 0.0470886 -3.14159
1101110110 0.00749969 -3.14159
1101110111 0.0260925 0
1101111000 0.0257416 0
1101111001 0.00026226 0
1101111010 0.00628662 0
1101111011 0.0091095 0
1101111100 0.00836182 -3.14159
1101111101 0.0532837 -3.14159
1101111110 0.0466309 -3.14159
1101111111 0.0849609 0
1110000000 0.0475769 -3.14159
1110000001 0.00907135 -3.14159
1110000010 0.0577698 0
1110000011 0.00221443 0
1110000100 0.0266113 0
1110000101 0.0560608 0
1110000110 0.0162964 -3.14159
1110000111 0.000941753 -3.14159
1110001000 0.00309181 -3.14159
1110001001 0.0111618 0
1110001010 0.0152817 0
1110001011 0.0143509 -3.14159
1110001100 4.57764e-05 -3.14159
1110001101 0.0120544 0
1110001110 0.0236816 0
1110001111 0.0125809 0
1110010000 0.0106354 0
1110010001 0.0436096 -3.14159
1110010010 0.0248413 -3.14159
1110010011 0.0178986 -3.14159
1110010100 0.0367737 -3.14159
1110010101 0.0652466 -3.14159
1110010110 0.0124588 0
1110010111 0.0164337 -3.14159
1110011000 0.0279236 0
1110011001 0.0215912 0
1110011010 0.0182343 -3.14159
1110011011 0.0361633 -3.14159
1110011100 0.0365295 0
1110011101 0.00349998 -3.14159
1110011110 0.0191193 -3.14159
1110011111 0.0150909 0
1110100000 0.000699043 -3.14159
1110100001 0.0177307 0
1110100010 0.0317078 0
1110100011 0.024765 0
1110100100 0.0665283 0
1110100101 0.0202026 0
1110100110 0.0278931 -3.14159
1110100111 0.00964355 -3.14159
1110101000 0.00965118 0
1110101001 0.0235291 0
1110101010 0.0610046 0
1110101011 0.015358 0
1110101100 0.0396118 -3.14159
1110101101 0.020874 0
1110101110 0.0105438 -3.14159
1110101111 0.0350647 -3.14159
1110110000 0.0021553 -3.14159
1110110001 0.0072403 0
1110110010 0.0373535 -3.14159
1110110011 0.0356445 -3.14159
1110110100 0.0184174 -3.14159
1110110101 0.0439453 0
1110110110 0.0164032 -3.14159
1110110111 0.015625 -3.14159
1110111000 0.000923157 0
1110111001 0.0396729 0
1110111010 0.0326233 0
1110111011 0.00515366 -3.14159
1110111100 0.00571442 -3.14159
1110111101 0.03125 -3.14159
1110111110 0.0308533 0
1110111111 0.0125198 0
1111000000 0.0237732 -3.14159
1111000001 0.0679321 0
1111000010 0.0236206 0
1111000011 0.000891685 -3.14159
1111000100 0.0144653 0
1111000101 0.0596313 -3.14159
1111000110 0.0110168 0
1111000111 0.0252838 0
1111001000 0.036499 0
1111001001 0.0380554 0
1111001010 0.0123901 -3.14159
1111001011 0.0104599 -3.14159
1111001100 0.0122604 0
1111001101 0.0478516 0
1111001110 0.028244 -3.14159
1111001111 0.0227051 -3.14159
1111010000 0.0276794 -3.14159
1111010001 0.014534 0
1111010010 0.01651 -3.14159
1111010011 0.0080719 -3.14159
1111010100 0.00895691 0
1111010101 0.0357056 -3.14159
1111010110 0.0626831 0
1111010111 0.0576172 0
1111011000 0.0509949 0
1111011001 0.0035305 -3.14159
1111011010 0.00796509 0
1111011011 0.0182037 0
1111011100 0.0261993 0
1111011101 0.0249786 0
1111011110 0.0113754 0
1111011111 0.0196228 -3.14159
1111100000 0.0769043 0
1111100001 0.00414276 -3.14159
1111100010 0.0124283 0
1111100011 0.00273132 0
1111100100 0.0582275 -3.14159
1111100101 0.000717163 -3.14159
1111100110 0.0640869 -3.14159
1111100111 0.0246124 -3.14159
1111101000 0.0342102 -3.14159
1111101001 0.0226593 -3.14159
1111101010 0.0474243 -3.14159
1111101011 0.0986938 0
1111101100 0.0648804 0
1111101101 0.00727844 -3.14159
1111101110 0.0324097 0
1111101111 0.00501633 0
1111110000 0.0124969 0
1111110001 0.00571823 0
1111110010 0.0301514 -3.14159
1111110011 0.0101471 0
1111110100 0.0324097 0
1111110101 0.00948334 0
1111110110 0.0184174 0
1111110111 0.00841522 0
1111111000 0.00174141 0
1111111001 0.0761719 -3.14159
1111111010 0.00205421 0
1111111011 0.00514984 0
1111111100 0.0196838 -3.14159
1111111101 0.0336304 0
1111111110 0.0160217 -3.14159
1111111111 0.00344467 -3.14159
