0000000000 0.0480652 0
0000000001 0.0472717 0
0000000010 0.0230255 -3.14159
0000000011 0.0150452 -3.14159
0000000100 0.00626755 0
0000000101 0.000257254 -3.14159
0000000110 0.0486145 -3.14159
0000000111 0.0089798 -3.14159
0000001000 0.0146866 0
0000001001 0.0149002 -3.14159
0000001010 0.000151873 0
0000001011 0.00247383 -3.14159
0000001100 0.0213623 -3.14159
0000001101 0.00620651 -3.14159
0000001110 0.0211334 0
0000001111 0.00401306 0
0000010000 0.0192566 -3.14159
0000010001 0.0272827 -3.14159
0000010010 0.0391846 -3.14159
0000010011 0.0236206 -3.14159
0000010100 0.0430298 -3.14159
0000010101 0.0184784 0
0000010110 0.00067091 -3.14159
0000010111 0.0450134 0
0000011000 0.0517883 0
0000011001 0.0121841 -3.14159
0000011010 0.0235443 -3.14159
0000011011 0.0258026 -3.14159
0000011100 0.0154495 -3.14159
0000011101 0.00298691 -3.14159
0000011110 0.0146332 0
0000011111 0.0206146 -3.14159
0000100000 0.0745239 -3.14159
0000100001 0.00254631 -3.14159
0000100010 0.0590515 -3.14159
0000100011 0.0300598 -3.14159
0000100100 0.00888824 0
0000100101 0.00426865 -3.14159
0000100110 0.0171051 -3.14159
0000100111 0.00166988 -3.14159
0000101000 0.0201874 -3.14159
0000101001 0.0166321 -3.14159
0000101010 0.0278473 -3.14159
0000101011 0.0092926 -3.14159
0000101100 0.0484924 -3.14159
0000101101 0.0299835 0
0000101110 0.0170441 -3.14159
0000101111 0.00337982 0
0000110000 0.0240784 0
0000110001 0.0437317 -3.14159
0000110010 0.0331421 -3.14159
0000110011 0.0268707 0
0000110100 0.0126038 -3.14159
0000110101 0.0245819 -3.14159
0000110110 0.0193024 -3.14159
0000110111 0.0401001 0
0000111000 0.0148621 -3.14159
0000111001 0.000358343 0
0000111010 0.00676346 -3.14159
0000111011 0.0145569 -3.14159
0000111100 0.0291595 0
0000111101 0.00185871 0
0000111110 0.0166016 0
0000111111 0.00185394 0
0001000000 0.0723267 0
0001000001 0.00868988 0
0001000010 0.0189056 -3.14159
0001000011 0.0389404 0
0001000100 0.0224457 -3.14159
0001000101 0.0473022 -3.14159
0001000110 0.0282898 -3.14159
0001000111 0.00563049 -3.14159
0001001000 0.0239105 -3.14159
0001001001 0.0057373 -3.14159
0001001010 0.0255585 0
0001001011 0.0190125 -3.14159
0001001100 0.0497437 -3.14159
0001001101 0.0053215 0
0001001110 0.00585938 0
0001001111 0.00252151 -3.14159
0001010000 0.0214844 0
0001010001 0.024826 -3.14159
0001010010 0.0245514 -3.14159
0001010011 0.00583267 -3.14159
0001010100 0.02742 0
0001010101 0.0245667 0
0001010110 0.00740814 0
0001010111 0.0258942 0
0001011000 0.00290298 0
0001011001 0.00706482 0
0001011010 0.0140381 0
0001011011 0.00375175 0
0001011100 0.0201874 0
0001011101 0.0362549 -3.14159
0001011110 0.0278625 -3.14159
0001011111 0.0290375 0
0001100000 0.00176811 0
0001100001 0.0120163 -3.14159
0001100010 0.0487976 -3.14159
0001100011 0.0300903 -3.14159
0001100100 0.0508118 -3.14159
0001100101 0.0136032 -3.14159
0001100110 0.0255737 -3.14159
0001100111 0.0275269 0
0001101000 0.0187683 0
0001101001 0.100708 0
0001101010 0.0381165 -3.14159
0001101011 0.00322151 0
0001101100 0.0176392 0
0001101101 0.0410461 -3.14159
0001101110 0.0108032 -3.14159
0001101111 0.00946045 0
0001110000 0.0582886 -3.14159
0001110001 0.0129013 -3.14159
0001110010 0.0725708 -3.14159
0001110011 0.0133743 0
0001110100 0.0349426 -3.14159
0001110101 0.0164642 0
0001110110 0.00402451 -3.14159
0001110111 0.034729 -3.14159
0001111000 0.06427 -3.14159
0001111001 0.000201583 -3.14159
0001111010 0.0343628 -3.14159
0001111011 0.0107651 -3.14159
0001111100 0.0286865 -3.14159
0001111101 0.0225067 0
0001111110 0.0174255 -3.14159
0001111111 0.00492477 0
0010000000 0.0479736 0
0010000001 0.0117035 -3.14159
0010000010 0.021286 0
0010000011 0.0322571 -3.14159
0010000100 0.0116272 0
0010000101 0.0346375 -3.14159
0010000110 0.0508728 0
0010000111 0.0108871 -3.14159
0010001000 0.0166321 -3.14159
0010001001 0.0172577 -3.14159
0010001010 0.0308075 0
0010001011 0.00786591 -3.14159
0010001100 0.0279999 0
0010001101 0.0239105 0
0010001110 0.0462036 0
0010001111 0.00772095 -3.14159
0010010000 0.0176239 -3.14159
0010010001 0.000384569 -3.14159
0010010010 0.00337219 0
0010010011 0.0108719 -3.14159
0010010100 0.0350952 -3.14159
0010010101 0.0148621 0
0010010110 0.015007 -3.14159
0010010111 0.0246277 0
0010011000 0.0177002 -3.14159
0010011001 0.029953 -3.14159
0010011010 0.0325317 0
0010011011 0.0261078 -3.14159
0010011100 4.33922e-05 -3.14159
0010011101 0.0309601 0
0010011110 0.0419617 -3.14159
0010011111 0.0116653 0
0010100000 0.032135 0
0010100001 0.00492096 -3.14159
0010100010 0.00114155 -3.14159
0010100011 0.00971985 -3.14159
0010100100 0.00571823 0
0010100101 0.0237274 -3.14159
0010100110 0.0325928 0
0010100111 0.013855 0
0010101000 0.00221634 -3.14159
0010101001 0.0459595 0
0010101010 0.00559616 -3.14159
0010101011 0.0280762 0
0010101100 0.0157623 0
0010101101 0.018692 0
0010101110 0.0103302 -3.14159
0010101111 0.0186768 0
0010110000 0.0105209 0
0010110001 0.0807495 -3.14159
0010110010 0.0137863 0
0010110011 0.0534668 0
0010110100 0.0324707 0
0010110101 0.00756836 0
0010110110 0.0453186 0
0010110111 0.00502396 0
0010111000 0.00400162 0
0010111001 0.0282135 -3.14159
0010111010 0.0238342 0
0010111011 0.0303192 0
0010111100 0.0488586 0
0010111101 0.0369568 -3.14159
0010111110 0.00592041 -3.14159
0010111111 0.0651245 -3.14159
0011000000 0.0726929 0
0011000001 0.0318604 0
0011000010 0.0105362 0
0011000011 0.0253754 0
0011000100 0.00315094 0
0011000101 0.0220795 0
0011000110 0.0228424 0
0011000111 0.00514603 -3.14159
0011001000 0.0343018 0
0011001001 0.0111847 -3.14159
0011001010 0.0173645 0
0011001011 0.000449419 0
0011001100 0.0135117 -3.14159
0011001101 0.00319672 -3.14159
0011001110 0.0125046 -3.14159
0011001111 0.00907135 -3.14159
0011010000 0.0158844 0
0011010001 0.0259552 -3.14159
0011010010 0.0263062 0
0011010011 0.00738144 0
0011010100 0.0194397 -3.14159
0011010101 0.0415955 -3.14159
0011010110 0.0516052 -3.14159
0011010111 0.0617676 0
0011011000 0.00558853 0
0011011001 0.0224609 0
0011011010 0.0209656 -3.14159
0011011011 0.000290155 0
0011011100 0.00369835 0
0011011101 0.0188751 -3.14159
0011011110 0.0368652 -3.14159
0011011111 0.0262146 0
0011100000 0.0123367 0
0011100001 0.0233765 0
0011100010 0.000236511 -3.14159
0011100011 0.0132294 -3.14159
0011100100 0.00947571 0
0011100101 0.0842896 0
0011100110 0.00972748 -3.14159
0011100111 0.00901031 -3.14159
0011101000 0.0461731 -3.14159
0011101001 0.0220184 0
0011101010 0.0847778 -3.14159
0011101011 0.0166779 -3.14159
0011101100 0.00559998 -3.14159
0011101101 0.0229492 -3.14159
0011101110 0.0264893 0
0011101111 0.0565186 0
0011110000 0.0228424 -3.14159
0011110001 0.0102768 -3.14159
0011110010 0.0171204 -3.14159
0011110011 0.0714111 -3.14159
0011110100 0.0316772 0
0011110101 0.00538635 0
0011110110 0.0352783 0
0011110111 0.0151062 -3.14159
0011111000 0.0800171 0
0011111001 0.0110321 0
0011111010 0.00990295 0
0011111011 0.00287247 0
0011111100 0.0121613 0
0011111101 0.0162659 -3.14159
0011111110 0.0147018 0
0011111111 0.0138779 0
0100000000 0.0699463 0
0100000001 0.0401001 0
0100000010 0.01371 -3.14159
0100000011 0.0430298 0
0100000100 0.0657959 -3.14159
0100000101 0.0112305 -3.14159
0100000110 0.0244293 0
0100000111 0.0243378 0
0100001000 0.0152054 0
0100001001 0.00777817 0
0100001010 0.00205803 0
0100001011 0.0175476 -3.14159
0100001100 0.0291595 -3.14159
0100001101 0.00165844 -3.14159
0100001110 0.0116425 -3.14159
0100001111 0.0276642 -3.14159
0100010000 0.0476379 0
0100010001 0.0574951 -3.14159
0100010010 0.0103226 -3.14159
0100010011 0.00163078 -3.14159
0100010100 0.051239 0
0100010101 0.0340881 -3.14159
0100010110 0.0236206 0
0100010111 0.00665283 -3.14159
0100011000 0.0291138 0
0100011001 0.0305176 0
0100011010 0.0104218 -3.14159
0100011011 0.0628662 -3.14159
0100011100 0.00331116 0
0100011101 0.0105591 -3.14159
0100011110 0.0114212 -3.14159
0100011111 0.0395508 0
0100100000 0.0122299 -3.14159
0100100001 0.00810242 0
0100100010 0.0368652 -3.14159
0100100011 0.00253677 -3.14159
0100100100 0.0298004 -3.14159
0100100101 0.0102386 -3.14159
0100100110 0.0421448 -3.14159
0100100111 0.0245056 -3.14159
0100101000 0.06427 0
0100101001 0.074646 -3.14159
0100101010 0.0439758 0
0100101011 0.0176392 -3.14159
0100101100 0.0277405 0
0100101101 0.059906 -3.14159
0100101110 0.0242157 0
0100101111 0.0159607 0
0100110000 0.016983 0
0100110001 0.0416565 -3.14159
0100110010 0.0308075 0
0100110011 0.0268707 -3.14159
0100110100 0.00485229 -3.14159
0100110101 0.0170593 0
0100110110 0.0348816 -3.14159
0100110111 0.00448227 -3.14159
0100111000 0.0174408 -3.14159
0100111001 0.0450134 -3.14159
0100111010 0.0385742 -3.14159
0100111011 0.0460815 -3.14159
0100111100 0.0554199 -3.14159
0100111101 0.0118561 0
0100111110 0.0353394 0
0100111111 0.000413418 0
0101000000 0.00605392 0
0101000001 0.00250626 0
0101000010 0.004776 0
0101000011 0.0210114 0
0101000100 0.00733185 -3.14159
0101000101 0.0173187 0
0101000110 0.00991058 -3.14159
0101000111 0.0131683 -3.14159
0101001000 0.013855 0
0101001001 0.0389099 -3.14159
0101001010 0.00337982 0
0101001011 0.0407104 0
0101001100 0.00287247 0
0101001101 0.0394287 0
0101001110 0.0169983 0
0101001111 0.0123825 0
0101010000 0.0218964 0
0101010001 0.0248108 0
0101010010 0.0286865 0
0101010011 0.0502625 -3.14159
0101010100 0.0157776 0
0101010101 0.0624084 0
0101010110 0.0193481 0
0101010111 0.0182648 0
0101011000 0.039978 0
0101011001 0.0333252 0
0101011010 0.0177307 -3.14159
0101011011 0.0522156 -3.14159
0101011100 0.0393372 -3.14159
0101011101 0.0586548 0
0101011110 0.00409317 -3.14159
0101011111 0.0371399 0
0101100000 0.00714493 0
0101100001 0.0374146 -3.14159
0101100010 0.0114822 0
0101100011 0.0292969 -3.14159
0101100100 0.00238228 0
0101100101 0.00675201 0
0101100110 0.0067749 -3.14159
0101100111 0.0217743 -3.14159
0101101000 0.0765991 -3.14159
0101101001 0.0096283 -3.14159
0101101010 0.0294495 0
0101101011 0.0288239 0
0101101100 0.00965881 0
0101101101 0.014595 -3.14159
0101101110 0.00593185 -3.14159
0101101111 0.0156708 0
0101110000 0.0237579 -3.14159
0101110001 0.0113754 -3.14159
0101110010 0.0254211 -3.14159
0101110011 0.0127487 0
0101110100 0.0343018 0
0101110101 0.00991821 0
0101110110 0.0207214 0
0101110111 0.00115871 0
0101111000 0.0404663 0
0101111001 0.056366 0
0101111010 0.0121994 0
0101111011 0.0301208 -3.14159
0101111100 0.0295563 -3.14159
0101111101 0.00876617 -3.14159
0101111110 0.0377808 0
0101111111 0.0641479 0
0110000000 0.00168133 0
0110000001 0.0524902 0
0110000010 0.0318909 -3.14159
0110000011 0.0493469 0
0110000100 0.0720825 -3.14159
0110000101 0.0279236 -3.14159
0110000110 0.0193634 0
0110000111 0.0293732 0
0110001000 0.00796509 -3.14159
0110001001 0.00988007 -3.14159
0110001010 0.00819397 0
0110001011 0.0103378 -3.14159
0110001100 0.000285387 -3.14159
0110001101 0.0339661 -3.14159
0110001110 0.035553 0
0110001111 0.0105972 -3.14159
0110010000 0.0481873 0
0110010001 0.0192261 0
0110010010 0.0200043 -3.14159
0110010011 0.00511932 0
0110010100 0.0847778 -3.14159
0110010101 0.0639648 -3.14159
0110010110 0.00201225 -3.14159
0110010111 0.0178833 0
0110011000 0.0115814 -3.14159
0110011001 0.0278168 -3.14159
0110011010 0.00461197 0
0110011011 0.0654297 0
0110011100 0.0284729 -3.14159
0110011101 0.000956535 -3.14159
0110011110 0.0193939 0
0110011111 0.00978088 0
0110100000 0.0540161 0
0110100001 0.020752 0
0110100010 0.020462 0
0110100011 0.0220795 -3.14159
0110100100 0.067688 0
0110100101 0.00936127 0
0110100110 0.00617981 0
0110100111 0.0065155 0
0110101000 0.0330811 -3.14159
0110101001 0.0264282 -3.14159
0110101010 0.0195007 0
0110101011 0.0152969 -3.14159
0110101100 0.0322266 -3.14159
0110101101 0.0227509 0
0110101110 0.0175323 -3.14159
0110101111 0.0026741 0
0110110000 0.00668335 0
0110110001 0.0952148 -3.14159
0110110010 0.0378418 0
0110110011 0.0177002 -3.14159
0110110100 0.00166988 0
0110110101 0.0193787 0
0110110110 0.0576477 0
0110110111 0.0154266 0
0110111000 0.0446167 -3.14159
0110111001 0.0332031 -3.14159
0110111010 0.0119171 0
0110111011 0.0617676 0
0110111100 0.0413513 -3.14159
0110111101 0.0255127 -3.14159
0110111110 0.0225372 -3.14159
0110111111 0.00740433 0
0111000000 0.000374317 0
0111000001 0.046875 -3.14159
0111000010 0.028183 0
0111000011 0.0227509 -3.14159
0111000100 0.0190125 -3.14159
0111000101 0.00714493 -3.14159
0111000110 0.0175171 -3.14159
0111000111 0.0350952 -3.14159
0111001000 0.0480042 0
0111001001 0.0246582 0
0111001010 0.0220337 -3.14159
0111001011 0.00171185 0
0111001100 0.00490952 -3.14159
0111001101 0.0172882 -3.14159
0111001110 0.0260315 0
0111001111 0.0549927 0
0111010000 0.0263977 0
0111010001 0.028183 0
0111010010 0.00109005 -3.14159
0111010011 0.0568542 0
0111010100 0.0200958 0
0111010101 0.00767517 -3.14159
0111010110 0.0134888 -3.14159
0111010111 0.0282898 -3.14159
0111011000 0.0236359 0
0111011001 0.0330505 -3.14159
0111011010 0.00112534 0
0111011011 0.0150986 0
0111011100 0.0143433 0
0111011101 0.0315247 0
0111011110 0.0306091 0
0111011111 0.0195618 0
0111100000 0.00311661 0
0111100001 0.0252075 0
0111100010 0.0240936 0
0111100011 0.0337524 0
0111100100 0.00318909 -3.14159
0111100101 0.0343018 -3.14159
0111100110 0.00406265 0
0111100111 0.0333252 -3.14159
0111101000 0.0316772 -3.14159
0111101001 0.0105438 0
0111101010 0.0435486 -3.14159
0111101011 0.0184326 0
0111101100 0.0256348 -3.14159
0111101101 0.00319862 0
0111101110 0.018219 0
0111101111 0.0160217 -3.14159
0111110000 0.0036087 0
0111110001 0.025177 -3.14159
0111110010 0.00217628 0
0111110011 0.0641479 -3.14159
0111110100 0.0424194 0
0111110101 0.000879288 -3.14159
0111110110 0.0163574 -3.14159
0111110111 0.0192261 -3.14159
0111111000 0.0626831 -3.14159
0111111001 0.0344849 0
0111111010 0.0158691 -3.14159
0111111011 0.0228271 0
0111111100 0.00765991 0
0111111101 0.0104141 -3.14159
0111111110 0.0148163 0
0111111111 0.0476379 0
1000000000 0.0053978 -3.14159
1000000001 0.00410843 -3.14159
1000000010 0.0227051 -3.14159
1000000011 0.0137787 -3.14159
1000000100 0.0289307 0
1000000101 0.0552063 0
1000000110 0.0317383 0
1000000111 0.019043 0
1000001000 0.0426941 -3.14159
1000001001 0.00562668 0
1000001010 0.00789642 -3.14159
1000001011 0.0788574 -3.14159
1000001100 0.00748825 0
1000001101 0.0338745 -3.14159
1000001110 0.0318298 -3.14159
1000001111 0.0264587 -3.14159
1000010000 0.0300598 0
1000010001 0.0764771 -3.14159
1000010010 0.0196838 0
1000010011 0.0149765 0
1000010100 0.0346069 0
1000010101 0.026474 0
1000010110 0.00878906 -3.14159
1000010111 0.00568771 0
1000011000 0.00617218 0
1000011001 0.0161285 0
1000011010 0.0146103 0
1000011011 0.0196533 0
1000011100 0.0133591 -3.14159
1000011101 0.0209503 -3.14159
1000011110 0.0118561 -3.14159
1000011111 0.0126724 0
1000100000 0.0124207 -3.14159
1000100001 0.0379028 -3.14159
1000100010 0.0120392 0
1000100011 0.0189362 -3.14159
1000100100 0.0143814 -3.14159
1000100101 0.0487366 -3.14159
1000100110 0.0303802 -3.14159
1000100111 0.0367126 0
1000101000 0.0111465 0
1000101001 0.0411682 -3.14159
1000101010 0.025589 -3.14159
1000101011 0.0205231 -3.14159
1000101100 0.0397949 -3.14159
1000101101 0.0030117 0
1000101110 0.0613403 0
1000101111 0.0405579 0
1000110000 0.0281525 -3.14159
1000110001 0.0182343 0
1000110010 0.00209236 0
1000110011 0.0209808 -3.14159
1000110100 0.0294495 -3.14159
1000110101 0.0359497 0
1000110110 0.0501404 -3.14159
1000110111 0.00782776 0
1000111000 0.0200043 -3.14159
1000111001 0.0106735 -3.14159
1000111010 0.0793457 0
1000111011 0.00427628 -3.14159
1000111100 0.0016861 0
1000111101 0.022644 0
1000111110 0.00322914 -3.14159
1000111111 0.0163269 0
1001000000 0.0117188 0
1001000001 0.0104523 -3.14159
1001000010 0.0136414 0
1001000011 0.0171356 0
1001000100 0.0486145 -3.14159
1001000101 0.00784302 -3.14159
1001000110 0.0375977 -3.14159
1001000111 0.0508423 -3.14159
1001001000 0.0381775 0
1001001001 0.021637 0
1001001010 0.0229645 -3.14159
1001001011 0.00169563 -3.14159
1001001100 0.0333252 0
1001001101 0.0252991 -3.14159
1001001110 0.0427856 -3.14159
1001001111 0.0436401 0
1001010000 0.00536728 0
1001010001 0.0129929 -3.14159
1001010010 0.000256538 0
1001010011 0.0300598 -3.14159
1001010100 0.0322571 -3.14159
1001010101 0.0379028 -3.14159
1001010110 0.0292969 0
1001010111 0.0255737 -3.14159
1001011000 0.0312042 0
1001011001 0.0168762 0
1001011010 0.0204926 0
1001011011 0.0421143 0
1001011100 0.00473022 0
1001011101 0.0525513 -3.14159
1001011110 0.0671387 -3.14159
1001011111 0.0317078 -3.14159
1001100000 0.0238342 0
1001100001 0.00189018 -3.14159
1001100010 0.00263596 0
1001100011 0.0325012 0
1001100100 0.00999451 -3.14159
1001100101 0.00215912 -3.14159
1001100110 0.0420837 0
1001100111 0.0687256 0
1001101000 0.00590897 0
1001101001 0.0320129 -3.14159
1001101010 0.040741 0
1001101011 0.0559082 0
1001101100 0.0341492 0
1001101101 0.00471878 -3.14159
1001101110 0.0428467 -3.14159
1001101111 0.000386953 -3.14159
1001110000 0.0385132 0
1001110001 0.052887 -3.14159
1001110010 0.013855 -3.14159
1001110011 0.0108337 0
1001110100 0.052063 -3.14159
1001110101 0.00074482 -3.14159
1001110110 0.0177612 0
1001110111 0.015152 -3.14159
1001111000 0.0592346 0
1001111001 0.016983 0
1001111010 0.0361938 0
1001111011 0.0345154 0
1001111100 0.0404663 0
1001111101 0.0140915 -3.14159
1001111110 0.00448227 -3.14159
1001111111 0.0206909 -3.14159
1010000000 0.00671768 -3.14159
1010000001 0.0105362 0
1010000010 0.00415421 -3.14159
1010000011 0.0194702 0
1010000100 0.00568771 -3.14159
1010000101 0.056427 -3.14159
1010000110 0.00126171 -3.14159
1010000111 0.0481262 -3.14159
1010001000 0.00716019 0
1010001001 0.00265121 0
1010001010 0.0221863 0
1010001011 0.0531616 0
1010001100 0.0198517 0
1010001101 0.0117264 -3.14159
1010001110 0.0101547 0
1010001111 0.0441284 0
1010010000 0.0465393 0
1010010001 0.0158081 0
1010010010 0.0527954 -3.14159
1010010011 0.0443726 0
1010010100 0.0401917 -3.14159
1010010101 0.00197029 -3.14159
1010010110 0.0215912 0
1010010111 0.0192261 -3.14159
1010011000 0.0531311 0
1010011001 0.00917053 -3.14159
1010011010 0.0204163 0
1010011011 0.0227203 -3.14159
1010011100 0.0228119 0
1010011101 0.0115738 -3.14159
1010011110 0.00456238 0
1010011111 0.0021534 -3.14159
1010100000 0.0286865 -3.14159
1010100001 0.0474548 -3.14159
1010100010 0.0305634 -3.14159
1010100011 0.00238037 -3.14159
1010100100 0.0142136 0
1010100101 0.0114212 -3.14159
1010100110 0.0213928 0
1010100111 0.0414124 -3.14159
1010101000 0.0381775 0
1010101001 0.0722656 0
1010101010 0.00518799 0
1010101011 0.00193024 -3.14159
1010101100 0.0467224 0
1010101101 0.0177917 -3.14159
1010101110 0.00933838 0
1010101111 0.00725937 -3.14159
1010110000 0.0497131 0
1010110001 0.0113754 -3.14159
1010110010 0.0205231 0
1010110011 0.0611267 -3.14159
1010110100 0.0266266 -3.14159
1010110101 0.019043 0
1010110110 0.0427551 -3.14159
1010110111 0.0213318 -3.14159
1010111000 0.00163078 0
1010111001 0.0078125 0
1010111010 0.0283966 -3.14159
1010111011 0.00321198 -3.14159
1010111100 0.0542603 0
1010111101 0.0288696 0
1010111110 0.02005 -3.14159
1010111111 0.0361328 0
1011000000 0.0270691 -3.14159
1011000001 0.0435791 0
1011000010 0.0360718 0
1011000011 0.0202026 -3.14159
1011000100 0.0200653 -3.14159
1011000101 0.0115433 0
1011000110 0.0470276 0
1011000111 0.00823212 0
1011001000 0.0287933 -3.14159
1011001001 0.0458984 -3.14159
1011001010 0.0186615 -3.14159
1011001011 0.0134354 -3.14159
1011001100 0.0414429 -3.14159
1011001101 0.0158691 -3.14159
1011001110 0.00330544 0
1011001111 0.0126495 -3.14159
1011010000 0.00097084 -3.14159
1011010001 0.0292358 -3.14159
1011010010 0.00485992 0
1011010011 0.0120468 -3.14159
1011010100 0.016037 -3.14159
1011010101 0.0258331 0
1011010110 0.0378723 0
1011010111 0.00922394 0
1011011000 0.0158997 0
1011011001 0.0176392 0
1011011010 0.0193481 0
1011011011 0.0410461 -3.14159
1011011100 0.00101185 -3.14159
1011011101 0.0434875 0
1011011110 0.0183411 0
1011011111 0.0108948 0
1011100000 0.0274963 -3.14159
1011100001 0.0247345 -3.14159
1011100010 0.0475464 0
1011100011 0.0087204 0
1011100100 0.00231934 0
1011100101 0.0675659 0
1011100110 0.0210724 -3.14159
1011100111 0.0340271 -3.14159
1011101000 0.0975342 -3.14159
1011101001 0.012558 -3.14159
1011101010 0.0471497 -3.14159
1011101011 0.0215149 0
1011101100 0.00563812 0
1011101101 0.0102921 -3.14159
1011101110 0.0147171 0
1011101111 0.0557861 0
1011110000 0.0650024 -3.14159
1011110001 0.0207825 -3.14159
1011110010 0.00775909 0
1011110011 0.0164185 -3.14159
1011110100 0.00406265 -3.14159
1011110101 0.0235748 0
1011110110 0.0243073 -3.14159
1011110111 0.0239105 0
1011111000 0.00624847 -3.14159
1011111001 0.0155182 0
1011111010 0.0108261 -3.14159
1011111011 0.0636597 0
1011111100 0.0295868 0
1011111101 0.0103683 -3.14159
1011111110 0.0380249 0
1011111111 0.00682068 0
1100000000 0.0270996 0
1100000001 0.0190125 0
1100000010 0.0374756 -3.14159
1100000011 0.0283508 -3.14159
1100000100 0.0203094 -3.14159
1100000101 0.0415344 0
1100000110 0.031311 0
1100000111 0.0209961 -3.14159
1100001000 0.0333252 -3.14159
1100001001 0.0515747 -3.14159
1100001010 0.0185242 0
1100001011 0.00382614 -3.14159
1100001100 0.00104523 -3.14159
1100001101 0.00818634 -3.14159
1100001110 0.0435791 -3.14159
1100001111 0.0308838 0
1100010000 0.0290527 -3.14159
1100010001 0.0147781 -3.14159
1100010010 0.0507202 0
1100010011 0.0103607 -3.14159
1100010100 0.0246735 -3.14159
1100010101 0.0191956 -3.14159
1100010110 0.010582 0
1100010111 0.0648804 0
1100011000 0.088623 -3.14159
1100011001 0.0476685 0
1100011010 0.0109863 -3.14159
1100011011 0.0546875 0
1100011100 0.0333557 0
1100011101 0.0247192 0
1100011110 0.00870514 -3.14159
1100011111 0.0269318 -3.14159
1100100000 0.0297699 0
1100100001 0.0530396 0
1100100010 0.00613022 0
1100100011 0.00722504 0
1100100100 0.0225372 0
1100100101 0.0539551 -3.14159
1100100110 0.0200043 0
1100100111 0.0245209 -3.14159
1100101000 0.034729 0
1100101001 0.0343628 0
1100101010 0.0261993 0
1100101011 0.0145035 -3.14159
1100101100 0.0149765 -3.14159
1100101101 0.00420761 -3.14159
1100101110 0.0505676 0
1100101111 0.035675 0
1100110000 0.0130844 0
1100110001 0.0557861 -3.14159
1100110010 0.0267792 -3.14159
1100110011 0.0310059 0
1100110100 0.0172729 0
1100110101 0.0111694 0
1100110110 0.0543213 0
1100110111 0.0228119 -3.14159
1100111000 0.0206757 -3.14159
1100111001 0.0910645 -3.14159
1100111010 0.0281372 0
1100111011 0.00584793 -3.14159
1100111100 0.024292 -3.14159
1100111101 0.0172272 0
1100111110 0.0372314 -3.14159
1100111111 0.0433655 -3.14159
1101000000 0.0667114 -3.14159
1101000001 0.0129166 -3.14159
1101000010 0.00496292 -3.14159
1101000011 6.59823e-05 -3.14159
1101000100 0.0445862 0
1101000101 0.00244522 0
1101000110 0.0570984 -3.14159
1101000111 0.0538635 0
1101001000 0.000173688 0
1101001001 0.0739746 0
1101001010 0.0282593 0
1101001011 0.0384216 0
1101001100 0.0472717 -3.14159
1101001101 0.0317688 0
1101001110 0.0322266 0
1101001111 0.046875 0
1101010000 0.0186157 -3.14159
1101010001 0.0257721 0
1101010010 0.0159607 -3.14159
1101010011 0.0296631 -3.14159
1101010100 0.0368652 0
1101010101 0.0183716 -3.14159
1101010110 0.0235291 -3.14159
1101010111 0.00389671 0
1101011000 0.0428162 -3.14159
1101011001 0.000960827 0
1101011010 0.0044136 0
1101011011 0.0190735 -3.14159
1101011100 0.00743484 0
1101011101 0.03479 -3.14159
1101011110 0.00727844 0
1101011111 0.044281 -3.14159
1101100000 0.0730591 0
1101100001 0.0471497 0
1101100010 0.0165863 -3.14159
1101100011 0.00617981 0
1101100100 0.0196991 -3.14159
1101100101 0.0295563 -3.14159
1101100110 0.0189209 -3.14159
1101100111 0.045166 -3.14159
1101101000 0.0212708 -3.14159
1101101001 0.00409698 -3.14159
1101101010 0.00435257 -3.14159
1101101011 0.0129776 0
1101101100 0.0512695 -3.14159
1101101101 0.0423584 -3.14159
1101101110 0.00378799 0
1101101111 0.00221634 0
1101110000 0.00833893 0
1101110001 0.0508728 0
1101110010 0.00274467 -3.14159
1101110011 0.0384216 -3.14159
1101110100 0.0254059 -3.14159
1101110101 0.0522461 -3.14159
1101110110 0.0206909 0
1101110111 0.0177917 0
1101111000 0.00941467 0
1101111001 0.0207062 0
1101111010 0.0125504 -3.14159
1101111011 0.00157928 0
1101111100 0.0227966 0
1101111101 0.0461731 -3.14159
1101111110 0.0406799 -3.14159
1101111111 0.0789185 0
1110000000 0.0468445 -3.14159
1110000001 0.0165558 -3.14159
1110000010 0.0547485 0
1110000011 0.0513611 0
1110000100 0.0169678 0
1110000101 0.058075 0
1110000110 0.00701523 -3.14159
1110000111 0.00149441 -3.14159
1110001000 0.000786781 -3.14159
1110001001 0.0417786 0
1110001010 0.0174103 0
1110001011 0.0358276 -3.14159
1110001100 0.0314941 0
1110001101 0.00253677 -3.14159
1110001110 0.0102844 0
1110001111 0.00358963 -3.14159
1110010000 0.0181274 0
1110010001 0.050415 -3.14159
1110010010 0.0199127 -3.14159
1110010011 0.0120468 0
1110010100 0.0375061 -3.14159
1110010101 0.0326538 -3.14159
1110010110 0.0145798 0
1110010111 0.0237732 -3.14159
1110011000 0.00215912 0
1110011001 0.0319214 0
1110011010 0.0422363 -3.14159
1110011011 0.0262299 -3.14159
1110011100 0.0220337 0
1110011101 0.00492096 -3.14159
1110011110 0.0043869 -3.14159
1110011111 0.00353241 -3.14159
1110100000 0.00392151 0
1110100001 0.00681686 -3.14159
1110100010 0.04599 0
1110100011 0.00563812 -3.14159
1110100100 0.0516052 0
1110100101 0.0286102 0
1110100110 0.0130234 -3.14159
1110100111 0.00965881 -3.14159
1110101000 0.00626373 -3.14159
1110101001 0.0225525 0
1110101010 0.0233154 0
1110101011 0.0115204 0
1110101100 0.034668 -3.14159
1110101101 0.0145187 0
1110101110 0.0260162 -3.14159
1110101111 0.0451355 -3.14159
1110110000 0.0135498 -3.14159
1110110001 0.0127106 -3.14159
1110110010 0.0588989 -3.14159
1110110011 0.0397949 -3.14159
1110110100 0.00717163 0
1110110101 0.0625 0
1110110110 0.0112076 -3.14159
1110110111 0.0207672 -3.14159
1110111000 0.00122356 -3.14159
1110111001 0.0391235 0
1110111010 0.0628662 0
1110111011 0.0199738 -3.14159
1110111100 0.00524521 0
1110111101 0.0281525 -3.14159
1110111110 0.024353 0
1110111111 0.0248108 0
1111000000 0.00395584 0
1111000001 0.0601196 0
1111000010 0.0342102 0
1111000011 0.0329285 -3.14159
1111000100 0.0133133 0
1111000101 0.0614929 -3.14159
1111000110 0.0230865 -3.14159
1111000111 0.0174561 0
1111001000 0.0552063 0
1111001001 0.0186157 0
1111001010 0.0170746 -3.14159
1111001011 0.0016737 -3.14159
1111001100 0.0497437 0
1111001101 0.0594482 0
1111001110 0.045105 -3.14159
1111001111 0.0134201 -3.14159
1111010000 0.00746918 -3.14159
1111010001 0.0346069 -3.14159
1111010010 0.0170898 0
1111010011 0.00582886 -3.14159
1111010100 0.00662994 -3.14159
1111010101 0.00684738 -3.14159
1111010110 0.0772705 0
1111010111 0.0326843 0
1111011000 0.0509033 0
1111011001 0.0173492 0
1111011010 0.00505447 0
1111011011 0.01371 0
1111011100 0.0156708 0
1111011101 0.00429916 -3.14159
1111011110 0.0217285 0
1111011111 0.00760651 0
1111100000 0.0605469 0
1111100001 0.0315552 -3.14159
1111100010 6.38366e-05 -3.14159
1111100011 0.0136566 0
1111100100 0.0725098 -3.14159
1111100101 0.00862885 -3.14159
1111100110 0.0702515 -3.14159
1111100111 0.02565 -3.14159
1111101000 0.0145416 0
1111101001 0.00332069 -3.14159
1111101010 0.0359802 -3.14159
1111101011 0.0870972 0
1111101100 0.0617981 0
1111101101 0.0187378 -3.14159
1111101110 0.0200043 0
1111101111 0.0198364 -3.14159
1111110000 0.00236511 0
1111110001 0.0339661 0
1111110010 0.0327454 -3.14159
1111110011 0.0112076 0
1111110100 0.0111313 0
1111110101 0.0152969 0
1111110110 0.00628281 0
1111110111 0.000775337 0
1111111000 0.00869751 0
1111111001 0.0836182 -3.14159
1111111010 0.0201111 0
1111111011 0.0162659 -3.14159
1111111100 0.00386238 -3.14159
1111111101 0.0144348 0
1111111110 0.0130844 0
1111111111 0.0116959 0
