0000000000 0.0285492 0
0000000001 0.0639038 0
0000000010 0.030304 0
0000000011 0.03125 -3.14159
0000000100 0.00609589 -3.14159
0000000101 0.0203094 0
0000000110 0.0025177 -3.14159
0000000111 0.0964966 -3.14159
0000001000 0.0200806 -3.14159
0000001001 0.0291748 0
0000001010 5.88298e-05 -3.14159
0000001011 0.0195007 -3.14159
0000001100 0.0444641 -3.14159
0000001101 0.0134583 0
0000001110 0.00762939 0
0000001111 0.0223999 0
0000010000 0.0186157 -3.14159
0000010001 0.032196 -3.14159
0000010010 0.0264893 -3.14159
0000010011 0.0654907 -3.14159
0000010100 0.0160522 -3.14159
0000010101 0.0104523 0
0000010110 0.0220032 -3.14159
0000010111 0.0375671 -3.14159
0000011000 0.0543213 0
0000011001 0.000130534 -3.14159
0000011010 0.00989532 0
0000011011 0.0647583 -3.14159
0000011100 0.0227509 -3.14159
0000011101 0.0275574 -3.14159
0000011110 0.00997162 -3.14159
0000011111 0.00527191 -3.14159
0000100000 0.0686035 -3.14159
0000100001 0.0570984 -3.14159
0000100010 0.0564575 -3.14159
0000100011 0.0377502 -3.14159
0000100100 0.000992775 0
0000100101 0.0124664 0
0000100110 0.00110722 0
0000100111 0.017395 -3.14159
0000101000 0.0064888 0
0000101001 0.0368958 -3.14159
0000101010 0.0262146 -3.14159
0000101011 0.0274048 0
0000101100 0.0923462 -3.14159
0000101101 0.0250244 -3.14159
0000101110 0.00801086 0
0000101111 0.00281525 0
0000110000 0.02771 0
0000110001 0.0318298 -3.14159
0000110010 0.038147 -3.14159
0000110011 0.000739098 -3.14159
0000110100 0.00179005 0
0000110101 6.66976e-05 -3.14159
0000110110 0.00891113 -3.14159
0000110111 0.0708008 0
0000111000 0.0254211 -3.14159
0000111001 0.0265045 -3.14159
0000111010 0.00405121 -3.14159
0000111011 0.0134354 -3.14159
0000111100 0.0131531 0
0000111101 0.0129166 -3.14159
0000111110 0.0209198 -3.14159
0000111111 0.00284767 0
0001000000 0.0716553 0
0001000001 0.0437927 0
0001000010 0.00426865 -3.14159
0001000011 0.0211334 0
0001000100 0.016922 -3.14159
0001000101 0.0367737 -3.14159
0001000110 0.0357056 -3.14159
0001000111 0.025589 0
0001001000 0.032135 -3.14159
0001001001 0.00716019 -3.14159
0001001010 0.00637054 0
0001001011 0.000909328 0
0001001100 0.0103455 0
0001001101 0.00136662 -3.14159
0001001110 0.0426636 0
0001001111 0.0034523 -3.14159
0001010000 0.0168915 -3.14159
0001010001 0.0354004 -3.14159
0001010010 0.0129623 -3.14159
0001010011 0.000328302 0
0001010100 0.0613098 0
0001010101 0.0135345 -3.14159
0001010110 1.60933e-06 -3.14159
0001010111 0.0249481 0
0001011000 0.0149155 -3.14159
0001011001 0.00543213 -3.14159
0001011010 0.00803375 -3.14159
0001011011 0.024704 -3.14159
0001011100 0.0177307 0
0001011101 0.0177307 -3.14159
0001011110 0.0375366 -3.14159
0001011111 0.0219574 0
0001100000 0.0227509 -3.14159
0001100001 0.0521851 -3.14159
0001100010 0.0169678 -3.14159
0001100011 0.0418396 -3.14159
0001100100 0.0502319 -3.14159
0001100101 0.0260162 -3.14159
0001100110 0.00350189 -3.14159
0001100111 0.0131073 0
0001101000 0.0691528 0
0001101001 0.0634766 0
0001101010 0.00565338 -3.14159
0001101011 0.0286713 0
0001101100 0.00156498 0
0001101101 0.0372314 -3.14159
0001101110 0.00457001 0
0001101111 0.0251617 -3.14159
0001110000 0.0108948 0
0001110001 0.00815582 0
0001110010 0.0500183 -3.14159
0001110011 0.0171814 0
0001110100 0.0123901 -3.14159
0001110101 0.0107346 -3.14159
0001110110 0.00691986 -3.14159
0001110111 0.0101395 -3.14159
0001111000 0.0536499 -3.14159
0001111001 0.0120773 0
0001111010 0.0128403 -3.14159
0001111011 0.0374756 0
0001111100 0.00084877 -3.14159
0001111101 0.0661011 0
0001111110 0.0378418 -3.14159
0001111111 0.0238953 -3.14159
0010000000 0.0683594 0
0010000001 0.0140991 0
0010000010 0.0101852 0
0010000011 0.0244293 -3.14159
0010000100 0.023941 -3.14159
0010000101 0.0240326 -3.14159
0010000110 0.0554504 0
0010000111 0.0101852 -3.14159
0010001000 0.00483704 0
0010001001 0.00171375 0
0010001010 0.0405273 0
0010001011 0.0263519 -3.14159
0010001100 0.0265198 0
0010001101 0.0454407 0
0010001110 0.0403442 0
0010001111 0.0173187 -3.14159
0010010000 0.00829315 -3.14159
0010010001 0.00334358 0
0010010010 0.0224915 0
0010010011 0.0206604 -3.14159
0010010100 0.0365906 -3.14159
0010010101 0.0175018 0
0010010110 0.0186157 -3.14159
0010010111 0.0195923 0
0010011000 0.0428772 -3.14159
0010011001 0.0197449 -3.14159
0010011010 0.0133896 0
0010011011 0.0336304 0
0010011100 0.0176849 -3.14159
0010011101 0.000381231 0
0010011110 0.0275421 0
0010011111 0.0201111 0
0010100000 0.0367126 0
0010100001 0.0199738 0
0010100010 0.0787354 -3.14159
0010100011 0.00453568 0
0010100100 0.00700378 0
0010100101 0.0333252 -3.14159
0010100110 0.0209656 0
0010100111 0.0166473 0
0010101000 0.0369263 0
0010101001 0.0111618 -3.14159
0010101010 0.0248871 0
0010101011 0.00366783 0
0010101100 0.0290222 -3.14159
0010101101 0.0325317 0
0010101110 0.00458908 -3.14159
0010101111 0.0349121 -3.14159
0010110000 0.00192738 0
0010110001 0.0242157 -3.14159
0010110010 0.0423279 -3.14159
0010110011 0.0217438 0
0010110100 0.0563965 0
0010110101 0.00531006 -3.14159
0010110110 3.32594e-05 0
0010110111 0.0588379 -3.14159
0010111000 0.00157547 0
0010111001 0.00538635 -3.14159
0010111010 0.00847626 0
0010111011 0.00102901 -3.14159
0010111100 0.00868988 0
0010111101 0.0488281 -3.14159
0010111110 0.031311 0
0010111111 0.0398865 -3.14159
0011000000 0.002882 0
0011000001 0.00247955 0
0011000010 0.00264931 -3.14159
0011000011 0.0106888 0
0011000100 0.00152111 -3.14159
0011000101 0.00669098 -3.14159
0011000110 0.0175934 0
0011000111 0.00146008 0
0011001000 0.0293121 0
0011001001 0.00610733 0
0011001010 0.0500488 0
0011001011 0.00116158 0
0011001100 0.0259094 -3.14159
0011001101 0.00329018 0
0011001110 0.0120163 -3.14159
0011001111 0.0383301 -3.14159
0011010000 0.021225 0
0011010001 0.0113373 0
0011010010 0.0450134 0
0011010011 0.00707245 -3.14159
0011010100 0.0225067 -3.14159
0011010101 0.00431442 0
0011010110 0.0110931 -3.14159
0011010111 0.0633545 0
0011011000 0.0112762 -3.14159
0011011001 0.0254974 -3.14159
0011011010 0.0057106 0
0011011011 0.0101624 0
0011011100 0.0423584 0
0011011101 0.0653076 -3.14159
0011011110 0.0526733 -3.14159
0011011111 0.0333557 0
0011100000 0.0272217 -3.14159
0011100001 0.0135193 -3.14159
0011100010 0.0400696 0
0011100011 0.0351868 -3.14159
0011100100 0.0120773 0
0011100101 0.0753784 0
0011100110 0.0168152 -3.14159
0011100111 0.0219574 -3.14159
0011101000 0.0215607 -3.14159
0011101001 0.0308075 0
0011101010 0.0179901 -3.14159
0011101011 0.00809479 -3.14159
0011101100 0.0182343 -3.14159
0011101101 0.038147 -3.14159
0011101110 0.00349045 0
0011101111 0.0688477 0
0011110000 0.0217133 -3.14159
0011110001 0.055603 -3.14159
0011110010 0.00660706 0
0011110011 0.0316162 -3.14159
0011110100 0.0141449 -3.14159
0011110101 0.0227814 0
0011110110 0.0123901 0
0011110111 0.0214691 -3.14159
0011111000 0.0772095 0
0011111001 0.0207977 -3.14159
0011111010 0.012764 0
0011111011 0.0132599 0
0011111100 0.026001 -3.14159
0011111101 0.00131989 -3.14159
0011111110 0.0532227 0
0011111111 0.0343933 0
0100000000 0.0391541 0
0100000001 0.0197906 0
0100000010 0.0117188 -3.14159
0100000011 0.00648499 0
0100000100 0.0462341 -3.14159
0100000101 0.00355148 -3.14159
0100000110 0.0142899 -3.14159
0100000111 0.0325012 0
0100001000 0.0175476 0
0100001001 0.0289154 -3.14159
0100001010 0.0198517 0
0100001011 0.0223389 -3.14159
0100001100 0.00401688 0
0100001101 0.00131321 -3.14159
0100001110 0.034668 -3.14159
0100001111 0.0267029 -3.14159
0100010000 0.0549316 0
0100010001 0.0539246 -3.14159
0100010010 0.00748444 0
0100010011 0.0149155 -3.14159
0100010100 0.00634766 -3.14159
0100010101 0.0350647 -3.14159
0100010110 0.0119095 0
0100010111 0.0107346 -3.14159
0100011000 0.000119328 0
0100011001 0.0452881 0
0100011010 0.00475693 -3.14159
0100011011 0.0808716 -3.14159
0100011100 0.0118713 -3.14159
0100011101 0.0126114 -3.14159
0100011110 0.00809479 -3.14159
0100011111 0.034668 0
0100100000 0.0233307 -3.14159
0100100001 0.00127506 0
0100100010 0.0101547 0
0100100011 0.0263977 0
0100100100 0.00671005 -3.14159
0100100101 0.0231934 0
0100100110 0.0310364 0
0100100111 0.0437622 -3.14159
0100101000 0.0260162 0
0100101001 0.0667114 -3.14159
0100101010 0.0148239 0
0100101011 0.0379944 0
0100101100 0.0245056 -3.14159
0100101101 0.00820923 0
0100101110 0.0447693 0
0100101111 0.0420532 0
0100110000 0.00762177 -3.14159
0100110001 0.036438 -3.14159
0100110010 0.0678101 0
0100110011 0.0325012 -3.14159
0100110100 0.00795746 -3.14159
0100110101 0.0522156 0
0100110110 0.00880432 -3.14159
0100110111 0.0409851 -3.14159
0100111000 0.0235596 0
0100111001 0.00476837 -3.14159
0100111010 0.0355835 -3.14159
0100111011 0.0121994 -3.14159
0100111100 0.0279083 -3.14159
0100111101 0.0264435 -3.14159
0100111110 0.0392761 0
0100111111 0.0241089 0
0101000000 0.000775814 0
0101000001 0.0119781 0
0101000010 0.0129471 -3.14159
0101000011 0.04953 0
0101000100 0.0160828 0
0101000101 0.0113373 -3.14159
0101000110 0.0290222 0
0101000111 0.0263672 0
0101001000 0.0287781 -3.14159
0101001001 0.0109787 -3.14159
0101001010 0.0253906 0
0101001011 0.022522 -3.14159
0101001100 0.00733566 -3.14159
0101001101 0.0164032 0
0101001110 0.0110092 -3.14159
0101001111 0.0205688 -3.14159
0101010000 0.00263596 0
0101010001 0.0189362 0
0101010010 0.00600433 0
0101010011 0.0286865 -3.14159
0101010100 0.0288544 0
0101010101 0.030304 0
0101010110 0.0208282 0
0101010111 0.0264893 0
0101011000 0.0472412 0
0101011001 0.0737915 0
0101011010 0.00312614 0
0101011011 0.0622253 -3.14159
0101011100 0.00272751 -3.14159
0101011101 0.0452271 0
0101011110 0.0281677 -3.14159
0101011111 0.0437927 0
0101100000 0.000526905 0
0101100001 0.0506592 -3.14159
0101100010 0.0117493 -3.14159
0101100011 0.00287247 -3.14159
0101100100 0.0100555 -3.14159
0101100101 0.00981903 0
0101100110 0.00427628 -3.14159
0101100111 0.0150833 -3.14159
0101101000 0.0617981 -3.14159
0101101001 0.0072937 -3.14159
0101101010 0.0626221 0
0101101011 0.0254822 0
0101101100 0.0168152 -3.14159
0101101101 0.00219727 -3.14159
0101101110 0.0417175 -3.14159
0101101111 0.0108719 0
0101110000 0.0139771 -3.14159
0101110001 0.00731659 -3.14159
0101110010 0.0469971 -3.14159
0101110011 0.0137558 -3.14159
0101110100 0.00577164 0
0101110101 0.013443 0
0101110110 0.00109482 0
0101110111 0.0402222 0
0101111000 0.00116158 -3.14159
0101111001 0.0070076 0
0101111010 0.0125656 0
0101111011 0.0129776 0
0101111100 0.00651169 -3.14159
0101111101 0.0333252 -3.14159
0101111110 0.00952148 -3.14159
0101111111 0.0483704 0
0110000000 0.0220642 -3.14159
0110000001 0.025589 0
0110000010 0.0418396 -3.14159
0110000011 0.00927734 0
0110000100 0.0531616 -3.14159
0110000101 0.00733566 0
0110000110 0.00818634 0
0110000111 0.0171509 -3.14159
0110001000 0.0365906 -3.14159
0110001001 0.0393372 -3.14159
0110001010 0.021637 -3.14159
0110001011 0.0138702 0
0110001100 0.0175629 0
0110001101 0.00945282 -3.14159
0110001110 0.0452271 0
0110001111 0.00775909 -3.14159
0110010000 0.0307922 0
0110010001 0.0094223 -3.14159
0110010010 0.0455627 0
0110010011 0.00161076 0
0110010100 0.0730591 -3.14159
0110010101 0.0458069 -3.14159
0110010110 0.00910187 0
0110010111 0.0166016 0
0110011000 0.036499 -3.14159
0110011001 0.0502625 -3.14159
0110011010 0.0275574 0
0110011011 0.0414429 0
0110011100 0.0119705 0
0110011101 0.0173798 -3.14159
0110011110 0.00998688 0
0110011111 0.0231171 0
0110100000 0.0150833 -3.14159
0110100001 0.0413513 0
0110100010 0.0342712 -3.14159
0110100011 0.0432129 -3.14159
0110100100 0.0419617 0
0110100101 0.0645142 0
0110100110 0.0092392 0
0110100111 0.00806427 -3.14159
0110101000 0.0615845 -3.14159
0110101001 0.00180721 -3.14159
0110101010 0.0138321 0
0110101011 0.0240784 -3.14159
0110101100 0.0232544 -3.14159
0110101101 0.013649 0
0110101110 0.0143967 0
0110101111 0.031189 -3.14159
0110110000 0.036438 0
0110110001 0.0635376 -3.14159
0110110010 0.0203247 -3.14159
0110110011 0.0187073 0
0110110100 0.0706787 0
0110110101 0.0405273 0
0110110110 0.00194836 0
0110110111 0.0271606 -3.14159
0110111000 0.00383759 -3.14159
0110111001 0.00142288 0
0110111010 0.0324097 0
0110111011 0.0697632 0
0110111100 0.0211029 -3.14159
0110111101 0.0284729 -3.14159
0110111110 0.0471802 -3.14159
0110111111 0.00976562 0
0111000000 0.00482941 -3.14159
0111000001 0.000950813 -3.14159
0111000010 0.0396423 -3.14159
0111000011 0.0472107 0
0111000100 0.0280609 0
0111000101 0.0243378 -3.14159
0111000110 0.0248718 -3.14159
0111000111 0.0192871 0
0111001000 0.00663376 -3.14159
0111001001 0.0161896 0
0111001010 0.0164337 0
0111001011 0.0167389 0
0111001100 0.0345764 0
0111001101 0.0620117 0
0111001110 0.012886 -3.14159
0111001111 0.00242233 0
0111010000 0.013237 0
0111010001 0.0378418 0
0111010010 0.0127945 0
0111010011 0.0605469 0
0111010100 0.00871277 0
0111010101 0.0148773 0
0111010110 0.00102711 0
0111010111 0.0124512 0
0111011000 0.00453949 0
0111011001 0.00991821 -3.14159
0111011010 0.00086832 -3.14159
0111011011 0.00452042 -3.14159
0111011100 0.00679016 -3.14159
0111011101 0.0128632 0
0111011110 0.0187988 -3.14159
0111011111 0.0406189 0
0111100000 0.00427628 -3.14159
0111100001 0.00358391 0
0111100010 0.0172424 -3.14159
0111100011 0.0368042 0
0111100100 0.028717 -3.14159
0111100101 0.0503235 -3.14159
0111100110 0.0325928 -3.14159
0111100111 0.0233307 -3.14159
0111101000 0.00706482 0
0111101001 0.00167179 -3.14159
0111101010 0.0233002 -3.14159
0111101011 0.00615692 -3.14159
0111101100 0.00603104 -3.14159
0111101101 0.0169678 -3.14159
0111101110 0.0381775 0
0111101111 0.0118408 -3.14159
0111110000 0.035675 0
0111110001 0.0240021 -3.14159
0111110010 0.0445557 0
0111110011 0.0361633 -3.14159
0111110100 0.00561905 -3.14159
0111110101 0.00397873 -3.14159
0111110110 0.0142212 -3.14159
0111110111 0.00204659 0
0111111000 0.0601196 -3.14159
0111111001 0.0355835 0
0111111010 0.043335 0
0111111011 0.00617981 0
0111111100 0.0304871 -3.14159
0111111101 0.0158691 -3.14159
0111111110 0.0209351 0
0111111111 0.0424805 0
1000000000 0.0110245 -3.14159
1000000001 0.0397034 -3.14159
1000000010 0.0139389 -3.14159
1000000011 0.0188599 -3.14159
1000000100 0.0235596 0
1000000101 0.00621414 0
1000000110 0.0331421 0
1000000111 0.0124283 0
1000001000 0.0522156 -3.14159
1000001001 0.0135956 -3.14159
1000001010 0.0301056 -3.14159
1000001011 0.0464172 -3.14159
1000001100 0.0175781 0
1000001101 0.040863 -3.14159
1000001110 0.0593872 -3.14159
1000001111 0.0184631 -3.14159
1000010000 0.0123596 0
1000010001 0.0362549 -3.14159
1000010010 0.008461 -3.14159
1000010011 0.019165 0
1000010100 0.0115585 -3.14159
1000010101 0.0251007 0
1000010110 0.00580597 -3.14159
1000010111 0.0430298 0
1000011000 0.00482559 0
1000011001 0.013176 0
1000011010 0.0103683 0
1000011011 0.0264587 0
1000011100 0.0262756 0
1000011101 0.0615845 -3.14159
1000011110 0.0121536 0
1000011111 0.0259857 0
1000100000 0.0336304 -3.14159
1000100001 0.0483398 0
1000100010 0.0185089 -3.14159
1000100011 0.0411987 -3.14159
1000100100 0.00910187 -3.14159
1000100101 0.0373535 -3.14159
1000100110 0.050293 -3.14159
1000100111 0.0561218 0
1000101000 0.0575867 0
1000101001 0.0443726 -3.14159
1000101010 0.0189514 -3.14159
1000101011 0.0368652 -3.14159
1000101100 0.0689087 -3.14159
1000101101 0.0130234 0
1000101110 0.00536728 -3.14159
1000101111 0.0412292 0
1000110000 0.0154343 0
1000110001 0.00553894 -3.14159
1000110010 0.0153275 -3.14159
1000110011 0.00979614 -3.14159
1000110100 0.0089798 0
1000110101 0.0164948 -3.14159
1000110110 0.0344849 -3.14159
1000110111 0.0588379 -3.14159
1000111000 0.00402832 0
1000111001 0.0187531 -3.14159
1000111010 0.014534 0
1000111011 0.0244598 0
1000111100 0.0037632 -3.14159
1000111101 0.00282288 -3.14159
1000111110 0.0506897 -3.14159
1000111111 0.0242157 0
1001000000 0.0138855 0
1001000001 0.0243835 -3.14159
1001000010 0.0166168 0
1001000011 0.0415039 0
1001000100 0.00837708 -3.14159
1001000101 0.0293732 0
1001000110 0.0359192 -3.14159
1001000111 0.0169678 -3.14159
1001001000 0.0118103 0
1001001001 0.0033741 -3.14159
1001001010 0.0435486 -3.14159
1001001011 0.0466003 0
1001001100 0.0275269 0
1001001101 0.0415344 -3.14159
1001001110 0.0240936 -3.14159
1001001111 0.0495911 -3.14159
1001010000 0.0192108 0
1001010001 0.0116196 -3.14159
1001010010 0.0238953 -3.14159
1001010011 0.0373535 -3.14159
1001010100 0.0196075 -3.14159
1001010101 0.0143738 -3.14159
1001010110 0.0308075 0
1001010111 0.0401917 -3.14159
1001011000 0.0488892 0
1001011001 0.00822449 0
1001011010 0.0180206 -3.14159
1001011011 0.0208435 0
1001011100 0.0137329 -3.14159
1001011101 0.00324631 -3.14159
1001011110 0.00631714 -3.14159
1001011111 0.0358276 -3.14159
1001100000 0.0622864 0
1001100001 0.00751495 0
1001100010 0.0283661 0
1001100011 0.00564957 -3.14159
1001100100 0.00987244 0
1001100101 0.00100613 -3.14159
1001100110 0.0311432 0
1001100111 0.0688477 0
1001101000 0.0287933 -3.14159
1001101001 0.0126038 -3.14159
1001101010 0.0369873 0
1001101011 0.04776 0
1001101100 0.0177002 0
1001101101 0.0135727 -3.14159
1001101110 0.0352173 -3.14159
1001101111 0.0224915 -3.14159
1001110000 0.0858765 0
1001110001 0.0322266 -3.14159
1001110010 0.0011692 -3.14159
1001110011 0.00650406 -3.14159
1001110100 0.0150833 0
1001110101 0.00769043 -3.14159
1001110110 0.0361938 -3.14159
1001110111 0.012825 0
1001111000 0.0283051 0
1001111001 0.0141525 0
1001111010 0.02771 0
1001111011 0.0498047 0
1001111100 0.0242004 -3.14159
1001111101 0.00123119 0
1001111110 0.0103912 -3.14159
1001111111 0.0204315 0
1010000000 0.033905 -3.14159
1010000001 0.00141525 -3.14159
1010000010 0.00622177 -3.14159
1010000011 0.0617371 -3.14159
1010000100 0.0233917 -3.14159
1010000101 0.0450134 -3.14159
1010000110 0.0282593 -3.14159
1010000111 0.029129 -3.14159
1010001000 0.00785065 0
1010001001 0.0233002 -3.14159
1010001010 0.00471497 -3.14159
1010001011 0.0447083 0
1010001100 0.00477982 -3.14159
1010001101 0.00237846 -3.14159
1010001110 0.0150375 -3.14159
1010001111 0.047699 0
1010010000 0.0379944 0
1010010001 0.0296936 0
1010010010 0.0422668 -3.14159
1010010011 0.00530243 0
1010010100 0.0211182 -3.14159
1010010101 0.0137787 0
1010010110 0.0234985 0
1010010111 0.0243835 -3.14159
1010011000 0.0487366 0
1010011001 0.0387878 0
1010011010 0.00380325 -3.14159
1010011011 0.0401917 -3.14159
1010011100 0.00677109 0
1010011101 0.0253601 0
1010011110 0.0213318 0
1010011111 0.0343628 0
1010100000 0.0298615 -3.14159
1010100001 0.0120697 -3.14159
1010100010 0.0315552 -3.14159
1010100011 0.00177765 -3.14159
1010100100 0.00499344 0
1010100101 0.0207214 -3.14159
1010100110 0.023819 0
1010100111 0.0493469 -3.14159
1010101000 0.0288849 0
1010101001 0.0148773 0
1010101010 0.0193939 -3.14159
1010101011 0.00985718 0
1010101100 0.00537109 0
1010101101 0.00278091 0
1010101110 0.0723267 0
1010101111 0.0115585 -3.14159
1010110000 0.0379028 0
1010110001 0.0131836 -3.14159
1010110010 0.0175476 -3.14159
1010110011 0.0117035 -3.14159
1010110100 0.0100403 -3.14159
1010110101 0.0160675 0
1010110110 0.0248108 -3.14159
1010110111 0.0369263 -3.14159
1010111000 0.0209656 0
1010111001 0.0233459 0
1010111010 0.00169373 -3.14159
1010111011 0.016571 0
1010111100 0.00155354 0
1010111101 0.0113831 0
1010111110 0.0182037 -3.14159
1010111111 0.0106964 -3.14159
1011000000 0.00497818 0
1011000001 0.0234985 0
1011000010 0.0639648 0
1011000011 0.0280914 0
1011000100 0.0133286 -3.14159
1011000101 0.00888824 0
1011000110 0.0209656 0
1011000111 0.0268707 -3.14159
1011001000 0.0112381 -3.14159
1011001001 0.0565796 -3.14159
1011001010 0.0393066 -3.14159
1011001011 0.0170135 -3.14159
1011001100 0.0313721 -3.14159
1011001101 0.0237732 -3.14159
1011001110 0.0113449 -3.14159
1011001111 0.0292969 -3.14159
1011010000 0.0470886 0
1011010001 0.0241394 -3.14159
1011010010 0.025589 -3.14159
1011010011 0.0146484 0
1011010100 0.00865173 -3.14159
1011010101 0.0570679 0
1011010110 0.0621643 0
1011010111 0.0549622 -3.14159
1011011000 0.0103302 0
1011011001 0.0193939 0
1011011010 0.0154648 0
1011011011 0.0656128 -3.14159
1011011100 0.00274658 0
1011011101 0.0368042 0
1011011110 0.00336456 0
1011011111 0.00263405 0
1011100000 0.0178528 -3.14159
1011100001 0.0323792 -3.14159
1011100010 0.035614 0
1011100011 0.00522232 0
1011100100 0.0235443 -3.14159
1011100101 0.0354919 0
1011100110 0.0403748 0
1011100111 0.00358391 -3.14159
1011101000 0.0493469 -3.14159
1011101001 0.0812378 -3.14159
1011101010 0.0484314 -3.14159
1011101011 0.00333977 0
1011101100 0.00555038 0
1011101101 0.0358887 0
1011101110 0.0153427 -3.14159
1011101111 0.0689087 0
1011110000 0.0234985 -3.14159
1011110001 0.0284119 -3.14159
1011110010 0.0573425 -3.14159
1011110011 0.00104618 -3.14159
1011110100 0.0192261 -3.14159
1011110101 0.0051918 -3.14159
1011110110 0.0125504 -3.14159
1011110111 0.00534058 -3.14159
1011111000 0.0145187 0
1011111001 0.0195007 0
1011111010 0.0187073 0
1011111011 0.00189877 0
1011111100 0.0283966 0
1011111101 0.0102844 -3.14159
1011111110 0.0319214 0
1011111111 0.00953674 0
1100000000 0.0121384 -3.14159
1100000001 0.00974274 0
1100000010 0.0119934 -3.14159
1100000011 0.0513 -3.14159
1100000100 0.000581264 -3.14159
1100000101 0.0629883 0
1100000110 0.050354 0
1100000111 0.000997543 -3.14159
1100001000 0.00315857 -3.14159
1100001001 0.00436401 -3.14159
1100001010 0.0565186 0
1100001011 0.0315247 0
1100001100 0.0236664 0
1100001101 0.000660419 -3.14159
1100001110 0.0500488 -3.14159
1100001111 0.0804443 0
1100010000 0.00165844 -3.14159
1100010001 0.016861 0
1100010010 0.0523071 0
1100010011 0.0013113 -3.14159
1100010100 0.0309448 -3.14159
1100010101 0.00205803 0
1100010110 0.0145187 0
1100010111 0.0577087 0
1100011000 0.071106 -3.14159
1100011001 0.0166931 0
1100011010 0.00502014 -3.14159
1100011011 0.0127792 -3.14159
1100011100 0.0184937 0
1100011101 0.000305891 -3.14159
1100011110 0.000967979 0
1100011111 0.0281525 -3.14159
1100100000 0.00290871 0
1100100001 0.00938416 0
1100100010 0.0126648 0
1100100011 0.0176239 0
1100100100 0.00497055 -3.14159
1100100101 0.0340881 -3.14159
1100100110 0.0566711 0
1100100111 0.0692749 -3.14159
1100101000 0.0623779 0
1100101001 0.0150833 -3.14159
1100101010 0.0259094 0
1100101011 0.0282593 0
1100101100 0.0130234 -3.14159
1100101101 0.0154648 0
1100101110 0.0512085 0
1100101111 0.00760269 0
1100110000 0.00181484 0
1100110001 0.0872803 -3.14159
1100110010 0.00935364 0
1100110011 0.00839996 0
1100110100 0.0153427 -3.14159
1100110101 0.0294189 0
1100110110 0.0351562 0
1100110111 0.000973225 -3.14159
1100111000 0.00527191 0
1100111001 0.0789795 -3.14159
1100111010 0.0183411 0
1100111011 0.0533142 -3.14159
1100111100 0.00631714 0
1100111101 0.013855 -3.14159
1100111110 0.0225677 -3.14159
1100111111 0.030426 0
1101000000 0.000833035 -3.14159
1101000001 0.0313721 0
1101000010 0.0304108 0
1101000011 0.014183 -3.14159
1101000100 0.06604 0
1101000101 0.0397949 0
1101000110 0.0374451 -3.14159
1101000111 0.0545654 0
1101001000 0.0304565 0
1101001001 0.0819092 0
1101001010 0.0311432 0
1101001011 0.0459595 0
1101001100 0.0263977 0
1101001101 0.025116 0
1101001110 0.0175476 0
1101001111 0.00396347 0
1101010000 0.0203705 -3.14159
1101010001 0.00587845 -3.14159
1101010010 0.00107002 0
1101010011 0.0723877 -3.14159
1101010100 0.00703049 0
1101010101 0.019043 0
1101010110 0.0417175 -3.14159
1101010111 0.0243835 -3.14159
1101011000 0.0316162 -3.14159
1101011001 0.00542831 0
1101011010 0.0121841 -3.14159
1101011011 0.00946808 -3.14159
1101011100 0.0096817 0
1101011101 0.0341492 -3.14159
1101011110 0.00226974 -3.14159
1101011111 0.0268097 -3.14159
1101100000 0.0481873 0
1101100001 0.0045166 -3.14159
1101100010 0.0354309 -3.14159
1101100011 0.0125885 0
1101100100 0.00439835 0
1101100101 0.0151062 -3.14159
1101100110 0.0552673 0
1101100111 0.0635986 -3.14159
1101101000 0.000220537 -3.14159
1101101001 0.022995 -3.14159
1101101010 0.02742 0
1101101011 0.000730515 -3.14159
1101101100 0.0366211 -3.14159
1101101101 0.050354 -3.14159
1101101110 0.0166321 0
1101101111 0.00318909 -3.14159
1101110000 0.0335999 -3.14159
1101110001 0.04422 0
1101110010 0.00520325 0
1101110011 0.031189 -3.14159
1101110100 0.0239716 -3.14159
1101110101 0.0615234 -3.14159
1101110110 0.0162506 0
1101110111 0.0307922 -3.14159
1101111000 0.0579224 0
1101111001 0.0179596 -3.14159
1101111010 0.029541 -3.14159
1101111011 0.0198364 -3.14159
1101111100 0.0517883 0
1101111101 0.04776 -3.14159
1101111110 0.0198669 -3.14159
1101111111 0.0476074 0
1110000000 0.0525513 -3.14159
1110000001 0.00436401 0
1110000010 0.0532227 0
1110000011 0.00710297 0
1110000100 0.0332947 0
1110000101 0.0156708 0
1110000110 0.0351562 -3.14159
1110000111 0.00312614 0
1110001000 0.00555038 0
1110001001 0.0484009 0
1110001010 0.0121078 -3.14159
1110001011 0.0357056 -3.14159
1110001100 0.0578613 0
1110001101 0.010025 0
1110001110 0.0101471 0
1110001111 0.0106888 -3.14159
1110010000 0.0240326 0
1110010001 0.0146179 0
1110010010 0.00505447 0
1110010011 0.0270996 -3.14159
1110010100 0.0147705 -3.14159
1110010101 0.0281677 -3.14159
1110010110 0.0121384 -3.14159
1110010111 0.053894 -3.14159
1110011000 0.0178375 0
1110011001 0.0207672 0
1110011010 0.00677872 -3.14159
1110011011 0.0394287 -3.14159
1110011100 0.0243225 0
1110011101 0.0440063 -3.14159
1110011110 0.00899506 0
1110011111 0.0385742 0
1110100000 0.0514221 0
1110100001 0.0328674 -3.14159
1110100010 0.0271912 0
1110100011 0.0130463 0
1110100100 0.0263519 0
1110100101 0.00247192 0
1110100110 0.0171356 -3.14159
1110100111 0.0111618 -3.14159
1110101000 0.0568237 -3.14159
1110101001 0.0558167 0
1110101010 0.00705719 0
1110101011 0.029129 0
1110101100 0.0140839 -3.14159
1110101101 0.00234604 -3.14159
1110101110 0.0172882 -3.14159
1110101111 0.00404358 0
1110110000 0.000857353 -3.14159
1110110001 0.0249023 0
1110110010 0.0374146 -3.14159
1110110011 0.0455017 -3.14159
1110110100 0.0228271 0
1110110101 0.00447464 0
1110110110 0.0263519 -3.14159
1110110111 0.0167542 -3.14159
1110111000 0.00363731 0
1110111001 0.0292969 0
1110111010 0.00754547 0
1110111011 0.0444336 -3.14159
1110111100 0.00596237 -3.14159
1110111101 0.0168152 -3.14159
1110111110 0.0132294 0
1110111111 0.00496674 0
1111000000 0.0818481 0
1111000001 0.0542908 0
1111000010 0.0183563 0
1111000011 0.0141678 -3.14159
1111000100 0.00253677 -3.14159
1111000101 0.0332642 -3.14159
1111000110 0.0463562 0
1111000111 0.0277557 -3.14159
1111001000 0.0239105 -3.14159
1111001001 0.00113201 0
1111001010 0.0446167 -3.14159
1111001011 0.0174713 -3.14159
1111001100 0.0537415 0
1111001101 0.0741577 0
1111001110 0.00759506 -3.14159
1111001111 0.0453491 0
1111010000 0.00790405 -3.14159
1111010001 0.00579834 -3.14159
1111010010 0.03479 0
1111010011 0.0138245 -3.14159
1111010100 0.0172424 -3.14159
1111010101 0.0517273 -3.14159
1111010110 0.0279541 -3.14159
1111010111 0.0375977 0
1111011000 0.0450439 0
1111011001 0.0111389 0
1111011010 0.00741959 0
1111011011 0.022583 0
1111011100 0.00159359 -3.14159
1111011101 0.012001 0
1111011110 0.00702286 -3.14159
1111011111 0.0277252 0
1111100000 0.0303192 0
1111100001 0.0264435 0
1111100010 0.00870514 -3.14159
1111100011 0.0324097 0
1111100100 0.0290222 -3.14159
1111100101 0.0294495 0
1111100110 0.0986328 -3.14159
1111100111 0.0093689 0
1111101000 0.00860596 0
1111101001 0.0513916 -3.14159
1111101010 0.0294189 -3.14159
1111101011 0.0456543 0
1111101100 0.05896 0
1111101101 0.00728226 -3.14159
1111101110 0.0521545 0
1111101111 0.0627441 0
1111110000 0.0137253 0
1111110001 0.0321655 0
1111110010 0.0495605 -3.14159
1111110011 0.0200348 0
1111110100 0.00783539 0
1111110101 0.0654297 0
1111110110 0.0131912 -3.14159
1111110111 0.0407104 0
1111111000 0.016098 -3.14159
1111111001 0.0685425 -3.14159
1111111010 0.0113297 0
1111111011 0.0126343 -3.14159
1111111100 0.0151901 -3.14159
1111111101 0.0189362 0
1111111110 0.0275116 -3.14159
1111111111 0.0345764 0
