0000000000 0.0223999 0
0000000001 0.0484924 0
0000000010 0.0263214 0
0000000011 0.00984955 -3.14159
0000000100 0.0333252 -3.14159
0000000101 0.0215607 0
0000000110 0.0211182 -3.14159
0000000111 0.0419006 -3.14159
0000001000 0.00295639 0
0000001001 0.00450134 0
0000001010 0.0107269 -3.14159
0000001011 0.0231171 -3.14159
0000001100 0.00131416 -3.14159
0000001101 0.0164185 -3.14159
0000001110 0.0236053 0
0000001111 0.0119247 -3.14159
0000010000 0.0323486 0
0000010001 0.0127487 -3.14159
0000010010 0.0348816 -3.14159
0000010011 0.0133057 -3.14159
0000010100 0.0282288 -3.14159
0000010101 0.0490112 -3.14159
0000010110 0.0265503 -3.14159
0000010111 0.0109558 -3.14159
0000011000 0.0216827 -3.14159
0000011001 0.00388908 0
0000011010 0.0166473 0
0000011011 0.0246735 0
0000011100 0.00143623 -3.14159
0000011101 0.0041275 0
0000011110 0.0446777 -3.14159
0000011111 0.0690308 0
0000100000 0.0705566 -3.14159
0000100001 0.00879669 -3.14159
0000100010 0.0656738 -3.14159
0000100011 0.0260773 0
0000100100 0.0351868 -3.14159
0000100101 0.0250702 0
0000100110 0.021759 0
0000100111 0.00586319 0
0000101000 0.0147705 0
0000101001 0.0139694 0
0000101010 0.020874 -3.14159
0000101011 0.0892944 0
0000101100 0.0213623 0
0000101101 0.00228691 -3.14159
0000101110 0.0206909 -3.14159
0000101111 0.0144196 0
0000110000 0.0171967 0
0000110001 0.000216842 0
0000110010 0.0214539 0
0000110011 0.016861 0
0000110100 0.0465393 -3.14159
0000110101 0.00649643 0
0000110110 0.0302887 0
0000110111 0.0121765 -3.14159
0000111000 0.00751114 0
0000111001 0.0100784 -3.14159
0000111010 0.011116 -3.14159
0000111011 0.00986481 -3.14159
0000111100 0.00888062 0
0000111101 0.0371399 0
0000111110 0.0051918 -3.14159
0000111111 0.0174408 -3.14159
0001000000 0.0246735 0
0001000001 0.0409241 -3.14159
0001000010 0.02565 -3.14159
0001000011 0.00818634 -3.14159
0001000100 0.0171967 -3.14159
0001000101 0.0177917 0
0001000110 0.0224762 0
0001000111 0.0188904 -3.14159
0001001000 0.0942383 -3.14159
0001001001 0.00571823 -3.14159
0001001010 0.0314941 -3.14159
0001001011 0.0326538 -3.14159
0001001100 0.0109482 0
0001001101 0.0570374 -3.14159
0001001110 0.0341187 0
0001001111 0.0193176 0
0001010000 0.0306549 0
0001010001 0.00782776 -3.14159
0001010010 0.0720215 0
0001010011 0.00326347 -3.14159
0001010100 0.00720978 -3.14159
0001010101 0.00442886 -3.14159
0001010110 0.00600815 -3.14159
0001010111 0.0452271 -3.14159
0001011000 0.0340576 0
0001011001 0.0194244 0
0001011010 0.0168762 0
0001011011 0.062439 -3.14159
0001011100 0.0436707 0
0001011101 0.0276642 -3.14159
0001011110 0.0267181 -3.14159
0001011111 0.0152435 -3.14159
0001100000 0.0632324 -3.14159
0001100001 0.037384 0
0001100010 0.0298767 -3.14159
0001100011 0.0131607 -3.14159
0001100100 0.0243683 0
0001100101 0.00554276 -3.14159
0001100110 0.00815582 -3.14159
0001100111 0.10675 0
0001101000 0.0513611 0
0001101001 0.00445938 -3.14159
0001101010 0.00240135 0
0001101011 0.0259094 -3.14159
0001101100 0.0350037 -3.14159
0001101101 0.0411987 -3.14159
0001101110 0.0574951 0
0001101111 0.017334 0
0001110000 0.0515137 -3.14159
0001110001 0.0147324 0
0001110010 0.0429077 -3.14159
0001110011 0.0177612 0
0001110100 0.00780487 0
0001110101 0.00388908 -3.14159
0001110110 0.0349426 -3.14159
0001110111 0.02211 -3.14159
0001111000 0.00505829 -3.14159
0001111001 0.0311432 -3.14159
0001111010 0.0133057 0
0001111011 0.0245972 0
0001111100 0.0303802 -3.14159
0001111101 0.0350037 0
0001111110 0.000233889 -3.14159
0001111111 0.0480042 0
0010000000 0.00413513 0
0010000001 0.0139771 0
0010000010 0.00682068 -3.14159
0010000011 0.0172272 -3.14159
0010000100 0.0463257 -3.14159
0010000101 0.0362549 -3.14159
0010000110 0.00889587 -3.14159
0010000111 0.0720215 -3.14159
0010001000 0.0283966 -3.14159
0010001001 0.00637436 0
0010001010 0.00179386 0
0010001011 0.011055 -3.14159
0010001100 0.0163879 -3.14159
0010001101 0.052948 -3.14159
0010001110 0.0296173 0
0010001111 0.0180206 -3.14159
0010010000 0.069519 -3.14159
0010010001 0.0246582 -3.14159
0010010010 0.0100403 -3.14159
0010010011 0.0133591 -3.14159
0010010100 0.0455627 -3.14159
0010010101 0.0335388 -3.14159
0010010110 0.015686 0
0010010111 0.00849915 0
0010011000 0.0156708 0
0010011001 0.04599 -3.14159
0010011010 0.0151901 0
0010011011 0.0411682 0
0010011100 0.0202026 0
0010011101 0.0516052 0
0010011110 0.00740433 -3.14159
0010011111 0.01651 0
0010100000 0.0301361 -3.14159
0010100001 0.00394058 0
0010100010 0.0648193 -3.14159
0010100011 0.0308228 -3.14159
0010100100 0.0173187 -3.14159
0010100101 0.0142593 -3.14159
0010100110 0.0365906 0
0010100111 0.0256348 0
0010101000 0.0174713 0
0010101001 0.0110703 0
0010101010 0.0387573 -3.14159
0010101011 0.0197449 -3.14159
0010101100 0.0503845 -3.14159
0010101101 0.0483704 0
0010101110 0.0135574 -3.14159
0010101111 0.015686 0
0010110000 0.0172119 -3.14159
0010110001 0.00751495 0
0010110010 0.0194244 0
0010110011 0.0107498 -3.14159
0010110100 0.0304108 0
0010110101 0.00671005 0
0010110110 0.0143661 0
0010110111 0.0133438 -3.14159
0010111000 0.00763321 0
0010111001 0.00338173 0
0010111010 0.00857544 -3.14159
0010111011 0.0290833 0
0010111100 0.0113602 -3.14159
0010111101 0.0236206 -3.14159
0010111110 0.0188599 0
0010111111 0.00112724 0
0011000000 0.0287323 -3.14159
0011000001 0.00629807 0
0011000010 0.0517578 0
0011000011 0.0117722 0
0011000100 0.00765228 -3.14159
0011000101 0.00204849 0
0011000110 0.00132275 -3.14159
0011000111 0.032196 -3.14159
0011001000 0.0472107 0
0011001001 0.000452518 -3.14159
0011001010 0.0366516 0
0011001011 0.0542603 -3.14159
0011001100 0.00508118 0
0011001101 0.0311737 -3.14159
0011001110 0.102905 0
0011001111 0.00798035 -3.14159
0011010000 0.00661469 -3.14159
0011010001 0.00572968 0
0011010010 0.0098877 0
0011010011 0.0331116 -3.14159
0011010100 0.00900269 -3.14159
0011010101 0.0214996 -3.14159
0011010110 0.00409317 0
0011010111 0.0248566 0
0011011000 0.0196533 0
0011011001 0.0214081 -3.14159
0011011010 0.004776 0
0011011011 0.00471115 -3.14159
0011011100 0.00405121 -3.14159
0011011101 0.0301208 -3.14159
0011011110 0.013031 0
0011011111 0.0634155 0
0011100000 0.00665665 0
0011100001 0.0128555 -3.14159
0011100010 0.0196381 0
0011100011 0.0127411 -3.14159
0011100100 0.0247803 -3.14159
0011100101 0.00235939 -3.14159
0011100110 0.0108871 0
0011100111 0.0389709 0
0011101000 0.0495605 -3.14159
0011101001 0.0223389 0
0011101010 0.0105896 0
0011101011 0.0183105 0
0011101100 0.0183716 -3.14159
0011101101 0.0221405 0
0011101110 0.0440979 -3.14159
0011101111 0.0209351 -3.14159
0011110000 0.0221405 -3.14159
0011110001 0.0312347 0
0011110010 0.0270081 0
0011110011 0.0491333 0
0011110100 0.0318604 -3.14159
0011110101 0.0298767 0
0011110110 0.0386353 -3.14159
0011110111 0.0360718 0
0011111000 0.00423431 0
0011111001 0.0274506 -3.14159
0011111010 0.0110855 0
0011111011 0.0429077 -3.14159
0011111100 0.0305328 -3.14159
0011111101 0.00966644 -3.14159
0011111110 0.0383911 0
0011111111 0.00183773 0
0100000000 0.00237274 0
0100000001 0.00263977 -3.14159
0100000010 0.0187988 -3.14159
0100000011 0.0191803 0
0100000100 0.0752563 -3.14159
0100000101 0.0164337 0
0100000110 0.0349731 0
0100000111 0.0261688 -3.14159
0100001000 0.0371399 0
0100001001 0.00844574 0
0100001010 0.0251617 0
0100001011 0.0189514 -3.14159
0100001100 0.00637054 0
0100001101 0.0410767 -3.14159
0100001110 0.0233459 0
0100001111 0.00167942 0
0100010000 0.0393066 0
0100010001 0.0710449 -3.14159
0100010010 0.0132217 0
0100010011 0.0246582 -3.14159
0100010100 0.0812988 -3.14159
0100010101 0.0672607 -3.14159
0100010110 0.0210876 0
0100010111 0.055481 -3.14159
0100011000 0.052124 -3.14159
0100011001 0.0348206 0
0100011010 0.0114288 -3.14159
0100011011 0.0228119 0
0100011100 0.00708008 -3.14159
0100011101 0.0100098 -3.14159
0100011110 0.0247498 0
0100011111 0.00774384 0
0100100000 0.0145721 0
0100100001 0.071106 0
0100100010 0.0115738 -3.14159
0100100011 0.0316162 0
0100100100 0.00892639 0
0100100101 0.0221863 -3.14159
0100100110 0.0892334 0
0100100111 0.0228271 -3.14159
0100101000 0.0227203 0
0100101001 0.0364075 -3.14159
0100101010 0.00780487 -3.14159
0100101011 0.0462036 0
0100101100 0.0203705 -3.14159
0100101101 0.00991821 0
0100101110 0.0206299 -3.14159
0100101111 0.0328369 0
0100110000 0.0471191 0
0100110001 0.010849 0
0100110010 0.000797272 -3.14159
0100110011 0.0600586 -3.14159
0100110100 0.0327759 0
0100110101 0.0270386 0
0100110110 0.0256653 -3.14159
0100110111 0.0142441 0
0100111000 0.0244904 0
0100111001 0.0133972 0
0100111010 0.00306129 0
0100111011 0.00612259 0
0100111100 0.0187683 -3.14159
0100111101 0.0167847 0
0100111110 0.0186462 0
0100111111 0.00550079 0
0101000000 0.00898743 0
0101000001 0.029007 -3.14159
0101000010 0.0515137 -3.14159
0101000011 0.0357971 -3.14159
0101000100 0.010231 0
0101000101 0.058075 0
0101000110 0.0177765 -3.14159
0101000111 0.0281525 0
0101001000 0.0311737 -3.14159
0101001001 0.0462341 -3.14159
0101001010 0.00323486 -3.14159
0101001011 0.0219727 0
0101001100 0.0108109 -3.14159
0101001101 0.0175171 -3.14159
0101001110 0.00063324 -3.14159
0101001111 0.00818634 0
0101010000 0.00489807 -3.14159
0101010001 0.0149002 0
0101010010 0.0198059 -3.14159
0101010011 0.0102539 -3.14159
0101010100 0.0272217 -3.14159
0101010101 0.00895691 0
0101010110 0.0181732 -3.14159
0101010111 0.0259552 0
0101011000 0.0176849 0
0101011001 0.0158997 0
0101011010 0.00769424 -3.14159
0101011011 0.0175171 -3.14159
0101011100 0.000598907 -3.14159
0101011101 0.00810242 0
0101011110 0.0333862 -3.14159
0101011111 0.00553894 0
0101100000 0.0398254 -3.14159
0101100001 0.0135269 -3.14159
0101100010 0.0207977 0
0101100011 0.0372314 -3.14159
0101100100 0.0267639 -3.14159
0101100101 0.0071373 -3.14159
0101100110 0.0275116 -3.14159
0101100111 0.0276031 0
0101101000 0.0391541 0
0101101001 0.0284729 -3.14159
0101101010 0.0700684 -3.14159
0101101011 0.025238 -3.14159
0101101100 0.0294342 0
0101101101 0.0301971 0
0101101110 0.0420227 -3.14159
0101101111 0.036438 -3.14159
0101110000 0.0175476 0
0101110001 0.0283813 -3.14159
0101110010 0.03479 -3.14159
0101110011 0.0102005 0
0101110100 0.0157471 -3.14159
0101110101 0.0050087 0
0101110110 0.0422668 -3.14159
0101110111 0.0271912 0
0101111000 0.00940704 -3.14159
0101111001 0.00684357 0
0101111010 0.00728226 -3.14159
0101111011 0.00830841 0
0101111100 0.026535 0
0101111101 0.0089798 -3.14159
0101111110 0.0114365 0
0101111111 0.0500488 0
0110000000 0.0394592 -3.14159
0110000001 0.0529785 -3.14159
0110000010 0.000760078 0
0110000011 0.0226288 0
0110000100 0.0201569 -3.14159
0110000101 0.00201797 -3.14159
0110000110 0.0296021 0
0110000111 0.0393982 -3.14159
0110001000 0.00631714 -3.14159
0110001001 0.0284271 0
0110001010 0.0318604 0
0110001011 0.0266876 -3.14159
0110001100 0.0131073 0
0110001101 0.0417175 -3.14159
0110001110 0.0266113 0
0110001111 0.00816345 0
0110010000 0.0479431 0
0110010001 0.0207977 -3.14159
0110010010 0.0550537 0
0110010011 0.0177917 0
0110010100 0.0150604 0
0110010101 0.0597839 -3.14159
0110010110 0.0475159 0
0110010111 0.0523071 0
0110011000 0.00669098 -3.14159
0110011001 0.0968018 -3.14159
0110011010 0.00782013 -3.14159
0110011011 0.00277328 -3.14159
0110011100 0.00739288 0
0110011101 0.0413818 -3.14159
0110011110 0.0107651 0
0110011111 0.0476074 0
0110100000 0.0141602 0
0110100001 0.00229836 0
0110100010 0.00191784 -3.14159
0110100011 0.0194702 0
0110100100 0.0106735 -3.14159
0110100101 0.0737915 0
0110100110 0.0168457 -3.14159
0110100111 0.0564575 0
0110101000 0.0118484 -3.14159
0110101001 0.0101395 0
0110101010 0.0291901 0
0110101011 0.0309143 0
0110101100 0.04776 -3.14159
0110101101 0.0050354 0
0110101110 0.0413513 0
0110101111 0.0108719 -3.14159
0110110000 0.00190163 0
0110110001 0.0440063 0
0110110010 0.0205841 0
0110110011 0.0186005 0
0110110100 0.000669479 0
0110110101 0.0454407 0
0110110110 0.0258942 0
0110110111 0.0421448 -3.14159
0110111000 0.0488281 -3.14159
0110111001 0.0251007 0
0110111010 0.00873566 -3.14159
0110111011 0.0854492 0
0110111100 0.0200806 -3.14159
0110111101 0.0516663 -3.14159
0110111110 0.0324402 0
0110111111 0.00241089 0
0111000000 0.00900269 0
0111000001 0.0118256 -3.14159
0111000010 0.0146561 0
0111000011 0.0339355 -3.14159
0111000100 0.0292358 -3.14159
0111000101 0.0386963 -3.14159
0111000110 0.00788116 -3.14159
0111000111 0.0651855 -3.14159
0111001000 0.0307465 0
0111001001 0.0214233 -3.14159
0111001010 0.0132599 0
0111001011 0.0129089 0
0111001100 0.0012331 -3.14159
0111001101 0.0400696 -3.14159
0111001110 0.0513611 0
0111001111 0.00925446 -3.14159
0111010000 0.0016861 0
0111010001 0.000865936 0
0111010010 0.0354614 0
0111010011 0.0422668 0
0111010100 0.0076828 -3.14159
0111010101 0.0024147 0
0111010110 0.0456543 0
0111010111 0.00247383 -3.14159
0111011000 0.0175018 -3.14159
0111011001 0.0051918 -3.14159
0111011010 0.00649643 -3.14159
0111011011 0.00490952 -3.14159
0111011100 0.00919342 0
0111011101 0.00979614 -3.14159
0111011110 0.0541992 -3.14159
0111011111 0.0116806 -3.14159
0111100000 0.0331421 0
0111100001 0.0092926 0
0111100010 0.00343323 -3.14159
0111100011 0.0317383 -3.14159
0111100100 0.00400162 -3.14159
0111100101 0.0207672 0
0111100110 0.0213318 -3.14159
0111100111 0.000684738 0
0111101000 0.0414429 -3.14159
0111101001 0.020401 0
0111101010 0.01651 0
0111101011 0.00226784 -3.14159
0111101100 0.0256195 -3.14159
0111101101 0.0654907 -3.14159
0111101110 0.0230408 0
0111101111 0.026886 0
0111110000 0.0075264 -3.14159
0111110001 0.00314522 0
0111110010 0.0342712 -3.14159
0111110011 0.0245361 -3.14159
0111110100 0.0543823 -3.14159
0111110101 0.026947 -3.14159
0111110110 0.00292015 -3.14159
0111110111 0.00592804 0
0111111000 0.0166931 0
0111111001 0.0370178 0
0111111010 0.0834351 -3.14159
0111111011 0.0356445 -3.14159
0111111100 0.0294647 -3.14159
0111111101 0.0211792 0
0111111110 0.0265198 -3.14159
0111111111 0.0239563 0
1000000000 0.0252228 -3.14159
1000000001 0.0282745 -3.14159
1000000010 0.00547791 -3.14159
1000000011 0.0333557 0
1000000100 0.0201416 0
1000000101 0.0244141 -3.14159
1000000110 0.0186005 -3.14159
1000000111 0.0265656 0
1000001000 0.0275116 -3.14159
1000001001 0.0493469 0
1000001010 0.00941467 -3.14159
1000001011 0.008255 0
1000001100 0.0501404 -3.14159
1000001101 0.0212555 -3.14159
1000001110 0.0195923 0
1000001111 0.00180054 -3.14159
1000010000 0.00633621 -3.14159
1000010001 0.00643158 -3.14159
1000010010 0.0353394 -3.14159
1000010011 0.0072403 -3.14159
1000010100 0.0509338 0
1000010101 0.0277863 -3.14159
1000010110 0.0114822 0
1000010111 0.0246429 0
1000011000 0.0455627 0
1000011001 0.0753784 -3.14159
1000011010 0.0115967 0
1000011011 0.00814819 0
1000011100 0.00291824 0
1000011101 0.0419006 0
1000011110 0.0063324 -3.14159
1000011111 0.00564194 -3.14159
1000100000 0.00852966 -3.14159
1000100001 0.0280304 0
1000100010 0.0110931 -3.14159
1000100011 0.028595 0
1000100100 0.0348816 -3.14159
1000100101 0.0335693 -3.14159
1000100110 0.0281372 -3.14159
1000100111 0.023468 -3.14159
1000101000 0.00559616 0
1000101001 0.0120697 0
1000101010 0.00579834 0
1000101011 0.030365 0
1000101100 0.00494766 -3.14159
1000101101 0.0484314 -3.14159
1000101110 0.0384216 -3.14159
1000101111 0.0258942 -3.14159
1000110000 0.0176239 -3.14159
1000110001 0.00590897 -3.14159
1000110010 0.0148468 0
1000110011 0.00675964 0
1000110100 0.0159607 -3.14159
1000110101 0.0113068 0
1000110110 0.025589 0
1000110111 0.0361633 0
1000111000 0.0736694 -3.14159
1000111001 0.0184937 0
1000111010 0.00320244 0
1000111011 0.0111923 0
1000111100 0.0166473 0
1000111101 0.00931549 0
1000111110 0.0378418 0
1000111111 0.00773621 0
1001000000 0.00590897 0
1001000001 0.0233612 -3.14159
1001000010 0.0127487 -3.14159
1001000011 0.0092392 0
1001000100 0.0394897 -3.14159
1001000101 0.0119247 0
1001000110 0.020401 -3.14159
1001000111 0.0454102 -3.14159
1001001000 0.0463867 0
1001001001 0.0177155 -3.14159
1001001010 0.0154572 -3.14159
1001001011 0.00662994 0
1001001100 0.0321045 0
1001001101 0.0140991 -3.14159
1001001110 0.0261078 0
1001001111 0.0482483 -3.14159
1001010000 0.0490723 0
1001010001 0.0285797 0
1001010010 0.0692749 -3.14159
1001010011 0.04599 -3.14159
1001010100 0.0122223 0
1001010101 0.00804901 -3.14159
1001010110 0.0145035 0
1001010111 0.0432129 0
1001011000 0.0505981 -3.14159
1001011001 0.0125351 0
1001011010 0.0246582 0
1001011011 0.00558472 -3.14159
1001011100 0.008255 -3.14159
1001011101 0.0276489 0
1001011110 0.0297699 0
1001011111 0.00122166 -3.14159
1001100000 0.0177917 -3.14159
1001100001 0.0225525 0
1001100010 0.010376 0
1001100011 0.00852966 -3.14159
1001100100 0.0345459 -3.14159
1001100101 0.0144348 0
1001100110 0.00197983 0
1001100111 0.0863037 0
1001101000 0.0404358 0
1001101001 0.0340271 -3.14159
1001101010 0.0151062 0
1001101011 0.00735092 -3.14159
1001101100 0.00843811 0
1001101101 0.0484924 0
1001101110 0.0210419 0
1001101111 0.0719604 0
1001110000 0.0411682 0
1001110001 0.049469 -3.14159
1001110010 0.00487137 0
1001110011 0.0120392 0
1001110100 0.0250549 -3.14159
1001110101 0.0224152 0
1001110110 0.052948 0
1001110111 0.0167847 -3.14159
1001111000 0.0207825 0
1001111001 0.0053978 0
1001111010 0.0205078 0
1001111011 0.0361328 -3.14159
1001111100 0.0141525 -3.14159
1001111101 0.0102234 -3.14159
1001111110 0.0377197 -3.14159
1001111111 0.0223541 -3.14159
1010000000 0.00097847 0
1010000001 0.0180817 -3.14159
1010000010 0.032196 -3.14159
1010000011 0.0209961 -3.14159
1010000100 0.0108795 -3.14159
1010000101 0.0553284 0
1010000110 0.045105 0
1010000111 0.0531311 -3.14159
1010001000 0.0436096 -3.14159
1010001001 0.0808716 0
1010001010 0.0345154 -3.14159
1010001011 0.0165863 0
1010001100 0.0212402 0
1010001101 0.0214386 0
1010001110 0.0162964 -3.14159
1010001111 0.00756454 -3.14159
1010010000 0.0244446 0
1010010001 0.0415649 -3.14159
1010010010 0.0285645 -3.14159
1010010011 0.000844955 0
1010010100 0.0245667 -3.14159
1010010101 0.0113525 0
1010010110 0.0266266 -3.14159
1010010111 0.0157776 0
1010011000 0.00894165 0
1010011001 0.0672607 0
1010011010 0.00554657 0
1010011011 0.016037 0
1010011100 0.0079422 -3.14159
1010011101 0.0137634 0
1010011110 0.00421524 0
1010011111 0.00537109 -3.14159
1010100000 0.0320435 -3.14159
1010100001 0.00875092 0
1010100010 0.0132675 -3.14159
1010100011 0.0263062 -3.14159
1010100100 0.0287476 -3.14159
1010100101 0.0377808 0
1010100110 0.015007 0
1010100111 0.0178375 0
1010101000 0.0253143 -3.14159
1010101001 0.000955582 0
1010101010 0.0148849 0
1010101011 0.111755 0
1010101100 0.0335083 0
1010101101 0.00574875 0
1010101110 0.0192566 -3.14159
1010101111 0.016571 -3.14159
1010110000 0.0437012 0
1010110001 0.0568237 -3.14159
1010110010 0.0240173 -3.14159
1010110011 0.0350342 0
1010110100 0.00972748 -3.14159
1010110101 0.0189972 0
1010110110 0.00111198 -3.14159
1010110111 0.0187988 -3.14159
1010111000 0.00806427 -3.14159
1010111001 0.0445251 0
1010111010 0.0423279 -3.14159
1010111011 0.014679 0
1010111100 0.0180817 -3.14159
1010111101 0.0120697 0
1010111110 0.0270233 -3.14159
1010111111 0.0252686 -3.14159
1011000000 0.0257874 0
1011000001 0.0137558 -3.14159
1011000010 0.00883484 0
1011000011 0.00348091 -3.14159
1011000100 0.0374756 0
1011000101 0.0420227 0
1011000110 0.0317078 -3.14159
1011000111 0.0137177 -3.14159
1011001000 0.0567627 -3.14159
1011001001 0.0226135 0
1011001010 0.00521088 0
1011001011 0.0105972 0
1011001100 0.00270653 0
1011001101 0.038269 0
1011001110 0.0170746 -3.14159
1011001111 0.0336914 -3.14159
1011010000 0.0150986 0
1011010001 0.0435486 -3.14159
1011010010 0.0198364 0
1011010011 0.00965118 -3.14159
1011010100 0.00560379 0
1011010101 0.0549011 -3.14159
1011010110 0.0144424 -3.14159
1011010111 0.0428467 -3.14159
1011011000 0.00846863 -3.14159
1011011001 0.0207825 0
1011011010 0.00251579 0
1011011011 0.0150681 -3.14159
1011011100 0.0256348 -3.14159
1011011101 0.0121613 0
1011011110 0.0420532 -3.14159
1011011111 0.0343933 -3.14159
1011100000 0.000872612 -3.14159
1011100001 0.0117569 0
1011100010 0.00421906 -3.14159
1011100011 0.06427 0
1011100100 0.0552368 0
1011100101 0.0157318 0
1011100110 0.00621414 0
1011100111 0.0261078 0
1011101000 0.0426941 0
1011101001 0.0330811 -3.14159
1011101010 0.00468063 0
1011101011 0.0309906 -3.14159
1011101100 0.0316467 0
1011101101 0.0218201 -3.14159
1011101110 0.0266266 0
1011101111 0.113586 0
1011110000 0.0153046 0
1011110001 0.0158386 -3.14159
1011110010 0.00123119 0
1011110011 0.00979614 -3.14159
1011110100 0.029892 -3.14159
1011110101 0.029007 0
1011110110 0.0631104 -3.14159
1011110111 0.0172577 -3.14159
1011111000 0.0202789 0
1011111001 0.0448608 -3.14159
1011111010 0.00536346 -3.14159
1011111011 0.0128784 -3.14159
1011111100 0.0757446 0
1011111101 0.0396118 0
1011111110 0.0610046 0
1011111111 0.000421047 -3.14159
1100000000 0.0242615 -3.14159
1100000001 0.0364075 0
1100000010 0.0028801 -3.14159
1100000011 0.00157738 0
1100000100 0.0306549 -3.14159
1100000101 0.0146408 0
1100000110 0.00824738 0
1100000111 0.0140076 0
1100001000 0.0106201 -3.14159
1100001001 0.00435638 0
1100001010 0.0142288 0
1100001011 0.0063324 -3.14159
1100001100 0.00344849 -3.14159
1100001101 0.00348854 0
1100001110 0.0259857 0
1100001111 0.0207672 0
1100010000 0.0640869 0
1100010001 0.0204773 0
1100010010 0.000656128 -3.14159
1100010011 0.0687866 -3.14159
1100010100 0.0170898 0
1100010101 0.0378418 -3.14159
1100010110 0.0140076 -3.14159
1100010111 0.0679321 0
1100011000 0.0474243 -3.14159
1100011001 0.007164 -3.14159
1100011010 0.00841522 0
1100011011 0.0209503 0
1100011100 0.0259705 -3.14159
1100011101 0.0114594 0
1100011110 0.0129089 -3.14159
1100011111 0.0113297 -3.14159
1100100000 0.0284271 0
1100100001 0.0422668 -3.14159
1100100010 0.027359 0
1100100011 0.00881958 0
1100100100 0.0151825 0
1100100101 0.0485535 -3.14159
1100100110 0.0035305 0
1100100111 0.000130177 -3.14159
1100101000 0.00161266 0
1100101001 0.0387573 0
1100101010 0.0243225 0
1100101011 0.0410461 0
1100101100 0.0474243 -3.14159
1100101101 0.0276947 -3.14159
1100101110 0.0792236 0
1100101111 0.00778961 0
1100110000 0.0131989 0
1100110001 0.00655746 -3.14159
1100110010 0.043457 0
1100110011 0.0301819 -3.14159
1100110100 0.00437546 -3.14159
1100110101 0.00393295 0
1100110110 0.0501709 0
1100110111 0.00226974 0
1100111000 0.0158081 -3.14159
1100111001 0.0065155 0
1100111010 0.0127792 -3.14159
1100111011 0.0484009 -3.14159
1100111100 0.0378723 -3.14159
1100111101 0.0325928 -3.14159
1100111110 0.0350342 -3.14159
1100111111 0.0306549 -3.14159
1101000000 0.0736084 0
1101000001 0.0101624 -3.14159
1101000010 0.0016098 -3.14159
1101000011 0.0238495 -3.14159
1101000100 0.0428162 0
1101000101 0.0467529 0
1101000110 0.0381165 0
1101000111 0.0252533 -3.14159
1101001000 0.0630493 0
1101001001 0.0132446 0
1101001010 9.98378e-05 0
1101001011 0.0227509 0
1101001100 0.00675964 0
1101001101 0.0269623 0
1101001110 0.0101624 0
1101001111 0.0150299 0
1101010000 0.0136871 0
1101010001 0.00593948 0
1101010010 0.0216522 0
1101010011 0.0688477 0
1101010100 0.011116 0
1101010101 0.0147324 -3.14159
1101010110 0.00749207 0
1101010111 0.0342712 0
1101011000 0.0127563 -3.14159
1101011001 0.028656 0
1101011010 0.0419312 0
1101011011 0.013031 -3.14159
1101011100 0.0120392 0
1101011101 0.0230713 0
1101011110 0.0266113 -3.14159
1101011111 0.0480042 -3.14159
1101100000 0.00431442 0
1101100001 0.00289345 -3.14159
1101100010 0.0174713 -3.14159
1101100011 0.0465393 0
1101100100 0.022644 -3.14159
1101100101 0.0423889 -3.14159
1101100110 0.0123672 -3.14159
1101100111 0.00740814 0
1101101000 0.0346985 0
1101101001 0.0109863 0
1101101010 0.00131702 0
1101101011 0.0103836 0
1101101100 0.0289764 -3.14159
1101101101 0.0200653 0
1101101110 0.0450745 0
1101101111 0.0444946 -3.14159
1101110000 0.0105438 -3.14159
1101110001 0.0265961 0
1101110010 0.00169849 -3.14159
1101110011 0.0336609 -3.14159
1101110100 0.00447083 -3.14159
1101110101 0.0304108 0
1101110110 0.0318604 -3.14159
1101110111 0.0393982 -3.14159
1101111000 0.069519 -3.14159
1101111001 0.0179596 0
1101111010 0.0123291 0
1101111011 0.0253143 -3.14159
1101111100 0.0370483 0
1101111101 0.0301819 -3.14159
1101111110 0.000962257 0
1101111111 0.030838 -3.14159
1110000000 0.00843048 -3.14159
1110000001 0.0125656 0
1110000010 0.0701904 0
1110000011 0.0305786 -3.14159
1110000100 0.0282593 -3.14159
1110000101 0.0211945 0
1110000110 0.0261078 -3.14159
1110000111 0.0206146 0
1110001000 0.000623226 0
1110001001 0.00790405 0
1110001010 0.0214539 0
1110001011 0.0135803 0
1110001100 0.0055809 -3.14159
1110001101 0.0603943 0
1110001110 0.0204468 0
1110001111 0.0325012 0
1110010000 0.00889587 -3.14159
1110010001 0.0175018 0
1110010010 0.00420761 -3.14159
1110010011 0.0415344 0
1110010100 0.0274658 -3.14159
1110010101 0.043335 -3.14159
1110010110 0.0417786 0
1110010111 0.0261993 -3.14159
1110011000 0.000863075 -3.14159
1110011001 0.0144958 -3.14159
1110011010 0.0137329 0
1110011011 0.0168152 -3.14159
1110011100 0.00780487 0
1110011101 0.0164185 -3.14159
1110011110 0.0183411 -3.14159
1110011111 0.0854492 0
1110100000 0.0253296 0
1110100001 0.0130005 -3.14159
1110100010 0.0579834 -3.14159
1110100011 0.000157714 0
1110100100 0.000176787 -3.14159
1110100101 0.0423279 0
1110100110 0.0420532 -3.14159
1110100111 0.0113297 0
1110101000 0.0256653 -3.14159
1110101001 0.0348511 0
1110101010 0.0152435 0
1110101011 0.0025959 -3.14159
1110101100 0.025238 0
1110101101 0.00683975 0
1110101110 0.00725937 0
1110101111 0.00984955 -3.14159
1110110000 0.0117722 0
1110110001 0.00849152 -3.14159
1110110010 0.0253448 -3.14159
1110110011 0.0688477 -3.14159
1110110100 0.00355148 0
1110110101 0.0644531 -3.14159
1110110110 0.00958252 0
1110110111 0.0345459 -3.14159
1110111000 0.0189819 -3.14159
1110111001 0.110474 -3.14159
1110111010 0.0527344 -3.14159
1110111011 0.0173035 0
1110111100 0.0384216 -3.14159
1110111101 0.00267601 0
1110111110 0.0115204 -3.14159
1110111111 0.045166 -3.14159
1111000000 0.025238 0
1111000001 0.0254669 -3.14159
1111000010 0.0508728 0
1111000011 0.0155945 -3.14159
1111000100 0.0308685 -3.14159
1111000101 0.0197449 -3.14159
1111000110 0.0389404 0
1111000111 0.0128098 -3.14159
1111001000 0.00629044 -3.14159
1111001001 0.0263519 -3.14159
1111001010 0.00041008 0
1111001011 0.0258331 0
1111001100 0.0233459 -3.14159
1111001101 0.00406265 -3.14159
1111001110 0.0171204 0
1111001111 0.100708 0
1111010000 0.00926208 -3.14159
1111010001 0.0438538 -3.14159
1111010010 0.0108261 -3.14159
1111010011 0.00666809 0
1111010100 0.0117035 0
1111010101 0.00618362 -3.14159
1111010110 0.0039711 -3.14159
1111010111 0.0141296 0
1111011000 0.0325928 0
1111011001 0.0118637 -3.14159
1111011010 0.0412598 -3.14159
1111011011 0.0179901 0
1111011100 0.00918579 -3.14159
1111011101 0.0102539 -3.14159
1111011110 0.010231 -3.14159
1111011111 0.0201874 -3.14159
1111100000 0.0334167 0
1111100001 0.00495911 -3.14159
1111100010 0.00428772 0
1111100011 0.0678101 -3.14159
1111100100 0.0199585 0
1111100101 0.0391541 -3.14159
1111100110 0.0310211 0
1111100111 0.00420761 0
1111101000 0.0134811 0
1111101001 0.0179596 0
1111101010 0.0289764 -3.14159
1111101011 0.0447998 -3.14159
1111101100 0.0784912 0
1111101101 0.0423584 -3.14159
1111101110 0.0664673 0
1111101111 0.0487671 0
1111110000 0.0184784 -3.14159
1111110001 0.0670776 0
1111110010 0.014328 -3.14159
1111110011 0.0358276 -3.14159
1111110100 0.046051 -3.14159
1111110101 0.0374756 0
1111110110 0.0648804 -3.14159
1111110111 0.0385742 0
1111111000 0.058136 -3.14159
1111111001 0.0309143 -3.14159
1111111010 0.00728989 -3.14159
1111111011 0.0134888 -3.14159
1111111100 0.0275269 0
1111111101 0.0222931 0
1111111110 0.0323181 0
1111111111 0.000939369 0
