0000000000 0.0523987 0
0000000001 0.00308609 -3.14159
0000000010 0.0111694 0
0000000011 0.00478363 0
0000000100 0.00432587 -3.14159
0000000101 0.067749 0
0000000110 0.0180511 -3.14159
0000000111 0.059967 -3.14159
0000001000 0.0151596 0
0000001001 0.0233612 -3.14159
0000001010 0.0118561 0
0000001011 0.00336075 0
0000001100 0.0474243 0
0000001101 0.0184784 0
0000001110 0.0400391 0
0000001111 0.0126038 0
0000010000 0.0177307 0
0000010001 0.0233307 -3.14159
0000010010 0.0252991 -3.14159
0000010011 0.0152664 0
0000010100 0.04245 -3.14159
0000010101 0.0104828 -3.14159
0000010110 0.0279694 -3.14159
0000010111 0.00284958 -3.14159
0000011000 0.00959778 0
0000011001 0.0358276 -3.14159
0000011010 0.00909424 -3.14159
0000011011 0.0163879 -3.14159
0000011100 0.0266571 -3.14159
0000011101 0.00180912 0
0000011110 0.00402832 -3.14159
0000011111 0.0420227 0
0000100000 0.114441 -3.14159
0000100001 0.0348816 -3.14159
0000100010 0.10968 -3.14159
0000100011 0.0571594 -3.14159
0000100100 0.0220795 -3.14159
0000100101 0.0158844 0
0000100110 0.0183105 -3.14159
0000100111 0.0238495 -3.14159
0000101000 0.0213623 -3.14159
0000101001 0.0143051 -3.14159
0000101010 0.0230865 -3.14159
0000101011 0.00568771 -3.14159
0000101100 0.0263977 -3.14159
0000101101 0.0148544 -3.14159
0000101110 0.00230598 -3.14159
0000101111 0.00757217 -3.14159
0000110000 0.00271416 -3.14159
0000110001 0.00987244 0
0000110010 0.00227928 -3.14159
0000110011 0.00148201 0
0000110100 0.00125217 -3.14159
0000110101 0.0403442 -3.14159
0000110110 0.0611877 0
0000110111 0.000244856 0
0000111000 0.0291595 -3.14159
0000111001 0.0305634 -3.14159
0000111010 0.000950813 0
0000111011 0.0499573 0
0000111100 0.0590515 -3.14159
0000111101 0.00550079 -3.14159
0000111110 0.0197296 0
0000111111 0.00187206 0
0001000000 0.0110931 0
0001000001 0.0349731 -3.14159
0001000010 0.00819397 -3.14159
0001000011 0.0158386 -3.14159
0001000100 0.0482788 -3.14159
0001000101 0.00955963 -3.14159
0001000110 0.00634766 -3.14159
0001000111 0.00624084 -3.14159
0001001000 0.0413208 -3.14159
0001001001 0.0394287 -3.14159
0001001010 0.0134659 -3.14159
0001001011 0.0510254 0
0001001100 0.0673828 0
0001001101 0.0292206 -3.14159
0001001110 0.00221062 0
0001001111 0.0163269 0
0001010000 0.0214233 0
0001010001 0.00301743 0
0001010010 0.0144424 -3.14159
0001010011 0.0200348 0
0001010100 0.0233154 -3.14159
0001010101 0.0384216 -3.14159
0001010110 0.0332642 0
0001010111 0.0024147 -3.14159
0001011000 0.0476685 0
0001011001 0.0421753 0
0001011010 0.0163116 0
0001011011 0.000866413 -3.14159
0001011100 0.00673294 -3.14159
0001011101 0.0285034 0
0001011110 0.0168915 -3.14159
0001011111 0.00336456 0
0001100000 0.0332642 0
0001100001 0.00491333 0
0001100010 3.12328e-05 0
0001100011 0.0192261 -3.14159
0001100100 0.00658417 -3.14159
0001100101 0.00545883 0
0001100110 0.0237732 0
0001100111 0.0998535 0
0001101000 0.00453568 0
0001101001 0.0363159 0
0001101010 0.00092411 -3.14159
0001101011 0.00926971 -3.14159
0001101100 0.059906 -3.14159
0001101101 0.0197601 -3.14159
0001101110 0.0335999 -3.14159
0001101111 0.0252533 -3.14159
0001110000 0.000632763 0
0001110001 0.0418701 0
0001110010 0.0190277 -3.14159
0001110011 0.0269012 0
0001110100 0.00452423 -3.14159
0001110101 0.014061 0
0001110110 0.0230255 -3.14159
0001110111 0.0689697 -3.14159
0001111000 0.026474 -3.14159
0001111001 0.0316162 -3.14159
0001111010 0.0117493 -3.14159
0001111011 0.00696182 -3.14159
0001111100 0.045929 -3.14159
0001111101 0.00413132 0
0001111110 0.0192871 -3.14159
0001111111 0.0166473 0
0010000000 0.00828552 0
0010000001 0.00747681 -3.14159
0010000010 0.023819 0
0010000011 0.0441589 0
0010000100 0.00431442 -3.14159
0010000101 0.00135231 0
0010000110 0.0102615 0
0010000111 0.0109177 -3.14159
0010001000 0.000956059 -3.14159
0010001001 0.0361633 0
0010001010 0.0205383 -3.14159
0010001011 0.00761414 0
0010001100 0.0368958 0
0010001101 0.0188599 -3.14159
0010001110 0.00547791 0
0010001111 0.0395203 0
0010010000 0.018631 0
0010010001 0.0435181 -3.14159
0010010010 0.021286 0
0010010011 0.0552063 -3.14159
0010010100 0.00762558 -3.14159
0010010101 0.0231628 -3.14159
0010010110 0.0232239 -3.14159
0010010111 0.0567932 -3.14159
0010011000 0.00196266 0
0010011001 0.0103912 -3.14159
0010011010 0.0341187 -3.14159
0010011011 0.0223236 -3.14159
0010011100 0.0325012 0
0010011101 0.00395966 0
0010011110 0.0125198 0
0010011111 0.0325317 -3.14159
0010100000 0.00458145 -3.14159
0010100001 0.0172577 -3.14159
0010100010 0.00711823 0
0010100011 0.0360718 -3.14159
0010100100 0.000793934 -3.14159
0010100101 0.019165 0
0010100110 0.0328979 0
0010100111 0.00960541 -3.14159
0010101000 0.000462532 0
0010101001 0.0259247 -3.14159
0010101010 0.00885773 0
0010101011 0.00409317 0
0010101100 0.0600281 0
0010101101 0.0311737 0
0010101110 0.0043869 -3.14159
0010101111 0.0103455 0
0010110000 0.0303192 -3.14159
0010110001 0.0258636 0
0010110010 1.055e-05 0
0010110011 0.0357666 -3.14159
0010110100 0.000554562 -3.14159
0010110101 0.033844 0
0010110110 0.0162811 -3.14159
0010110111 0.0396423 -3.14159
0010111000 0.0174255 0
0010111001 0.0381165 -3.14159
0010111010 0.0259857 -3.14159
0010111011 0.0107269 -3.14159
0010111100 0.048645 -3.14159
0010111101 0.0147171 -3.14159
0010111110 0.00291443 -3.14159
0010111111 0.0373535 0
0011000000 0.0431519 -3.14159
0011000001 0.00683975 0
0011000010 0.0101318 0
0011000011 0.0325012 0
0011000100 0.0130615 -3.14159
0011000101 0.0404968 0
0011000110 0.00465775 -3.14159
0011000111 0.0114746 -3.14159
0011001000 0.102234 -3.14159
0011001001 0.0179596 0
0011001010 0.0243073 -3.14159
0011001011 0.0682983 -3.14159
0011001100 0.0124893 -3.14159
0011001101 0.0534973 -3.14159
0011001110 0.0756226 0
0011001111 0.00413132 -3.14159
0011010000 0.0340881 0
0011010001 0.022522 0
0011010010 0.00588989 -3.14159
0011010011 0.0234375 -3.14159
0011010100 0.0434875 -3.14159
0011010101 0.00292587 -3.14159
0011010110 0.00454712 -3.14159
0011010111 0.00157833 0
0011011000 0.0253448 0
0011011001 0.0325623 -3.14159
0011011010 0.0361023 -3.14159
0011011011 0.0257263 0
0011011100 0.0404358 0
0011011101 0.0285339 -3.14159
0011011110 0.0554504 0
0011011111 0.0162354 0
0011100000 0.000413656 0
0011100001 0.00748444 -3.14159
0011100010 0.0181274 -3.14159
0011100011 0.0164032 0
0011100100 0.0289917 0
0011100101 0.0252991 -3.14159
0011100110 0.0116043 0
0011100111 0.0423889 0
0011101000 0.0189514 0
0011101001 0.0441284 0
0011101010 0.00634384 -3.14159
0011101011 0.0370789 -3.14159
0011101100 0.0402222 -3.14159
0011101101 0.00208664 0
0011101110 0.0205078 0
0011101111 0.0349426 0
0011110000 0.0286865 -3.14159
0011110001 0.0202789 0
0011110010 0.0137405 -3.14159
0011110011 0.0251923 -3.14159
0011110100 0.02005 -3.14159
0011110101 0.0604553 0
0011110110 0.0196991 -3.14159
0011110111 0.0352783 0
0011111000 0.00219536 0
0011111001 0.0202179 -3.14159
0011111010 0.0515747 -3.14159
0011111011 0.00808716 0
0011111100 0.061554 -3.14159
0011111101 0.0147018 0
0011111110 0.0228577 0
0011111111 0.0163879 0
0100000000 0.0186005 0
0100000001 0.0144043 -3.14159
0100000010 0.0198059 -3.14159
0100000011 0.00518036 -3.14159
0100000100 0.0646973 -3.14159
0100000101 0.0437622 -3.14159
0100000110 0.044342 -3.14159
0100000111 0.0017252 0
0100001000 0.0440674 0
0100001001 0.0058403 -3.14159
0100001010 0.0301208 0
0100001011 0.0138397 0
0100001100 0.0377197 0
0100001101 0.00649261 -3.14159
0100001110 0.0441589 -3.14159
0100001111 0.00370979 -3.14159
0100010000 0.0243378 0
0100010001 0.111511 -3.14159
0100010010 0.0013876 0
0100010011 0.0298004 0
0100010100 0.000784397 0
0100010101 0.041687 -3.14159
0100010110 0.00928497 0
0100010111 0.105591 -3.14159
0100011000 0.0708008 0
0100011001 0.0282288 0
0100011010 0.0355835 -3.14159
0100011011 0.0348511 -3.14159
0100011100 0.0436401 -3.14159
0100011101 0.0263214 -3.14159
0100011110 0.00380707 -3.14159
0100011111 0.026062 0
0100100000 0.00177479 0
0100100001 0.0371094 0
0100100010 0.0353394 0
0100100011 0.0548401 0
0100100100 0.00337982 0
0100100101 0.0191193 0
0100100110 0.114685 0
0100100111 0.00815582 -3.14159
0100101000 0.0275879 -3.14159
0100101001 0.0585938 -3.14159
0100101010 0.0458374 0
0100101011 0.0355225 0
0100101100 0.00337219 0
0100101101 0.000244379 -3.14159
0100101110 0.0467529 -3.14159
0100101111 0.0101776 0
0100110000 0.0176239 0
0100110001 0.0361938 0
0100110010 0.0132904 -3.14159
0100110011 0.0140686 -3.14159
0100110100 0.0238342 0
0100110101 0.0722046 0
0100110110 0.000145316 -3.14159
0100110111 0.00985718 -3.14159
0100111000 0.0234222 -3.14159
0100111001 0.0110245 0
0100111010 0.0136566 0
0100111011 0.0286865 -3.14159
0100111100 0.00492477 0
0100111101 0.0326843 0
0100111110 0.0175171 0
0100111111 0.00967407 -3.14159
0101000000 0.000249624 -3.14159
0101000001 0.0439453 -3.14159
0101000010 0.0419617 -3.14159
0101000011 0.0358276 0
0101000100 0.0388184 0
0101000101 0.00831604 -3.14159
0101000110 0.0263367 0
0101000111 0.00372124 0
0101001000 0.0118942 -3.14159
0101001001 0.00852966 0
0101001010 0.0722046 -3.14159
0101001011 0.0215607 -3.14159
0101001100 0.000144482 -3.14159
0101001101 0.0429993 -3.14159
0101001110 0.0192108 -3.14159
0101001111 0.00837708 -3.14159
0101010000 0.0151443 -3.14159
0101010001 0.0502014 0
0101010010 0.0255127 0
0101010011 0.0436401 0
0101010100 0.0218048 -3.14159
0101010101 0.0138855 0
0101010110 0.00881958 -3.14159
0101010111 0.0549316 0
0101011000 0.00535583 -3.14159
0101011001 0.0692749 0
0101011010 0.0276489 -3.14159
0101011011 0.00337791 0
0101011100 0.0195007 -3.14159
0101011101 0.00596619 0
0101011110 0.0164032 -3.14159
0101011111 0.00957489 0
0101100000 0.00147438 -3.14159
0101100001 0.0314941 -3.14159
0101100010 0.0272827 0
0101100011 0.026947 0
0101100100 0.0559692 -3.14159
0101100101 0.0473938 0
0101100110 0.0159149 -3.14159
0101100111 0.00627518 0
0101101000 0.00887299 0
0101101001 0.0461731 -3.14159
0101101010 0.00513458 0
0101101011 0.00655365 -3.14159
0101101100 0.00267029 -3.14159
0101101101 0.0262299 0
0101101110 0.0725708 -3.14159
0101101111 0.0100708 0
0101110000 0.0290527 0
0101110001 0.0206146 -3.14159
0101110010 0.061676 -3.14159
0101110011 0.0443726 -3.14159
0101110100 0.010643 0
0101110101 0.00799561 -3.14159
0101110110 0.00313187 -3.14159
0101110111 0.0161743 0
0101111000 0.0193329 0
0101111001 0.0118637 0
0101111010 0.0186005 0
0101111011 0.00397873 -3.14159
0101111100 0.0271759 -3.14159
0101111101 0.0218353 -3.14159
0101111110 0.0629272 0
0101111111 0.00717926 0
0110000000 0.0184784 -3.14159
0110000001 0.00296402 0
0110000010 0.0199738 0
0110000011 0.0132751 0
0110000100 0.0358276 -3.14159
0110000101 0.0160522 0
0110000110 0.0247955 0
0110000111 0.0551758 0
0110001000 0.0324402 -3.14159
0110001001 0.0152283 -3.14159
0110001010 0.00201416 -3.14159
0110001011 0.0127106 0
0110001100 0.0155869 -3.14159
0110001101 0.0537415 0
0110001110 0.0272217 0
0110001111 0.0180817 0
0110010000 0.00546265 0
0110010001 0.0181122 0
0110010010 0.0414124 0
0110010011 0.00679398 -3.14159
0110010100 0.0464172 -3.14159
0110010101 0.0931396 -3.14159
0110010110 0.0287781 0
0110010111 0.0650024 0
0110011000 0.00234222 0
0110011001 0.0596313 -3.14159
0110011010 0.0133209 0
0110011011 0.022522 0
0110011100 0.0407104 -3.14159
0110011101 0.050415 -3.14159
0110011110 0.0440979 -3.14159
0110011111 0.0179901 0
0110100000 0.00785828 -3.14159
0110100001 0.0423584 0
0110100010 0.0394287 -3.14159
0110100011 0.0261993 -3.14159
0110100100 0.0291901 0
0110100101 0.0524902 0
0110100110 0.0143204 -3.14159
0110100111 0.000307083 -3.14159
0110101000 0.0201263 0
0110101001 0.03125 -3.14159
0110101010 0.0050354 0
0110101011 0.0174103 0
0110101100 0.0543518 -3.14159
0110101101 3.35574e-05 0
0110101110 0.0525818 0
0110101111 0.0375366 -3.14159
0110110000 0.0240784 0
0110110001 0.025116 0
0110110010 0.00305748 0
0110110011 0.0545959 -3.14159
0110110100 0.0239105 0
0110110101 0.0841064 0
0110110110 0.00904083 -3.14159
0110110111 0.0230713 -3.14159
0110111000 0.000264883 -3.14159
0110111001 0.00835419 0
0110111010 0.0169373 0
0110111011 0.123047 0
0110111100 0.0397339 -3.14159
0110111101 0.0341187 0
0110111110 0.0227051 -3.14159
0110111111 0.0288239 -3.14159
0111000000 0.00115395 0
0111000001 0.000515938 0
0111000010 0.0184174 -3.14159
0111000011 0.0128784 -3.14159
0111000100 0.0194702 0
0111000101 0.00748444 -3.14159
0111000110 0.0385437 0
0111000111 0.00995636 0
0111001000 0.0498657 -3.14159
0111001001 0.00557709 0
0111001010 0.00466537 0
0111001011 0.0088501 0
0111001100 0.0477295 -3.14159
0111001101 0.0225677 0
0111001110 0.00465775 0
0111001111 0.0171204 0
0111010000 0.0233002 -3.14159
0111010001 0.00346565 -3.14159
0111010010 0.0249176 0
0111010011 0.0191193 0
0111010100 0.0505066 0
0111010101 0.0372314 0
0111010110 0.0134201 -3.14159
0111010111 0.0146484 0
0111011000 0.0219269 0
0111011001 0.0511169 0
0111011010 0.00367546 -3.14159
0111011011 0.00933838 -3.14159
0111011100 0.0129395 0
0111011101 0.0130844 0
0111011110 0.0364075 -3.14159
0111011111 0.0256042 -3.14159
0111100000 0.0179443 0
0111100001 0.0124207 -3.14159
0111100010 0.00162888 -3.14159
0111100011 0.010849 -3.14159
0111100100 0.0189362 -3.14159
0111100101 0.0284424 0
0111100110 0.0204163 -3.14159
0111100111 0.0466003 -3.14159
0111101000 0.00806427 -3.14159
0111101001 0.0311737 0
0111101010 0.0242462 0
0111101011 0.0681763 0
0111101100 0.0274658 -3.14159
0111101101 0.0275574 -3.14159
0111101110 0.00527191 0
0111101111 0.0284424 0
0111110000 0.0295258 0
0111110001 0.0235443 0
0111110010 0.0353394 -3.14159
0111110011 0.0202637 0
0111110100 0.0818481 -3.14159
0111110101 0.00791931 -3.14159
0111110110 0.0326233 -3.14159
0111110111 0.0318604 -3.14159
0111111000 0.0303192 -3.14159
0111111001 0.0127716 0
0111111010 0.0129166 0
0111111011 0.0345764 0
0111111100 0.0041008 0
0111111101 0.00680542 0
0111111110 0.0269775 -3.14159
0111111111 0.0290527 0
1000000000 0.00760651 -3.14159
1000000001 0.0141296 0
1000000010 0.0253754 -3.14159
1000000011 0.0603638 -3.14159
1000000100 0.0448303 0
1000000101 0.0477905 0
1000000110 0.00792694 0
1000000111 0.0163269 -3.14159
1000001000 0.0457153 -3.14159
1000001001 0.057373 0
1000001010 0.0014677 0
1000001011 0.0208588 0
1000001100 0.00856018 -3.14159
1000001101 0.00115681 -3.14159
1000001110 0.0146637 0
1000001111 0.029541 -3.14159
1000010000 0.00107861 -3.14159
1000010001 0.00413132 -3.14159
1000010010 0.0113983 -3.14159
1000010011 0.00442505 -3.14159
1000010100 0.0155411 0
1000010101 0.0105133 0
1000010110 0.0329285 0
1000010111 0.0103378 -3.14159
1000011000 0.0286865 -3.14159
1000011001 0.0843506 -3.14159
1000011010 0.00528717 -3.14159
1000011011 0.00625992 -3.14159
1000011100 0.0493469 0
1000011101 0.0237122 -3.14159
1000011110 0.0108871 -3.14159
1000011111 0.0370483 -3.14159
1000100000 0.0275421 -3.14159
1000100001 0.00701141 -3.14159
1000100010 0.0167999 0
1000100011 0.0285339 -3.14159
1000100100 0.0238495 0
1000100101 0.0202179 -3.14159
1000100110 0.0455933 -3.14159
1000100111 0.00278473 -3.14159
1000101000 0.0159302 -3.14159
1000101001 0.022522 0
1000101010 0.0233459 -3.14159
1000101011 0.011673 -3.14159
1000101100 0.0284424 -3.14159
1000101101 0.0113907 0
1000101110 0.027298 -3.14159
1000101111 0.00821686 0
1000110000 0.00928497 -3.14159
1000110001 0.0162964 0
1000110010 0.0149918 0
1000110011 0.0185852 -3.14159
1000110100 0.0259247 0
1000110101 0.0518188 0
1000110110 0.0148163 -3.14159
1000110111 0.01651 0
1000111000 0.0514221 0
1000111001 0.0117874 -3.14159
1000111010 0.0155258 0
1000111011 0.0153351 -3.14159
1000111100 0.0174255 0
1000111101 0.0192108 0
1000111110 0.00317001 0
1000111111 0.00697708 0
1001000000 0.0151978 -3.14159
1001000001 0.0331116 -3.14159
1001000010 0.0671387 0
1001000011 0.00486374 -3.14159
1001000100 0.0182953 0
1001000101 0.0139923 -3.14159
1001000110 0.0333252 0
1001000111 0.0100784 -3.14159
1001001000 0.00812531 -3.14159
1001001001 0.0251007 -3.14159
1001001010 0.0158234 -3.14159
1001001011 0.0297089 0
1001001100 0.0174866 0
1001001101 0.0325623 -3.14159
1001001110 0.0178375 -3.14159
1001001111 0.0426025 -3.14159
1001010000 0.0313721 0
1001010001 0.0136414 -3.14159
1001010010 0.0305939 -3.14159
1001010011 0.00404358 0
1001010100 0.00699234 0
1001010101 0.0149689 0
1001010110 0.0135193 0
1001010111 0.00603485 -3.14159
1001011000 0.0331726 0
1001011001 0.00954437 -3.14159
1001011010 0.00690079 -3.14159
1001011011 0.0319519 0
1001011100 0.00662613 -3.14159
1001011101 0.0110092 -3.14159
1001011110 0.00854492 0
1001011111 0.000792503 -3.14159
1001100000 0.0149384 -3.14159
1001100001 0.017334 -3.14159
1001100010 0.0179291 -3.14159
1001100011 0.000671387 -3.14159
1001100100 0.00565338 0
1001100101 0.0353088 -3.14159
1001100110 0.0645752 0
1001100111 0.134521 0
1001101000 0.024765 0
1001101001 0.0160522 -3.14159
1001101010 0.0286865 0
1001101011 0.00603485 -3.14159
1001101100 0.00920105 -3.14159
1001101101 0.041748 -3.14159
1001101110 0.0130539 0
1001101111 0.0104752 -3.14159
1001110000 0.0450745 0
1001110001 0.0430298 -3.14159
1001110010 0.0134583 -3.14159
1001110011 0.0333862 0
1001110100 0.0104294 0
1001110101 0.0277557 0
1001110110 0.0463257 0
1001110111 0.027832 0
1001111000 0.00801086 0
1001111001 0.00819397 0
1001111010 0.0012188 0
1001111011 0.00491714 0
1001111100 0.00109386 -3.14159
1001111101 0.00808716 -3.14159
1001111110 0.0138397 0
1001111111 0.0115128 0
1010000000 0.0325012 -3.14159
1010000001 0.00601578 -3.14159
1010000010 0.0130997 -3.14159
1010000011 0.0195312 0
1010000100 0.0414734 -3.14159
1010000101 0.0236053 0
1010000110 0.00920868 0
1010000111 0.0082016 -3.14159
1010001000 0.052948 -3.14159
1010001001 0.0156403 -3.14159
1010001010 0.026535 0
1010001011 0.00107956 0
1010001100 0.00348282 -3.14159
1010001101 0.0269775 0
1010001110 0.036438 -3.14159
1010001111 0.0152512 -3.14159
1010010000 0.0411072 0
1010010001 0.00133705 0
1010010010 0.0193787 0
1010010011 0.0117569 -3.14159
1010010100 0.0324402 0
1010010101 0.031311 -3.14159
1010010110 0.00866699 -3.14159
1010010111 0.030426 -3.14159
1010011000 0.0214844 0
1010011001 0.0137787 -3.14159
1010011010 0.0257111 -3.14159
1010011011 0.021286 -3.14159
1010011100 0.0182343 0
1010011101 0.0574341 0
1010011110 0.0385742 0
1010011111 0.0335693 -3.14159
1010100000 0.0396729 0
1010100001 0.0130157 0
1010100010 0.0396729 -3.14159
1010100011 0.0281067 -3.14159
1010100100 0.0267029 -3.14159
1010100101 0.0116348 -3.14159
1010100110 0.0146332 -3.14159
1010100111 0.00424194 -3.14159
1010101000 0.0116806 -3.14159
1010101001 0.023056 0
1010101010 0.00424194 -3.14159
1010101011 0.0205841 0
1010101100 0.013588 -3.14159
1010101101 0.0312805 0
1010101110 0.0169373 0
1010101111 0.00525665 0
1010110000 0.0100861 0
1010110001 0.024353 -3.14159
1010110010 0.00456619 -3.14159
1010110011 0.0104523 -3.14159
1010110100 0.00312805 0
1010110101 0.011879 -3.14159
1010110110 0.0195923 -3.14159
1010110111 0.0405579 -3.14159
1010111000 0.0288849 -3.14159
1010111001 0.0142517 -3.14159
1010111010 0.041687 -3.14159
1010111011 0.0150452 0
1010111100 0.0252838 0
1010111101 0.0357361 -3.14159
1010111110 0.0172119 -3.14159
1010111111 0.027832 0
1011000000 0.00418091 0
1011000001 0.00426102 -3.14159
1011000010 0.0300751 -3.14159
1011000011 0.0358276 0
1011000100 0.00401688 0
1011000101 0.0133667 0
1011000110 0.0226746 0
1011000111 0.00547791 0
1011001000 0.0183258 0
1011001001 0.0435181 0
1011001010 0.0613403 0
1011001011 0.0252838 0
1011001100 0.018692 0
1011001101 0.0211487 -3.14159
1011001110 0.0295258 -3.14159
1011001111 0.0351868 -3.14159
1011010000 0.00590897 -3.14159
1011010001 0.026001 -3.14159
1011010010 0.0243683 -3.14159
1011010011 0.0104523 0
1011010100 0.0176239 0
1011010101 0.027298 -3.14159
1011010110 0.0208282 -3.14159
1011010111 0.0209045 -3.14159
1011011000 0.00347137 0
1011011001 0.00152111 -3.14159
1011011010 0.0420227 -3.14159
1011011011 0.0325317 0
1011011100 0.0675049 -3.14159
1011011101 0.0170746 -3.14159
1011011110 0.0158539 -3.14159
1011011111 0.0367126 -3.14159
1011100000 0.00150776 -3.14159
1011100001 0.0198517 0
1011100010 0.0168457 -3.14159
1011100011 0.0090332 0
1011100100 0.026474 0
1011100101 0.0527954 0
1011100110 0.045166 0
1011100111 0.0316467 -3.14159
1011101000 0.00901031 -3.14159
1011101001 0.0199738 -3.14159
1011101010 0.0429993 -3.14159
1011101011 0.0200195 -3.14159
1011101100 0.0327148 0
1011101101 0.00137806 0
1011101110 0.00914764 0
1011101111 0.0596924 0
1011110000 0.0241089 -3.14159
1011110001 0.0333862 -3.14159
1011110010 0.0129013 0
1011110011 0.0341492 -3.14159
1011110100 0.0055275 -3.14159
1011110101 0.0189514 0
1011110110 0.0205383 -3.14159
1011110111 0.00637436 -3.14159
1011111000 0.0302277 0
1011111001 0.0471191 -3.14159
1011111010 0.00258446 0
1011111011 0.00863647 -3.14159
1011111100 0.0484009 0
1011111101 0.0101318 0
1011111110 0.0831909 0
1011111111 0.0207367 -3.14159
1100000000 0.0260468 -3.14159
1100000001 0.00481796 0
1100000010 0.0770874 -3.14159
1100000011 0.0179901 0
1100000100 0.00302315 0
1100000101 0.0168915 0
1100000110 0.00705719 0
1100000111 0.00409317 -3.14159
1100001000 0.00291824 0
1100001001 0.0538635 0
1100001010 0.00592804 0
1100001011 0.0782471 0
1100001100 0.00526428 -3.14159
1100001101 0.0251007 0
1100001110 0.0175781 -3.14159
1100001111 0.0141525 0
1100010000 0.0577087 0
1100010001 0.0244904 -3.14159
1100010010 0.0391235 -3.14159
1100010011 0.00852203 0
1100010100 0.00682831 -3.14159
1100010101 0.035553 -3.14159
1100010110 0.00888824 0
1100010111 0.0395813 -3.14159
1100011000 0.0507812 -3.14159
1100011001 0.0277557 0
1100011010 0.0310516 -3.14159
1100011011 0.00632095 0
1100011100 0.0335999 0
1100011101 0.0317993 0
1100011110 0.0238342 0
1100011111 0.0167847 -3.14159
1100100000 0.0434265 0
1100100001 0.00939178 -3.14159
1100100010 0.0077858 0
1100100011 0.0443726 0
1100100100 0.0180664 0
1100100101 0.0263519 -3.14159
1100100110 0.0144958 -3.14159
1100100111 0.00840759 -3.14159
1100101000 0.0163727 -3.14159
1100101001 0.00845337 -3.14159
1100101010 0.0307312 0
1100101011 0.0548706 0
1100101100 0.024765 0
1100101101 0.00952911 -3.14159
1100101110 0.11554 0
1100101111 0.0184326 0
1100110000 0.0234222 0
1100110001 0.0594788 -3.14159
1100110010 0.0262299 0
1100110011 0.0223389 0
1100110100 0.0183411 -3.14159
1100110101 0.00592804 0
1100110110 0.0716553 0
1100110111 0.021225 0
1100111000 0.00635147 0
1100111001 0.0180206 0
1100111010 0.029541 0
1100111011 0.0108032 -3.14159
1100111100 0.00058794 0
1100111101 0.00875854 -3.14159
1100111110 0.0103378 -3.14159
1100111111 0.00395584 0
1101000000 0.0220337 -3.14159
1101000001 0.000630856 0
1101000010 0.0122604 0
1101000011 0.0378113 -3.14159
1101000100 0.0164337 0
1101000101 0.0777588 0
1101000110 0.00510025 -3.14159
1101000111 0.00133801 -3.14159
1101001000 0.00344849 0
1101001001 0.0279083 -3.14159
1101001010 0.021637 0
1101001011 0.00346565 -3.14159
1101001100 0.021225 0
1101001101 0.0296783 0
1101001110 0.0151978 0
1101001111 0.00218201 -3.14159
1101010000 0.00512314 -3.14159
1101010001 0.00575638 -3.14159
1101010010 0.0206299 0
1101010011 0.0279236 -3.14159
1101010100 0.0042038 0
1101010101 0.0121536 -3.14159
1101010110 0.00432587 -3.14159
1101010111 0.0205536 0
1101011000 0.0306244 -3.14159
1101011001 0.0129471 0
1101011010 0.0493774 0
1101011011 0.0650024 -3.14159
1101011100 0.0111542 0
1101011101 0.046051 0
1101011110 0.0375671 0
1101011111 0.00308609 -3.14159
1101100000 0.0253143 0
1101100001 0.00636673 -3.14159
1101100010 0.0207367 0
1101100011 0.0168762 0
1101100100 0.0167389 0
1101100101 0.0100555 -3.14159
1101100110 0.00465775 -3.14159
1101100111 0.0352173 0
1101101000 0.0494385 -3.14159
1101101001 0.0132599 0
1101101010 0.000168324 -3.14159
1101101011 0.069397 -3.14159
1101101100 0.019989 -3.14159
1101101101 0.0196686 -3.14159
1101101110 0.024231 -3.14159
1101101111 0.0370483 -3.14159
1101110000 0.0212097 -3.14159
1101110001 0.0222931 -3.14159
1101110010 0.020462 -3.14159
1101110011 0.0326233 0
1101110100 0.0094223 -3.14159
1101110101 0.0161438 -3.14159
1101110110 0.00909424 -3.14159
1101110111 0.0205688 -3.14159
1101111000 0.0576477 0
1101111001 0.0108337 0
1101111010 0.0294647 0
1101111011 0.00473785 0
1101111100 0.0100403 -3.14159
1101111101 0.0742798 -3.14159
1101111110 0.0075798 -3.14159
1101111111 0.0263519 0
1110000000 0.00548553 -3.14159
1110000001 0.00331306 -3.14159
1110000010 0.110779 0
1110000011 0.0256805 -3.14159
1110000100 0.0643921 -3.14159
1110000101 0.0131912 0
1110000110 0.0844727 -3.14159
1110000111 0.0143433 -3.14159
1110001000 0.0402222 -3.14159
1110001001 0.0232239 -3.14159
1110001010 0.0113068 -3.14159
1110001011 0.0346375 0
1110001100 0.00654984 -3.14159
1110001101 0.020813 -3.14159
1110001110 0.00156021 0
1110001111 0.0195465 -3.14159
1110010000 0.0144272 -3.14159
1110010001 0.0637207 0
1110010010 0.0349121 0
1110010011 0.00468445 -3.14159
1110010100 0.0257721 -3.14159
1110010101 0.00482941 0
1110010110 0.00827026 0
1110010111 0.0162964 0
1110011000 0.0225677 0
1110011001 0.0201721 0
1110011010 0.0510254 -3.14159
1110011011 0.00538635 -3.14159
1110011100 0.0256042 -3.14159
1110011101 0.0255585 -3.14159
1110011110 0.0015564 -3.14159
1110011111 0.0181885 0
1110100000 0.0344238 0
1110100001 0.00779724 -3.14159
1110100010 0.0393982 0
1110100011 0.0157471 -3.14159
1110100100 0.021698 0
1110100101 0.0202179 -3.14159
1110100110 0.0393066 -3.14159
1110100111 0.0408936 0
1110101000 0.00946045 -3.14159
1110101001 0.0606995 -3.14159
1110101010 0.0179138 0
1110101011 0.0179596 0
1110101100 0.0382996 -3.14159
1110101101 0.0196228 -3.14159
1110101110 0.041626 0
1110101111 0.00242043 -3.14159
1110110000 0.00364876 -3.14159
1110110001 0.03125 -3.14159
1110110010 0.0210876 -3.14159
1110110011 0.095459 -3.14159
1110110100 0.0144577 -3.14159
1110110101 0.00997162 0
1110110110 0.013237 -3.14159
1110110111 0.0162506 -3.14159
1110111000 0.021637 0
1110111001 0.0545654 -3.14159
1110111010 0.0107498 0
1110111011 0.0301208 -3.14159
1110111100 0.0346985 0
1110111101 0.0143433 -3.14159
1110111110 0.0087204 0
1110111111 0.0389404 -3.14159
1111000000 0.00767517 0
1111000001 0.0517578 0
1111000010 0.0242157 -3.14159
1111000011 0.0162506 0
1111000100 0.0147476 0
1111000101 0.0747681 -3.14159
1111000110 0.0247803 0
1111000111 0.0142059 0
1111001000 0.0183258 -3.14159
1111001001 0.000167131 0
1111001010 0.0179596 0
1111001011 0.0257416 -3.14159
1111001100 0.012291 0
1111001101 0.0101318 -3.14159
1111001110 0.00103951 0
1111001111 0.0509338 0
1111010000 0.0292511 -3.14159
1111010001 0.0398865 0
1111010010 0.0356445 -3.14159
1111010011 0.0134354 -3.14159
1111010100 0.0239716 0
1111010101 0.0153122 0
1111010110 0.00809479 -3.14159
1111010111 0.0083847 -3.14159
1111011000 0.0400696 0
1111011001 0.0303192 -3.14159
1111011010 0.0736084 -3.14159
1111011011 0.0163116 0
1111011100 0.00726318 0
1111011101 0.0311127 0
1111011110 0.0169678 0
1111011111 0.000730038 0
1111100000 0.0146332 0
1111100001 0.0267792 0
1111100010 0.0190735 -3.14159
1111100011 0.0429077 -3.14159
1111100100 0.0102921 0
1111100101 0.000684738 -3.14159
1111100110 0.0103455 -3.14159
1111100111 0.00300217 -3.14159
1111101000 0.00465012 -3.14159
1111101001 0.0291901 -3.14159
1111101010 0.0168304 0
1111101011 0.061615 -3.14159
1111101100 0.11853 0
1111101101 0.0280457 -3.14159
1111101110 0.0479126 0
1111101111 0.0048027 0
1111110000 0.0247345 -3.14159
1111110001 0.0105896 0
1111110010 0.0255432 0
1111110011 0.00346947 -3.14159
1111110100 0.00733185 -3.14159
1111110101 0.00603104 0
1111110110 0.0645752 -3.14159
1111110111 0.016449 0
1111111000 0.0414124 0
1111111001 0.034668 -3.14159
1111111010 0.0159149 0
1111111011 0.0104828 0
1111111100 0.0154724 -3.14159
1111111101 0.0510254 -3.14159
1111111110 0.0127335 0
1111111111 0.0180664 -3.14159
